--------------------------
date: SM_Grids
number_of_graphs: 10
graph_type: grid
size_of_graphs: [9, 9]
heuristic: bcc_heuristic
snake: True
run_uni: True
run_bi: True
run_multi: False
solution_vertices: []
algorithms: ['DFBnB']
bsd: False
cube_first_dims: 4
cube_buffer_dim: None
backward_sym_generation: False
sym_coil: False
prefix_set: None

---------- SM_Grids/9x9_grid_with_random_blocks_16per_0 ----------
[00:00:00:38:032] Path of length 40 found: [0, 1, 2, 3, 4, 13, 14, 23, 24, 25, 26, 35, 44, 43, 42, 41, 40, 39, 30, 21, 20, 19, 28, 37, 46, 45, 54, 63, 72, 73, 74, 65, 56, 57, 58, 59, 60, 61, 70, 79, 80]
[00:00:00:38:032] ! Unidirectional s-t. expansions: 12,544, time: 38,032 [ms], path length: 40 [edges], generated: 16,402
[00:00:00:59:983] Path of length 40 found: [80, 71, 62, 53, 44, 35, 26, 25, 24, 23, 14, 5, 4, 3, 12, 21, 30, 39, 40, 41, 42, 51, 60, 59, 58, 67, 66, 75, 74, 73, 72, 63, 54, 55, 46, 37, 28, 19, 10, 1, 0]
[00:00:00:59:983] ! Unidirectional t-s. expansions: 15,268, time: 59,983 [ms], path length: 40 [edges], generated: 26,376
[00:00:00:14:756] Path of length 40 found: [0, 1, 2, 3, 4, 13, 14, 23, 24, 25, 26, 35, 44, 43, 42, 41, 40, 39, 30, 21, 20, 19, 28, 37, 46, 45, 54, 63, 72, 73, 74, 75, 66, 67, 68, 59, 60, 61, 70, 79, 80]
[00:00:00:15:354] ! Bidirectional. expansions: 2,456, time: 14,756 [ms], path length: 40 [edges], g_F: 20, g_B: 20, generated: {'F': 4,588, 'B': 4,129}, MM: 0, MMPER: -1.0%
[00:00:00:15:355] 
---------- SM_Grids/9x9_grid_with_random_blocks_16per_1 ----------
[00:00:01:04:293] Path of length 34 found: [0, 9, 10, 11, 2, 3, 4, 5, 6, 15, 24, 23, 22, 21, 30, 29, 28, 27, 36, 45, 54, 55, 56, 47, 48, 49, 50, 41, 42, 43, 52, 61, 70, 71, 80]
[00:00:01:04:293] ! Unidirectional s-t. expansions: 16,975, time: 64,293 [ms], path length: 34 [edges], generated: 28,669
[00:00:00:10:253] Path of length 34 found: [80, 71, 62, 53, 44, 43, 42, 51, 50, 49, 48, 47, 56, 55, 54, 45, 36, 27, 18, 19, 20, 29, 30, 31, 32, 23, 24, 15, 6, 5, 4, 3, 2, 1, 0]
[00:00:00:10:254] ! Unidirectional t-s. expansions: 1,967, time: 10,253 [ms], path length: 34 [edges], generated: 3,492
[00:00:00:17:568] Path of length 34 found: [0, 9, 10, 11, 2, 3, 4, 5, 6, 15, 24, 23, 22, 21, 30, 29, 28, 27, 36, 45, 54, 55, 56, 47, 48, 49, 50, 51, 42, 43, 44, 53, 62, 71, 80]
[00:00:00:18:145] ! Bidirectional. expansions: 2,073, time: 17,568 [ms], path length: 34 [edges], g_F: 17, g_B: 17, generated: {'F': 3,593, 'B': 3,967}, MM: 0, MMPER: -1.0%
[00:00:00:18:145] 
---------- SM_Grids/9x9_grid_with_random_blocks_16per_2 ----------
[00:00:00:25:288] Path of length 44 found: [0, 9, 18, 19, 20, 11, 12, 13, 22, 31, 32, 33, 24, 15, 6, 7, 8, 17, 26, 35, 44, 43, 52, 51, 60, 59, 58, 49, 48, 39, 38, 37, 36, 45, 54, 63, 72, 73, 74, 75, 76, 77, 78, 79, 80]
[00:00:00:25:288] ! Unidirectional s-t. expansions: 6,044, time: 25,288 [ms], path length: 44 [edges], generated: 9,478
[00:00:00:45:513] Path of length 44 found: [80, 79, 78, 77, 76, 75, 66, 65, 64, 55, 54, 45, 36, 37, 38, 39, 48, 49, 58, 59, 60, 61, 52, 43, 44, 35, 26, 17, 8, 7, 6, 15, 24, 33, 32, 31, 22, 13, 12, 11, 20, 19, 18, 9, 0]
[00:00:00:45:513] ! Unidirectional t-s. expansions: 11,025, time: 45,513 [ms], path length: 44 [edges], generated: 17,344
[00:00:00:15:747] Path of length 44 found: [0, 9, 18, 19, 20, 11, 12, 13, 22, 31, 32, 33, 24, 15, 6, 7, 8, 17, 26, 35, 44, 43, 52, 51, 60, 59, 58, 49, 48, 39, 38, 37, 36, 45, 54, 55, 64, 65, 66, 75, 76, 77, 78, 79, 80]
[00:00:00:16:308] ! Bidirectional. expansions: 2,501, time: 15,747 [ms], path length: 44 [edges], g_F: 22, g_B: 22, generated: {'F': 4,073, 'B': 4,020}, MM: 0, MMPER: -1.0%
[00:00:00:16:308] 
---------- SM_Grids/9x9_grid_with_random_blocks_16per_3 ----------
[00:00:00:07:239] Path of length 42 found: [0, 9, 10, 11, 20, 21, 30, 39, 38, 37, 46, 55, 56, 65, 74, 75, 76, 67, 58, 49, 50, 41, 42, 33, 24, 23, 14, 5, 6, 7, 16, 17, 26, 35, 44, 53, 52, 61, 60, 69, 78, 79, 80]
[00:00:00:07:239] ! Unidirectional s-t. expansions: 1,334, time: 7,239 [ms], path length: 42 [edges], generated: 2,529
[00:00:00:28:495] Path of length 42 found: [80, 79, 78, 69, 60, 61, 62, 53, 44, 35, 26, 17, 16, 7, 6, 5, 14, 23, 24, 33, 42, 41, 50, 49, 58, 67, 76, 75, 74, 65, 56, 55, 46, 37, 38, 39, 30, 21, 20, 11, 10, 1, 0]
[00:00:00:28:495] ! Unidirectional t-s. expansions: 5,560, time: 28,495 [ms], path length: 42 [edges], generated: 9,629
[00:00:00:16:992] Path of length 42 found: [0, 9, 10, 11, 20, 21, 30, 39, 38, 37, 46, 55, 56, 65, 74, 75, 76, 67, 58, 49, 50, 41, 42, 33, 24, 23, 14, 5, 6, 7, 16, 17, 26, 35, 44, 53, 62, 61, 60, 69, 78, 79, 80]
[00:00:00:17:539] ! Bidirectional. expansions: 3,085, time: 16,992 [ms], path length: 42 [edges], g_F: 21, g_B: 21, generated: {'F': 4,829, 'B': 4,831}, MM: 0, MMPER: -1.0%
[00:00:00:17:539] 
---------- SM_Grids/9x9_grid_with_random_blocks_16per_4 ----------
[00:00:00:47:412] Path of length 44 found: [0, 1, 2, 3, 4, 13, 22, 21, 20, 19, 18, 27, 36, 37, 46, 55, 64, 65, 74, 75, 76, 77, 78, 69, 60, 59, 58, 49, 40, 41, 42, 33, 24, 15, 6, 7, 8, 17, 26, 35, 44, 53, 62, 71, 80]
[00:00:00:47:412] ! Unidirectional s-t. expansions: 10,697, time: 47,412 [ms], path length: 44 [edges], generated: 17,648
[00:00:00:31:794] Path of length 44 found: [80, 71, 62, 61, 60, 69, 78, 77, 76, 67, 66, 65, 56, 55, 46, 45, 36, 27, 18, 19, 20, 29, 38, 39, 48, 49, 50, 41, 42, 43, 44, 35, 26, 17, 8, 7, 6, 15, 14, 13, 4, 3, 2, 1, 0]
[00:00:00:31:794] ! Unidirectional t-s. expansions: 7,022, time: 31,794 [ms], path length: 44 [edges], generated: 11,537
[00:00:00:13:132] Path of length 44 found: [0, 9, 18, 19, 20, 11, 2, 3, 4, 13, 14, 15, 6, 7, 8, 17, 26, 35, 44, 43, 42, 41, 40, 49, 48, 47, 38, 37, 36, 45, 54, 55, 64, 65, 66, 67, 76, 77, 78, 69, 60, 61, 62, 71, 80]
[00:00:00:13:681] ! Bidirectional. expansions: 1,848, time: 13,132 [ms], path length: 44 [edges], g_F: 22, g_B: 22, generated: {'F': 3,185, 'B': 3,050}, MM: 0, MMPER: -1.0%
[00:00:00:13:681] 
---------- SM_Grids/9x9_grid_with_random_blocks_16per_5 ----------
[00:00:01:21:770] Path of length 40 found: [0, 1, 2, 3, 4, 13, 22, 23, 24, 25, 26, 35, 44, 43, 52, 51, 50, 41, 40, 39, 30, 29, 20, 19, 18, 27, 36, 45, 54, 63, 72, 73, 74, 65, 66, 67, 68, 69, 70, 71, 80]
[00:00:01:21:770] ! Unidirectional s-t. expansions: 20,992, time: 81,770 [ms], path length: 40 [edges], generated: 35,529
[00:00:00:29:043] Path of length 40 found: [80, 71, 70, 69, 68, 67, 66, 65, 74, 73, 72, 63, 54, 45, 36, 27, 18, 19, 20, 29, 38, 47, 48, 49, 50, 51, 52, 53, 44, 35, 26, 25, 24, 23, 22, 13, 4, 3, 2, 1, 0]
[00:00:00:29:044] ! Unidirectional t-s. expansions: 9,393, time: 29,043 [ms], path length: 40 [edges], generated: 13,106
[00:00:00:11:992] Path of length 40 found: [0, 1, 2, 3, 12, 13, 22, 23, 24, 25, 34, 35, 44, 53, 52, 51, 50, 41, 40, 39, 30, 29, 20, 19, 18, 27, 36, 45, 54, 63, 72, 73, 74, 65, 66, 67, 68, 69, 70, 71, 80]
[00:00:00:12:538] ! Bidirectional. expansions: 2,167, time: 11,992 [ms], path length: 40 [edges], g_F: 20, g_B: 20, generated: {'F': 3,504, 'B': 4,175}, MM: 0, MMPER: -1.0%
[00:00:00:12:538] 
---------- SM_Grids/9x9_grid_with_random_blocks_16per_6 ----------
[00:00:00:10:612] Path of length 46 found: [0, 1, 2, 3, 4, 13, 14, 15, 6, 7, 8, 17, 26, 35, 44, 53, 52, 51, 42, 33, 32, 31, 30, 21, 20, 19, 18, 27, 36, 45, 54, 63, 64, 65, 56, 47, 48, 49, 58, 67, 76, 77, 78, 69, 70, 71, 80]
[00:00:00:10:612] ! Unidirectional s-t. expansions: 2,998, time: 10,612 [ms], path length: 46 [edges], generated: 4,334
[00:00:00:17:291] Path of length 46 found: [80, 71, 70, 69, 78, 77, 76, 67, 58, 49, 48, 47, 56, 65, 64, 63, 54, 45, 36, 27, 18, 19, 20, 21, 30, 31, 32, 41, 42, 51, 52, 53, 44, 35, 26, 17, 8, 7, 6, 15, 14, 13, 4, 3, 2, 1, 0]
[00:00:00:17:291] ! Unidirectional t-s. expansions: 4,151, time: 17,291 [ms], path length: 46 [edges], generated: 6,679
[00:00:00:06:941] Path of length 46 found: [0, 1, 2, 3, 4, 13, 14, 15, 6, 7, 8, 17, 26, 35, 44, 53, 52, 51, 42, 33, 32, 31, 30, 21, 20, 19, 18, 27, 36, 45, 54, 63, 64, 65, 56, 47, 48, 49, 58, 67, 76, 77, 78, 69, 70, 71, 80]
[00:00:00:07:529] ! Bidirectional. expansions: 953, time: 6,941 [ms], path length: 46 [edges], g_F: 23, g_B: 23, generated: {'F': 1,633, 'B': 1,648}, MM: 0, MMPER: -1.0%
[00:00:00:07:529] 
---------- SM_Grids/9x9_grid_with_random_blocks_16per_7 ----------
[00:00:00:20:212] Path of length 42 found: [0, 9, 10, 19, 28, 27, 36, 45, 54, 63, 72, 73, 74, 65, 56, 47, 38, 39, 40, 41, 32, 23, 22, 21, 12, 3, 4, 5, 6, 15, 16, 25, 34, 43, 52, 51, 60, 59, 68, 77, 78, 79, 80]
[00:00:00:20:212] ! Unidirectional s-t. expansions: 4,040, time: 20,212 [ms], path length: 42 [edges], generated: 7,526
[00:00:00:40:761] Path of length 42 found: [80, 79, 78, 77, 68, 67, 58, 57, 56, 65, 74, 73, 72, 63, 54, 45, 36, 27, 28, 29, 30, 21, 22, 23, 32, 41, 50, 51, 52, 43, 34, 25, 16, 15, 6, 5, 4, 3, 2, 11, 10, 9, 0]
[00:00:00:40:761] ! Unidirectional t-s. expansions: 13,254, time: 40,761 [ms], path length: 42 [edges], generated: 17,453
[00:00:00:09:948] Path of length 42 found: [0, 9, 10, 19, 28, 27, 36, 45, 54, 63, 72, 73, 74, 65, 66, 57, 48, 39, 40, 41, 32, 23, 22, 21, 12, 3, 4, 5, 6, 15, 16, 25, 34, 43, 52, 51, 60, 59, 68, 77, 78, 79, 80]
[00:00:00:10:571] ! Bidirectional. expansions: 1,321, time: 9,948 [ms], path length: 42 [edges], g_F: 21, g_B: 21, generated: {'F': 2,365, 'B': 2,398}, MM: 0, MMPER: -1.0%
[00:00:00:10:571] 
---------- SM_Grids/9x9_grid_with_random_blocks_16per_8 ----------
[00:00:00:48:310] Path of length 44 found: [0, 9, 18, 19, 28, 37, 36, 45, 54, 63, 72, 73, 74, 65, 56, 47, 48, 39, 40, 41, 32, 23, 22, 13, 4, 5, 6, 7, 8, 17, 26, 35, 44, 53, 52, 61, 60, 59, 58, 67, 76, 77, 78, 79, 80]
[00:00:00:48:310] ! Unidirectional s-t. expansions: 15,450, time: 48,310 [ms], path length: 44 [edges], generated: 21,310
[00:00:00:10:867] Path of length 44 found: [80, 79, 78, 69, 60, 61, 52, 53, 44, 35, 34, 25, 16, 7, 6, 5, 4, 13, 22, 23, 32, 41, 40, 39, 48, 57, 58, 67, 76, 75, 74, 73, 72, 63, 54, 55, 46, 37, 36, 27, 18, 19, 10, 1, 0]
[00:00:00:10:867] ! Unidirectional t-s. expansions: 2,487, time: 10,867 [ms], path length: 44 [edges], generated: 4,010
[00:00:00:30:098] Path of length 44 found: [0, 9, 18, 19, 28, 37, 36, 45, 54, 63, 72, 73, 74, 65, 56, 47, 48, 39, 40, 41, 32, 23, 22, 13, 4, 5, 6, 7, 16, 25, 34, 35, 44, 53, 52, 61, 60, 59, 58, 67, 76, 77, 78, 79, 80]
[00:00:00:30:669] ! Bidirectional. expansions: 5,205, time: 30,098 [ms], path length: 44 [edges], g_F: 22, g_B: 22, generated: {'F': 8,964, 'B': 7,956}, MM: 0, MMPER: -1.0%
[00:00:00:30:669] 
---------- SM_Grids/9x9_grid_with_random_blocks_16per_9 ----------
[00:00:00:39:921] Path of length 40 found: [0, 1, 10, 19, 28, 29, 30, 21, 12, 13, 4, 5, 6, 7, 8, 17, 26, 25, 24, 23, 32, 41, 40, 49, 48, 47, 46, 45, 54, 63, 64, 65, 66, 67, 76, 77, 78, 69, 70, 71, 80]
[00:00:00:39:921] ! Unidirectional s-t. expansions: 11,151, time: 39,921 [ms], path length: 40 [edges], generated: 16,774
[00:00:00:47:812] Path of length 40 found: [80, 71, 70, 61, 60, 59, 68, 67, 66, 65, 64, 63, 54, 45, 46, 47, 48, 49, 40, 41, 32, 33, 34, 25, 26, 17, 8, 7, 6, 5, 4, 13, 12, 21, 20, 29, 28, 27, 18, 9, 0]
[00:00:00:47:812] ! Unidirectional t-s. expansions: 12,843, time: 47,812 [ms], path length: 40 [edges], generated: 19,970
[00:00:00:12:169] Path of length 40 found: [0, 1, 10, 19, 28, 29, 30, 21, 12, 13, 4, 5, 6, 7, 8, 17, 26, 25, 24, 23, 32, 41, 40, 49, 48, 47, 46, 45, 54, 63, 64, 65, 66, 67, 68, 59, 60, 61, 70, 71, 80]
[00:00:00:12:792] ! Bidirectional. expansions: 1,382, time: 12,169 [ms], path length: 40 [edges], g_F: 20, g_B: 20, generated: {'F': 2,596, 'B': 2,313}, MM: 0, MMPER: -1.0%
[00:00:00:12:792] average expansions: (10,222, 8,297, 2,299, 0)
[00:00:00:12:792] average time: (38,309, 32,181, 14,934, 0)
[00:00:00:12:792] X-DFBnB: 8,297 , 32,181 (expansions , time[ms])
[00:00:00:12:792] BiX-DFBnB: 2,299 , 14,934 (expansions , time[ms])

