--------------------------
date: SM_Grids
number_of_graphs: 10
graph_type: grid
size_of_graphs: [9, 9]
heuristic: bcc_heuristic
snake: True
run_uni: True
run_bi: True
run_multi: False
solution_vertices: []
algorithms: ['DFBnB']
bsd: False
cube_first_dims: 4
cube_buffer_dim: None
backward_sym_generation: False
sym_coil: False
prefix_set: None

---------- SM_Grids/9x9_grid_with_random_blocks_12per_0 ----------
[00:00:00:44:955] Path of length 46 found: [0, 1, 2, 3, 4, 5, 6, 7, 16, 17, 26, 35, 44, 53, 52, 51, 42, 33, 24, 23, 22, 21, 20, 19, 18, 27, 36, 45, 54, 63, 72, 73, 74, 65, 56, 47, 48, 49, 58, 67, 76, 77, 78, 69, 70, 71, 80]
[00:00:00:44:956] ! Unidirectional s-t. expansions: 8,650, time: 44,956 [ms], path length: 46 [edges], generated: 15,751
[00:00:00:27:192] Path of length 46 found: [80, 71, 70, 69, 78, 77, 76, 67, 58, 49, 48, 47, 56, 65, 74, 73, 72, 63, 54, 45, 36, 27, 18, 19, 20, 21, 22, 23, 24, 33, 42, 51, 52, 53, 44, 35, 26, 17, 8, 7, 6, 5, 4, 3, 2, 1, 0]
[00:00:00:27:192] ! Unidirectional t-s. expansions: 5,152, time: 27,192 [ms], path length: 46 [edges], generated: 8,628
[00:00:00:07:098] Path of length 46 found: [0, 1, 2, 3, 4, 5, 6, 7, 16, 17, 26, 35, 44, 53, 52, 51, 42, 33, 24, 23, 22, 21, 20, 19, 18, 27, 36, 45, 54, 63, 72, 73, 74, 65, 56, 47, 48, 49, 58, 67, 76, 77, 78, 69, 70, 71, 80]
[00:00:00:07:675] ! Bidirectional. expansions: 1,025, time: 7,099 [ms], path length: 46 [edges], g_F: 23, g_B: 23, generated: {'F': 1,718, 'B': 1,707}, MM: 0, MMPER: -1.0%
[00:00:00:07:676] 
---------- SM_Grids/9x9_grid_with_random_blocks_12per_1 ----------
[00:00:00:51:995] Path of length 46 found: [0, 9, 10, 19, 20, 29, 30, 39, 40, 49, 58, 57, 56, 47, 46, 45, 54, 63, 72, 73, 74, 75, 76, 77, 68, 69, 60, 51, 42, 33, 32, 23, 22, 13, 4, 5, 6, 15, 16, 25, 26, 35, 44, 53, 62, 71, 80]
[00:00:00:51:996] ! Unidirectional s-t. expansions: 10,729, time: 51,996 [ms], path length: 46 [edges], generated: 18,091
[00:00:00:36:486] Path of length 46 found: [80, 71, 62, 61, 60, 69, 78, 77, 76, 67, 58, 57, 56, 65, 74, 73, 72, 63, 54, 45, 46, 37, 38, 29, 30, 21, 22, 23, 32, 41, 42, 43, 44, 35, 26, 17, 8, 7, 6, 5, 4, 3, 2, 11, 10, 9, 0]
[00:00:00:36:487] ! Unidirectional t-s. expansions: 7,048, time: 36,486 [ms], path length: 46 [edges], generated: 12,263
[00:00:00:24:517] Path of length 46 found: [0, 9, 10, 19, 20, 21, 12, 3, 4, 5, 6, 15, 16, 25, 26, 35, 44, 43, 42, 33, 32, 31, 40, 39, 38, 37, 46, 45, 54, 63, 72, 73, 74, 65, 56, 57, 58, 67, 76, 77, 78, 69, 60, 61, 62, 71, 80]
[00:00:00:25:066] ! Bidirectional. expansions: 3,919, time: 24,517 [ms], path length: 46 [edges], g_F: 23, g_B: 23, generated: {'F': 5,926, 'B': 5,987}, MM: 0, MMPER: -1.0%
[00:00:00:25:066] 
---------- SM_Grids/9x9_grid_with_random_blocks_12per_2 ----------
[00:00:00:57:921] Path of length 44 found: [0, 9, 18, 27, 28, 29, 20, 11, 12, 13, 22, 31, 40, 39, 48, 47, 46, 55, 64, 73, 74, 75, 66, 67, 58, 59, 50, 51, 42, 33, 24, 15, 6, 7, 8, 17, 26, 35, 44, 53, 62, 61, 70, 79, 80]
[00:00:00:57:921] ! Unidirectional s-t. expansions: 11,042, time: 57,921 [ms], path length: 44 [edges], generated: 19,270
[00:00:01:08:625] Path of length 44 found: [80, 71, 62, 53, 44, 43, 42, 33, 24, 25, 26, 17, 8, 7, 6, 5, 14, 13, 22, 31, 40, 49, 50, 59, 60, 69, 78, 77, 76, 75, 74, 73, 64, 55, 56, 47, 38, 37, 28, 19, 20, 11, 2, 1, 0]
[00:00:01:08:626] ! Unidirectional t-s. expansions: 14,868, time: 68,626 [ms], path length: 44 [edges], generated: 25,120
[00:00:00:32:306] Path of length 44 found: [0, 9, 10, 11, 20, 29, 28, 37, 46, 55, 64, 73, 74, 75, 76, 77, 78, 69, 60, 59, 58, 57, 48, 39, 40, 31, 22, 13, 14, 5, 6, 7, 8, 17, 26, 25, 24, 33, 42, 43, 44, 53, 62, 71, 80]
[00:00:00:32:847] ! Bidirectional. expansions: 3,701, time: 32,306 [ms], path length: 44 [edges], g_F: 22, g_B: 22, generated: {'F': 6,819, 'B': 6,498}, MM: 0, MMPER: -1.0%
[00:00:00:32:847] 
---------- SM_Grids/9x9_grid_with_random_blocks_12per_3 ----------
[00:00:00:35:158] Path of length 46 found: [0, 1, 10, 19, 28, 37, 46, 45, 54, 63, 72, 73, 74, 75, 76, 67, 58, 57, 48, 39, 40, 31, 22, 21, 12, 3, 4, 5, 6, 7, 8, 17, 26, 25, 24, 33, 42, 43, 44, 53, 62, 61, 60, 69, 78, 79, 80]
[00:00:00:35:159] ! Unidirectional s-t. expansions: 7,545, time: 35,159 [ms], path length: 46 [edges], generated: 12,718
[00:00:01:20:053] Path of length 46 found: [80, 79, 78, 69, 60, 61, 62, 53, 44, 35, 26, 17, 8, 7, 6, 15, 24, 33, 32, 41, 40, 39, 48, 57, 58, 67, 76, 75, 74, 73, 64, 63, 54, 45, 46, 37, 28, 19, 20, 21, 22, 13, 4, 3, 2, 1, 0]
[00:00:01:20:053] ! Unidirectional t-s. expansions: 16,029, time: 80,053 [ms], path length: 46 [edges], generated: 27,374
[00:00:00:21:966] Path of length 46 found: [0, 1, 10, 19, 28, 37, 46, 45, 54, 63, 72, 73, 74, 75, 76, 67, 58, 57, 48, 39, 40, 41, 42, 33, 24, 23, 22, 21, 12, 3, 4, 5, 6, 7, 8, 17, 26, 35, 44, 53, 62, 61, 60, 69, 78, 79, 80]
[00:00:00:22:514] ! Bidirectional. expansions: 2,988, time: 21,966 [ms], path length: 46 [edges], g_F: 23, g_B: 23, generated: {'F': 5,011, 'B': 5,132}, MM: 0, MMPER: -1.0%
[00:00:00:22:514] 
---------- SM_Grids/9x9_grid_with_random_blocks_12per_4 ----------
[00:00:00:20:952] Path of length 46 found: [0, 9, 10, 11, 2, 3, 4, 5, 6, 15, 16, 25, 26, 35, 44, 53, 62, 61, 60, 51, 42, 33, 32, 23, 22, 21, 30, 39, 38, 37, 36, 45, 54, 63, 72, 73, 74, 65, 56, 57, 58, 67, 68, 77, 78, 79, 80]
[00:00:00:20:952] ! Unidirectional s-t. expansions: 3,877, time: 20,952 [ms], path length: 46 [edges], generated: 7,118
[00:00:00:11:930] Path of length 46 found: [80, 79, 78, 77, 68, 59, 60, 51, 52, 43, 44, 35, 26, 17, 16, 15, 6, 5, 4, 3, 2, 11, 20, 21, 22, 23, 32, 41, 40, 49, 48, 57, 56, 65, 74, 73, 72, 63, 54, 45, 46, 37, 28, 27, 18, 9, 0]
[00:00:00:11:930] ! Unidirectional t-s. expansions: 2,208, time: 11,930 [ms], path length: 46 [edges], generated: 3,707
[00:00:00:08:391] Path of length 46 found: [0, 9, 10, 11, 2, 3, 4, 5, 6, 15, 16, 25, 26, 35, 44, 53, 62, 61, 60, 51, 42, 33, 32, 23, 22, 21, 30, 39, 38, 37, 36, 45, 54, 63, 72, 73, 74, 65, 56, 57, 58, 67, 68, 77, 78, 79, 80]
[00:00:00:08:915] ! Bidirectional. expansions: 949, time: 8,392 [ms], path length: 46 [edges], g_F: 23, g_B: 23, generated: {'F': 1,720, 'B': 1,710}, MM: 0, MMPER: -1.0%
[00:00:00:08:915] 
---------- SM_Grids/9x9_grid_with_random_blocks_12per_5 ----------
[00:00:00:12:694] Path of length 40 found: [0, 9, 18, 27, 36, 45, 46, 47, 56, 65, 66, 67, 76, 77, 78, 69, 60, 59, 50, 49, 40, 39, 30, 29, 20, 11, 2, 3, 4, 13, 22, 23, 32, 33, 42, 43, 52, 53, 62, 71, 80]
[00:00:00:12:694] ! Unidirectional s-t. expansions: 2,175, time: 12,694 [ms], path length: 40 [edges], generated: 4,027
[00:00:00:11:472] Path of length 40 found: [80, 71, 62, 53, 44, 43, 42, 33, 24, 23, 14, 13, 4, 3, 2, 11, 20, 21, 30, 31, 40, 49, 50, 59, 60, 69, 78, 77, 76, 67, 66, 57, 56, 47, 38, 37, 28, 27, 18, 9, 0]
[00:00:00:11:473] ! Unidirectional t-s. expansions: 3,065, time: 11,473 [ms], path length: 40 [edges], generated: 4,099
[00:00:00:05:150] Path of length 40 found: [0, 9, 18, 27, 36, 45, 46, 47, 56, 65, 66, 67, 76, 77, 78, 69, 60, 59, 50, 49, 40, 39, 30, 29, 20, 11, 2, 3, 4, 13, 14, 23, 24, 33, 42, 43, 44, 53, 62, 71, 80]
[00:00:00:05:694] ! Bidirectional. expansions: 479, time: 5,150 [ms], path length: 40 [edges], g_F: 20, g_B: 20, generated: {'F': 898, 'B': 872}, MM: 0, MMPER: -1.0%
[00:00:00:05:694] 
---------- SM_Grids/9x9_grid_with_random_blocks_12per_6 ----------
[00:00:00:34:118] Path of length 48 found: [0, 1, 10, 19, 18, 27, 36, 37, 38, 39, 48, 57, 56, 55, 54, 63, 72, 73, 74, 75, 76, 67, 68, 59, 50, 51, 42, 33, 32, 23, 22, 21, 12, 3, 4, 5, 6, 15, 16, 25, 26, 35, 44, 53, 62, 61, 70, 79, 80]
[00:00:00:34:118] ! Unidirectional s-t. expansions: 5,958, time: 34,118 [ms], path length: 48 [edges], generated: 10,479
[00:00:01:15:036] Path of length 48 found: [80, 71, 62, 53, 44, 35, 26, 17, 16, 7, 6, 5, 4, 3, 12, 21, 22, 23, 24, 33, 42, 41, 50, 59, 60, 69, 78, 77, 76, 75, 74, 73, 72, 63, 54, 55, 56, 57, 48, 39, 38, 37, 36, 27, 18, 19, 10, 1, 0]
[00:00:01:15:036] ! Unidirectional t-s. expansions: 34,731, time: 75,036 [ms], path length: 48 [edges], generated: 37,809
[00:00:00:09:495] Path of length 48 found: [0, 1, 10, 19, 18, 27, 36, 37, 38, 39, 48, 57, 56, 55, 54, 63, 72, 73, 74, 75, 76, 77, 78, 69, 60, 59, 50, 41, 42, 33, 24, 23, 22, 21, 12, 3, 4, 5, 6, 7, 8, 17, 26, 35, 44, 53, 62, 71, 80]
[00:00:00:10:037] ! Bidirectional. expansions: 1,088, time: 9,495 [ms], path length: 48 [edges], g_F: 24, g_B: 24, generated: {'F': 1,750, 'B': 1,917}, MM: 0, MMPER: -1.0%
[00:00:00:10:037] 
---------- SM_Grids/9x9_grid_with_random_blocks_12per_7 ----------
[00:00:01:00:015] Path of length 44 found: [0, 9, 18, 27, 36, 45, 54, 63, 64, 73, 74, 75, 76, 77, 68, 59, 58, 57, 56, 47, 38, 39, 40, 31, 22, 21, 20, 11, 2, 3, 4, 5, 6, 7, 16, 25, 24, 33, 42, 51, 52, 53, 62, 71, 80]
[00:00:01:00:015] ! Unidirectional s-t. expansions: 11,900, time: 60,015 [ms], path length: 44 [edges], generated: 20,661
[00:00:01:24:726] Path of length 44 found: [80, 79, 70, 61, 52, 51, 42, 33, 34, 25, 16, 7, 6, 5, 4, 3, 2, 11, 20, 21, 22, 31, 40, 39, 38, 47, 56, 57, 58, 59, 68, 77, 76, 75, 74, 73, 64, 63, 54, 45, 36, 27, 18, 9, 0]
[00:00:01:24:726] ! Unidirectional t-s. expansions: 15,485, time: 84,726 [ms], path length: 44 [edges], generated: 27,609
[00:00:00:31:725] Path of length 44 found: [0, 9, 18, 27, 36, 45, 54, 63, 64, 73, 74, 75, 76, 77, 68, 59, 58, 57, 56, 47, 38, 39, 40, 31, 22, 21, 20, 11, 2, 3, 4, 5, 6, 7, 16, 25, 34, 33, 42, 51, 52, 61, 70, 79, 80]
[00:00:00:32:254] ! Bidirectional. expansions: 3,566, time: 31,725 [ms], path length: 44 [edges], g_F: 22, g_B: 22, generated: {'F': 6,265, 'B': 6,858}, MM: 0, MMPER: -1.0%
[00:00:00:32:255] 
---------- SM_Grids/9x9_grid_with_random_blocks_12per_8 ----------
[00:00:00:17:812] Path of length 48 found: [0, 9, 18, 19, 20, 11, 2, 3, 4, 13, 22, 31, 32, 33, 24, 15, 6, 7, 8, 17, 26, 35, 44, 53, 62, 61, 60, 51, 50, 49, 48, 47, 38, 37, 36, 45, 54, 63, 72, 73, 74, 75, 66, 67, 68, 77, 78, 79, 80]
[00:00:00:17:812] ! Unidirectional s-t. expansions: 3,327, time: 17,812 [ms], path length: 48 [edges], generated: 5,524
[00:00:01:01:991] Path of length 48 found: [80, 79, 78, 77, 68, 67, 66, 75, 74, 73, 72, 63, 54, 45, 36, 37, 38, 47, 48, 49, 40, 31, 22, 23, 24, 33, 42, 51, 60, 61, 62, 53, 44, 35, 26, 17, 8, 7, 6, 5, 4, 3, 2, 11, 20, 19, 18, 9, 0]
[00:00:01:01:991] ! Unidirectional t-s. expansions: 16,628, time: 61,991 [ms], path length: 48 [edges], generated: 23,413
[00:00:00:21:243] Path of length 48 found: [0, 9, 18, 19, 20, 11, 2, 3, 4, 13, 22, 31, 32, 33, 24, 15, 6, 7, 8, 17, 26, 35, 44, 53, 62, 61, 60, 51, 50, 49, 48, 47, 38, 37, 36, 45, 54, 63, 72, 73, 74, 75, 66, 67, 68, 77, 78, 79, 80]
[00:00:00:21:772] ! Bidirectional. expansions: 3,259, time: 21,243 [ms], path length: 48 [edges], g_F: 24, g_B: 24, generated: {'F': 5,341, 'B': 5,223}, MM: 0, MMPER: -1.0%
[00:00:00:21:773] 
---------- SM_Grids/9x9_grid_with_random_blocks_12per_9 ----------
[00:00:03:27:350] Path of length 44 found: [0, 1, 2, 11, 20, 19, 18, 27, 36, 37, 46, 55, 54, 63, 72, 73, 74, 75, 76, 77, 78, 69, 60, 59, 58, 57, 48, 39, 40, 31, 22, 13, 14, 15, 16, 17, 26, 35, 34, 43, 52, 53, 62, 71, 80]
[00:00:03:27:351] ! Unidirectional s-t. expansions: 45,155, time: 207,350 [ms], path length: 44 [edges], generated: 75,567
[00:00:02:38:790] Path of length 44 found: [80, 71, 62, 53, 52, 43, 34, 35, 26, 17, 16, 15, 14, 23, 22, 31, 40, 41, 50, 59, 60, 69, 78, 77, 76, 75, 74, 73, 72, 63, 54, 55, 56, 47, 38, 37, 36, 27, 18, 19, 20, 11, 2, 1, 0]
[00:00:02:38:790] ! Unidirectional t-s. expansions: 43,336, time: 158,790 [ms], path length: 44 [edges], generated: 61,115
[00:00:02:18:189] Path of length 44 found: [0, 1, 2, 11, 20, 19, 18, 27, 36, 37, 38, 47, 56, 55, 54, 63, 72, 73, 74, 75, 76, 77, 78, 69, 60, 59, 50, 49, 40, 31, 22, 13, 14, 15, 16, 17, 26, 35, 34, 43, 52, 53, 62, 71, 80]
[00:00:02:18:753] ! Bidirectional. expansions: 20,690, time: 138,190 [ms], path length: 44 [edges], g_F: 22, g_B: 22, generated: {'F': 33,260, 'B': 35,678}, MM: 0, MMPER: -1.0%
[00:00:02:18:753] average expansions: (11,036, 15,855, 4,166, 0)
[00:00:02:18:753] average time: (54,297, 61,630, 30,008, 0)
[00:00:02:18:753] X-DFBnB: 11,036 , 54,297 (expansions , time[ms])
[00:00:02:18:753] BiX-DFBnB: 4,166 , 30,008 (expansions , time[ms])

