--------------------------
date: SM_Grids
number_of_graphs: 10
graph_type: grid
size_of_graphs: [8, 9]
heuristic: bcc_heuristic
snake: True
run_uni: True
run_bi: True
run_multi: False
solution_vertices: []
algorithms: ['DFBnB']
bsd: False
cube_first_dims: 4
cube_buffer_dim: None
backward_sym_generation: False
sym_coil: False
prefix_set: None

---------- SM_Grids/8x9_grid_with_random_blocks_8per_0 ----------
[00:00:00:24:719] Path of length 43 found: [0, 9, 18, 27, 36, 45, 54, 63, 64, 65, 56, 47, 38, 39, 30, 21, 20, 11, 2, 3, 4, 13, 14, 15, 6, 7, 8, 17, 26, 25, 34, 33, 32, 41, 50, 49, 58, 67, 68, 69, 60, 61, 62, 71]
[00:00:00:24:719] ! Unidirectional s-t. expansions: 5,740, time: 24,719 [ms], path length: 43 [edges], generated: 9,265
[00:00:00:29:471] Path of length 43 found: [71, 62, 61, 60, 69, 68, 67, 58, 49, 50, 41, 42, 43, 34, 25, 26, 17, 8, 7, 6, 5, 14, 23, 22, 31, 30, 39, 38, 47, 56, 65, 64, 63, 54, 45, 36, 27, 18, 19, 20, 11, 2, 1, 0]
[00:00:00:29:472] ! Unidirectional t-s. expansions: 6,405, time: 29,471 [ms], path length: 43 [edges], generated: 11,164
[00:00:00:13:053] Path of length 43 found: [0, 9, 18, 27, 36, 45, 54, 63, 64, 65, 56, 47, 38, 39, 30, 21, 20, 11, 2, 3, 4, 13, 14, 15, 6, 7, 8, 17, 26, 25, 34, 43, 42, 41, 50, 49, 58, 67, 68, 69, 60, 61, 62, 71]
[00:00:00:13:575] ! Bidirectional. expansions: 1,452, time: 13,053 [ms], path length: 43 [edges], g_F: 22, g_B: 21, generated: {'F': 2,651, 'B': 2,548}, MM: 1, MMPER: 1.272727272727273%
[00:00:00:13:576] 
---------- SM_Grids/8x9_grid_with_random_blocks_8per_1 ----------
[00:00:00:57:264] Path of length 43 found: [0, 9, 18, 27, 36, 45, 54, 63, 64, 65, 56, 47, 38, 29, 20, 11, 2, 3, 4, 13, 22, 23, 24, 15, 6, 7, 8, 17, 26, 35, 34, 43, 42, 41, 40, 49, 58, 67, 68, 69, 60, 61, 62, 71]
[00:00:00:57:265] ! Unidirectional s-t. expansions: 13,553, time: 57,265 [ms], path length: 43 [edges], generated: 22,309
[00:00:01:16:298] Path of length 43 found: [71, 62, 61, 60, 69, 68, 67, 58, 49, 48, 47, 56, 65, 64, 63, 54, 45, 36, 27, 18, 19, 20, 29, 30, 31, 22, 23, 24, 33, 42, 43, 44, 35, 26, 17, 8, 7, 6, 5, 4, 3, 2, 1, 0]
[00:00:01:16:299] ! Unidirectional t-s. expansions: 17,485, time: 76,298 [ms], path length: 43 [edges], generated: 30,657
[00:00:00:30:358] Path of length 43 found: [0, 1, 2, 11, 20, 19, 18, 27, 36, 45, 54, 63, 64, 65, 56, 47, 38, 39, 30, 31, 22, 13, 4, 5, 6, 7, 8, 17, 26, 35, 44, 43, 42, 41, 50, 49, 58, 67, 68, 69, 60, 61, 62, 71]
[00:00:00:30:807] ! Bidirectional. expansions: 5,007, time: 30,358 [ms], path length: 43 [edges], g_F: 22, g_B: 21, generated: {'F': 8,800, 'B': 9,767}, MM: 1, MMPER: 1.272727272727273%
[00:00:00:30:807] 
---------- SM_Grids/8x9_grid_with_random_blocks_8per_2 ----------
[00:00:01:14:777] Path of length 37 found: [0, 9, 18, 19, 20, 11, 2, 3, 4, 13, 22, 31, 30, 39, 38, 47, 56, 57, 58, 49, 50, 41, 42, 33, 24, 15, 6, 7, 8, 17, 26, 35, 44, 53, 52, 61, 70, 71]
[00:00:01:14:777] ! Unidirectional s-t. expansions: 15,590, time: 74,777 [ms], path length: 37 [edges], generated: 30,911
[00:00:01:07:266] Path of length 37 found: [71, 70, 69, 60, 51, 52, 43, 44, 35, 26, 17, 8, 7, 6, 5, 4, 13, 22, 23, 32, 41, 40, 49, 58, 57, 56, 47, 38, 37, 36, 27, 18, 19, 20, 11, 2, 1, 0]
[00:00:01:07:266] ! Unidirectional t-s. expansions: 15,020, time: 67,266 [ms], path length: 37 [edges], generated: 27,108
[00:00:00:48:326] Path of length 37 found: [0, 9, 18, 19, 20, 11, 2, 3, 4, 13, 22, 31, 30, 39, 38, 47, 56, 57, 58, 49, 50, 41, 42, 33, 24, 15, 6, 7, 8, 17, 26, 35, 44, 53, 52, 61, 70, 71]
[00:00:00:48:796] ! Bidirectional. expansions: 6,211, time: 48,326 [ms], path length: 37 [edges], g_F: 19, g_B: 18, generated: {'F': 11,930, 'B': 12,120}, MM: 1, MMPER: 1.6315789473684212%
[00:00:00:48:796] 
---------- SM_Grids/8x9_grid_with_random_blocks_8per_3 ----------
[00:00:01:33:107] Path of length 41 found: [0, 1, 2, 3, 12, 13, 14, 5, 6, 7, 16, 25, 24, 33, 32, 31, 40, 49, 48, 47, 38, 29, 20, 19, 18, 27, 36, 45, 54, 63, 64, 65, 66, 67, 68, 59, 60, 51, 52, 53, 62, 71]
[00:00:01:33:107] ! Unidirectional s-t. expansions: 23,061, time: 93,107 [ms], path length: 41 [edges], generated: 40,028
[00:00:00:42:117] Path of length 41 found: [71, 62, 53, 52, 51, 60, 59, 68, 67, 66, 65, 64, 63, 54, 45, 36, 27, 18, 19, 20, 29, 38, 47, 48, 49, 40, 41, 32, 33, 24, 25, 16, 7, 6, 5, 14, 13, 12, 3, 2, 1, 0]
[00:00:00:42:117] ! Unidirectional t-s. expansions: 9,578, time: 42,117 [ms], path length: 41 [edges], generated: 16,837
[00:00:00:38:856] Path of length 41 found: [0, 1, 2, 3, 12, 13, 14, 5, 6, 7, 16, 25, 24, 33, 32, 41, 40, 49, 48, 47, 38, 29, 20, 19, 18, 27, 36, 45, 54, 55, 64, 65, 66, 67, 68, 59, 60, 51, 52, 53, 62, 71]
[00:00:00:39:319] ! Bidirectional. expansions: 5,189, time: 38,856 [ms], path length: 41 [edges], g_F: 21, g_B: 20, generated: {'F': 9,376, 'B': 9,716}, MM: 1, MMPER: 1.380952380952381%
[00:00:00:39:319] 
---------- SM_Grids/8x9_grid_with_random_blocks_8per_4 ----------
[00:00:01:51:251] Path of length 39 found: [0, 9, 18, 19, 28, 29, 38, 47, 46, 45, 54, 63, 64, 65, 66, 57, 58, 59, 50, 41, 40, 31, 22, 21, 12, 3, 4, 5, 14, 15, 16, 17, 26, 35, 34, 43, 52, 61, 70, 71]
[00:00:01:51:251] ! Unidirectional s-t. expansions: 25,011, time: 111,251 [ms], path length: 39 [edges], generated: 47,026
[00:00:01:39:328] Path of length 39 found: [71, 70, 69, 60, 51, 52, 43, 34, 35, 26, 17, 16, 15, 14, 5, 4, 3, 12, 21, 22, 31, 40, 49, 58, 67, 66, 65, 64, 63, 54, 45, 46, 47, 38, 29, 28, 19, 10, 1, 0]
[00:00:01:39:328] ! Unidirectional t-s. expansions: 23,969, time: 99,328 [ms], path length: 39 [edges], generated: 44,296
[00:00:01:09:008] Path of length 39 found: [0, 9, 18, 19, 28, 29, 38, 47, 46, 45, 54, 63, 64, 65, 66, 57, 58, 49, 40, 31, 22, 21, 12, 3, 4, 5, 14, 15, 16, 17, 26, 35, 34, 43, 52, 51, 60, 69, 70, 71]
[00:00:01:09:433] ! Bidirectional. expansions: 15,544, time: 69,008 [ms], path length: 39 [edges], g_F: 20, g_B: 19, generated: {'F': 22,714, 'B': 23,346}, MM: 1, MMPER: 1.5%
[00:00:01:09:433] 
---------- SM_Grids/8x9_grid_with_random_blocks_8per_5 ----------
[00:00:00:36:678] Path of length 43 found: [0, 9, 18, 19, 20, 11, 2, 3, 4, 5, 6, 7, 16, 17, 26, 35, 44, 43, 42, 33, 24, 23, 22, 31, 40, 49, 48, 47, 38, 37, 36, 45, 54, 63, 64, 65, 66, 67, 68, 59, 60, 61, 70, 71]
[00:00:00:36:678] ! Unidirectional s-t. expansions: 13,103, time: 36,678 [ms], path length: 43 [edges], generated: 16,855
[00:00:00:36:235] Path of length 43 found: [71, 70, 61, 60, 59, 68, 67, 66, 65, 64, 63, 54, 45, 36, 37, 38, 47, 48, 49, 40, 31, 32, 33, 42, 43, 44, 35, 26, 17, 8, 7, 6, 15, 14, 13, 4, 3, 2, 11, 20, 19, 18, 9, 0]
[00:00:00:36:235] ! Unidirectional t-s. expansions: 8,359, time: 36,235 [ms], path length: 43 [edges], generated: 14,477
[00:00:00:13:830] Path of length 43 found: [0, 9, 18, 19, 20, 11, 2, 3, 4, 13, 14, 15, 6, 7, 8, 17, 26, 35, 44, 43, 42, 33, 32, 31, 40, 49, 48, 47, 38, 37, 36, 45, 54, 55, 64, 65, 66, 67, 68, 59, 60, 61, 70, 71]
[00:00:00:14:260] ! Bidirectional. expansions: 2,036, time: 13,830 [ms], path length: 43 [edges], g_F: 22, g_B: 21, generated: {'F': 3,642, 'B': 3,553}, MM: 1, MMPER: 1.272727272727273%
[00:00:00:14:260] 
---------- SM_Grids/8x9_grid_with_random_blocks_8per_6 ----------
[00:00:01:09:676] Path of length 39 found: [0, 1, 2, 11, 20, 19, 18, 27, 36, 37, 46, 55, 64, 65, 66, 57, 48, 39, 40, 41, 32, 23, 22, 13, 4, 5, 6, 7, 16, 25, 34, 35, 44, 53, 52, 51, 60, 69, 70, 71]
[00:00:01:09:676] ! Unidirectional s-t. expansions: 14,595, time: 69,676 [ms], path length: 39 [edges], generated: 26,864
[00:00:02:09:963] Path of length 39 found: [71, 62, 53, 52, 51, 60, 59, 58, 67, 66, 65, 64, 55, 46, 37, 36, 27, 18, 19, 20, 29, 30, 39, 40, 41, 32, 33, 34, 25, 16, 7, 6, 5, 14, 13, 12, 3, 2, 1, 0]
[00:00:02:09:963] ! Unidirectional t-s. expansions: 28,440, time: 129,963 [ms], path length: 39 [edges], generated: 51,701
[00:00:01:35:187] Path of length 39 found: [0, 1, 2, 11, 20, 19, 18, 27, 36, 37, 46, 55, 64, 65, 66, 57, 58, 49, 40, 41, 32, 23, 22, 13, 4, 5, 6, 7, 16, 25, 34, 35, 44, 53, 52, 51, 60, 69, 70, 71]
[00:00:01:35:685] ! Bidirectional. expansions: 10,327, time: 95,187 [ms], path length: 39 [edges], g_F: 20, g_B: 19, generated: {'F': 20,297, 'B': 20,494}, MM: 1, MMPER: 1.5%
[00:00:01:35:685] 
---------- SM_Grids/8x9_grid_with_random_blocks_8per_7 ----------
[00:00:02:19:059] Path of length 39 found: [0, 9, 18, 27, 28, 29, 20, 11, 2, 3, 4, 5, 6, 7, 8, 17, 26, 25, 24, 23, 22, 31, 40, 39, 48, 47, 46, 45, 54, 63, 64, 65, 66, 67, 58, 59, 60, 61, 70, 71]
[00:00:02:19:060] ! Unidirectional s-t. expansions: 35,411, time: 139,059 [ms], path length: 39 [edges], generated: 58,837
[00:00:03:21:244] Path of length 39 found: [71, 62, 61, 52, 43, 44, 35, 26, 17, 8, 7, 6, 5, 14, 13, 22, 31, 30, 39, 48, 49, 50, 59, 68, 67, 66, 65, 64, 63, 54, 45, 46, 37, 28, 19, 20, 11, 2, 1, 0]
[00:00:03:21:244] ! Unidirectional t-s. expansions: 51,554, time: 201,244 [ms], path length: 39 [edges], generated: 86,474
[00:00:01:14:788] Path of length 39 found: [0, 9, 18, 27, 28, 29, 30, 39, 48, 47, 46, 45, 54, 63, 64, 65, 66, 67, 58, 59, 50, 41, 32, 23, 22, 13, 4, 5, 6, 7, 8, 17, 26, 35, 44, 43, 52, 61, 62, 71]
[00:00:01:15:289] ! Bidirectional. expansions: 10,402, time: 74,789 [ms], path length: 39 [edges], g_F: 20, g_B: 19, generated: {'F': 18,295, 'B': 18,547}, MM: 1, MMPER: 1.5%
[00:00:01:15:290] 
---------- SM_Grids/8x9_grid_with_random_blocks_8per_8 ----------
[00:00:00:45:777] Path of length 43 found: [0, 9, 18, 19, 20, 11, 2, 3, 4, 5, 6, 7, 8, 17, 26, 35, 34, 33, 24, 23, 22, 31, 30, 39, 38, 37, 36, 45, 54, 63, 64, 65, 56, 57, 58, 67, 68, 69, 60, 51, 52, 53, 62, 71]
[00:00:00:45:777] ! Unidirectional s-t. expansions: 9,855, time: 45,777 [ms], path length: 43 [edges], generated: 16,007
[00:00:00:48:893] Path of length 43 found: [71, 62, 53, 44, 43, 34, 25, 26, 17, 8, 7, 6, 15, 14, 13, 4, 3, 2, 11, 20, 21, 30, 31, 32, 41, 50, 51, 60, 69, 68, 67, 58, 57, 56, 65, 64, 63, 54, 45, 36, 27, 18, 9, 0]
[00:00:00:48:893] ! Unidirectional t-s. expansions: 11,514, time: 48,893 [ms], path length: 43 [edges], generated: 17,566
[00:00:00:23:767] Path of length 43 found: [0, 9, 18, 19, 20, 11, 2, 3, 4, 13, 14, 15, 6, 7, 8, 17, 26, 25, 34, 33, 32, 31, 30, 39, 38, 37, 36, 45, 54, 63, 64, 65, 56, 57, 58, 67, 68, 69, 60, 51, 52, 53, 62, 71]
[00:00:00:24:305] ! Bidirectional. expansions: 3,087, time: 23,767 [ms], path length: 43 [edges], g_F: 22, g_B: 21, generated: {'F': 5,121, 'B': 5,382}, MM: 1, MMPER: 1.272727272727273%
[00:00:00:24:305] 
---------- SM_Grids/8x9_grid_with_random_blocks_8per_9 ----------
[00:00:03:30:089] Path of length 39 found: [0, 9, 10, 11, 20, 21, 22, 13, 4, 5, 6, 7, 16, 25, 34, 33, 32, 41, 40, 49, 48, 47, 38, 37, 36, 45, 54, 63, 64, 65, 66, 67, 68, 59, 60, 51, 52, 53, 62, 71]
[00:00:03:30:089] ! Unidirectional s-t. expansions: 47,027, time: 210,089 [ms], path length: 39 [edges], generated: 79,989
[00:00:02:35:969] Path of length 39 found: [71, 70, 61, 52, 53, 44, 35, 34, 25, 16, 7, 6, 5, 14, 23, 32, 31, 40, 49, 50, 59, 68, 67, 66, 57, 56, 55, 54, 45, 36, 27, 18, 19, 20, 21, 12, 3, 2, 1, 0]
[00:00:02:35:970] ! Unidirectional t-s. expansions: 36,399, time: 155,969 [ms], path length: 39 [edges], generated: 61,855
[00:00:00:55:598] Path of length 39 found: [0, 9, 18, 27, 28, 37, 46, 45, 54, 63, 64, 65, 56, 57, 58, 59, 50, 41, 32, 23, 22, 21, 20, 11, 2, 3, 4, 5, 6, 7, 16, 25, 34, 35, 44, 53, 52, 61, 70, 71]
[00:00:00:56:122] ! Bidirectional. expansions: 7,091, time: 55,598 [ms], path length: 39 [edges], g_F: 20, g_B: 19, generated: {'F': 12,718, 'B': 13,831}, MM: 1, MMPER: 1.5%
[00:00:00:56:122] average expansions: (20,295, 20,872, 6,635, 0)
[00:00:00:56:123] average time: (86,240, 88,678, 46,277, 0)
[00:00:00:56:123] X-DFBnB: 20,295 , 86,240 (expansions , time[ms])
[00:00:00:56:123] BiX-DFBnB: 6,635 , 46,277 (expansions , time[ms])

