--------------------------
date: SM_Grids
number_of_graphs: 10
graph_type: grid
size_of_graphs: [7, 7]
heuristic: bcc_heuristic
snake: False
run_uni: True
run_bi: True
run_multi: False
solution_vertices: []
algorithms: ['full', 'DFS']
bsd: True
cube_first_dims: 4
cube_buffer_dim: None
backward_sym_generation: False
sym_coil: False
prefix_set: None

---------- SM_Grids/7x7_grid_with_random_blocks_8per_0 ----------
[00:00:00:01:508] Path of length 44 found: [0, 7, 8, 1, 2, 9, 16, 15, 22, 21, 28, 35, 42, 43, 36, 29, 30, 37, 44, 45, 46, 39, 38, 31, 32, 25, 18, 17, 10, 3, 4, 11, 12, 5, 6, 13, 20, 19, 26, 27, 34, 33, 40, 47, 48]
[00:00:00:01:508] ! Unidirectional s-t. expansions: 1,244, time: 1,508 [ms], path length: 44 [edges], generated: 2,099
[00:00:00:04:307] Path of length 44 found: [48, 41, 34, 27, 20, 13, 6, 5, 4, 3, 2, 9, 16, 17, 10, 11, 12, 19, 18, 25, 26, 33, 32, 31, 30, 29, 36, 37, 38, 39, 40, 47, 46, 45, 44, 43, 42, 35, 28, 21, 22, 15, 8, 1, 0]
[00:00:00:04:308] ! Unidirectional t-s. expansions: 3,188, time: 4,307 [ms], path length: 44 [edges], generated: 5,354
[00:00:00:04:424] Path of length 44 found: [0, 7, 8, 1, 2, 9, 16, 15, 22, 21, 28, 35, 42, 43, 36, 29, 30, 31, 38, 37, 44, 45, 46, 47, 40, 33, 32, 25, 26, 19, 12, 11, 18, 17, 10, 3, 4, 5, 6, 13, 20, 27, 34, 41, 48]
[00:00:00:04:796] ! Bidirectional. expansions: 2,528, time: 4,424 [ms], path length: 44 [edges], g_F: 21, g_B: 23, generated: 4,582, MM: 2, MMPER: 3.4,444,444,444,444,446%
[00:00:00:04:796] 
---------- SM_Grids/7x7_grid_with_random_blocks_8per_1 ----------
[00:00:00:16:346] Path of length 42 found: [0, 7, 14, 21, 28, 35, 42, 43, 36, 29, 22, 15, 8, 9, 2, 3, 10, 11, 4, 5, 6, 13, 12, 19, 20, 27, 34, 41, 40, 33, 26, 25, 18, 17, 16, 23, 30, 31, 38, 39, 46, 47, 48]
[00:00:00:16:346] ! Unidirectional s-t. expansions: 10,625, time: 16,346 [ms], path length: 42 [edges], generated: 18,691
[00:00:00:18:516] Path of length 42 found: [48, 41, 34, 27, 20, 13, 6, 5, 12, 19, 26, 25, 32, 33, 40, 47, 46, 39, 38, 31, 30, 29, 36, 43, 42, 35, 28, 21, 22, 23, 24, 17, 18, 11, 4, 3, 2, 9, 16, 15, 8, 7, 0]
[00:00:00:18:516] ! Unidirectional t-s. expansions: 11,809, time: 18,516 [ms], path length: 42 [edges], generated: 20,442
[00:00:00:17:731] Path of length 42 found: [0, 7, 14, 21, 28, 35, 42, 43, 36, 29, 22, 15, 8, 9, 2, 3, 10, 11, 4, 5, 6, 13, 20, 19, 18, 17, 24, 23, 30, 31, 38, 39, 46, 47, 40, 33, 32, 25, 26, 27, 34, 41, 48]
[00:00:00:18:066] ! Bidirectional. expansions: 9,407, time: 17,731 [ms], path length: 42 [edges], g_F: 20, g_B: 22, generated: 18,187, MM: 2, MMPER: 3.6,511,627,906,976,747%
[00:00:00:18:066] 
---------- SM_Grids/7x7_grid_with_random_blocks_8per_2 ----------
[00:00:00:04:690] Path of length 44 found: [0, 7, 14, 21, 22, 29, 28, 35, 36, 43, 44, 45, 46, 47, 40, 33, 32, 39, 38, 37, 30, 31, 24, 23, 16, 15, 8, 9, 2, 3, 10, 17, 18, 11, 4, 5, 6, 13, 12, 19, 26, 27, 34, 41, 48]
[00:00:00:04:690] ! Unidirectional s-t. expansions: 2,734, time: 4,690 [ms], path length: 44 [edges], generated: 4,865
[00:00:00:06:331] Path of length 44 found: [48, 41, 34, 27, 20, 13, 6, 5, 4, 3, 2, 9, 10, 17, 18, 11, 12, 19, 26, 33, 32, 39, 40, 47, 46, 45, 38, 37, 44, 43, 36, 35, 28, 21, 22, 29, 30, 31, 24, 23, 16, 15, 8, 7, 0]
[00:00:00:06:331] ! Unidirectional t-s. expansions: 3,909, time: 6,331 [ms], path length: 44 [edges], generated: 6,874
[00:00:00:07:287] Path of length 44 found: [0, 7, 14, 21, 28, 35, 36, 43, 44, 37, 30, 29, 22, 15, 8, 9, 2, 3, 10, 11, 4, 5, 6, 13, 20, 19, 18, 17, 16, 23, 24, 31, 38, 45, 46, 47, 40, 39, 32, 33, 26, 27, 34, 41, 48]
[00:00:00:07:616] ! Bidirectional. expansions: 3,921, time: 7,287 [ms], path length: 44 [edges], g_F: 21, g_B: 23, generated: 7,407, MM: 2, MMPER: 3.4,444,444,444,444,446%
[00:00:00:07:617] 
---------- SM_Grids/7x7_grid_with_random_blocks_8per_3 ----------
[00:00:00:06:903] Path of length 44 found: [0, 7, 14, 21, 28, 35, 42, 43, 44, 37, 30, 29, 22, 23, 16, 9, 8, 1, 2, 3, 10, 17, 24, 31, 38, 45, 46, 39, 32, 25, 18, 11, 4, 5, 6, 13, 12, 19, 20, 27, 26, 33, 40, 47, 48]
[00:00:00:06:903] ! Unidirectional s-t. expansions: 4,624, time: 6,903 [ms], path length: 44 [edges], generated: 7,658
[00:00:00:00:938] Path of length 44 found: [48, 41, 40, 47, 46, 39, 32, 33, 26, 27, 20, 13, 6, 5, 4, 3, 2, 1, 8, 9, 16, 17, 10, 11, 12, 19, 18, 25, 24, 23, 22, 29, 30, 31, 38, 37, 44, 43, 42, 35, 28, 21, 14, 7, 0]
[00:00:00:00:938] ! Unidirectional t-s. expansions: 601, time: 938 [ms], path length: 44 [edges], generated: 1,059
[00:00:00:04:455] Path of length 44 found: [0, 7, 14, 21, 28, 35, 42, 43, 44, 37, 30, 29, 22, 23, 16, 9, 8, 1, 2, 3, 10, 17, 24, 25, 18, 19, 12, 11, 4, 5, 6, 13, 20, 27, 26, 33, 32, 39, 38, 45, 46, 47, 40, 41, 48]
[00:00:00:04:791] ! Bidirectional. expansions: 2,494, time: 4,455 [ms], path length: 44 [edges], g_F: 21, g_B: 23, generated: 4,647, MM: 2, MMPER: 3.4,444,444,444,444,446%
[00:00:00:04:791] 
---------- SM_Grids/7x7_grid_with_random_blocks_8per_4 ----------
[00:00:00:00:693] Path of length 44 found: [0, 7, 14, 21, 28, 35, 42, 43, 36, 37, 38, 45, 46, 47, 40, 39, 32, 33, 26, 19, 18, 25, 24, 31, 30, 29, 22, 23, 16, 15, 8, 1, 2, 9, 10, 11, 4, 5, 12, 13, 20, 27, 34, 41, 48]
[00:00:00:00:694] ! Unidirectional s-t. expansions: 420, time: 693 [ms], path length: 44 [edges], generated: 705
[00:00:00:01:482] Path of length 44 found: [48, 41, 34, 27, 26, 33, 32, 39, 40, 47, 46, 45, 38, 31, 30, 37, 36, 43, 42, 35, 28, 29, 22, 21, 14, 7, 8, 15, 16, 23, 24, 25, 18, 19, 20, 13, 6, 5, 4, 11, 10, 9, 2, 1, 0]
[00:00:00:01:482] ! Unidirectional t-s. expansions: 939, time: 1,482 [ms], path length: 44 [edges], generated: 1,606
[00:00:00:01:644] Path of length 44 found: [0, 7, 14, 21, 28, 35, 42, 43, 36, 29, 22, 23, 16, 15, 8, 1, 2, 9, 10, 11, 4, 5, 6, 13, 20, 19, 18, 25, 24, 31, 30, 37, 38, 45, 46, 47, 40, 39, 32, 33, 26, 27, 34, 41, 48]
[00:00:00:01:977] ! Bidirectional. expansions: 935, time: 1,644 [ms], path length: 44 [edges], g_F: 21, g_B: 23, generated: 1,675, MM: 2, MMPER: 3.4,444,444,444,444,446%
[00:00:00:01:977] 
---------- SM_Grids/7x7_grid_with_random_blocks_8per_5 ----------
[00:00:00:01:078] Path of length 44 found: [0, 1, 2, 3, 10, 9, 8, 7, 14, 15, 22, 21, 28, 35, 42, 43, 44, 45, 46, 39, 40, 33, 26, 25, 32, 31, 38, 37, 36, 29, 30, 23, 24, 17, 18, 11, 12, 5, 6, 13, 20, 27, 34, 41, 48]
[00:00:00:01:078] ! Unidirectional s-t. expansions: 676, time: 1,78 [ms], path length: 44 [edges], generated: 1,166
[00:00:00:03:451] Path of length 44 found: [48, 41, 34, 27, 20, 13, 6, 5, 12, 11, 18, 19, 26, 25, 32, 33, 40, 39, 46, 45, 38, 31, 30, 29, 36, 37, 44, 43, 42, 35, 28, 21, 14, 15, 22, 23, 24, 17, 10, 3, 2, 9, 8, 1, 0]
[00:00:00:03:451] ! Unidirectional t-s. expansions: 2,364, time: 3,451 [ms], path length: 44 [edges], generated: 3,809
[00:00:00:02:936] Path of length 44 found: [0, 7, 14, 21, 28, 35, 42, 43, 44, 45, 46, 39, 32, 31, 38, 37, 36, 29, 30, 23, 22, 15, 8, 9, 2, 3, 10, 17, 24, 25, 26, 19, 18, 11, 12, 5, 6, 13, 20, 27, 34, 33, 40, 41, 48]
[00:00:00:03:261] ! Bidirectional. expansions: 1,672, time: 2,936 [ms], path length: 44 [edges], g_F: 21, g_B: 23, generated: 2,967, MM: 2, MMPER: 3.4,444,444,444,444,446%
[00:00:00:03:261] 
---------- SM_Grids/7x7_grid_with_random_blocks_8per_6 ----------
[00:00:00:03:964] Path of length 44 found: [0, 1, 8, 15, 14, 21, 28, 35, 42, 43, 36, 29, 22, 23, 30, 37, 44, 45, 46, 39, 38, 31, 24, 17, 16, 9, 2, 3, 4, 11, 18, 25, 26, 19, 12, 5, 6, 13, 20, 27, 34, 33, 40, 47, 48]
[00:00:00:03:964] ! Unidirectional s-t. expansions: 2,782, time: 3,964 [ms], path length: 44 [edges], generated: 4,387
[00:00:00:02:852] Path of length 44 found: [48, 41, 34, 27, 20, 13, 6, 5, 12, 19, 26, 33, 40, 47, 46, 39, 38, 45, 44, 37, 36, 43, 42, 35, 28, 21, 14, 15, 8, 9, 16, 23, 22, 29, 30, 31, 24, 17, 18, 11, 4, 3, 2, 1, 0]
[00:00:00:02:853] ! Unidirectional t-s. expansions: 1,729, time: 2,853 [ms], path length: 44 [edges], generated: 2,989
[00:00:00:04:026] Path of length 44 found: [0, 1, 8, 15, 14, 21, 28, 35, 42, 43, 36, 29, 22, 23, 16, 9, 2, 3, 4, 11, 18, 17, 24, 31, 30, 37, 44, 45, 38, 39, 46, 47, 40, 33, 26, 19, 12, 5, 6, 13, 20, 27, 34, 41, 48]
[00:00:00:04:357] ! Bidirectional. expansions: 2,319, time: 4,26 [ms], path length: 44 [edges], g_F: 21, g_B: 23, generated: 4,113, MM: 2, MMPER: 3.4,444,444,444,444,446%
[00:00:00:04:357] 
---------- SM_Grids/7x7_grid_with_random_blocks_8per_7 ----------
[00:00:00:21:761] Path of length 42 found: [0, 7, 14, 21, 28, 35, 42, 43, 36, 29, 22, 15, 8, 1, 2, 9, 16, 23, 30, 37, 44, 45, 46, 39, 38, 31, 24, 17, 10, 3, 4, 5, 12, 11, 18, 19, 26, 25, 32, 33, 40, 47, 48]
[00:00:00:21:761] ! Unidirectional s-t. expansions: 13,307, time: 21,761 [ms], path length: 42 [edges], generated: 23,586
[00:00:00:07:845] Path of length 42 found: [48, 41, 40, 47, 46, 39, 32, 33, 26, 19, 12, 5, 4, 3, 2, 9, 16, 17, 10, 11, 18, 25, 24, 23, 22, 29, 36, 37, 30, 31, 38, 45, 44, 43, 42, 35, 28, 21, 14, 15, 8, 1, 0]
[00:00:00:07:846] ! Unidirectional t-s. expansions: 4,816, time: 7,845 [ms], path length: 42 [edges], generated: 8,695
[00:00:00:18:096] Path of length 42 found: [0, 7, 14, 21, 28, 35, 42, 43, 36, 29, 22, 15, 8, 1, 2, 9, 16, 23, 30, 31, 24, 25, 18, 11, 10, 3, 4, 5, 12, 19, 26, 33, 32, 39, 38, 37, 44, 45, 46, 47, 40, 41, 48]
[00:00:00:18:428] ! Bidirectional. expansions: 9,364, time: 18,96 [ms], path length: 42 [edges], g_F: 20, g_B: 22, generated: 18,492, MM: 2, MMPER: 3.6,511,627,906,976,747%
[00:00:00:18:428] 
---------- SM_Grids/7x7_grid_with_random_blocks_8per_8 ----------
[00:00:00:38:746] Path of length 42 found: [0, 7, 8, 1, 2, 9, 10, 3, 4, 11, 12, 5, 6, 13, 20, 19, 18, 17, 24, 23, 16, 15, 22, 21, 28, 35, 42, 43, 44, 37, 38, 45, 46, 39, 32, 25, 26, 27, 34, 33, 40, 47, 48]
[00:00:00:38:746] ! Unidirectional s-t. expansions: 24,280, time: 38,746 [ms], path length: 42 [edges], generated: 44,455
[00:00:00:57:662] Path of length 42 found: [48, 41, 34, 27, 20, 13, 6, 5, 4, 3, 2, 9, 16, 23, 24, 17, 10, 11, 12, 19, 18, 25, 26, 33, 40, 47, 46, 39, 32, 31, 38, 37, 44, 43, 42, 35, 28, 21, 22, 15, 8, 1, 0]
[00:00:00:57:666] ! Unidirectional t-s. expansions: 36,54, time: 57,663 [ms], path length: 42 [edges], generated: 63,852
[00:00:01:05:227] Path of length 42 found: [48, 47, 46, 45, 38, 37, 44, 43, 42, 35, 28, 21, 22, 15, 16, 23, 24, 31, 32, 39, 40, 33, 34, 27, 20, 13, 6, 5, 12, 19, 26, 25, 18, 11, 4, 3, 10, 9, 2, 1, 8, 7, 0]
[00:00:01:05:560] ! Bidirectional. expansions: 34,636, time: 65,227 [ms], path length: 42 [edges], g_F: 20, g_B: 22, generated: 66,827, MM: 2, MMPER: 3.6,511,627,906,976,747%
[00:00:01:05:560] 
---------- SM_Grids/7x7_grid_with_random_blocks_8per_9 ----------
[00:00:00:04:469] Path of length 44 found: [0, 7, 14, 21, 28, 35, 42, 43, 36, 29, 22, 15, 8, 1, 2, 9, 16, 23, 30, 37, 44, 45, 46, 39, 38, 31, 32, 25, 18, 17, 10, 3, 4, 11, 12, 5, 6, 13, 20, 27, 26, 33, 40, 41, 48]
[00:00:00:04:469] ! Unidirectional s-t. expansions: 2,878, time: 4,469 [ms], path length: 44 [edges], generated: 4,725
[00:00:00:01:522] Path of length 44 found: [48, 41, 34, 33, 40, 39, 46, 45, 38, 37, 44, 43, 42, 35, 36, 29, 28, 21, 14, 7, 8, 9, 16, 15, 22, 23, 30, 31, 32, 25, 26, 27, 20, 13, 6, 5, 12, 11, 18, 17, 10, 3, 2, 1, 0]
[00:00:00:01:522] ! Unidirectional t-s. expansions: 971, time: 1,522 [ms], path length: 44 [edges], generated: 1,636
[00:00:00:04:439] Path of length 44 found: [0, 7, 14, 21, 28, 35, 42, 43, 36, 29, 22, 15, 16, 23, 30, 37, 44, 45, 46, 39, 38, 31, 32, 33, 26, 25, 18, 17, 10, 9, 8, 1, 2, 3, 4, 11, 12, 5, 6, 13, 20, 27, 34, 41, 48]
[00:00:00:05:089] ! Bidirectional. expansions: 2,494, time: 4,439 [ms], path length: 44 [edges], g_F: 22, g_B: 22, generated: 4,390, MM: 0, MMPER: -1.0%
[00:00:00:05:090] average expansions: (6,357, 6,638, 6,977, 0)
[00:00:00:05:090] average time: (10,016, 10,491, 13,026, 0)
[00:00:00:05:090] A*: 6,357 , 10,016 (expansions , time[ms])
[00:00:00:05:090] XMM: 6,977 , 13,026 (expansions , time[ms])

[00:00:00:05:090] 
---------- SM_Grids/7x7_grid_with_random_blocks_8per_0 ----------
[00:00:00:02:729] Path of length 44 found: [0, 7, 8, 1, 2, 9, 16, 15, 22, 21, 28, 35, 42, 43, 36, 29, 30, 37, 44, 45, 38, 31, 32, 25, 18, 17, 10, 3, 4, 11, 12, 5, 6, 13, 20, 19, 26, 27, 34, 33, 40, 39, 46, 47, 48]
[00:00:00:02:730] ! Unidirectional s-t. expansions: 1,245, time: 2,729 [ms], path length: 44 [edges], generated: 2,220
[00:00:00:07:261] Path of length 44 found: [48, 41, 34, 27, 20, 13, 6, 5, 4, 3, 2, 9, 16, 17, 10, 11, 12, 19, 18, 25, 26, 33, 32, 31, 30, 29, 36, 37, 38, 39, 40, 47, 46, 45, 44, 43, 42, 35, 28, 21, 22, 15, 8, 1, 0]
[00:00:00:07:261] ! Unidirectional t-s. expansions: 3,187, time: 7,261 [ms], path length: 44 [edges], generated: 5,723
[00:00:00:07:081] Path of length 44 found: [0, 7, 8, 1, 2, 9, 16, 15, 22, 21, 28, 35, 42, 43, 36, 29, 30, 37, 44, 45, 46, 47, 40, 39, 38, 31, 32, 25, 26, 19, 12, 11, 18, 17, 10, 3, 4, 5, 6, 13, 20, 27, 34, 41, 48]
[00:00:00:07:409] ! Bidirectional. expansions: 9,924, time: 7,81 [ms], path length: 44 [edges], g_F: 22, g_B: 22, generated: {'F': 9,679, 'B': 8,712}, MM: 0, MMPER: -1.0%
[00:00:00:07:409] 
---------- SM_Grids/7x7_grid_with_random_blocks_8per_1 ----------
[00:00:00:23:853] Path of length 42 found: [0, 7, 14, 21, 28, 35, 42, 43, 36, 29, 22, 15, 8, 9, 2, 3, 10, 17, 16, 23, 30, 31, 24, 25, 18, 11, 4, 5, 6, 13, 12, 19, 20, 27, 26, 33, 32, 39, 46, 47, 40, 41, 48]
[00:00:00:23:853] ! Unidirectional s-t. expansions: 10,627, time: 23,853 [ms], path length: 42 [edges], generated: 19,796
[00:00:00:27:080] Path of length 42 found: [48, 41, 34, 27, 20, 13, 6, 5, 4, 3, 2, 9, 8, 15, 22, 23, 16, 17, 10, 11, 12, 19, 18, 25, 26, 33, 40, 47, 46, 39, 32, 31, 30, 29, 36, 43, 42, 35, 28, 21, 14, 7, 0]
[00:00:00:27:080] ! Unidirectional t-s. expansions: 11,818, time: 27,80 [ms], path length: 42 [edges], generated: 21,875
[00:00:00:25:219] Path of length 42 found: [0, 7, 14, 21, 28, 35, 42, 43, 36, 29, 22, 15, 16, 23, 30, 31, 38, 39, 46, 47, 40, 33, 26, 19, 12, 11, 18, 25, 24, 17, 10, 9, 2, 3, 4, 5, 6, 13, 20, 27, 34, 41, 48]
[00:00:00:25:550] ! Bidirectional. expansions: 38,540, time: 25,219 [ms], path length: 42 [edges], g_F: 21, g_B: 21, generated: {'F': 38,171, 'B': 36,758}, MM: 0, MMPER: -1.0%
[00:00:00:25:551] 
---------- SM_Grids/7x7_grid_with_random_blocks_8per_2 ----------
[00:00:00:06:357] Path of length 44 found: [0, 7, 14, 21, 28, 35, 36, 43, 44, 37, 30, 29, 22, 15, 8, 9, 2, 3, 10, 17, 16, 23, 24, 31, 38, 45, 46, 39, 32, 33, 26, 19, 18, 11, 4, 5, 12, 13, 20, 27, 34, 41, 40, 47, 48]
[00:00:00:06:358] ! Unidirectional s-t. expansions: 2,737, time: 6,357 [ms], path length: 44 [edges], generated: 5,124
[00:00:00:09:519] Path of length 44 found: [48, 41, 34, 27, 20, 13, 6, 5, 4, 3, 2, 9, 8, 15, 22, 29, 30, 37, 38, 31, 24, 23, 16, 17, 10, 11, 18, 19, 26, 33, 32, 39, 40, 47, 46, 45, 44, 43, 36, 35, 28, 21, 14, 7, 0]
[00:00:00:09:519] ! Unidirectional t-s. expansions: 4,61, time: 9,519 [ms], path length: 44 [edges], generated: 7,515
[00:00:00:14:101] Path of length 44 found: [0, 7, 14, 21, 28, 35, 36, 43, 44, 37, 30, 29, 22, 23, 24, 31, 38, 45, 46, 47, 40, 39, 32, 33, 26, 19, 18, 11, 10, 17, 16, 15, 8, 9, 2, 3, 4, 5, 6, 13, 20, 27, 34, 41, 48]
[00:00:00:14:456] ! Bidirectional. expansions: 20,129, time: 14,101 [ms], path length: 44 [edges], g_F: 22, g_B: 22, generated: {'F': 19,519, 'B': 18,730}, MM: 0, MMPER: -1.0%
[00:00:00:14:456] 
---------- SM_Grids/7x7_grid_with_random_blocks_8per_3 ----------
[00:00:00:10:275] Path of length 44 found: [0, 7, 14, 21, 28, 35, 42, 43, 44, 37, 30, 29, 22, 23, 16, 9, 8, 1, 2, 3, 10, 17, 24, 31, 38, 45, 46, 39, 32, 25, 18, 11, 4, 5, 6, 13, 12, 19, 20, 27, 26, 33, 40, 47, 48]
[00:00:00:10:276] ! Unidirectional s-t. expansions: 4,623, time: 10,275 [ms], path length: 44 [edges], generated: 8,294
[00:00:00:01:328] Path of length 44 found: [48, 41, 40, 47, 46, 39, 32, 33, 26, 27, 20, 13, 6, 5, 4, 3, 2, 1, 8, 9, 16, 17, 10, 11, 12, 19, 18, 25, 24, 23, 22, 29, 30, 31, 38, 37, 44, 43, 42, 35, 28, 21, 14, 7, 0]
[00:00:00:01:328] ! Unidirectional t-s. expansions: 600, time: 1,328 [ms], path length: 44 [edges], generated: 1,096
[00:00:00:01:813] Path of length 44 found: [0, 7, 14, 21, 28, 35, 42, 43, 44, 45, 38, 37, 30, 29, 22, 23, 16, 17, 24, 25, 18, 19, 12, 11, 10, 9, 8, 1, 2, 3, 4, 5, 6, 13, 20, 27, 26, 33, 32, 39, 46, 47, 40, 41, 48]
[00:00:00:02:178] ! Bidirectional. expansions: 2,530, time: 1,813 [ms], path length: 44 [edges], g_F: 22, g_B: 22, generated: {'F': 2,307, 'B': 2,407}, MM: 0, MMPER: -1.0%
[00:00:00:02:178] 
---------- SM_Grids/7x7_grid_with_random_blocks_8per_4 ----------
[00:00:00:00:967] Path of length 44 found: [0, 7, 14, 21, 28, 35, 42, 43, 36, 29, 22, 15, 8, 1, 2, 9, 16, 23, 30, 37, 38, 45, 46, 39, 32, 31, 24, 25, 18, 11, 4, 5, 6, 13, 12, 19, 20, 27, 26, 33, 34, 41, 40, 47, 48]
[00:00:00:00:968] ! Unidirectional s-t. expansions: 441, time: 967 [ms], path length: 44 [edges], generated: 762
[00:00:00:02:198] Path of length 44 found: [48, 41, 34, 27, 20, 13, 6, 5, 4, 11, 10, 9, 2, 1, 8, 15, 16, 23, 22, 29, 30, 31, 24, 25, 18, 19, 26, 33, 32, 39, 40, 47, 46, 45, 38, 37, 36, 43, 42, 35, 28, 21, 14, 7, 0]
[00:00:00:02:198] ! Unidirectional t-s. expansions: 966, time: 2,198 [ms], path length: 44 [edges], generated: 1,714
[00:00:00:02:569] Path of length 44 found: [0, 7, 14, 21, 28, 35, 42, 43, 36, 29, 22, 15, 8, 1, 2, 9, 16, 23, 24, 31, 30, 37, 38, 45, 46, 47, 40, 39, 32, 33, 26, 25, 18, 19, 12, 11, 4, 5, 6, 13, 20, 27, 34, 41, 48]
[00:00:00:02:913] ! Bidirectional. expansions: 3,215, time: 2,569 [ms], path length: 44 [edges], g_F: 22, g_B: 22, generated: {'F': 2,803, 'B': 2,842}, MM: 0, MMPER: -1.0%
[00:00:00:02:913] 
---------- SM_Grids/7x7_grid_with_random_blocks_8per_5 ----------
[00:00:00:01:604] Path of length 44 found: [0, 7, 14, 21, 28, 35, 42, 43, 36, 29, 22, 15, 8, 1, 2, 9, 10, 17, 24, 23, 30, 37, 44, 45, 46, 39, 38, 31, 32, 25, 18, 11, 12, 5, 6, 13, 20, 19, 26, 27, 34, 33, 40, 41, 48]
[00:00:00:01:604] ! Unidirectional s-t. expansions: 697, time: 1,604 [ms], path length: 44 [edges], generated: 1,264
[00:00:00:05:307] Path of length 44 found: [48, 41, 34, 27, 20, 13, 6, 5, 12, 11, 10, 3, 2, 9, 8, 15, 22, 29, 36, 37, 38, 31, 30, 23, 24, 17, 18, 19, 26, 25, 32, 33, 40, 39, 46, 45, 44, 43, 42, 35, 28, 21, 14, 7, 0]
[00:00:00:05:307] ! Unidirectional t-s. expansions: 2,455, time: 5,307 [ms], path length: 44 [edges], generated: 4,224
[00:00:00:03:003] Path of length 44 found: [0, 7, 14, 21, 28, 35, 42, 43, 36, 29, 22, 15, 8, 1, 2, 9, 10, 17, 24, 23, 30, 31, 38, 37, 44, 45, 46, 39, 40, 33, 32, 25, 26, 19, 18, 11, 12, 5, 6, 13, 20, 27, 34, 41, 48]
[00:00:00:03:328] ! Bidirectional. expansions: 4,70, time: 3,3 [ms], path length: 44 [edges], g_F: 22, g_B: 22, generated: {'F': 3,658, 'B': 3,762}, MM: 0, MMPER: -1.0%
[00:00:00:03:328] 
---------- SM_Grids/7x7_grid_with_random_blocks_8per_6 ----------
[00:00:00:05:823] Path of length 44 found: [0, 1, 8, 15, 14, 21, 28, 35, 42, 43, 36, 29, 22, 23, 16, 9, 2, 3, 4, 11, 18, 17, 24, 25, 26, 19, 12, 5, 6, 13, 20, 27, 34, 33, 40, 39, 38, 31, 30, 37, 44, 45, 46, 47, 48]
[00:00:00:05:824] ! Unidirectional s-t. expansions: 2,789, time: 5,823 [ms], path length: 44 [edges], generated: 4,706
[00:00:00:03:896] Path of length 44 found: [48, 41, 34, 27, 20, 13, 6, 5, 4, 3, 2, 9, 16, 23, 22, 29, 36, 37, 30, 31, 24, 17, 18, 11, 12, 19, 26, 33, 40, 47, 46, 39, 38, 45, 44, 43, 42, 35, 28, 21, 14, 15, 8, 1, 0]
[00:00:00:03:896] ! Unidirectional t-s. expansions: 1,742, time: 3,896 [ms], path length: 44 [edges], generated: 3,138
[00:00:00:06:945] Path of length 44 found: [0, 1, 8, 15, 14, 21, 28, 35, 42, 43, 36, 29, 22, 23, 30, 37, 44, 45, 38, 39, 46, 47, 40, 33, 26, 19, 12, 11, 18, 25, 24, 17, 16, 9, 2, 3, 4, 5, 6, 13, 20, 27, 34, 41, 48]
[00:00:00:07:265] ! Bidirectional. expansions: 9,924, time: 6,945 [ms], path length: 44 [edges], g_F: 22, g_B: 22, generated: {'F': 9,119, 'B': 9,060}, MM: 0, MMPER: -1.0%
[00:00:00:07:265] 
---------- SM_Grids/7x7_grid_with_random_blocks_8per_7 ----------
[00:00:00:32:394] Path of length 42 found: [0, 7, 14, 21, 28, 35, 42, 43, 36, 29, 22, 15, 8, 1, 2, 9, 16, 23, 30, 37, 44, 45, 38, 31, 24, 17, 10, 3, 4, 5, 12, 11, 18, 19, 26, 25, 32, 33, 40, 39, 46, 47, 48]
[00:00:00:32:394] ! Unidirectional s-t. expansions: 13,308, time: 32,394 [ms], path length: 42 [edges], generated: 25,675
[00:00:00:11:446] Path of length 42 found: [48, 41, 40, 47, 46, 39, 32, 33, 26, 19, 12, 5, 4, 3, 2, 1, 8, 15, 22, 29, 36, 37, 30, 23, 16, 9, 10, 11, 18, 17, 24, 31, 38, 45, 44, 43, 42, 35, 28, 21, 14, 7, 0]
[00:00:00:11:447] ! Unidirectional t-s. expansions: 4,827, time: 11,446 [ms], path length: 42 [edges], generated: 9,316
[00:00:00:21:581] Path of length 42 found: [0, 7, 14, 21, 28, 35, 42, 43, 36, 29, 22, 15, 8, 1, 2, 9, 16, 23, 30, 37, 44, 45, 38, 31, 24, 17, 18, 11, 10, 3, 4, 5, 12, 19, 26, 33, 32, 39, 46, 47, 40, 41, 48]
[00:00:00:21:915] ! Bidirectional. expansions: 32,775, time: 21,581 [ms], path length: 42 [edges], g_F: 21, g_B: 21, generated: {'F': 32,578, 'B': 32,541}, MM: 0, MMPER: -1.0%
[00:00:00:21:915] 
---------- SM_Grids/7x7_grid_with_random_blocks_8per_8 ----------
[00:00:00:55:752] Path of length 42 found: [0, 7, 8, 1, 2, 9, 16, 15, 22, 21, 28, 35, 42, 43, 44, 37, 38, 45, 46, 39, 32, 31, 24, 17, 10, 3, 4, 11, 18, 25, 26, 19, 12, 5, 6, 13, 20, 27, 34, 33, 40, 47, 48]
[00:00:00:55:752] ! Unidirectional s-t. expansions: 24,279, time: 55,752 [ms], path length: 42 [edges], generated: 46,642
[00:00:01:23:061] Path of length 42 found: [48, 41, 34, 27, 20, 13, 6, 5, 4, 3, 2, 9, 16, 23, 24, 17, 10, 11, 12, 19, 18, 25, 26, 33, 32, 31, 38, 39, 40, 47, 46, 45, 44, 43, 42, 35, 28, 21, 22, 15, 8, 1, 0]
[00:00:01:23:061] ! Unidirectional t-s. expansions: 36,53, time: 83,61 [ms], path length: 42 [edges], generated: 67,686
[00:00:01:33:139] Path of length 42 found: [0, 7, 8, 1, 2, 9, 16, 15, 22, 21, 28, 35, 42, 43, 44, 45, 46, 47, 40, 33, 26, 19, 12, 11, 18, 25, 32, 39, 38, 31, 24, 17, 10, 3, 4, 5, 6, 13, 20, 27, 34, 41, 48]
[00:00:01:33:461] ! Bidirectional. expansions: 129,685, time: 93,139 [ms], path length: 42 [edges], g_F: 21, g_B: 21, generated: {'F': 121,021, 'B': 117,769}, MM: 0, MMPER: -1.0%
[00:00:01:33:461] 
---------- SM_Grids/7x7_grid_with_random_blocks_8per_9 ----------
[00:00:00:06:411] Path of length 44 found: [0, 7, 14, 21, 28, 35, 42, 43, 36, 29, 22, 15, 8, 1, 2, 9, 16, 23, 30, 37, 44, 45, 46, 39, 38, 31, 32, 25, 18, 17, 10, 3, 4, 11, 12, 5, 6, 13, 20, 27, 26, 33, 40, 41, 48]
[00:00:00:06:411] ! Unidirectional s-t. expansions: 2,878, time: 6,411 [ms], path length: 44 [edges], generated: 5,057
[00:00:00:02:124] Path of length 44 found: [48, 41, 34, 27, 20, 13, 6, 5, 12, 11, 4, 3, 2, 1, 8, 15, 22, 29, 36, 37, 30, 23, 16, 9, 10, 17, 18, 25, 26, 33, 40, 39, 32, 31, 38, 45, 44, 43, 42, 35, 28, 21, 14, 7, 0]
[00:00:00:02:124] ! Unidirectional t-s. expansions: 976, time: 2,124 [ms], path length: 44 [edges], generated: 1,713
[00:00:00:06:741] Path of length 44 found: [0, 7, 14, 21, 28, 35, 42, 43, 36, 29, 22, 15, 8, 1, 2, 9, 16, 23, 30, 37, 44, 45, 38, 31, 32, 39, 40, 33, 26, 25, 18, 17, 10, 3, 4, 11, 12, 5, 6, 13, 20, 27, 34, 41, 48]
[00:00:00:07:091] ! Bidirectional. expansions: 9,342, time: 6,741 [ms], path length: 44 [edges], g_F: 22, g_B: 22, generated: {'F': 8,228, 'B': 8,352}, MM: 0, MMPER: -1.0%
[00:00:00:07:091] average expansions: (6,362, 6,668, 26,013, 0)
[00:00:00:07:091] average time: (14,616, 15,322, 18,219, 0)
[00:00:00:07:091] X-DFBnB: 6,362 , 14,616 (expansions , time[ms])
[00:00:00:07:091] BiX-DFBnB: 26,013 , 18,219 (expansions , time[ms])

