--------------------------
date: SM_Grids
number_of_graphs: 10
graph_type: grid
size_of_graphs: [8, 8]
heuristic: bcc_heuristic
snake: False
run_uni: True
run_bi: True
run_multi: False
solution_vertices: []
algorithms: ['full', 'DFS']
bsd: True
cube_first_dims: 4
cube_buffer_dim: None
backward_sym_generation: False
sym_coil: False
prefix_set: None

---------- SM_Grids/8x8_grid_with_random_blocks_16per_0 ----------
[00:00:00:00:567] Path of length 44 found: [0, 1, 9, 10, 2, 3, 11, 12, 13, 5, 6, 7, 15, 14, 22, 23, 31, 30, 29, 28, 20, 19, 18, 26, 25, 24, 32, 40, 48, 49, 41, 33, 34, 42, 50, 51, 43, 35, 36, 37, 38, 46, 47, 55, 63]
[00:00:00:00:567] ! Unidirectional s-t. expansions: 393, time: 567 [ms], path length: 44 [edges], generated: 678
[00:00:00:00:348] Path of length 44 found: [63, 55, 47, 46, 38, 39, 31, 30, 22, 23, 15, 7, 6, 5, 13, 12, 20, 28, 29, 37, 36, 44, 43, 35, 34, 33, 41, 42, 50, 49, 48, 40, 32, 24, 25, 26, 18, 19, 11, 3, 2, 10, 9, 1, 0]
[00:00:00:00:348] ! Unidirectional t-s. expansions: 231, time: 348 [ms], path length: 44 [edges], generated: 400
[00:00:00:00:537] Path of length 44 found: [63, 55, 47, 46, 38, 39, 31, 30, 22, 23, 15, 7, 6, 5, 13, 12, 20, 28, 29, 37, 36, 44, 43, 51, 50, 42, 34, 33, 41, 49, 48, 40, 32, 24, 25, 26, 18, 19, 11, 3, 2, 10, 9, 1, 0]
[00:00:00:00:989] ! Bidirectional. expansions: 327, time: 537 [ms], path length: 44 [edges], g_F: 21, g_B: 23, generated: 578, MM: 2, MMPER: 3.4,444,444,444,444,446%
[00:00:00:00:989] 
---------- SM_Grids/8x8_grid_with_random_blocks_16per_1 ----------
[00:00:00:00:087] Path of length 44 found: [0, 8, 9, 10, 2, 3, 4, 12, 11, 19, 18, 26, 25, 24, 32, 33, 41, 42, 34, 35, 43, 44, 36, 28, 20, 21, 29, 30, 22, 14, 15, 23, 31, 39, 38, 46, 47, 55, 54, 53, 52, 60, 61, 62, 63]
[00:00:00:00:087] ! Unidirectional s-t. expansions: 51, time: 87 [ms], path length: 44 [edges], generated: 85
[00:00:00:02:453] Path of length 44 found: [63, 62, 61, 60, 52, 53, 54, 55, 47, 46, 38, 39, 31, 23, 15, 14, 22, 30, 29, 21, 20, 28, 36, 44, 43, 35, 27, 19, 11, 12, 4, 3, 2, 10, 18, 26, 34, 42, 41, 33, 25, 24, 16, 8, 0]
[00:00:00:02:454] ! Unidirectional t-s. expansions: 1,237, time: 2,454 [ms], path length: 44 [edges], generated: 2,340
[00:00:00:04:000] Path of length 44 found: [0, 8, 9, 10, 2, 3, 4, 12, 11, 19, 18, 26, 25, 24, 32, 33, 41, 42, 34, 35, 43, 44, 36, 28, 20, 21, 29, 30, 22, 14, 15, 23, 31, 39, 38, 46, 47, 55, 54, 53, 52, 60, 61, 62, 63]
[00:00:00:04:441] ! Bidirectional. expansions: 1,825, time: 4,0 [ms], path length: 44 [edges], g_F: 21, g_B: 23, generated: 3,581, MM: 2, MMPER: 3.4,444,444,444,444,446%
[00:00:00:04:441] 
---------- SM_Grids/8x8_grid_with_random_blocks_16per_2 ----------
[00:00:00:04:329] Path of length 44 found: [0, 1, 2, 3, 11, 19, 20, 21, 29, 30, 38, 46, 47, 55, 54, 53, 45, 44, 36, 28, 27, 26, 18, 17, 16, 24, 32, 40, 48, 56, 57, 58, 50, 49, 41, 33, 34, 42, 43, 51, 59, 60, 61, 62, 63]
[00:00:00:04:330] ! Unidirectional s-t. expansions: 2,427, time: 4,329 [ms], path length: 44 [edges], generated: 4,423
[00:00:00:09:910] Path of length 44 found: [63, 62, 61, 60, 52, 51, 59, 58, 50, 49, 57, 56, 48, 40, 41, 42, 43, 44, 45, 53, 54, 55, 47, 46, 38, 30, 29, 21, 20, 28, 27, 26, 34, 33, 32, 24, 16, 17, 18, 19, 11, 3, 2, 1, 0]
[00:00:00:09:911] ! Unidirectional t-s. expansions: 5,713, time: 9,911 [ms], path length: 44 [edges], generated: 9,757
[00:00:00:09:564] Path of length 44 found: [0, 1, 2, 3, 11, 10, 18, 17, 16, 24, 32, 40, 48, 56, 57, 49, 41, 33, 34, 26, 27, 19, 20, 21, 29, 30, 38, 46, 47, 55, 54, 53, 45, 44, 43, 42, 50, 58, 59, 51, 52, 60, 61, 62, 63]
[00:00:00:10:056] ! Bidirectional. expansions: 4,756, time: 9,564 [ms], path length: 44 [edges], g_F: 21, g_B: 23, generated: 8,714, MM: 2, MMPER: 3.4,444,444,444,444,446%
[00:00:00:10:056] 
---------- SM_Grids/8x8_grid_with_random_blocks_16per_3 ----------
[00:00:00:12:464] Path of length 44 found: [0, 8, 16, 24, 25, 17, 18, 10, 11, 12, 13, 14, 15, 23, 31, 30, 38, 39, 47, 46, 45, 44, 43, 35, 36, 28, 29, 21, 20, 19, 27, 26, 34, 33, 41, 49, 50, 51, 52, 60, 61, 53, 54, 62, 63]
[00:00:00:12:464] ! Unidirectional s-t. expansions: 7,298, time: 12,464 [ms], path length: 44 [edges], generated: 12,850
[00:00:00:22:202] Path of length 44 found: [63, 55, 47, 39, 31, 23, 15, 14, 13, 12, 11, 10, 18, 19, 27, 35, 43, 44, 36, 28, 20, 21, 29, 30, 38, 46, 45, 53, 54, 62, 61, 60, 52, 51, 50, 49, 41, 42, 34, 26, 25, 17, 16, 8, 0]
[00:00:00:22:202] ! Unidirectional t-s. expansions: 13,166, time: 22,202 [ms], path length: 44 [edges], generated: 22,306
[00:00:00:17:658] Path of length 44 found: [0, 8, 16, 24, 25, 17, 18, 10, 11, 12, 13, 14, 15, 23, 31, 30, 38, 39, 47, 55, 54, 46, 45, 44, 36, 28, 29, 21, 20, 19, 27, 35, 34, 33, 41, 49, 50, 42, 43, 51, 52, 60, 61, 62, 63]
[00:00:00:18:101] ! Bidirectional. expansions: 8,644, time: 17,658 [ms], path length: 44 [edges], g_F: 21, g_B: 23, generated: 16,196, MM: 2, MMPER: 3.4,444,444,444,444,446%
[00:00:00:18:102] 
---------- SM_Grids/8x8_grid_with_random_blocks_16per_4 ----------
[00:00:00:01:042] Path of length 48 found: [0, 1, 9, 8, 16, 17, 25, 33, 32, 40, 48, 56, 57, 49, 41, 42, 50, 51, 52, 60, 61, 53, 45, 44, 36, 37, 29, 28, 27, 35, 34, 26, 18, 10, 11, 3, 4, 12, 13, 14, 22, 30, 38, 39, 47, 46, 54, 62, 63]
[00:00:00:01:043] ! Unidirectional s-t. expansions: 601, time: 1,42 [ms], path length: 48 [edges], generated: 1,028
[00:00:00:02:135] Path of length 48 found: [63, 55, 47, 39, 38, 37, 36, 44, 45, 46, 54, 62, 61, 53, 52, 51, 50, 42, 41, 49, 57, 56, 48, 40, 32, 33, 25, 26, 34, 35, 27, 28, 29, 30, 22, 14, 13, 12, 4, 3, 11, 10, 18, 17, 16, 8, 9, 1, 0]
[00:00:00:02:135] ! Unidirectional t-s. expansions: 1,109, time: 2,135 [ms], path length: 48 [edges], generated: 1,958
[00:00:00:02:281] Path of length 48 found: [63, 55, 47, 39, 38, 37, 29, 30, 22, 14, 13, 12, 4, 3, 11, 10, 18, 26, 34, 35, 27, 28, 36, 44, 45, 53, 54, 62, 61, 60, 52, 51, 50, 42, 41, 49, 57, 56, 48, 40, 32, 33, 25, 17, 16, 8, 9, 1, 0]
[00:00:00:02:705] ! Bidirectional. expansions: 1,84, time: 2,281 [ms], path length: 48 [edges], g_F: 23, g_B: 25, generated: 1,972, MM: 2, MMPER: 3.816,326,530,612,246%
[00:00:00:02:705] 
---------- SM_Grids/8x8_grid_with_random_blocks_16per_5 ----------
[00:00:00:03:436] Path of length 50 found: [0, 8, 16, 24, 32, 33, 34, 26, 25, 17, 9, 1, 2, 10, 11, 19, 20, 12, 4, 5, 6, 14, 15, 23, 31, 39, 38, 30, 29, 28, 36, 35, 43, 51, 50, 49, 48, 56, 57, 58, 59, 60, 61, 53, 52, 44, 45, 46, 54, 55, 63]
[00:00:00:03:436] ! Unidirectional s-t. expansions: 1,976, time: 3,436 [ms], path length: 50 [edges], generated: 3,278
[00:00:00:02:424] Path of length 50 found: [63, 55, 54, 53, 61, 60, 59, 58, 57, 56, 48, 49, 50, 51, 52, 44, 43, 35, 36, 28, 29, 30, 38, 46, 47, 39, 31, 23, 15, 14, 6, 5, 4, 12, 20, 19, 11, 3, 2, 10, 9, 17, 25, 26, 34, 33, 32, 24, 16, 8, 0]
[00:00:00:02:425] ! Unidirectional t-s. expansions: 1,347, time: 2,424 [ms], path length: 50 [edges], generated: 2,287
[00:00:00:03:972] Path of length 50 found: [0, 8, 16, 24, 32, 33, 34, 26, 25, 17, 9, 1, 2, 10, 11, 19, 20, 12, 4, 5, 6, 14, 15, 23, 22, 30, 29, 28, 36, 35, 43, 51, 50, 49, 48, 56, 57, 58, 59, 60, 52, 44, 45, 53, 54, 46, 38, 39, 47, 55, 63]
[00:00:00:04:400] ! Bidirectional. expansions: 2,93, time: 3,973 [ms], path length: 50 [edges], g_F: 24, g_B: 26, generated: 3,563, MM: 2, MMPER: 2.9,215,686,274,509,802%
[00:00:00:04:400] 
---------- SM_Grids/8x8_grid_with_random_blocks_16per_6 ----------
[00:00:00:00:190] Path of length 48 found: [0, 1, 9, 8, 16, 24, 32, 40, 48, 49, 50, 42, 41, 33, 34, 35, 27, 26, 25, 17, 18, 10, 11, 19, 20, 21, 13, 5, 6, 7, 15, 14, 22, 23, 31, 30, 29, 37, 36, 44, 52, 53, 45, 46, 47, 55, 54, 62, 63]
[00:00:00:00:190] ! Unidirectional s-t. expansions: 104, time: 190 [ms], path length: 48 [edges], generated: 174
[00:00:00:00:121] Path of length 48 found: [63, 62, 54, 55, 47, 46, 38, 30, 31, 23, 15, 7, 6, 5, 13, 14, 22, 21, 29, 37, 45, 53, 52, 44, 36, 35, 27, 19, 11, 10, 18, 17, 25, 26, 34, 33, 41, 42, 50, 49, 48, 40, 32, 24, 16, 8, 9, 1, 0]
[00:00:00:00:121] ! Unidirectional t-s. expansions: 66, time: 121 [ms], path length: 48 [edges], generated: 109
[00:00:00:00:243] Path of length 48 found: [63, 62, 54, 55, 47, 46, 45, 53, 52, 44, 36, 37, 38, 30, 31, 23, 15, 7, 6, 5, 13, 14, 22, 21, 20, 19, 11, 10, 18, 17, 25, 26, 27, 35, 34, 33, 41, 42, 50, 49, 48, 40, 32, 24, 16, 8, 9, 1, 0]
[00:00:00:00:660] ! Bidirectional. expansions: 122, time: 243 [ms], path length: 48 [edges], g_F: 24, g_B: 24, generated: 205, MM: 0, MMPER: -1.0%
[00:00:00:00:660] 
---------- SM_Grids/8x8_grid_with_random_blocks_16per_7 ----------
[00:00:00:24:741] Path of length 48 found: [0, 8, 9, 10, 2, 3, 11, 19, 18, 17, 16, 24, 32, 40, 48, 56, 57, 58, 59, 60, 61, 53, 45, 44, 43, 51, 50, 49, 41, 33, 34, 26, 27, 28, 20, 12, 13, 14, 6, 7, 15, 23, 31, 30, 38, 46, 54, 55, 63]
[00:00:00:24:741] ! Unidirectional s-t. expansions: 15,19, time: 24,741 [ms], path length: 48 [edges], generated: 25,253
[00:00:00:20:208] Path of length 48 found: [63, 55, 54, 53, 61, 60, 59, 58, 57, 56, 48, 49, 50, 51, 43, 44, 45, 37, 38, 30, 31, 23, 15, 7, 6, 14, 13, 21, 20, 12, 11, 3, 2, 10, 9, 17, 18, 19, 27, 26, 34, 42, 41, 33, 32, 24, 16, 8, 0]
[00:00:00:20:209] ! Unidirectional t-s. expansions: 11,963, time: 20,208 [ms], path length: 48 [edges], generated: 20,798
[00:00:00:19:412] Path of length 48 found: [63, 55, 54, 53, 61, 60, 59, 58, 50, 51, 43, 44, 45, 37, 38, 30, 31, 23, 15, 7, 6, 14, 13, 21, 20, 28, 27, 19, 11, 3, 2, 10, 9, 17, 18, 26, 34, 33, 41, 49, 57, 56, 48, 40, 32, 24, 16, 8, 0]
[00:00:00:19:835] ! Bidirectional. expansions: 9,768, time: 19,412 [ms], path length: 48 [edges], g_F: 23, g_B: 25, generated: 17,634, MM: 2, MMPER: 3.816,326,530,612,246%
[00:00:00:19:835] 
---------- SM_Grids/8x8_grid_with_random_blocks_16per_8 ----------
[00:00:00:02:577] Path of length 50 found: [0, 8, 16, 17, 9, 1, 2, 3, 4, 5, 6, 7, 15, 23, 22, 14, 13, 12, 11, 10, 18, 19, 20, 21, 29, 28, 36, 35, 34, 33, 32, 40, 48, 56, 57, 49, 41, 42, 50, 51, 59, 60, 61, 53, 45, 37, 38, 46, 54, 62, 63]
[00:00:00:02:577] ! Unidirectional s-t. expansions: 1,435, time: 2,577 [ms], path length: 50 [edges], generated: 2,306
[00:00:00:00:511] Path of length 50 found: [63, 62, 54, 46, 38, 37, 45, 53, 61, 60, 59, 51, 50, 49, 57, 56, 48, 40, 32, 33, 41, 42, 43, 35, 34, 26, 18, 19, 11, 12, 20, 28, 29, 21, 13, 14, 22, 23, 15, 7, 6, 5, 4, 3, 2, 10, 9, 17, 16, 8, 0]
[00:00:00:00:511] ! Unidirectional t-s. expansions: 274, time: 511 [ms], path length: 50 [edges], generated: 467
[00:00:00:01:947] Path of length 50 found: [0, 8, 16, 17, 9, 1, 2, 3, 4, 5, 13, 14, 6, 7, 15, 23, 22, 21, 29, 28, 20, 12, 11, 10, 18, 26, 34, 35, 43, 42, 41, 33, 32, 40, 48, 56, 57, 49, 50, 51, 59, 60, 61, 53, 45, 37, 38, 46, 54, 62, 63]
[00:00:00:02:463] ! Bidirectional. expansions: 1,35, time: 1,947 [ms], path length: 50 [edges], g_F: 24, g_B: 26, generated: 1,708, MM: 2, MMPER: 2.9,215,686,274,509,802%
[00:00:00:02:463] 
---------- SM_Grids/8x8_grid_with_random_blocks_16per_9 ----------
[00:00:00:01:051] Path of length 46 found: [0, 8, 9, 1, 2, 3, 11, 12, 4, 5, 6, 7, 15, 14, 13, 21, 20, 28, 27, 26, 18, 17, 16, 24, 32, 33, 41, 42, 50, 58, 59, 51, 43, 44, 36, 37, 38, 30, 31, 39, 47, 55, 54, 53, 61, 62, 63]
[00:00:00:01:052] ! Unidirectional s-t. expansions: 612, time: 1,51 [ms], path length: 46 [edges], generated: 1,045
[00:00:00:00:642] Path of length 46 found: [63, 62, 54, 55, 47, 39, 31, 30, 38, 37, 45, 53, 52, 51, 59, 58, 50, 42, 43, 44, 36, 28, 20, 21, 13, 14, 15, 7, 6, 5, 4, 12, 11, 3, 2, 1, 9, 17, 18, 26, 34, 33, 25, 24, 16, 8, 0]
[00:00:00:00:642] ! Unidirectional t-s. expansions: 320, time: 642 [ms], path length: 46 [edges], generated: 641
[00:00:00:01:052] Path of length 46 found: [0, 8, 16, 24, 25, 17, 9, 1, 2, 3, 11, 12, 4, 5, 6, 7, 15, 14, 13, 21, 20, 28, 27, 26, 34, 33, 41, 42, 50, 58, 59, 51, 52, 44, 45, 37, 38, 30, 31, 39, 47, 55, 54, 53, 61, 62, 63]
[00:00:00:01:465] ! Bidirectional. expansions: 562, time: 1,52 [ms], path length: 46 [edges], g_F: 24, g_B: 22, generated: 949, MM: 2, MMPER: 3.25,531,914,893,617%
[00:00:00:01:465] average expansions: (2,992, 3,543, 3,022, 0)
[00:00:00:01:466] average time: (5,048, 6,096, 6,067, 0)
[00:00:00:01:466] A*: 2,992 , 5,048 (expansions , time[ms])
[00:00:00:01:466] XMM: 3,022 , 6,067 (expansions , time[ms])

[00:00:00:01:466] 
---------- SM_Grids/8x8_grid_with_random_blocks_16per_0 ----------
[00:00:00:00:996] Path of length 44 found: [0, 1, 9, 10, 2, 3, 11, 19, 18, 26, 25, 24, 32, 40, 48, 49, 41, 33, 34, 42, 50, 51, 43, 35, 36, 28, 20, 12, 13, 5, 6, 7, 15, 14, 22, 23, 31, 30, 29, 37, 38, 46, 47, 55, 63]
[00:00:00:00:996] ! Unidirectional s-t. expansions: 392, time: 996 [ms], path length: 44 [edges], generated: 702
[00:00:00:00:640] Path of length 44 found: [63, 55, 47, 46, 38, 39, 31, 23, 15, 7, 6, 5, 13, 14, 22, 30, 29, 37, 36, 44, 43, 35, 34, 33, 41, 42, 50, 49, 48, 40, 32, 24, 25, 26, 18, 19, 20, 12, 11, 3, 2, 10, 9, 1, 0]
[00:00:00:00:641] ! Unidirectional t-s. expansions: 232, time: 641 [ms], path length: 44 [edges], generated: 407
[00:00:00:01:260] Path of length 44 found: [0, 1, 9, 10, 2, 3, 11, 19, 18, 26, 25, 24, 32, 40, 48, 49, 41, 33, 34, 42, 50, 51, 43, 35, 36, 37, 29, 28, 20, 12, 13, 5, 6, 7, 15, 14, 22, 23, 31, 39, 38, 46, 47, 55, 63]
[00:00:00:01:682] ! Bidirectional. expansions: 1,721, time: 1,260 [ms], path length: 44 [edges], g_F: 22, g_B: 22, generated: {'F': 1,582, 'B': 1,453}, MM: 0, MMPER: -1.0%
[00:00:00:01:682] 
---------- SM_Grids/8x8_grid_with_random_blocks_16per_1 ----------
[00:00:00:00:195] Path of length 44 found: [0, 8, 16, 24, 32, 33, 25, 26, 18, 10, 2, 3, 4, 12, 11, 19, 27, 35, 34, 42, 43, 44, 36, 28, 20, 21, 29, 30, 22, 14, 15, 23, 31, 39, 38, 46, 47, 55, 54, 53, 52, 60, 61, 62, 63]
[00:00:00:00:195] ! Unidirectional s-t. expansions: 62, time: 195 [ms], path length: 44 [edges], generated: 107
[00:00:00:19:509] Path of length 44 found: [63, 62, 61, 60, 52, 53, 54, 55, 47, 46, 38, 39, 31, 23, 15, 14, 22, 30, 29, 21, 20, 12, 4, 3, 2, 10, 11, 19, 18, 26, 34, 35, 27, 28, 36, 44, 43, 42, 41, 33, 25, 24, 16, 8, 0]
[00:00:00:19:509] ! Unidirectional t-s. expansions: 7,246, time: 19,509 [ms], path length: 44 [edges], generated: 13,467
[00:00:00:07:593] Path of length 44 found: [0, 8, 16, 24, 32, 33, 25, 26, 18, 10, 2, 3, 4, 12, 11, 19, 27, 35, 34, 42, 43, 44, 36, 28, 20, 21, 29, 30, 22, 14, 15, 23, 31, 39, 38, 46, 47, 55, 54, 53, 52, 60, 61, 62, 63]
[00:00:00:08:010] ! Bidirectional. expansions: 8,321, time: 7,593 [ms], path length: 44 [edges], g_F: 22, g_B: 22, generated: {'F': 8,189, 'B': 7,628}, MM: 0, MMPER: -1.0%
[00:00:00:08:010] 
---------- SM_Grids/8x8_grid_with_random_blocks_16per_2 ----------
[00:00:00:06:360] Path of length 44 found: [0, 8, 16, 24, 32, 40, 48, 56, 57, 49, 41, 33, 34, 26, 18, 10, 2, 3, 11, 19, 27, 28, 20, 21, 29, 30, 38, 46, 47, 55, 54, 53, 45, 44, 43, 42, 50, 58, 59, 51, 52, 60, 61, 62, 63]
[00:00:00:06:360] ! Unidirectional s-t. expansions: 2,444, time: 6,360 [ms], path length: 44 [edges], generated: 4,574
[00:00:00:14:667] Path of length 44 found: [63, 55, 47, 46, 38, 30, 29, 21, 20, 19, 11, 3, 2, 10, 18, 26, 27, 28, 36, 44, 45, 53, 54, 62, 61, 60, 52, 51, 43, 42, 34, 33, 41, 49, 50, 58, 57, 56, 48, 40, 32, 24, 16, 8, 0]
[00:00:00:14:668] ! Unidirectional t-s. expansions: 5,725, time: 14,668 [ms], path length: 44 [edges], generated: 10,202
[00:00:00:04:191] Path of length 44 found: [0, 8, 16, 24, 32, 40, 48, 56, 57, 49, 41, 33, 34, 42, 50, 58, 59, 51, 52, 60, 61, 62, 54, 53, 45, 44, 36, 28, 27, 26, 18, 10, 2, 3, 11, 19, 20, 21, 29, 30, 38, 46, 47, 55, 63]
[00:00:00:04:616] ! Bidirectional. expansions: 4,240, time: 4,192 [ms], path length: 44 [edges], g_F: 22, g_B: 22, generated: {'F': 3,934, 'B': 3,984}, MM: 0, MMPER: -1.0%
[00:00:00:04:616] 
---------- SM_Grids/8x8_grid_with_random_blocks_16per_3 ----------
[00:00:00:18:926] Path of length 44 found: [0, 8, 16, 24, 25, 17, 18, 10, 11, 19, 27, 26, 34, 33, 41, 49, 50, 42, 43, 35, 36, 28, 29, 21, 20, 12, 13, 14, 15, 23, 31, 30, 38, 39, 47, 46, 45, 44, 52, 60, 61, 53, 54, 62, 63]
[00:00:00:18:926] ! Unidirectional s-t. expansions: 7,346, time: 18,926 [ms], path length: 44 [edges], generated: 13,493
[00:00:00:34:029] Path of length 44 found: [63, 55, 47, 39, 31, 23, 15, 14, 13, 12, 11, 10, 18, 26, 34, 42, 43, 35, 36, 28, 27, 19, 20, 21, 29, 30, 38, 46, 45, 53, 54, 62, 61, 60, 52, 51, 50, 49, 41, 33, 25, 17, 16, 8, 0]
[00:00:00:34:029] ! Unidirectional t-s. expansions: 13,308, time: 34,29 [ms], path length: 44 [edges], generated: 23,946
[00:00:00:21:430] Path of length 44 found: [0, 8, 16, 24, 25, 17, 18, 10, 11, 19, 27, 26, 34, 33, 41, 49, 50, 42, 43, 35, 36, 44, 52, 60, 61, 62, 54, 53, 45, 46, 38, 30, 29, 21, 20, 12, 13, 14, 15, 23, 31, 39, 47, 55, 63]
[00:00:00:21:845] ! Bidirectional. expansions: 24,960, time: 21,430 [ms], path length: 44 [edges], g_F: 22, g_B: 22, generated: {'F': 25,101, 'B': 24,320}, MM: 0, MMPER: -1.0%
[00:00:00:21:845] 
---------- SM_Grids/8x8_grid_with_random_blocks_16per_4 ----------
[00:00:00:01:564] Path of length 48 found: [0, 1, 9, 8, 16, 17, 25, 33, 32, 40, 48, 56, 57, 49, 41, 42, 50, 51, 52, 60, 61, 53, 45, 44, 36, 28, 27, 35, 34, 26, 18, 10, 11, 3, 4, 12, 13, 14, 22, 30, 29, 37, 38, 39, 47, 46, 54, 62, 63]
[00:00:00:01:564] ! Unidirectional s-t. expansions: 600, time: 1,564 [ms], path length: 48 [edges], generated: 1,047
[00:00:00:03:189] Path of length 48 found: [63, 55, 47, 39, 38, 30, 22, 14, 13, 12, 4, 3, 11, 10, 18, 26, 34, 35, 27, 28, 29, 37, 36, 44, 45, 46, 54, 62, 61, 53, 52, 51, 50, 42, 41, 49, 57, 56, 48, 40, 32, 33, 25, 17, 16, 8, 9, 1, 0]
[00:00:00:03:189] ! Unidirectional t-s. expansions: 1,111, time: 3,189 [ms], path length: 48 [edges], generated: 2,001
[00:00:00:02:115] Path of length 48 found: [0, 1, 9, 8, 16, 17, 25, 33, 32, 40, 48, 56, 57, 49, 41, 42, 50, 51, 52, 60, 61, 62, 54, 46, 45, 44, 36, 37, 29, 28, 27, 35, 34, 26, 18, 10, 11, 3, 4, 12, 13, 14, 22, 30, 38, 39, 47, 55, 63]
[00:00:00:02:568] ! Bidirectional. expansions: 1,807, time: 2,115 [ms], path length: 48 [edges], g_F: 24, g_B: 24, generated: {'F': 1,507, 'B': 1,665}, MM: 0, MMPER: -1.0%
[00:00:00:02:568] 
---------- SM_Grids/8x8_grid_with_random_blocks_16per_5 ----------
[00:00:00:09:013] Path of length 50 found: [0, 8, 16, 24, 32, 33, 34, 26, 25, 17, 9, 1, 2, 10, 11, 19, 20, 12, 4, 5, 6, 14, 15, 23, 22, 30, 29, 28, 36, 35, 43, 51, 50, 49, 48, 56, 57, 58, 59, 60, 61, 53, 52, 44, 45, 46, 38, 39, 47, 55, 63]
[00:00:00:09:013] ! Unidirectional s-t. expansions: 3,704, time: 9,13 [ms], path length: 50 [edges], generated: 6,110
[00:00:00:13:390] Path of length 50 found: [63, 55, 47, 39, 38, 46, 54, 53, 45, 44, 52, 60, 59, 58, 57, 56, 48, 49, 50, 51, 43, 35, 36, 28, 29, 30, 31, 23, 15, 14, 6, 5, 4, 12, 20, 19, 11, 3, 2, 10, 9, 17, 25, 26, 34, 33, 32, 24, 16, 8, 0]
[00:00:00:13:390] ! Unidirectional t-s. expansions: 5,688, time: 13,390 [ms], path length: 50 [edges], generated: 9,241
[00:00:00:04:618] Path of length 50 found: [0, 8, 16, 24, 32, 33, 34, 26, 25, 17, 9, 1, 2, 10, 11, 19, 20, 12, 4, 5, 6, 14, 15, 23, 22, 30, 29, 28, 36, 35, 43, 51, 50, 49, 48, 56, 57, 58, 59, 60, 52, 44, 45, 53, 54, 46, 38, 39, 47, 55, 63]
[00:00:00:05:032] ! Bidirectional. expansions: 4,717, time: 4,618 [ms], path length: 50 [edges], g_F: 25, g_B: 25, generated: {'F': 3,956, 'B': 3,954}, MM: 0, MMPER: -1.0%
[00:00:00:05:032] 
---------- SM_Grids/8x8_grid_with_random_blocks_16per_6 ----------
[00:00:00:00:300] Path of length 48 found: [0, 1, 9, 8, 16, 24, 32, 40, 48, 49, 50, 42, 41, 33, 25, 17, 18, 10, 11, 19, 27, 26, 34, 35, 36, 44, 52, 53, 45, 37, 29, 21, 13, 5, 6, 7, 15, 14, 22, 23, 31, 30, 38, 46, 47, 55, 54, 62, 63]
[00:00:00:00:300] ! Unidirectional s-t. expansions: 121, time: 300 [ms], path length: 48 [edges], generated: 207
[00:00:00:00:217] Path of length 48 found: [63, 62, 54, 55, 47, 46, 38, 30, 31, 23, 15, 7, 6, 5, 13, 14, 22, 21, 29, 37, 45, 53, 52, 44, 36, 35, 27, 19, 11, 10, 18, 17, 25, 26, 34, 33, 41, 42, 50, 49, 48, 40, 32, 24, 16, 8, 9, 1, 0]
[00:00:00:00:217] ! Unidirectional t-s. expansions: 89, time: 217 [ms], path length: 48 [edges], generated: 153
[00:00:00:00:287] Path of length 48 found: [0, 1, 9, 8, 16, 24, 32, 40, 48, 49, 50, 42, 41, 33, 25, 17, 18, 10, 11, 19, 27, 26, 34, 35, 36, 44, 52, 53, 45, 37, 29, 21, 22, 14, 13, 5, 6, 7, 15, 23, 31, 30, 38, 46, 47, 55, 54, 62, 63]
[00:00:00:00:732] ! Bidirectional. expansions: 300, time: 287 [ms], path length: 48 [edges], g_F: 24, g_B: 24, generated: {'F': 269, 'B': 249}, MM: 0, MMPER: -1.0%
[00:00:00:00:732] 
---------- SM_Grids/8x8_grid_with_random_blocks_16per_7 ----------
[00:00:00:37:056] Path of length 48 found: [0, 8, 16, 24, 32, 40, 48, 56, 57, 49, 41, 33, 34, 26, 18, 17, 9, 10, 2, 3, 11, 19, 27, 28, 20, 12, 13, 14, 6, 7, 15, 23, 31, 30, 38, 37, 45, 44, 43, 42, 50, 58, 59, 60, 61, 53, 54, 55, 63]
[00:00:00:37:056] ! Unidirectional s-t. expansions: 15,21, time: 37,56 [ms], path length: 48 [edges], generated: 26,026
[00:00:00:29:831] Path of length 48 found: [63, 55, 54, 46, 38, 30, 31, 23, 15, 7, 6, 14, 13, 21, 20, 12, 11, 3, 2, 10, 9, 17, 18, 19, 27, 26, 34, 35, 43, 44, 45, 53, 61, 60, 59, 51, 50, 42, 41, 49, 57, 56, 48, 40, 32, 24, 16, 8, 0]
[00:00:00:29:831] ! Unidirectional t-s. expansions: 11,966, time: 29,831 [ms], path length: 48 [edges], generated: 21,251
[00:00:00:25:653] Path of length 48 found: [0, 8, 16, 24, 32, 40, 48, 56, 57, 49, 41, 33, 34, 42, 50, 58, 59, 60, 61, 53, 45, 44, 43, 35, 27, 26, 18, 17, 9, 10, 2, 3, 11, 12, 20, 21, 13, 14, 6, 7, 15, 23, 31, 30, 38, 46, 54, 55, 63]
[00:00:00:26:070] ! Bidirectional. expansions: 34,259, time: 25,653 [ms], path length: 48 [edges], g_F: 24, g_B: 24, generated: {'F': 30,223, 'B': 31,609}, MM: 0, MMPER: -1.0%
[00:00:00:26:070] 
---------- SM_Grids/8x8_grid_with_random_blocks_16per_8 ----------
[00:00:00:05:031] Path of length 50 found: [0, 8, 16, 17, 9, 1, 2, 10, 18, 19, 11, 3, 4, 5, 6, 7, 15, 23, 22, 14, 13, 12, 20, 21, 29, 28, 36, 35, 34, 33, 32, 40, 48, 56, 57, 49, 41, 42, 50, 51, 59, 60, 61, 53, 45, 37, 38, 46, 54, 62, 63]
[00:00:00:05:031] ! Unidirectional s-t. expansions: 1,936, time: 5,31 [ms], path length: 50 [edges], generated: 3,289
[00:00:00:00:764] Path of length 50 found: [63, 62, 54, 46, 38, 37, 45, 53, 61, 60, 59, 51, 43, 42, 50, 49, 57, 56, 48, 40, 32, 33, 34, 35, 36, 28, 29, 21, 13, 14, 22, 23, 15, 7, 6, 5, 4, 3, 2, 1, 9, 10, 11, 12, 20, 19, 18, 17, 16, 8, 0]
[00:00:00:00:765] ! Unidirectional t-s. expansions: 297, time: 765 [ms], path length: 50 [edges], generated: 515
[00:00:00:02:553] Path of length 50 found: [0, 8, 16, 17, 9, 1, 2, 10, 18, 19, 11, 3, 4, 5, 6, 7, 15, 23, 22, 14, 13, 12, 20, 21, 29, 28, 36, 35, 34, 33, 32, 40, 48, 56, 57, 49, 50, 42, 43, 51, 59, 60, 61, 53, 45, 37, 38, 46, 54, 62, 63]
[00:00:00:02:969] ! Bidirectional. expansions: 2,902, time: 2,553 [ms], path length: 50 [edges], g_F: 25, g_B: 25, generated: {'F': 2,652, 'B': 2,397}, MM: 0, MMPER: -1.0%
[00:00:00:02:969] 
---------- SM_Grids/8x8_grid_with_random_blocks_16per_9 ----------
[00:00:00:01:676] Path of length 46 found: [0, 8, 16, 24, 32, 33, 25, 17, 9, 1, 2, 3, 11, 12, 4, 5, 6, 7, 15, 14, 13, 21, 20, 28, 27, 26, 34, 42, 50, 58, 59, 51, 43, 44, 36, 37, 38, 30, 31, 39, 47, 55, 54, 53, 61, 62, 63]
[00:00:00:01:676] ! Unidirectional s-t. expansions: 672, time: 1,676 [ms], path length: 46 [edges], generated: 1,151
[00:00:00:01:301] Path of length 46 found: [63, 62, 61, 53, 54, 55, 47, 39, 31, 30, 38, 37, 45, 44, 52, 51, 59, 58, 50, 42, 41, 33, 32, 24, 16, 8, 9, 17, 25, 26, 27, 28, 20, 21, 13, 14, 15, 7, 6, 5, 4, 12, 11, 3, 2, 1, 0]
[00:00:00:01:301] ! Unidirectional t-s. expansions: 480, time: 1,301 [ms], path length: 46 [edges], generated: 947
[00:00:00:01:774] Path of length 46 found: [0, 8, 16, 24, 32, 33, 25, 17, 9, 1, 2, 3, 11, 12, 4, 5, 6, 7, 15, 14, 13, 21, 20, 28, 27, 26, 34, 42, 50, 58, 59, 51, 52, 44, 45, 37, 38, 30, 31, 39, 47, 55, 54, 53, 61, 62, 63]
[00:00:00:02:194] ! Bidirectional. expansions: 1,856, time: 1,775 [ms], path length: 46 [edges], g_F: 23, g_B: 23, generated: {'F': 1,454, 'B': 1,738}, MM: 0, MMPER: -1.0%
[00:00:00:02:194] average expansions: (3,230, 4,614, 8,508, 0)
[00:00:00:02:194] average time: (8,112, 11,754, 7,148, 0)
[00:00:00:02:194] X-DFS: 3,230 , 8,112 (expansions , time[ms])
[00:00:00:02:194] BiX-DFS: 8,508 , 7,148 (expansions , time[ms])

