--------------------------
date: SM_Grids
number_of_graphs: 10
graph_type: grid
size_of_graphs: [8, 8]
heuristic: bcc_heuristic
snake: False
run_uni: True
run_bi: True
run_multi: False
solution_vertices: []
algorithms: ['full', 'DFS']
bsd: True
cube_first_dims: 4
cube_buffer_dim: None
backward_sym_generation: False
sym_coil: False
prefix_set: None

---------- SM_Grids/8x8_grid_with_random_blocks_20per_0 ----------
[00:00:00:00:856] Path of length 44 found: [0, 1, 9, 10, 2, 3, 4, 12, 20, 21, 13, 5, 6, 7, 15, 14, 22, 23, 31, 39, 38, 30, 29, 28, 36, 35, 34, 26, 25, 17, 16, 24, 32, 40, 48, 49, 41, 42, 43, 44, 52, 53, 61, 62, 63]
[00:00:00:00:857] ! Unidirectional s-t. expansions: 651, time: 857 [ms], path length: 44 [edges], generated: 1,044
[00:00:00:00:538] Path of length 44 found: [63, 62, 61, 53, 52, 44, 43, 42, 50, 49, 41, 40, 32, 24, 16, 17, 25, 26, 34, 35, 36, 28, 20, 21, 29, 37, 38, 39, 31, 30, 22, 23, 15, 7, 6, 14, 13, 5, 4, 3, 2, 10, 9, 1, 0]
[00:00:00:00:539] ! Unidirectional t-s. expansions: 412, time: 538 [ms], path length: 44 [edges], generated: 729
[00:00:00:00:808] Path of length 44 found: [63, 62, 61, 53, 52, 44, 43, 42, 50, 49, 41, 40, 32, 24, 16, 17, 25, 26, 34, 35, 36, 28, 29, 30, 38, 39, 31, 23, 22, 14, 15, 7, 6, 5, 13, 21, 20, 12, 4, 3, 2, 10, 9, 1, 0]
[00:00:00:01:269] ! Bidirectional. expansions: 540, time: 808 [ms], path length: 44 [edges], g_F: 21, g_B: 23, generated: 919, MM: 2, MMPER: 3.4,444,444,444,444,446%
[00:00:00:01:269] 
---------- SM_Grids/8x8_grid_with_random_blocks_20per_1 ----------
[00:00:00:09:893] Path of length 38 found: [0, 8, 16, 24, 25, 33, 41, 40, 48, 56, 57, 49, 50, 51, 43, 42, 34, 35, 27, 26, 18, 17, 9, 1, 2, 10, 11, 19, 20, 28, 29, 30, 31, 39, 47, 46, 54, 62, 63]
[00:00:00:09:893] ! Unidirectional s-t. expansions: 6,33, time: 9,893 [ms], path length: 38 [edges], generated: 10,444
[00:00:00:03:968] Path of length 38 found: [63, 62, 54, 55, 47, 39, 31, 30, 29, 21, 20, 28, 27, 35, 34, 42, 43, 51, 50, 49, 57, 56, 48, 40, 41, 33, 25, 24, 16, 17, 18, 19, 11, 3, 2, 10, 9, 1, 0]
[00:00:00:03:968] ! Unidirectional t-s. expansions: 2,558, time: 3,968 [ms], path length: 38 [edges], generated: 4,479
[00:00:00:05:513] Path of length 38 found: [63, 62, 54, 55, 47, 39, 31, 30, 29, 21, 20, 28, 27, 19, 11, 3, 2, 1, 9, 17, 18, 26, 34, 42, 43, 51, 50, 49, 57, 56, 48, 40, 41, 33, 25, 24, 16, 8, 0]
[00:00:00:05:985] ! Bidirectional. expansions: 2,791, time: 5,513 [ms], path length: 38 [edges], g_F: 17, g_B: 21, generated: 5,407, MM: 4, MMPER: 9.256,410,256,410,257%
[00:00:00:05:985] 
---------- SM_Grids/8x8_grid_with_random_blocks_20per_2 ----------
[00:00:00:00:995] Path of length 48 found: [0, 8, 16, 17, 9, 1, 2, 3, 4, 12, 13, 5, 6, 14, 15, 23, 22, 21, 20, 19, 18, 26, 34, 33, 41, 40, 48, 56, 57, 49, 50, 58, 59, 60, 61, 53, 45, 37, 36, 28, 29, 30, 31, 39, 38, 46, 54, 62, 63]
[00:00:00:00:996] ! Unidirectional s-t. expansions: 624, time: 996 [ms], path length: 48 [edges], generated: 1,058
[00:00:00:01:158] Path of length 48 found: [63, 62, 54, 53, 61, 60, 59, 58, 50, 49, 57, 56, 48, 40, 41, 33, 34, 26, 18, 19, 20, 12, 13, 21, 29, 28, 36, 37, 45, 46, 47, 39, 38, 30, 31, 23, 15, 14, 6, 5, 4, 3, 2, 1, 9, 17, 16, 8, 0]
[00:00:00:01:158] ! Unidirectional t-s. expansions: 706, time: 1,158 [ms], path length: 48 [edges], generated: 1,155
[00:00:00:01:694] Path of length 48 found: [0, 8, 16, 17, 9, 1, 2, 3, 4, 12, 13, 5, 6, 14, 15, 23, 22, 21, 29, 28, 20, 19, 18, 26, 34, 33, 41, 40, 48, 56, 57, 49, 50, 58, 59, 60, 61, 53, 45, 37, 38, 30, 31, 39, 47, 46, 54, 62, 63]
[00:00:00:02:118] ! Bidirectional. expansions: 935, time: 1,694 [ms], path length: 48 [edges], g_F: 23, g_B: 25, generated: 1,640, MM: 2, MMPER: 3.816,326,530,612,246%
[00:00:00:02:118] 
---------- SM_Grids/8x8_grid_with_random_blocks_20per_3 ----------
[00:00:00:00:683] Path of length 46 found: [0, 1, 9, 10, 18, 17, 16, 24, 32, 40, 41, 49, 57, 58, 50, 51, 43, 44, 36, 35, 34, 26, 27, 19, 20, 12, 11, 3, 4, 5, 6, 7, 15, 23, 22, 30, 31, 39, 38, 37, 45, 53, 52, 60, 61, 62, 63]
[00:00:00:00:683] ! Unidirectional s-t. expansions: 423, time: 683 [ms], path length: 46 [edges], generated: 716
[00:00:00:00:881] Path of length 46 found: [63, 62, 61, 60, 52, 53, 45, 44, 43, 51, 50, 58, 57, 49, 41, 40, 32, 24, 16, 17, 18, 19, 27, 26, 34, 35, 36, 37, 29, 30, 38, 39, 31, 23, 15, 7, 6, 5, 13, 12, 4, 3, 11, 10, 9, 1, 0]
[00:00:00:00:881] ! Unidirectional t-s. expansions: 573, time: 881 [ms], path length: 46 [edges], generated: 930
[00:00:00:01:099] Path of length 46 found: [63, 62, 61, 60, 52, 53, 45, 44, 36, 37, 29, 30, 38, 39, 31, 23, 15, 7, 6, 5, 4, 3, 11, 12, 20, 19, 27, 26, 34, 35, 43, 51, 50, 58, 57, 49, 41, 40, 32, 24, 16, 17, 18, 10, 9, 1, 0]
[00:00:00:01:527] ! Bidirectional. expansions: 599, time: 1,99 [ms], path length: 46 [edges], g_F: 22, g_B: 24, generated: 1,059, MM: 2, MMPER: 3.25,531,914,893,617%
[00:00:00:01:527] 
---------- SM_Grids/8x8_grid_with_random_blocks_20per_4 ----------
[00:00:00:23:888] Path of length 44 found: [0, 8, 16, 24, 25, 17, 9, 1, 2, 10, 18, 19, 11, 3, 4, 5, 6, 7, 15, 23, 22, 21, 20, 28, 27, 26, 34, 33, 32, 40, 48, 49, 57, 58, 59, 51, 43, 44, 36, 37, 45, 46, 54, 62, 63]
[00:00:00:23:889] ! Unidirectional s-t. expansions: 16,45, time: 23,888 [ms], path length: 44 [edges], generated: 25,726
[00:00:00:17:586] Path of length 44 found: [63, 55, 54, 46, 38, 37, 29, 21, 22, 23, 15, 7, 6, 5, 4, 3, 11, 10, 2, 1, 9, 17, 18, 26, 27, 19, 20, 28, 36, 44, 43, 51, 59, 58, 57, 49, 48, 40, 41, 33, 25, 24, 16, 8, 0]
[00:00:00:17:586] ! Unidirectional t-s. expansions: 10,486, time: 17,586 [ms], path length: 44 [edges], generated: 19,052
[00:00:00:30:982] Path of length 44 found: [0, 1, 9, 8, 16, 24, 25, 17, 18, 26, 34, 33, 32, 40, 48, 49, 57, 58, 59, 51, 43, 44, 36, 28, 20, 19, 11, 10, 2, 3, 4, 5, 6, 7, 15, 23, 22, 21, 29, 37, 38, 46, 54, 55, 63]
[00:00:00:31:414] ! Bidirectional. expansions: 15,577, time: 30,982 [ms], path length: 44 [edges], g_F: 22, g_B: 22, generated: 30,802, MM: 0, MMPER: -1.0%
[00:00:00:31:414] 
---------- SM_Grids/8x8_grid_with_random_blocks_20per_5 ----------
[00:00:00:02:320] Path of length 46 found: [0, 1, 9, 8, 16, 24, 32, 33, 25, 17, 18, 26, 34, 35, 43, 42, 41, 40, 48, 49, 57, 58, 50, 51, 52, 53, 61, 62, 54, 46, 45, 37, 36, 28, 29, 21, 20, 12, 13, 14, 22, 23, 31, 39, 47, 55, 63]
[00:00:00:02:320] ! Unidirectional s-t. expansions: 1,228, time: 2,320 [ms], path length: 46 [edges], generated: 2,196
[00:00:00:01:315] Path of length 46 found: [63, 55, 47, 46, 54, 62, 61, 53, 45, 37, 38, 39, 31, 23, 15, 14, 22, 21, 13, 12, 20, 28, 36, 35, 34, 26, 18, 17, 25, 33, 41, 42, 43, 51, 59, 58, 50, 49, 48, 40, 32, 24, 16, 8, 9, 1, 0]
[00:00:00:01:315] ! Unidirectional t-s. expansions: 722, time: 1,315 [ms], path length: 46 [edges], generated: 1,323
[00:00:00:02:202] Path of length 46 found: [63, 62, 54, 55, 47, 46, 38, 39, 31, 23, 15, 14, 22, 21, 13, 12, 20, 28, 29, 37, 45, 53, 52, 51, 50, 58, 57, 49, 48, 40, 41, 42, 43, 35, 34, 26, 18, 17, 25, 33, 32, 24, 16, 8, 9, 1, 0]
[00:00:00:02:620] ! Bidirectional. expansions: 1,157, time: 2,202 [ms], path length: 46 [edges], g_F: 22, g_B: 24, generated: 2,015, MM: 2, MMPER: 3.25,531,914,893,617%
[00:00:00:02:621] 
---------- SM_Grids/8x8_grid_with_random_blocks_20per_6 ----------
[00:00:00:01:497] Path of length 46 found: [0, 1, 9, 8, 16, 17, 18, 10, 11, 19, 27, 28, 36, 44, 43, 42, 50, 49, 48, 56, 57, 58, 59, 51, 52, 60, 61, 62, 54, 53, 45, 37, 29, 21, 20, 12, 4, 5, 13, 14, 15, 23, 31, 39, 47, 55, 63]
[00:00:00:01:497] ! Unidirectional s-t. expansions: 956, time: 1,497 [ms], path length: 46 [edges], generated: 1,538
[00:00:00:01:903] Path of length 46 found: [63, 62, 61, 60, 52, 51, 59, 58, 57, 56, 48, 49, 50, 42, 43, 44, 36, 28, 27, 26, 18, 19, 20, 21, 29, 37, 45, 53, 54, 55, 47, 39, 31, 23, 15, 14, 6, 5, 4, 12, 11, 10, 9, 17, 16, 8, 0]
[00:00:00:01:903] ! Unidirectional t-s. expansions: 1,199, time: 1,903 [ms], path length: 46 [edges], generated: 1,959
[00:00:00:02:348] Path of length 46 found: [0, 1, 9, 8, 16, 17, 18, 10, 11, 19, 27, 28, 36, 44, 43, 42, 50, 49, 48, 56, 57, 58, 59, 51, 52, 60, 61, 53, 45, 37, 29, 21, 13, 12, 4, 5, 6, 14, 15, 23, 31, 39, 47, 55, 54, 62, 63]
[00:00:00:02:763] ! Bidirectional. expansions: 1,275, time: 2,348 [ms], path length: 46 [edges], g_F: 22, g_B: 24, generated: 2,156, MM: 2, MMPER: 3.25,531,914,893,617%
[00:00:00:02:763] 
---------- SM_Grids/8x8_grid_with_random_blocks_20per_7 ----------
[00:00:00:01:885] Path of length 42 found: [0, 8, 16, 24, 32, 40, 41, 33, 25, 17, 9, 1, 2, 3, 11, 19, 18, 26, 34, 42, 50, 51, 43, 35, 27, 28, 20, 12, 4, 5, 6, 14, 15, 23, 31, 30, 38, 39, 47, 55, 54, 62, 63]
[00:00:00:01:885] ! Unidirectional s-t. expansions: 1,130, time: 1,885 [ms], path length: 42 [edges], generated: 1,924
[00:00:00:00:476] Path of length 42 found: [63, 62, 54, 55, 47, 39, 38, 30, 31, 23, 15, 7, 6, 5, 4, 3, 2, 1, 9, 17, 18, 26, 27, 19, 11, 12, 20, 28, 36, 35, 43, 51, 50, 42, 34, 33, 41, 40, 32, 24, 16, 8, 0]
[00:00:00:00:477] ! Unidirectional t-s. expansions: 292, time: 476 [ms], path length: 42 [edges], generated: 525
[00:00:00:01:852] Path of length 42 found: [63, 62, 54, 55, 47, 39, 38, 30, 31, 23, 15, 7, 6, 5, 4, 3, 2, 1, 9, 17, 25, 26, 27, 19, 11, 12, 20, 28, 36, 35, 43, 51, 50, 42, 34, 33, 41, 40, 32, 24, 16, 8, 0]
[00:00:00:02:270] ! Bidirectional. expansions: 993, time: 1,852 [ms], path length: 42 [edges], g_F: 20, g_B: 22, generated: 1,797, MM: 2, MMPER: 3.6,511,627,906,976,747%
[00:00:00:02:270] 
---------- SM_Grids/8x8_grid_with_random_blocks_20per_8 ----------
[00:00:00:00:160] Path of length 48 found: [0, 8, 16, 24, 32, 33, 25, 17, 9, 10, 2, 3, 11, 19, 20, 12, 4, 5, 13, 14, 6, 7, 15, 23, 22, 21, 29, 28, 27, 35, 36, 44, 52, 51, 50, 42, 41, 49, 57, 58, 59, 60, 61, 53, 45, 46, 47, 55, 63]
[00:00:00:00:161] ! Unidirectional s-t. expansions: 108, time: 160 [ms], path length: 48 [edges], generated: 163
[00:00:00:00:079] Path of length 48 found: [63, 55, 47, 46, 45, 53, 61, 60, 59, 58, 57, 49, 41, 42, 50, 51, 52, 44, 36, 35, 27, 19, 11, 12, 20, 28, 29, 21, 13, 14, 22, 23, 15, 7, 6, 5, 4, 3, 2, 10, 9, 17, 25, 33, 32, 24, 16, 8, 0]
[00:00:00:00:079] ! Unidirectional t-s. expansions: 52, time: 79 [ms], path length: 48 [edges], generated: 80
[00:00:00:00:236] Path of length 48 found: [63, 55, 47, 46, 45, 53, 61, 60, 59, 58, 57, 49, 41, 42, 50, 51, 52, 44, 36, 35, 27, 19, 11, 12, 20, 28, 29, 21, 22, 23, 15, 7, 6, 14, 13, 5, 4, 3, 2, 10, 9, 17, 25, 33, 32, 24, 16, 8, 0]
[00:00:00:00:658] ! Bidirectional. expansions: 100, time: 236 [ms], path length: 48 [edges], g_F: 24, g_B: 24, generated: 166, MM: 0, MMPER: -1.0%
[00:00:00:00:659] 
---------- SM_Grids/8x8_grid_with_random_blocks_20per_9 ----------
[00:00:00:00:063] Path of length 36 found: [0, 8, 9, 1, 2, 10, 18, 26, 34, 35, 27, 28, 36, 44, 45, 37, 29, 21, 13, 5, 6, 7, 15, 14, 22, 23, 31, 30, 38, 39, 47, 55, 54, 53, 61, 62, 63]
[00:00:00:00:063] ! Unidirectional s-t. expansions: 44, time: 63 [ms], path length: 36 [edges], generated: 66
[00:00:00:00:103] Path of length 36 found: [63, 62, 61, 53, 54, 55, 47, 39, 31, 23, 15, 7, 6, 5, 13, 14, 22, 21, 29, 30, 38, 37, 45, 44, 36, 28, 27, 35, 34, 26, 18, 17, 9, 10, 2, 1, 0]
[00:00:00:00:103] ! Unidirectional t-s. expansions: 66, time: 103 [ms], path length: 36 [edges], generated: 106
[00:00:00:00:223] Path of length 36 found: [0, 8, 9, 1, 2, 10, 18, 26, 34, 35, 27, 28, 36, 44, 45, 37, 29, 21, 22, 14, 13, 5, 6, 7, 15, 23, 31, 30, 38, 39, 47, 55, 54, 53, 61, 62, 63]
[00:00:00:00:643] ! Bidirectional. expansions: 114, time: 223 [ms], path length: 36 [edges], g_F: 17, g_B: 19, generated: 206, MM: 2, MMPER: 4.405,405,405,405,405%
[00:00:00:00:643] average expansions: (2,724, 1,707, 2,408, 0)
[00:00:00:00:643] average time: (4,224, 2,801, 4,696, 0)
[00:00:00:00:644] A*: 1,707 , 2,801 (expansions , time[ms])
[00:00:00:00:644] BiX-DFBnB: 2,408 , 4,696 (expansions , time[ms])

[00:00:00:00:644] 
---------- SM_Grids/8x8_grid_with_random_blocks_20per_0 ----------
[00:00:00:01:552] Path of length 44 found: [0, 1, 9, 10, 2, 3, 4, 12, 20, 28, 29, 21, 13, 5, 6, 7, 15, 14, 22, 23, 31, 30, 38, 37, 36, 35, 34, 26, 25, 17, 16, 24, 32, 40, 48, 49, 41, 42, 43, 44, 52, 53, 61, 62, 63]
[00:00:00:01:552] ! Unidirectional s-t. expansions: 650, time: 1,552 [ms], path length: 44 [edges], generated: 1,111
[00:00:00:01:633] Path of length 44 found: [63, 62, 61, 53, 52, 44, 43, 42, 50, 49, 41, 40, 32, 24, 16, 17, 25, 26, 34, 35, 36, 28, 20, 12, 13, 21, 29, 37, 38, 39, 31, 30, 22, 23, 15, 7, 6, 5, 4, 3, 2, 10, 9, 1, 0]
[00:00:00:01:633] ! Unidirectional t-s. expansions: 670, time: 1,633 [ms], path length: 44 [edges], generated: 1,224
[00:00:00:00:584] Path of length 44 found: [0, 1, 9, 10, 2, 3, 4, 12, 20, 28, 29, 21, 13, 5, 6, 7, 15, 14, 22, 23, 31, 30, 38, 37, 36, 35, 34, 26, 25, 17, 16, 24, 32, 40, 41, 49, 50, 42, 43, 44, 52, 53, 61, 62, 63]
[00:00:00:01:000] ! Bidirectional. expansions: 863, time: 584 [ms], path length: 44 [edges], g_F: 22, g_B: 22, generated: {'F': 769, 'B': 627}, MM: 0, MMPER: -1.0%
[00:00:00:01:000] 
---------- SM_Grids/8x8_grid_with_random_blocks_20per_1 ----------
[00:00:00:14:359] Path of length 38 found: [0, 8, 16, 24, 25, 17, 9, 1, 2, 3, 11, 10, 18, 26, 34, 33, 41, 40, 48, 56, 57, 49, 50, 42, 43, 35, 27, 19, 20, 28, 29, 30, 31, 39, 47, 46, 54, 62, 63]
[00:00:00:14:359] ! Unidirectional s-t. expansions: 6,33, time: 14,359 [ms], path length: 38 [edges], generated: 10,719
[00:00:00:05:998] Path of length 38 found: [63, 62, 54, 55, 47, 39, 31, 30, 29, 21, 20, 28, 27, 19, 11, 3, 2, 1, 9, 10, 18, 26, 34, 35, 43, 51, 50, 49, 57, 56, 48, 40, 41, 33, 25, 17, 16, 8, 0]
[00:00:00:05:998] ! Unidirectional t-s. expansions: 2,559, time: 5,998 [ms], path length: 38 [edges], generated: 4,538
[00:00:00:03:789] Path of length 38 found: [0, 8, 16, 24, 25, 17, 9, 1, 2, 3, 11, 10, 18, 26, 34, 33, 41, 40, 48, 56, 57, 49, 50, 51, 43, 35, 27, 28, 20, 21, 29, 30, 31, 39, 47, 55, 54, 62, 63]
[00:00:00:04:212] ! Bidirectional. expansions: 3,983, time: 3,790 [ms], path length: 38 [edges], g_F: 19, g_B: 19, generated: {'F': 3,855, 'B': 4,077}, MM: 0, MMPER: -1.0%
[00:00:00:04:212] 
---------- SM_Grids/8x8_grid_with_random_blocks_20per_2 ----------
[00:00:00:01:506] Path of length 48 found: [0, 8, 16, 17, 9, 1, 2, 3, 4, 12, 20, 19, 18, 26, 34, 33, 41, 40, 48, 56, 57, 49, 50, 58, 59, 60, 61, 53, 45, 37, 36, 28, 29, 21, 13, 5, 6, 14, 15, 23, 22, 30, 31, 39, 38, 46, 54, 62, 63]
[00:00:00:01:506] ! Unidirectional s-t. expansions: 623, time: 1,506 [ms], path length: 48 [edges], generated: 1,105
[00:00:00:01:894] Path of length 48 found: [63, 62, 54, 46, 47, 39, 31, 23, 15, 14, 6, 5, 13, 21, 22, 30, 29, 28, 36, 37, 45, 53, 61, 60, 59, 58, 50, 49, 57, 56, 48, 40, 41, 33, 34, 26, 18, 19, 20, 12, 4, 3, 2, 1, 9, 17, 16, 8, 0]
[00:00:00:01:894] ! Unidirectional t-s. expansions: 822, time: 1,894 [ms], path length: 48 [edges], generated: 1,346
[00:00:00:00:823] Path of length 48 found: [0, 8, 16, 17, 9, 1, 2, 3, 4, 12, 20, 19, 18, 26, 34, 33, 41, 40, 48, 56, 57, 49, 50, 58, 59, 60, 61, 53, 45, 37, 36, 28, 29, 30, 22, 21, 13, 5, 6, 14, 15, 23, 31, 39, 47, 46, 54, 62, 63]
[00:00:00:01:245] ! Bidirectional. expansions: 984, time: 823 [ms], path length: 48 [edges], g_F: 24, g_B: 24, generated: {'F': 929, 'B': 800}, MM: 0, MMPER: -1.0%
[00:00:00:01:245] 
---------- SM_Grids/8x8_grid_with_random_blocks_20per_3 ----------
[00:00:00:00:980] Path of length 46 found: [0, 1, 9, 8, 16, 24, 32, 40, 41, 49, 57, 58, 50, 51, 43, 35, 34, 26, 27, 19, 18, 10, 11, 3, 4, 12, 13, 5, 6, 7, 15, 23, 22, 30, 31, 39, 38, 37, 36, 44, 45, 53, 52, 60, 61, 62, 63]
[00:00:00:00:980] ! Unidirectional s-t. expansions: 424, time: 980 [ms], path length: 46 [edges], generated: 730
[00:00:00:01:342] Path of length 46 found: [63, 62, 61, 60, 52, 53, 45, 37, 29, 30, 38, 39, 31, 23, 15, 7, 6, 5, 13, 12, 4, 3, 11, 10, 9, 17, 18, 19, 27, 26, 34, 35, 36, 44, 43, 51, 50, 58, 57, 49, 41, 40, 32, 24, 16, 8, 0]
[00:00:00:01:342] ! Unidirectional t-s. expansions: 592, time: 1,342 [ms], path length: 46 [edges], generated: 969
[00:00:00:00:853] Path of length 46 found: [0, 1, 9, 8, 16, 24, 32, 40, 41, 49, 57, 58, 50, 51, 43, 44, 36, 35, 34, 26, 27, 19, 18, 10, 11, 3, 4, 12, 13, 5, 6, 7, 15, 23, 31, 39, 38, 30, 29, 37, 45, 53, 52, 60, 61, 62, 63]
[00:00:00:01:299] ! Bidirectional. expansions: 953, time: 853 [ms], path length: 46 [edges], g_F: 23, g_B: 23, generated: {'F': 800, 'B': 815}, MM: 0, MMPER: -1.0%
[00:00:00:01:300] 
---------- SM_Grids/8x8_grid_with_random_blocks_20per_4 ----------
[00:00:00:35:964] Path of length 44 found: [0, 8, 16, 24, 32, 40, 48, 49, 57, 58, 59, 51, 43, 44, 36, 28, 20, 19, 27, 26, 34, 33, 25, 17, 18, 10, 9, 1, 2, 3, 4, 5, 6, 7, 15, 23, 22, 21, 29, 37, 45, 46, 54, 62, 63]
[00:00:00:35:964] ! Unidirectional s-t. expansions: 16,45, time: 35,964 [ms], path length: 44 [edges], generated: 26,500
[00:00:00:25:473] Path of length 44 found: [63, 55, 54, 46, 38, 37, 45, 44, 43, 51, 59, 58, 57, 49, 48, 40, 41, 33, 32, 24, 16, 8, 9, 17, 25, 26, 18, 10, 11, 19, 27, 28, 20, 21, 22, 23, 15, 7, 6, 5, 4, 3, 2, 1, 0]
[00:00:00:25:473] ! Unidirectional t-s. expansions: 10,493, time: 25,473 [ms], path length: 44 [edges], generated: 19,465
[00:00:00:23:313] Path of length 44 found: [0, 8, 16, 24, 32, 40, 48, 49, 57, 58, 59, 51, 43, 44, 36, 28, 20, 19, 11, 10, 18, 26, 34, 33, 25, 17, 9, 1, 2, 3, 4, 5, 6, 7, 15, 23, 22, 21, 29, 37, 38, 46, 54, 55, 63]
[00:00:00:23:765] ! Bidirectional. expansions: 31,878, time: 23,313 [ms], path length: 44 [edges], g_F: 22, g_B: 22, generated: {'F': 26,521, 'B': 27,742}, MM: 0, MMPER: -1.0%
[00:00:00:23:765] 
---------- SM_Grids/8x8_grid_with_random_blocks_20per_5 ----------
[00:00:00:03:329] Path of length 46 found: [0, 1, 9, 8, 16, 24, 32, 40, 48, 49, 57, 58, 59, 51, 50, 42, 41, 33, 25, 17, 18, 26, 34, 35, 36, 28, 20, 12, 13, 21, 22, 14, 15, 23, 31, 39, 38, 37, 45, 53, 61, 62, 54, 46, 47, 55, 63]
[00:00:00:03:329] ! Unidirectional s-t. expansions: 1,237, time: 3,329 [ms], path length: 46 [edges], generated: 2,257
[00:00:00:01:931] Path of length 46 found: [63, 55, 47, 39, 31, 23, 15, 14, 22, 21, 13, 12, 20, 28, 29, 37, 38, 46, 54, 62, 61, 53, 52, 51, 59, 58, 57, 49, 48, 40, 32, 24, 25, 33, 41, 42, 43, 35, 34, 26, 18, 17, 16, 8, 9, 1, 0]
[00:00:00:01:931] ! Unidirectional t-s. expansions: 729, time: 1,931 [ms], path length: 46 [edges], generated: 1,351
[00:00:00:07:306] Path of length 46 found: [0, 1, 9, 8, 16, 24, 32, 40, 48, 49, 57, 58, 50, 42, 41, 33, 25, 17, 18, 26, 34, 35, 43, 51, 52, 53, 61, 62, 54, 46, 38, 37, 29, 28, 20, 12, 13, 21, 22, 14, 15, 23, 31, 39, 47, 55, 63]
[00:00:00:07:719] ! Bidirectional. expansions: 8,474, time: 7,306 [ms], path length: 46 [edges], g_F: 23, g_B: 23, generated: {'F': 7,386, 'B': 7,731}, MM: 0, MMPER: -1.0%
[00:00:00:07:719] 
---------- SM_Grids/8x8_grid_with_random_blocks_20per_6 ----------
[00:00:00:02:296] Path of length 46 found: [0, 1, 9, 8, 16, 17, 18, 10, 11, 19, 27, 28, 20, 21, 13, 12, 4, 5, 6, 14, 15, 23, 31, 39, 38, 37, 36, 44, 45, 53, 52, 51, 43, 42, 50, 49, 48, 56, 57, 58, 59, 60, 61, 62, 54, 55, 63]
[00:00:00:02:296] ! Unidirectional s-t. expansions: 1,12, time: 2,296 [ms], path length: 46 [edges], generated: 1,644
[00:00:00:02:934] Path of length 46 found: [63, 55, 47, 39, 31, 23, 15, 14, 6, 5, 4, 12, 13, 21, 29, 37, 45, 53, 54, 62, 61, 60, 52, 51, 59, 58, 57, 56, 48, 49, 50, 42, 43, 44, 36, 28, 20, 19, 27, 26, 18, 10, 9, 17, 16, 8, 0]
[00:00:00:02:934] ! Unidirectional t-s. expansions: 1,198, time: 2,934 [ms], path length: 46 [edges], generated: 2,032
[00:00:00:02:145] Path of length 46 found: [0, 1, 9, 8, 16, 17, 18, 10, 11, 19, 27, 28, 36, 44, 43, 42, 50, 49, 48, 56, 57, 58, 59, 51, 52, 60, 61, 62, 54, 53, 45, 37, 29, 21, 20, 12, 4, 5, 6, 14, 15, 23, 31, 39, 47, 55, 63]
[00:00:00:02:571] ! Bidirectional. expansions: 2,566, time: 2,145 [ms], path length: 46 [edges], g_F: 23, g_B: 23, generated: {'F': 2,253, 'B': 2,197}, MM: 0, MMPER: -1.0%
[00:00:00:02:571] 
---------- SM_Grids/8x8_grid_with_random_blocks_20per_7 ----------
[00:00:00:02:919] Path of length 42 found: [0, 8, 16, 24, 32, 40, 41, 33, 25, 17, 9, 1, 2, 3, 11, 19, 18, 26, 34, 42, 50, 51, 43, 35, 27, 28, 20, 12, 4, 5, 6, 14, 15, 23, 31, 30, 38, 39, 47, 55, 54, 62, 63]
[00:00:00:02:919] ! Unidirectional s-t. expansions: 1,131, time: 2,919 [ms], path length: 42 [edges], generated: 1,999
[00:00:00:00:699] Path of length 42 found: [63, 62, 54, 55, 47, 39, 38, 30, 31, 23, 15, 7, 6, 5, 4, 3, 2, 1, 9, 17, 25, 33, 34, 26, 18, 19, 11, 12, 20, 28, 27, 35, 43, 51, 50, 42, 41, 40, 32, 24, 16, 8, 0]
[00:00:00:00:699] ! Unidirectional t-s. expansions: 297, time: 699 [ms], path length: 42 [edges], generated: 549
[00:00:00:01:119] Path of length 42 found: [0, 8, 16, 24, 32, 40, 41, 33, 25, 17, 9, 1, 2, 3, 11, 19, 18, 26, 34, 42, 50, 51, 43, 35, 27, 28, 20, 12, 4, 5, 6, 7, 15, 23, 31, 30, 38, 39, 47, 55, 54, 62, 63]
[00:00:00:01:547] ! Bidirectional. expansions: 1,172, time: 1,119 [ms], path length: 42 [edges], g_F: 21, g_B: 21, generated: {'F': 1,047, 'B': 1,045}, MM: 0, MMPER: -1.0%
[00:00:00:01:547] 
---------- SM_Grids/8x8_grid_with_random_blocks_20per_8 ----------
[00:00:00:00:252] Path of length 48 found: [0, 8, 16, 24, 32, 33, 25, 17, 9, 10, 2, 3, 11, 19, 20, 12, 4, 5, 13, 14, 6, 7, 15, 23, 22, 21, 29, 28, 27, 35, 36, 44, 52, 51, 50, 42, 41, 49, 57, 58, 59, 60, 61, 53, 45, 46, 47, 55, 63]
[00:00:00:00:252] ! Unidirectional s-t. expansions: 107, time: 252 [ms], path length: 48 [edges], generated: 169
[00:00:00:00:306] Path of length 48 found: [63, 55, 47, 46, 45, 53, 61, 60, 59, 58, 57, 49, 41, 42, 50, 51, 52, 44, 36, 35, 27, 19, 11, 12, 20, 28, 29, 21, 13, 14, 22, 23, 15, 7, 6, 5, 4, 3, 2, 10, 9, 17, 25, 33, 32, 24, 16, 8, 0]
[00:00:00:00:306] ! Unidirectional t-s. expansions: 144, time: 306 [ms], path length: 48 [edges], generated: 221
[00:00:00:00:061] Path of length 48 found: [0, 8, 16, 24, 32, 33, 25, 17, 9, 10, 2, 3, 11, 19, 20, 12, 4, 5, 13, 14, 6, 7, 15, 23, 22, 21, 29, 28, 27, 35, 36, 44, 52, 51, 50, 42, 41, 49, 57, 58, 59, 60, 61, 53, 45, 46, 47, 55, 63]
[00:00:00:00:480] ! Bidirectional. expansions: 74, time: 61 [ms], path length: 48 [edges], g_F: 24, g_B: 24, generated: {'F': 61, 'B': 64}, MM: 0, MMPER: -1.0%
[00:00:00:00:480] 
---------- SM_Grids/8x8_grid_with_random_blocks_20per_9 ----------
[00:00:00:00:088] Path of length 36 found: [0, 8, 9, 1, 2, 10, 18, 26, 34, 35, 27, 28, 36, 44, 45, 37, 29, 21, 13, 5, 6, 7, 15, 14, 22, 23, 31, 30, 38, 39, 47, 55, 54, 53, 61, 62, 63]
[00:00:00:00:088] ! Unidirectional s-t. expansions: 43, time: 88 [ms], path length: 36 [edges], generated: 66
[00:00:00:00:555] Path of length 36 found: [63, 62, 61, 53, 54, 55, 47, 39, 31, 23, 15, 7, 6, 5, 13, 14, 22, 21, 29, 30, 38, 37, 45, 44, 36, 28, 27, 35, 34, 26, 18, 17, 9, 10, 2, 1, 0]
[00:00:00:00:556] ! Unidirectional t-s. expansions: 235, time: 555 [ms], path length: 36 [edges], generated: 401
[00:00:00:00:068] Path of length 36 found: [0, 8, 9, 1, 2, 10, 18, 26, 34, 35, 27, 28, 36, 44, 45, 37, 38, 30, 29, 21, 22, 14, 13, 5, 6, 7, 15, 23, 31, 39, 47, 55, 54, 53, 61, 62, 63]
[00:00:00:00:484] ! Bidirectional. expansions: 77, time: 68 [ms], path length: 36 [edges], g_F: 18, g_B: 18, generated: {'F': 77, 'B': 67}, MM: 0, MMPER: -1.0%
[00:00:00:00:484] average expansions: (2,730, 1,774, 5,102, 0)
[00:00:00:00:484] average time: (6,324, 4,276, 4,006, 0)
[00:00:00:00:484] X-DFS: 1,774 , 4,276 (expansions , time[ms])
[00:00:00:00:484] BiX-DFS: 5,102 , 4,006 (expansions , time[ms])

