--------------------------
date: SM_Grids
number_of_graphs: 10
graph_type: grid
size_of_graphs: [7, 8]
heuristic: bcc_heuristic
snake: False
run_uni: True
run_bi: True
run_multi: False
solution_vertices: []
algorithms: ['full', 'DFS']
bsd: True
cube_first_dims: 4
cube_buffer_dim: None
backward_sym_generation: False
sym_coil: False
prefix_set: None

---------- SM_Grids/7x8_grid_with_random_blocks_12per_0 ----------
[00:00:00:03:592] Path of length 47 found: [0, 1, 2, 10, 18, 17, 16, 24, 32, 40, 48, 49, 41, 33, 25, 26, 34, 42, 50, 51, 43, 44, 45, 37, 29, 21, 13, 12, 20, 28, 27, 19, 11, 3, 4, 5, 6, 7, 15, 14, 22, 23, 31, 30, 38, 46, 47, 55]
[00:00:00:03:592] ! Unidirectional s-t. expansions: 2,593, time: 3,592 [ms], path length: 47 [edges], generated: 4,333
[00:00:00:01:548] Path of length 47 found: [55, 47, 39, 31, 23, 15, 7, 6, 14, 22, 30, 29, 37, 38, 46, 45, 44, 43, 51, 50, 42, 34, 26, 25, 33, 41, 49, 48, 40, 32, 24, 16, 17, 18, 19, 27, 28, 20, 21, 13, 5, 4, 12, 11, 3, 2, 1, 0]
[00:00:00:01:548] ! Unidirectional t-s. expansions: 1,22, time: 1,548 [ms], path length: 47 [edges], generated: 1,762
[00:00:00:01:219] Path of length 47 found: [0, 1, 2, 10, 18, 17, 16, 24, 32, 40, 48, 49, 41, 33, 25, 26, 34, 42, 50, 51, 43, 44, 45, 37, 38, 30, 29, 21, 22, 14, 13, 12, 20, 28, 27, 19, 11, 3, 4, 5, 6, 7, 15, 23, 31, 39, 47, 55]
[00:00:00:01:627] ! Bidirectional. expansions: 633, time: 1,219 [ms], path length: 47 [edges], g_F: 23, g_B: 24, generated: 1,134, MM: 1, MMPER: 1.833,333,333,333,335%
[00:00:00:01:628] 
---------- SM_Grids/7x8_grid_with_random_blocks_12per_1 ----------
[00:00:00:02:637] Path of length 47 found: [0, 8, 16, 24, 32, 40, 41, 33, 25, 17, 9, 10, 2, 3, 11, 19, 18, 26, 34, 42, 50, 51, 43, 44, 36, 35, 27, 28, 20, 21, 13, 12, 4, 5, 6, 14, 15, 23, 22, 30, 38, 37, 45, 53, 54, 46, 47, 55]
[00:00:00:02:637] ! Unidirectional s-t. expansions: 1,504, time: 2,637 [ms], path length: 47 [edges], generated: 2,619
[00:00:00:00:083] Path of length 47 found: [55, 54, 53, 45, 46, 47, 39, 38, 30, 22, 23, 15, 14, 6, 5, 4, 3, 2, 10, 9, 17, 25, 33, 34, 26, 18, 19, 11, 12, 13, 21, 20, 28, 27, 35, 36, 44, 43, 51, 50, 42, 41, 40, 32, 24, 16, 8, 0]
[00:00:00:00:084] ! Unidirectional t-s. expansions: 51, time: 83 [ms], path length: 47 [edges], generated: 85
[00:00:00:02:422] Path of length 47 found: [55, 54, 53, 45, 46, 47, 39, 38, 30, 22, 23, 15, 14, 6, 5, 4, 3, 2, 10, 9, 17, 25, 33, 34, 35, 27, 26, 18, 19, 11, 12, 13, 21, 20, 28, 36, 44, 43, 51, 50, 42, 41, 40, 32, 24, 16, 8, 0]
[00:00:00:02:803] ! Bidirectional. expansions: 1,270, time: 2,422 [ms], path length: 47 [edges], g_F: 23, g_B: 24, generated: 2,299, MM: 1, MMPER: 1.833,333,333,333,335%
[00:00:00:02:804] 
---------- SM_Grids/7x8_grid_with_random_blocks_12per_2 ----------
[00:00:00:06:752] Path of length 45 found: [0, 8, 16, 24, 32, 40, 48, 49, 41, 33, 34, 26, 18, 17, 9, 1, 2, 10, 11, 3, 4, 5, 13, 21, 22, 14, 6, 7, 15, 23, 31, 39, 38, 37, 29, 28, 20, 19, 27, 35, 43, 44, 52, 53, 54, 55]
[00:00:00:06:752] ! Unidirectional s-t. expansions: 4,201, time: 6,752 [ms], path length: 45 [edges], generated: 7,043
[00:00:00:01:072] Path of length 45 found: [55, 54, 53, 52, 44, 43, 35, 27, 26, 34, 33, 41, 49, 48, 40, 32, 24, 16, 8, 9, 17, 18, 10, 11, 19, 20, 21, 29, 28, 36, 37, 38, 39, 31, 23, 22, 14, 15, 7, 6, 5, 4, 3, 2, 1, 0]
[00:00:00:01:072] ! Unidirectional t-s. expansions: 611, time: 1,72 [ms], path length: 45 [edges], generated: 1,085
[00:00:00:02:231] Path of length 45 found: [55, 54, 53, 52, 44, 43, 35, 27, 26, 34, 33, 41, 49, 48, 40, 32, 24, 16, 8, 9, 17, 18, 10, 11, 19, 20, 28, 29, 37, 38, 39, 31, 23, 15, 7, 6, 14, 22, 21, 13, 5, 4, 3, 2, 1, 0]
[00:00:00:02:617] ! Bidirectional. expansions: 1,197, time: 2,231 [ms], path length: 45 [edges], g_F: 22, g_B: 23, generated: 2,134, MM: 1, MMPER: 1.1,739,130,434,782,608%
[00:00:00:02:617] 
---------- SM_Grids/7x8_grid_with_random_blocks_12per_3 ----------
[00:00:00:30:104] Path of length 45 found: [0, 8, 16, 17, 25, 24, 32, 33, 41, 49, 50, 42, 34, 26, 27, 19, 20, 12, 11, 10, 9, 1, 2, 3, 4, 5, 6, 14, 22, 21, 29, 28, 36, 35, 43, 51, 52, 44, 45, 37, 38, 30, 31, 39, 47, 55]
[00:00:00:30:104] ! Unidirectional s-t. expansions: 17,851, time: 30,104 [ms], path length: 45 [edges], generated: 31,031
[00:00:00:28:041] Path of length 45 found: [55, 47, 39, 31, 30, 22, 14, 6, 5, 4, 12, 20, 21, 29, 37, 38, 46, 45, 53, 52, 51, 50, 49, 41, 33, 32, 24, 16, 17, 25, 26, 34, 42, 43, 44, 36, 28, 27, 19, 11, 3, 2, 10, 9, 1, 0]
[00:00:00:28:041] ! Unidirectional t-s. expansions: 17,186, time: 28,41 [ms], path length: 45 [edges], generated: 28,763
[00:00:00:29:210] Path of length 45 found: [0, 8, 16, 24, 32, 33, 41, 49, 50, 42, 34, 35, 43, 51, 52, 53, 45, 44, 36, 28, 27, 26, 25, 17, 9, 10, 2, 3, 11, 19, 20, 12, 4, 5, 6, 14, 22, 21, 29, 30, 31, 39, 38, 46, 47, 55]
[00:00:00:29:602] ! Bidirectional. expansions: 14,332, time: 29,210 [ms], path length: 45 [edges], g_F: 23, g_B: 22, generated: 27,231, MM: 1, MMPER: 1.1,739,130,434,782,608%
[00:00:00:29:602] 
---------- SM_Grids/7x8_grid_with_random_blocks_12per_4 ----------
[00:00:00:35:500] Path of length 45 found: [0, 1, 2, 10, 9, 17, 18, 19, 11, 12, 20, 21, 13, 5, 6, 7, 15, 23, 22, 30, 31, 39, 38, 37, 36, 28, 27, 35, 34, 33, 25, 24, 32, 40, 48, 49, 41, 42, 50, 51, 52, 53, 45, 46, 54, 55]
[00:00:00:35:501] ! Unidirectional s-t. expansions: 22,467, time: 35,500 [ms], path length: 45 [edges], generated: 38,634
[00:00:00:34:995] Path of length 45 found: [55, 47, 39, 31, 23, 15, 7, 6, 5, 4, 12, 13, 21, 22, 30, 38, 37, 45, 46, 54, 53, 52, 51, 50, 49, 48, 40, 32, 24, 16, 17, 25, 33, 41, 42, 34, 35, 36, 28, 20, 19, 11, 10, 2, 1, 0]
[00:00:00:34:996] ! Unidirectional t-s. expansions: 22,506, time: 34,995 [ms], path length: 45 [edges], generated: 37,293
[00:00:00:25:147] Path of length 45 found: [0, 1, 2, 10, 9, 17, 16, 24, 25, 33, 32, 40, 48, 49, 41, 42, 34, 35, 43, 51, 52, 53, 45, 46, 38, 37, 36, 28, 27, 19, 20, 21, 13, 12, 4, 5, 6, 7, 15, 23, 22, 30, 31, 39, 47, 55]
[00:00:00:25:526] ! Bidirectional. expansions: 13,650, time: 25,147 [ms], path length: 45 [edges], g_F: 21, g_B: 24, generated: 24,009, MM: 3, MMPER: 5.521,739,130,434,782%
[00:00:00:25:526] 
---------- SM_Grids/7x8_grid_with_random_blocks_12per_5 ----------
[00:00:00:24:861] Path of length 45 found: [0, 8, 16, 17, 25, 26, 18, 10, 9, 1, 2, 3, 11, 19, 27, 28, 36, 35, 34, 33, 32, 40, 48, 49, 50, 51, 52, 53, 45, 46, 38, 30, 29, 21, 20, 12, 4, 5, 13, 14, 22, 23, 31, 39, 47, 55]
[00:00:00:24:861] ! Unidirectional s-t. expansions: 14,77, time: 24,861 [ms], path length: 45 [edges], generated: 25,151
[00:00:00:09:870] Path of length 45 found: [55, 47, 39, 31, 23, 22, 14, 6, 5, 4, 3, 2, 1, 9, 10, 11, 12, 13, 21, 20, 19, 27, 35, 36, 28, 29, 30, 38, 46, 45, 53, 52, 51, 50, 49, 48, 40, 32, 33, 34, 26, 18, 17, 16, 8, 0]
[00:00:00:09:871] ! Unidirectional t-s. expansions: 5,856, time: 9,870 [ms], path length: 45 [edges], generated: 10,274
[00:00:00:12:939] Path of length 45 found: [0, 8, 16, 17, 9, 1, 2, 3, 4, 5, 6, 14, 13, 12, 11, 10, 18, 26, 25, 33, 32, 40, 48, 49, 50, 51, 52, 53, 45, 46, 38, 30, 29, 28, 36, 35, 27, 19, 20, 21, 22, 23, 31, 39, 47, 55]
[00:00:00:13:356] ! Bidirectional. expansions: 6,508, time: 12,939 [ms], path length: 45 [edges], g_F: 21, g_B: 24, generated: 12,396, MM: 3, MMPER: 5.521,739,130,434,782%
[00:00:00:13:356] 
---------- SM_Grids/7x8_grid_with_random_blocks_12per_6 ----------
[00:00:00:00:075] Path of length 47 found: [0, 8, 9, 17, 18, 10, 2, 3, 11, 19, 27, 26, 34, 33, 32, 40, 48, 49, 41, 42, 50, 51, 43, 35, 36, 28, 20, 21, 29, 37, 45, 44, 52, 53, 54, 46, 38, 30, 22, 14, 6, 7, 15, 23, 31, 39, 47, 55]
[00:00:00:00:075] ! Unidirectional s-t. expansions: 48, time: 75 [ms], path length: 47 [edges], generated: 78
[00:00:00:00:141] Path of length 47 found: [55, 47, 39, 31, 23, 15, 7, 6, 14, 22, 21, 20, 28, 36, 35, 43, 44, 45, 37, 29, 30, 38, 46, 54, 53, 52, 51, 50, 42, 41, 49, 48, 40, 32, 33, 34, 26, 27, 19, 11, 3, 2, 10, 18, 17, 9, 8, 0]
[00:00:00:00:142] ! Unidirectional t-s. expansions: 86, time: 141 [ms], path length: 47 [edges], generated: 144
[00:00:00:02:632] Path of length 47 found: [0, 8, 9, 17, 18, 10, 2, 3, 11, 19, 27, 26, 34, 33, 32, 40, 48, 49, 41, 42, 50, 51, 43, 35, 36, 44, 52, 53, 54, 46, 45, 37, 38, 30, 29, 28, 20, 21, 22, 14, 6, 7, 15, 23, 31, 39, 47, 55]
[00:00:00:02:998] ! Bidirectional. expansions: 1,371, time: 2,632 [ms], path length: 47 [edges], g_F: 23, g_B: 24, generated: 2,455, MM: 1, MMPER: 1.833,333,333,333,335%
[00:00:00:02:998] 
---------- SM_Grids/7x8_grid_with_random_blocks_12per_7 ----------
[00:00:00:00:100] Path of length 47 found: [0, 8, 9, 1, 2, 10, 18, 17, 25, 33, 41, 49, 50, 42, 34, 26, 27, 35, 43, 51, 52, 44, 36, 28, 20, 19, 11, 3, 4, 12, 13, 5, 6, 14, 15, 23, 31, 30, 29, 37, 45, 53, 54, 46, 38, 39, 47, 55]
[00:00:00:00:100] ! Unidirectional s-t. expansions: 62, time: 100 [ms], path length: 47 [edges], generated: 104
[00:00:00:00:372] Path of length 47 found: [55, 47, 39, 31, 23, 15, 14, 6, 5, 13, 12, 4, 3, 11, 19, 20, 28, 27, 26, 34, 42, 43, 35, 36, 44, 45, 37, 29, 30, 38, 46, 54, 53, 52, 51, 50, 49, 41, 33, 25, 17, 18, 10, 2, 1, 9, 8, 0]
[00:00:00:00:373] ! Unidirectional t-s. expansions: 223, time: 372 [ms], path length: 47 [edges], generated: 388
[00:00:00:08:972] Path of length 47 found: [0, 8, 9, 1, 2, 10, 18, 17, 25, 33, 41, 49, 50, 42, 34, 26, 27, 35, 43, 51, 52, 44, 36, 28, 20, 19, 11, 3, 4, 12, 13, 5, 6, 14, 15, 23, 31, 30, 29, 37, 45, 53, 54, 46, 38, 39, 47, 55]
[00:00:00:09:344] ! Bidirectional. expansions: 4,653, time: 8,972 [ms], path length: 47 [edges], g_F: 23, g_B: 24, generated: 8,350, MM: 1, MMPER: 1.833,333,333,333,335%
[00:00:00:09:344] 
---------- SM_Grids/7x8_grid_with_random_blocks_12per_8 ----------
[00:00:00:06:240] Path of length 47 found: [0, 8, 16, 24, 32, 33, 34, 26, 18, 17, 9, 1, 2, 10, 11, 3, 4, 12, 20, 19, 27, 28, 29, 21, 13, 5, 6, 7, 15, 14, 22, 30, 31, 39, 47, 46, 45, 37, 36, 35, 43, 42, 50, 51, 52, 53, 54, 55]
[00:00:00:06:240] ! Unidirectional s-t. expansions: 3,583, time: 6,240 [ms], path length: 47 [edges], generated: 6,304
[00:00:00:12:389] Path of length 47 found: [55, 47, 39, 31, 30, 22, 14, 15, 7, 6, 5, 4, 3, 2, 10, 18, 26, 27, 19, 11, 12, 13, 21, 20, 28, 29, 37, 36, 35, 43, 44, 45, 46, 54, 53, 52, 51, 50, 42, 34, 33, 32, 24, 16, 17, 9, 1, 0]
[00:00:00:12:389] ! Unidirectional t-s. expansions: 7,323, time: 12,389 [ms], path length: 47 [edges], generated: 12,594
[00:00:00:07:298] Path of length 47 found: [0, 8, 16, 24, 32, 33, 34, 26, 18, 17, 9, 1, 2, 10, 11, 3, 4, 12, 20, 19, 27, 35, 43, 42, 50, 51, 52, 53, 54, 46, 45, 44, 36, 37, 29, 21, 13, 5, 6, 7, 15, 14, 22, 30, 31, 39, 47, 55]
[00:00:00:07:667] ! Bidirectional. expansions: 3,610, time: 7,298 [ms], path length: 47 [edges], g_F: 23, g_B: 24, generated: 6,824, MM: 1, MMPER: 1.833,333,333,333,335%
[00:00:00:07:667] 
---------- SM_Grids/7x8_grid_with_random_blocks_12per_9 ----------
[00:00:00:00:744] Path of length 47 found: [0, 8, 16, 24, 32, 40, 48, 49, 41, 33, 34, 42, 50, 51, 43, 44, 36, 35, 27, 26, 25, 17, 18, 10, 2, 3, 11, 19, 20, 28, 29, 21, 13, 5, 6, 7, 15, 14, 22, 23, 31, 30, 38, 39, 47, 46, 54, 55]
[00:00:00:00:744] ! Unidirectional s-t. expansions: 410, time: 744 [ms], path length: 47 [edges], generated: 727
[00:00:00:00:505] Path of length 47 found: [55, 54, 46, 47, 39, 38, 30, 31, 23, 15, 7, 6, 5, 13, 14, 22, 21, 29, 28, 20, 12, 11, 3, 2, 10, 18, 19, 27, 26, 34, 35, 36, 44, 43, 51, 50, 42, 41, 49, 48, 40, 32, 33, 25, 17, 16, 8, 0]
[00:00:00:00:505] ! Unidirectional t-s. expansions: 325, time: 505 [ms], path length: 47 [edges], generated: 542
[00:00:00:00:180] Path of length 47 found: [0, 8, 16, 24, 32, 40, 48, 49, 41, 33, 25, 17, 18, 10, 2, 3, 11, 19, 27, 26, 34, 42, 50, 51, 43, 44, 36, 28, 29, 21, 20, 12, 13, 5, 6, 7, 15, 14, 22, 23, 31, 30, 38, 39, 47, 46, 54, 55]
[00:00:00:00:548] ! Bidirectional. expansions: 87, time: 181 [ms], path length: 47 [edges], g_F: 23, g_B: 24, generated: 159, MM: 1, MMPER: 1.833,333,333,333,335%
[00:00:00:00:548] average expansions: (6,680, 5,519, 4,731, 0)
[00:00:00:00:548] average time: (11,060, 8,902, 9,225, 0)
[00:00:00:00:548] A*: 5,519 , 8,902 (expansions , time[ms])
[00:00:00:00:548] XMM: 4,731 , 9,225 (expansions , time[ms])

[00:00:00:00:549] 
---------- SM_Grids/7x8_grid_with_random_blocks_12per_0 ----------
[00:00:00:06:455] Path of length 47 found: [0, 1, 2, 10, 18, 17, 16, 24, 32, 40, 48, 49, 41, 33, 25, 26, 34, 42, 50, 51, 43, 44, 45, 37, 29, 21, 13, 12, 20, 28, 27, 19, 11, 3, 4, 5, 6, 7, 15, 14, 22, 23, 31, 30, 38, 46, 47, 55]
[00:00:00:06:455] ! Unidirectional s-t. expansions: 2,593, time: 6,455 [ms], path length: 47 [edges], generated: 4,590
[00:00:00:02:640] Path of length 47 found: [55, 47, 39, 31, 23, 15, 7, 6, 5, 4, 3, 11, 19, 27, 28, 20, 12, 13, 14, 22, 21, 29, 30, 38, 37, 45, 44, 43, 51, 50, 42, 34, 26, 25, 33, 41, 49, 48, 40, 32, 24, 16, 17, 18, 10, 2, 1, 0]
[00:00:00:02:640] ! Unidirectional t-s. expansions: 1,41, time: 2,640 [ms], path length: 47 [edges], generated: 1,882
[00:00:00:11:331] Path of length 47 found: [0, 1, 2, 10, 18, 17, 16, 24, 32, 40, 48, 49, 41, 33, 25, 26, 34, 42, 50, 51, 43, 44, 45, 37, 38, 30, 29, 21, 22, 14, 13, 12, 20, 28, 27, 19, 11, 3, 4, 5, 6, 7, 15, 23, 31, 39, 47, 55]
[00:00:00:11:700] ! Bidirectional. expansions: 14,562, time: 11,331 [ms], path length: 47 [edges], g_F: 24, g_B: 23, generated: {'F': 12,593, 'B': 13,354}, MM: 1, MMPER: 1.833,333,333,333,335%
[00:00:00:11:700] 
---------- SM_Grids/7x8_grid_with_random_blocks_12per_1 ----------
[00:00:00:04:053] Path of length 47 found: [0, 8, 16, 24, 32, 40, 41, 33, 25, 17, 9, 10, 2, 3, 11, 19, 18, 26, 34, 42, 50, 51, 43, 35, 27, 28, 20, 21, 13, 12, 4, 5, 6, 14, 15, 23, 22, 30, 38, 37, 36, 44, 45, 53, 54, 46, 47, 55]
[00:00:00:04:053] ! Unidirectional s-t. expansions: 1,541, time: 4,53 [ms], path length: 47 [edges], generated: 2,833
[00:00:00:00:127] Path of length 47 found: [55, 47, 39, 38, 46, 54, 53, 45, 37, 36, 44, 43, 51, 50, 42, 34, 35, 27, 28, 20, 12, 13, 21, 22, 23, 15, 14, 6, 5, 4, 3, 2, 10, 11, 19, 18, 26, 25, 33, 41, 40, 32, 24, 16, 17, 9, 8, 0]
[00:00:00:00:128] ! Unidirectional t-s. expansions: 54, time: 128 [ms], path length: 47 [edges], generated: 91
[00:00:00:00:355] Path of length 47 found: [0, 8, 16, 24, 32, 40, 41, 33, 25, 26, 18, 17, 9, 10, 2, 3, 4, 5, 6, 14, 15, 23, 22, 21, 13, 12, 11, 19, 20, 28, 27, 35, 34, 42, 50, 51, 43, 44, 36, 37, 45, 53, 54, 46, 38, 39, 47, 55]
[00:00:00:00:754] ! Bidirectional. expansions: 400, time: 355 [ms], path length: 47 [edges], g_F: 24, g_B: 23, generated: {'F': 373, 'B': 424}, MM: 1, MMPER: 1.833,333,333,333,335%
[00:00:00:00:754] 
---------- SM_Grids/7x8_grid_with_random_blocks_12per_2 ----------
[00:00:00:09:986] Path of length 45 found: [0, 8, 16, 24, 32, 40, 48, 49, 41, 33, 34, 26, 18, 17, 9, 1, 2, 10, 11, 3, 4, 5, 13, 21, 22, 14, 6, 7, 15, 23, 31, 39, 38, 37, 29, 28, 20, 19, 27, 35, 43, 44, 52, 53, 54, 55]
[00:00:00:09:986] ! Unidirectional s-t. expansions: 4,200, time: 9,986 [ms], path length: 45 [edges], generated: 7,274
[00:00:00:02:687] Path of length 45 found: [55, 47, 39, 31, 23, 15, 7, 6, 5, 13, 14, 22, 21, 29, 37, 45, 53, 52, 44, 43, 35, 36, 28, 20, 19, 27, 26, 34, 33, 41, 49, 48, 40, 32, 24, 16, 8, 9, 17, 18, 10, 11, 3, 2, 1, 0]
[00:00:00:02:687] ! Unidirectional t-s. expansions: 1,126, time: 2,687 [ms], path length: 45 [edges], generated: 2,013
[00:00:00:02:690] Path of length 45 found: [0, 8, 16, 24, 32, 40, 48, 49, 41, 33, 34, 26, 27, 35, 43, 44, 52, 53, 45, 37, 29, 28, 20, 19, 11, 10, 18, 17, 9, 1, 2, 3, 4, 5, 13, 21, 22, 14, 6, 7, 15, 23, 31, 39, 47, 55]
[00:00:00:03:062] ! Bidirectional. expansions: 3,118, time: 2,690 [ms], path length: 45 [edges], g_F: 23, g_B: 22, generated: {'F': 2,674, 'B': 2,862}, MM: 1, MMPER: 1.1,739,130,434,782,608%
[00:00:00:03:062] 
---------- SM_Grids/7x8_grid_with_random_blocks_12per_3 ----------
[00:00:00:44:795] Path of length 45 found: [0, 8, 16, 24, 32, 33, 25, 17, 9, 1, 2, 10, 11, 3, 4, 5, 6, 14, 22, 21, 20, 19, 27, 26, 34, 42, 41, 49, 50, 51, 43, 35, 36, 44, 52, 53, 45, 37, 29, 30, 31, 39, 38, 46, 47, 55]
[00:00:00:44:795] ! Unidirectional s-t. expansions: 17,858, time: 44,795 [ms], path length: 45 [edges], generated: 32,887
[00:00:00:41:431] Path of length 45 found: [55, 47, 39, 31, 30, 22, 14, 6, 5, 4, 3, 2, 1, 9, 10, 11, 12, 20, 19, 27, 26, 34, 42, 43, 35, 36, 28, 29, 37, 38, 46, 45, 44, 52, 51, 50, 49, 41, 33, 32, 24, 25, 17, 16, 8, 0]
[00:00:00:41:431] ! Unidirectional t-s. expansions: 17,197, time: 41,431 [ms], path length: 45 [edges], generated: 30,507
[00:00:00:41:643] Path of length 45 found: [0, 8, 16, 24, 32, 33, 25, 17, 9, 1, 2, 10, 11, 19, 27, 26, 34, 35, 43, 42, 41, 49, 50, 51, 52, 44, 45, 46, 38, 37, 36, 28, 29, 21, 20, 12, 4, 5, 6, 14, 22, 30, 31, 39, 47, 55]
[00:00:00:42:017] ! Bidirectional. expansions: 57,766, time: 41,643 [ms], path length: 45 [edges], g_F: 23, g_B: 22, generated: {'F': 55,958, 'B': 55,835}, MM: 1, MMPER: 1.1,739,130,434,782,608%
[00:00:00:42:017] 
---------- SM_Grids/7x8_grid_with_random_blocks_12per_4 ----------
[00:00:00:51:732] Path of length 45 found: [0, 1, 2, 10, 9, 17, 16, 24, 25, 33, 32, 40, 48, 49, 41, 42, 34, 35, 43, 51, 52, 53, 45, 37, 36, 28, 27, 19, 11, 12, 20, 21, 13, 5, 6, 7, 15, 23, 22, 30, 31, 39, 38, 46, 54, 55]
[00:00:00:51:733] ! Unidirectional s-t. expansions: 22,477, time: 51,732 [ms], path length: 45 [edges], generated: 39,344
[00:00:00:52:319] Path of length 45 found: [55, 47, 39, 31, 23, 15, 7, 6, 5, 4, 12, 13, 21, 22, 30, 38, 37, 45, 46, 54, 53, 52, 51, 43, 42, 50, 49, 48, 40, 32, 24, 16, 17, 25, 33, 34, 35, 36, 28, 20, 19, 11, 10, 2, 1, 0]
[00:00:00:52:319] ! Unidirectional t-s. expansions: 22,600, time: 52,319 [ms], path length: 45 [edges], generated: 38,559
[00:00:00:49:482] Path of length 45 found: [0, 1, 2, 10, 9, 17, 16, 24, 25, 33, 32, 40, 48, 49, 41, 42, 50, 51, 52, 53, 54, 46, 45, 37, 38, 30, 22, 21, 20, 28, 36, 35, 27, 19, 11, 12, 4, 5, 6, 7, 15, 23, 31, 39, 47, 55]
[00:00:00:49:888] ! Bidirectional. expansions: 66,192, time: 49,482 [ms], path length: 45 [edges], g_F: 23, g_B: 22, generated: {'F': 58,188, 'B': 56,856}, MM: 1, MMPER: 1.1,739,130,434,782,608%
[00:00:00:49:888] 
---------- SM_Grids/7x8_grid_with_random_blocks_12per_5 ----------
[00:00:00:35:999] Path of length 45 found: [0, 8, 16, 17, 9, 1, 2, 10, 18, 26, 25, 33, 32, 40, 48, 49, 50, 51, 52, 53, 45, 46, 38, 30, 29, 21, 13, 12, 20, 28, 36, 35, 27, 19, 11, 3, 4, 5, 6, 14, 22, 23, 31, 39, 47, 55]
[00:00:00:36:000] ! Unidirectional s-t. expansions: 14,96, time: 35,999 [ms], path length: 45 [edges], generated: 26,249
[00:00:00:14:506] Path of length 45 found: [55, 47, 39, 31, 23, 22, 14, 6, 5, 4, 3, 2, 1, 9, 10, 18, 26, 34, 35, 36, 28, 27, 19, 11, 12, 20, 21, 29, 30, 38, 46, 45, 53, 52, 51, 50, 49, 48, 40, 32, 33, 25, 17, 16, 8, 0]
[00:00:00:14:506] ! Unidirectional t-s. expansions: 5,857, time: 14,506 [ms], path length: 45 [edges], generated: 10,650
[00:00:00:26:736] Path of length 45 found: [0, 8, 16, 17, 9, 1, 2, 10, 18, 26, 25, 33, 32, 40, 48, 49, 50, 51, 52, 53, 45, 46, 38, 30, 29, 21, 13, 12, 20, 28, 36, 35, 27, 19, 11, 3, 4, 5, 6, 14, 22, 23, 31, 39, 47, 55]
[00:00:00:27:148] ! Bidirectional. expansions: 34,202, time: 26,736 [ms], path length: 45 [edges], g_F: 23, g_B: 22, generated: {'F': 31,942, 'B': 32,552}, MM: 1, MMPER: 1.1,739,130,434,782,608%
[00:00:00:27:149] 
---------- SM_Grids/7x8_grid_with_random_blocks_12per_6 ----------
[00:00:00:00:112] Path of length 47 found: [0, 8, 9, 17, 18, 10, 2, 3, 11, 19, 27, 26, 34, 33, 32, 40, 48, 49, 41, 42, 50, 51, 43, 35, 36, 28, 20, 21, 29, 37, 45, 44, 52, 53, 54, 46, 38, 30, 22, 14, 6, 7, 15, 23, 31, 39, 47, 55]
[00:00:00:00:112] ! Unidirectional s-t. expansions: 47, time: 112 [ms], path length: 47 [edges], generated: 78
[00:00:00:00:876] Path of length 47 found: [55, 47, 39, 31, 23, 15, 7, 6, 14, 22, 21, 20, 28, 36, 35, 43, 44, 45, 37, 29, 30, 38, 46, 54, 53, 52, 51, 50, 42, 41, 49, 48, 40, 32, 33, 34, 26, 27, 19, 11, 3, 2, 10, 18, 17, 9, 8, 0]
[00:00:00:00:876] ! Unidirectional t-s. expansions: 392, time: 876 [ms], path length: 47 [edges], generated: 662
[00:00:00:00:044] Path of length 47 found: [0, 8, 9, 17, 18, 10, 2, 3, 11, 19, 27, 26, 34, 33, 32, 40, 48, 49, 41, 42, 50, 51, 52, 53, 54, 46, 38, 30, 29, 37, 45, 44, 43, 35, 36, 28, 20, 21, 22, 14, 6, 7, 15, 23, 31, 39, 47, 55]
[00:00:00:00:416] ! Bidirectional. expansions: 47, time: 44 [ms], path length: 47 [edges], g_F: 24, g_B: 23, generated: {'F': 41, 'B': 45}, MM: 1, MMPER: 1.833,333,333,333,335%
[00:00:00:00:416] 
---------- SM_Grids/7x8_grid_with_random_blocks_12per_7 ----------
[00:00:00:00:470] Path of length 47 found: [0, 8, 9, 1, 2, 10, 18, 17, 25, 33, 41, 49, 50, 42, 34, 26, 27, 35, 43, 51, 52, 44, 36, 28, 20, 19, 11, 3, 4, 12, 13, 5, 6, 14, 15, 23, 31, 30, 29, 37, 45, 53, 54, 46, 38, 39, 47, 55]
[00:00:00:00:470] ! Unidirectional s-t. expansions: 201, time: 470 [ms], path length: 47 [edges], generated: 361
[00:00:00:04:341] Path of length 47 found: [55, 47, 39, 31, 23, 15, 14, 6, 5, 13, 12, 4, 3, 11, 19, 20, 28, 27, 26, 34, 42, 43, 35, 36, 44, 45, 37, 29, 30, 38, 46, 54, 53, 52, 51, 50, 49, 41, 33, 25, 17, 18, 10, 2, 1, 9, 8, 0]
[00:00:00:04:342] ! Unidirectional t-s. expansions: 1,778, time: 4,342 [ms], path length: 47 [edges], generated: 3,144
[00:00:00:00:047] Path of length 47 found: [0, 8, 9, 1, 2, 10, 18, 17, 25, 33, 41, 49, 50, 42, 34, 26, 27, 35, 43, 51, 52, 53, 54, 46, 38, 30, 29, 37, 45, 44, 36, 28, 20, 19, 11, 3, 4, 12, 13, 5, 6, 14, 15, 23, 31, 39, 47, 55]
[00:00:00:00:418] ! Bidirectional. expansions: 47, time: 47 [ms], path length: 47 [edges], g_F: 24, g_B: 23, generated: {'F': 48, 'B': 44}, MM: 1, MMPER: 1.833,333,333,333,335%
[00:00:00:00:418] 
---------- SM_Grids/7x8_grid_with_random_blocks_12per_8 ----------
[00:00:00:09:166] Path of length 47 found: [0, 8, 16, 24, 32, 33, 34, 26, 18, 17, 9, 1, 2, 10, 11, 3, 4, 12, 20, 19, 27, 35, 43, 42, 50, 51, 52, 44, 36, 28, 29, 21, 13, 5, 6, 7, 15, 14, 22, 30, 31, 39, 47, 46, 45, 53, 54, 55]
[00:00:00:09:167] ! Unidirectional s-t. expansions: 3,592, time: 9,167 [ms], path length: 47 [edges], generated: 6,671
[00:00:00:19:041] Path of length 47 found: [55, 47, 39, 31, 30, 22, 14, 15, 7, 6, 5, 4, 3, 2, 1, 9, 17, 18, 10, 11, 19, 27, 35, 43, 44, 36, 28, 20, 12, 13, 21, 29, 37, 45, 46, 54, 53, 52, 51, 50, 42, 34, 33, 32, 24, 16, 8, 0]
[00:00:00:19:042] ! Unidirectional t-s. expansions: 7,346, time: 19,41 [ms], path length: 47 [edges], generated: 13,666
[00:00:00:20:332] Path of length 47 found: [0, 8, 16, 24, 32, 33, 34, 26, 18, 17, 9, 1, 2, 10, 11, 19, 27, 35, 43, 42, 50, 51, 52, 53, 54, 46, 45, 44, 36, 37, 29, 28, 20, 21, 13, 12, 4, 5, 6, 7, 15, 14, 22, 30, 31, 39, 47, 55]
[00:00:00:20:700] ! Bidirectional. expansions: 26,986, time: 20,332 [ms], path length: 47 [edges], g_F: 24, g_B: 23, generated: {'F': 25,513, 'B': 25,116}, MM: 1, MMPER: 1.833,333,333,333,335%
[00:00:00:20:701] 
---------- SM_Grids/7x8_grid_with_random_blocks_12per_9 ----------
[00:00:00:01:245] Path of length 47 found: [0, 8, 16, 24, 32, 40, 48, 49, 41, 33, 25, 17, 18, 10, 2, 3, 11, 19, 27, 26, 34, 42, 50, 51, 43, 35, 36, 28, 29, 21, 20, 12, 13, 5, 6, 7, 15, 14, 22, 23, 31, 30, 38, 39, 47, 46, 54, 55]
[00:00:00:01:245] ! Unidirectional s-t. expansions: 481, time: 1,245 [ms], path length: 47 [edges], generated: 866
[00:00:00:00:768] Path of length 47 found: [55, 54, 46, 47, 39, 38, 30, 31, 23, 15, 7, 6, 5, 13, 14, 22, 21, 29, 28, 20, 12, 11, 3, 2, 10, 18, 19, 27, 26, 25, 33, 41, 42, 34, 35, 36, 44, 43, 51, 50, 49, 48, 40, 32, 24, 16, 8, 0]
[00:00:00:00:769] ! Unidirectional t-s. expansions: 338, time: 769 [ms], path length: 47 [edges], generated: 585
[00:00:00:00:824] Path of length 47 found: [0, 8, 16, 24, 32, 40, 48, 49, 41, 33, 25, 17, 18, 10, 2, 3, 11, 12, 20, 19, 27, 26, 34, 42, 50, 51, 43, 44, 36, 28, 29, 21, 22, 14, 13, 5, 6, 7, 15, 23, 31, 30, 38, 39, 47, 46, 54, 55]
[00:00:00:01:194] ! Bidirectional. expansions: 1,163, time: 824 [ms], path length: 47 [edges], g_F: 24, g_B: 23, generated: {'F': 1,019, 'B': 1,060}, MM: 1, MMPER: 1.833,333,333,333,335%
[00:00:00:01:195] average expansions: (6,709, 5,773, 20,448, 0)
[00:00:00:01:195] average time: (16,401, 13,874, 15,348, 0)
[00:00:00:01:195] X-DFBnB: 5,773 , 13,874 (expansions , time[ms])
[00:00:00:01:195] BiX-DFBnB: 20,448 , 15,348 (expansions , time[ms])

