--------------------------
date: SM_Grids
number_of_graphs: 10
graph_type: grid
size_of_graphs: [6, 8]
heuristic: bcc_heuristic
snake: False
run_uni: True
run_bi: True
run_multi: False
solution_vertices: []
algorithms: ['full', 'DFS']
bsd: True
cube_first_dims: 4
cube_buffer_dim: None
backward_sym_generation: False
sym_coil: False
prefix_set: None

---------- SM_Grids/6x8_grid_with_random_blocks_8per_0 ----------
[00:00:01:21:573] Path of length 40 found: [0, 1, 9, 8, 16, 24, 32, 40, 41, 33, 25, 17, 18, 10, 11, 3, 4, 12, 13, 5, 6, 14, 15, 23, 31, 30, 29, 21, 20, 19, 27, 26, 34, 42, 43, 35, 36, 37, 38, 46, 47]
[00:00:01:21:579] ! Unidirectional s-t. expansions: 56,996, time: 81,573 [ms], path length: 40 [edges], generated: 96,832
[00:00:01:30:355] Path of length 40 found: [47, 46, 38, 39, 31, 30, 29, 37, 36, 44, 43, 35, 34, 42, 41, 40, 32, 33, 25, 24, 16, 17, 18, 26, 27, 28, 20, 21, 13, 14, 15, 7, 6, 5, 4, 3, 11, 10, 9, 1, 0]
[00:00:01:30:362] ! Unidirectional t-s. expansions: 62,67, time: 90,355 [ms], path length: 40 [edges], generated: 105,960
[00:00:00:56:238] Path of length 40 found: [47, 46, 38, 39, 31, 30, 29, 37, 36, 44, 43, 42, 34, 35, 27, 28, 20, 21, 13, 14, 15, 7, 6, 5, 4, 3, 11, 10, 18, 17, 25, 33, 41, 40, 32, 24, 16, 8, 9, 1, 0]
[00:00:00:56:633] ! Bidirectional. expansions: 28,673, time: 56,238 [ms], path length: 40 [edges], g_F: 19, g_B: 21, generated: 57,395, MM: 2, MMPER: 3.8,780,487,804,878,048%
[00:00:00:56:633] 
---------- SM_Grids/6x8_grid_with_random_blocks_8per_1 ----------
[00:00:00:02:489] Path of length 42 found: [0, 8, 16, 24, 32, 40, 41, 33, 25, 17, 18, 10, 11, 3, 4, 12, 13, 21, 22, 14, 6, 7, 15, 23, 31, 30, 29, 28, 20, 19, 27, 26, 34, 42, 43, 35, 36, 44, 45, 37, 38, 46, 47]
[00:00:00:02:489] ! Unidirectional s-t. expansions: 1,506, time: 2,489 [ms], path length: 42 [edges], generated: 2,748
[00:00:00:06:291] Path of length 42 found: [47, 39, 31, 23, 15, 7, 6, 14, 13, 12, 4, 3, 11, 10, 18, 26, 34, 35, 27, 19, 20, 28, 36, 37, 29, 21, 22, 30, 38, 46, 45, 44, 43, 42, 41, 40, 32, 33, 25, 17, 16, 8, 0]
[00:00:00:06:291] ! Unidirectional t-s. expansions: 3,769, time: 6,291 [ms], path length: 42 [edges], generated: 6,461
[00:00:00:05:666] Path of length 42 found: [0, 8, 16, 24, 32, 40, 41, 33, 25, 17, 18, 10, 11, 3, 4, 12, 20, 19, 27, 26, 34, 35, 43, 44, 45, 46, 38, 37, 36, 28, 29, 30, 22, 21, 13, 14, 6, 7, 15, 23, 31, 39, 47]
[00:00:00:05:993] ! Bidirectional. expansions: 3,104, time: 5,666 [ms], path length: 42 [edges], g_F: 20, g_B: 22, generated: 5,875, MM: 2, MMPER: 3.6,511,627,906,976,747%
[00:00:00:05:993] 
---------- SM_Grids/6x8_grid_with_random_blocks_8per_2 ----------
[00:00:00:19:055] Path of length 40 found: [0, 1, 2, 3, 11, 12, 20, 21, 22, 14, 6, 7, 15, 23, 31, 30, 29, 28, 27, 19, 18, 10, 9, 8, 16, 17, 25, 24, 32, 40, 41, 33, 34, 35, 36, 44, 45, 37, 38, 46, 47]
[00:00:00:19:055] ! Unidirectional s-t. expansions: 12,615, time: 19,55 [ms], path length: 40 [edges], generated: 22,013
[00:00:00:19:325] Path of length 40 found: [47, 46, 45, 44, 36, 35, 34, 42, 41, 40, 32, 33, 25, 24, 16, 17, 18, 26, 27, 28, 29, 37, 38, 39, 31, 23, 15, 7, 6, 14, 22, 21, 20, 12, 11, 3, 2, 10, 9, 1, 0]
[00:00:00:19:325] ! Unidirectional t-s. expansions: 12,963, time: 19,325 [ms], path length: 40 [edges], generated: 22,888
[00:00:00:12:695] Path of length 40 found: [0, 8, 16, 24, 25, 33, 32, 40, 41, 42, 34, 35, 36, 44, 45, 46, 38, 37, 29, 28, 27, 19, 18, 10, 9, 1, 2, 3, 11, 12, 20, 21, 22, 14, 6, 7, 15, 23, 31, 39, 47]
[00:00:00:13:028] ! Bidirectional. expansions: 6,728, time: 12,695 [ms], path length: 40 [edges], g_F: 18, g_B: 22, generated: 13,181, MM: 4, MMPER: 8.75,609,756,097,561%
[00:00:00:13:028] 
---------- SM_Grids/6x8_grid_with_random_blocks_8per_3 ----------
[00:00:00:10:405] Path of length 42 found: [0, 8, 9, 1, 2, 10, 11, 3, 4, 12, 20, 21, 13, 14, 6, 7, 15, 23, 31, 30, 29, 28, 36, 35, 34, 26, 27, 19, 18, 17, 25, 24, 32, 40, 41, 42, 43, 44, 45, 37, 38, 46, 47]
[00:00:00:10:405] ! Unidirectional s-t. expansions: 7,152, time: 10,405 [ms], path length: 42 [edges], generated: 12,184
[00:00:00:14:625] Path of length 42 found: [47, 39, 31, 23, 15, 7, 6, 14, 13, 12, 4, 3, 2, 10, 11, 19, 18, 26, 34, 35, 27, 28, 20, 21, 29, 30, 38, 46, 45, 37, 36, 44, 43, 42, 41, 40, 32, 24, 25, 17, 9, 1, 0]
[00:00:00:14:625] ! Unidirectional t-s. expansions: 9,498, time: 14,625 [ms], path length: 42 [edges], generated: 16,367
[00:00:00:13:244] Path of length 42 found: [0, 8, 9, 1, 2, 10, 11, 3, 4, 12, 20, 19, 27, 26, 18, 17, 25, 24, 32, 40, 41, 42, 34, 35, 43, 44, 36, 37, 45, 46, 38, 30, 29, 21, 13, 14, 6, 7, 15, 23, 31, 39, 47]
[00:00:00:13:584] ! Bidirectional. expansions: 7,137, time: 13,244 [ms], path length: 42 [edges], g_F: 20, g_B: 22, generated: 13,495, MM: 2, MMPER: 3.6,511,627,906,976,747%
[00:00:00:13:584] 
---------- SM_Grids/6x8_grid_with_random_blocks_8per_4 ----------
[00:00:00:26:396] Path of length 42 found: [0, 1, 9, 17, 16, 24, 32, 40, 41, 33, 25, 26, 18, 10, 2, 3, 11, 19, 27, 35, 34, 42, 43, 44, 45, 37, 36, 28, 20, 12, 4, 5, 6, 7, 15, 14, 13, 21, 29, 30, 38, 39, 47]
[00:00:00:26:396] ! Unidirectional s-t. expansions: 17,905, time: 26,396 [ms], path length: 42 [edges], generated: 30,139
[00:00:00:17:475] Path of length 42 found: [47, 39, 31, 30, 38, 37, 45, 44, 36, 35, 43, 42, 34, 33, 41, 40, 32, 24, 16, 17, 25, 26, 27, 28, 29, 21, 22, 14, 15, 7, 6, 5, 13, 12, 4, 3, 11, 19, 18, 10, 2, 1, 0]
[00:00:00:17:476] ! Unidirectional t-s. expansions: 11,247, time: 17,475 [ms], path length: 42 [edges], generated: 19,508
[00:00:00:23:118] Path of length 42 found: [0, 1, 9, 17, 16, 24, 32, 40, 41, 33, 25, 26, 18, 10, 2, 3, 11, 19, 20, 12, 4, 5, 6, 7, 15, 14, 22, 21, 29, 28, 36, 35, 34, 42, 43, 44, 45, 37, 38, 30, 31, 39, 47]
[00:00:00:23:463] ! Bidirectional. expansions: 12,287, time: 23,119 [ms], path length: 42 [edges], g_F: 20, g_B: 22, generated: 23,599, MM: 2, MMPER: 3.6,511,627,906,976,747%
[00:00:00:23:463] 
---------- SM_Grids/6x8_grid_with_random_blocks_8per_5 ----------
[00:00:00:02:979] Path of length 42 found: [0, 8, 16, 17, 25, 26, 34, 33, 32, 40, 41, 42, 43, 44, 36, 37, 45, 46, 38, 30, 29, 21, 20, 28, 27, 19, 18, 10, 9, 1, 2, 3, 11, 12, 4, 5, 13, 14, 22, 23, 31, 39, 47]
[00:00:00:02:979] ! Unidirectional s-t. expansions: 1,823, time: 2,979 [ms], path length: 42 [edges], generated: 3,117
[00:00:00:03:021] Path of length 42 found: [47, 39, 31, 23, 15, 14, 13, 5, 4, 3, 2, 1, 9, 10, 11, 12, 20, 19, 27, 28, 36, 37, 29, 21, 22, 30, 38, 46, 45, 44, 43, 42, 41, 40, 32, 33, 34, 26, 18, 17, 16, 8, 0]
[00:00:00:03:022] ! Unidirectional t-s. expansions: 2,34, time: 3,21 [ms], path length: 42 [edges], generated: 3,409
[00:00:00:04:353] Path of length 42 found: [0, 8, 16, 17, 9, 1, 2, 10, 18, 19, 11, 3, 4, 5, 13, 12, 20, 28, 27, 26, 25, 33, 32, 40, 41, 42, 43, 44, 36, 37, 45, 46, 38, 30, 29, 21, 22, 14, 15, 23, 31, 39, 47]
[00:00:00:04:724] ! Bidirectional. expansions: 2,525, time: 4,353 [ms], path length: 42 [edges], g_F: 20, g_B: 22, generated: 4,608, MM: 2, MMPER: 3.6,511,627,906,976,747%
[00:00:00:04:725] 
---------- SM_Grids/6x8_grid_with_random_blocks_8per_6 ----------
[00:00:00:04:671] Path of length 42 found: [0, 8, 16, 24, 32, 40, 41, 33, 25, 17, 18, 10, 11, 19, 27, 26, 34, 42, 43, 35, 36, 44, 45, 37, 29, 28, 20, 12, 4, 5, 13, 21, 22, 14, 6, 7, 15, 23, 31, 30, 38, 46, 47]
[00:00:00:04:671] ! Unidirectional s-t. expansions: 3,50, time: 4,671 [ms], path length: 42 [edges], generated: 5,385
[00:00:00:09:125] Path of length 42 found: [47, 39, 31, 23, 15, 7, 6, 5, 4, 12, 11, 10, 18, 26, 34, 35, 27, 19, 20, 28, 36, 37, 29, 21, 13, 14, 22, 30, 38, 46, 45, 44, 43, 42, 41, 40, 32, 33, 25, 17, 16, 8, 0]
[00:00:00:09:126] ! Unidirectional t-s. expansions: 5,682, time: 9,126 [ms], path length: 42 [edges], generated: 9,980
[00:00:00:09:274] Path of length 42 found: [0, 8, 16, 24, 32, 40, 41, 33, 25, 17, 18, 10, 11, 19, 27, 26, 34, 42, 43, 35, 36, 37, 45, 46, 38, 30, 22, 14, 13, 21, 29, 28, 20, 12, 4, 5, 6, 7, 15, 23, 31, 39, 47]
[00:00:00:09:606] ! Bidirectional. expansions: 5,16, time: 9,274 [ms], path length: 42 [edges], g_F: 20, g_B: 22, generated: 9,610, MM: 2, MMPER: 3.6,511,627,906,976,747%
[00:00:00:09:606] 
---------- SM_Grids/6x8_grid_with_random_blocks_8per_7 ----------
[00:00:00:00:070] Path of length 44 found: [0, 8, 16, 24, 32, 40, 41, 33, 25, 17, 9, 1, 2, 10, 18, 26, 34, 42, 43, 35, 27, 19, 20, 12, 11, 3, 4, 5, 6, 14, 15, 23, 22, 21, 29, 37, 36, 44, 45, 46, 38, 30, 31, 39, 47]
[00:00:00:00:070] ! Unidirectional s-t. expansions: 48, time: 70 [ms], path length: 44 [edges], generated: 77
[00:00:00:00:065] Path of length 44 found: [47, 39, 31, 23, 15, 14, 6, 5, 4, 3, 2, 1, 9, 17, 25, 33, 34, 26, 18, 10, 11, 12, 20, 19, 27, 35, 36, 37, 29, 21, 22, 30, 38, 46, 45, 44, 43, 42, 41, 40, 32, 24, 16, 8, 0]
[00:00:00:00:065] ! Unidirectional t-s. expansions: 45, time: 65 [ms], path length: 44 [edges], generated: 72
[00:00:00:05:525] Path of length 44 found: [0, 8, 16, 24, 32, 40, 41, 33, 25, 17, 9, 1, 2, 10, 18, 26, 34, 42, 43, 35, 27, 19, 20, 12, 11, 3, 4, 5, 6, 14, 15, 23, 22, 21, 29, 37, 36, 44, 45, 46, 38, 30, 31, 39, 47]
[00:00:00:05:852] ! Bidirectional. expansions: 3,112, time: 5,525 [ms], path length: 44 [edges], g_F: 22, g_B: 22, generated: 5,780, MM: 0, MMPER: -1.0%
[00:00:00:05:852] 
---------- SM_Grids/6x8_grid_with_random_blocks_8per_8 ----------
[00:00:00:10:203] Path of length 42 found: [0, 8, 9, 1, 2, 10, 11, 3, 4, 12, 13, 5, 6, 7, 15, 14, 22, 21, 29, 28, 20, 19, 27, 26, 18, 17, 16, 24, 25, 33, 32, 40, 41, 42, 43, 35, 36, 37, 38, 30, 31, 39, 47]
[00:00:00:10:204] ! Unidirectional s-t. expansions: 6,575, time: 10,203 [ms], path length: 42 [edges], generated: 11,301
[00:00:00:05:528] Path of length 42 found: [47, 46, 38, 39, 31, 30, 22, 14, 15, 7, 6, 5, 4, 3, 2, 10, 18, 26, 27, 19, 11, 12, 13, 21, 20, 28, 29, 37, 36, 35, 43, 42, 41, 40, 32, 33, 25, 24, 16, 17, 9, 1, 0]
[00:00:00:05:529] ! Unidirectional t-s. expansions: 3,416, time: 5,528 [ms], path length: 42 [edges], generated: 5,951
[00:00:00:09:746] Path of length 42 found: [47, 46, 38, 39, 31, 30, 22, 14, 15, 7, 6, 5, 13, 21, 29, 37, 36, 44, 43, 42, 41, 40, 32, 33, 25, 24, 16, 17, 18, 26, 27, 19, 20, 12, 4, 3, 11, 10, 2, 1, 9, 8, 0]
[00:00:00:10:157] ! Bidirectional. expansions: 5,392, time: 9,746 [ms], path length: 42 [edges], g_F: 20, g_B: 22, generated: 10,029, MM: 2, MMPER: 3.6,511,627,906,976,747%
[00:00:00:10:157] 
---------- SM_Grids/6x8_grid_with_random_blocks_8per_9 ----------
[00:00:00:00:352] Path of length 44 found: [0, 1, 9, 10, 2, 3, 11, 12, 20, 28, 27, 19, 18, 26, 25, 17, 16, 24, 32, 33, 41, 42, 34, 35, 43, 44, 36, 37, 45, 46, 38, 30, 29, 21, 13, 5, 6, 7, 15, 14, 22, 23, 31, 39, 47]
[00:00:00:00:352] ! Unidirectional s-t. expansions: 206, time: 352 [ms], path length: 44 [edges], generated: 377
[00:00:00:00:143] Path of length 44 found: [47, 39, 31, 23, 15, 7, 6, 5, 13, 14, 22, 21, 29, 30, 38, 46, 45, 37, 36, 44, 43, 35, 34, 42, 41, 33, 32, 24, 16, 17, 25, 26, 18, 19, 27, 28, 20, 12, 11, 3, 2, 10, 9, 1, 0]
[00:00:00:00:144] ! Unidirectional t-s. expansions: 92, time: 143 [ms], path length: 44 [edges], generated: 161
[00:00:00:02:587] Path of length 44 found: [0, 1, 9, 10, 2, 3, 11, 12, 20, 28, 27, 19, 18, 26, 25, 17, 16, 24, 32, 33, 41, 42, 34, 35, 43, 44, 36, 37, 45, 46, 38, 30, 29, 21, 22, 14, 13, 5, 6, 7, 15, 23, 31, 39, 47]
[00:00:00:02:910] ! Bidirectional. expansions: 1,424, time: 2,587 [ms], path length: 44 [edges], g_F: 22, g_B: 22, generated: 2,600, MM: 0, MMPER: -1.0%
[00:00:00:02:910] average expansions: (10,788, 11,081, 7,540, 0)
[00:00:00:02:910] average time: (15,819, 16,595, 14,245, 0)
[00:00:00:02:910] A*: 10,788 , 15,819 (expansions , time[ms])
[00:00:00:02:910] XMM: 7,540 , 14,245 (expansions , time[ms])

[00:00:00:02:911] 
---------- SM_Grids/6x8_grid_with_random_blocks_8per_0 ----------
[00:00:02:00:845] Path of length 40 found: [0, 1, 9, 8, 16, 24, 32, 40, 41, 33, 25, 17, 18, 10, 11, 3, 4, 12, 20, 19, 27, 26, 34, 42, 43, 35, 36, 28, 29, 21, 13, 5, 6, 14, 15, 23, 31, 30, 38, 46, 47]
[00:00:02:00:845] ! Unidirectional s-t. expansions: 56,996, time: 120,845 [ms], path length: 40 [edges], generated: 102,107
[00:00:02:11:597] Path of length 40 found: [47, 46, 38, 39, 31, 23, 15, 7, 6, 14, 13, 5, 4, 3, 11, 12, 20, 21, 29, 37, 36, 28, 27, 19, 18, 10, 9, 17, 25, 26, 34, 35, 43, 42, 41, 33, 32, 24, 16, 8, 0]
[00:00:02:11:597] ! Unidirectional t-s. expansions: 62,70, time: 131,597 [ms], path length: 40 [edges], generated: 112,800
[00:00:01:46:311] Path of length 40 found: [0, 1, 9, 8, 16, 24, 32, 40, 41, 33, 25, 17, 18, 10, 11, 19, 27, 26, 34, 42, 43, 35, 36, 28, 29, 21, 20, 12, 4, 5, 13, 14, 6, 7, 15, 23, 31, 39, 38, 46, 47]
[00:00:01:46:643] ! Bidirectional. expansions: 165,185, time: 106,311 [ms], path length: 40 [edges], g_F: 20, g_B: 20, generated: {'F': 154,240, 'B': 164,663}, MM: 0, MMPER: -1.0%
[00:00:01:46:643] 
---------- SM_Grids/6x8_grid_with_random_blocks_8per_1 ----------
[00:00:00:03:603] Path of length 42 found: [0, 8, 16, 24, 32, 40, 41, 33, 25, 17, 18, 10, 11, 3, 4, 12, 20, 19, 27, 26, 34, 42, 43, 35, 36, 28, 29, 21, 13, 14, 6, 7, 15, 23, 22, 30, 31, 39, 38, 37, 45, 46, 47]
[00:00:00:03:603] ! Unidirectional s-t. expansions: 1,522, time: 3,603 [ms], path length: 42 [edges], generated: 2,890
[00:00:00:08:678] Path of length 42 found: [47, 39, 31, 23, 15, 7, 6, 14, 13, 12, 4, 3, 11, 10, 18, 17, 25, 33, 34, 26, 27, 19, 20, 28, 36, 37, 29, 21, 22, 30, 38, 46, 45, 44, 43, 42, 41, 40, 32, 24, 16, 8, 0]
[00:00:00:08:679] ! Unidirectional t-s. expansions: 3,782, time: 8,678 [ms], path length: 42 [edges], generated: 6,959
[00:00:00:06:490] Path of length 42 found: [0, 8, 16, 24, 32, 40, 41, 33, 25, 17, 18, 26, 34, 42, 43, 35, 36, 44, 45, 46, 38, 37, 29, 30, 22, 21, 20, 28, 27, 19, 11, 3, 4, 12, 13, 14, 6, 7, 15, 23, 31, 39, 47]
[00:00:00:06:820] ! Bidirectional. expansions: 8,726, time: 6,490 [ms], path length: 42 [edges], g_F: 21, g_B: 21, generated: {'F': 8,822, 'B': 7,909}, MM: 0, MMPER: -1.0%
[00:00:00:06:820] 
---------- SM_Grids/6x8_grid_with_random_blocks_8per_2 ----------
[00:00:00:27:121] Path of length 40 found: [0, 8, 16, 24, 32, 40, 41, 42, 34, 33, 25, 17, 9, 1, 2, 3, 11, 10, 18, 26, 27, 19, 20, 28, 36, 44, 45, 37, 29, 21, 22, 14, 6, 7, 15, 23, 31, 30, 38, 46, 47]
[00:00:00:27:121] ! Unidirectional s-t. expansions: 12,614, time: 27,121 [ms], path length: 40 [edges], generated: 23,010
[00:00:00:27:807] Path of length 40 found: [47, 39, 31, 23, 15, 7, 6, 14, 22, 21, 20, 12, 11, 3, 2, 1, 9, 10, 18, 19, 27, 28, 29, 30, 38, 46, 45, 37, 36, 35, 34, 26, 25, 33, 41, 40, 32, 24, 16, 8, 0]
[00:00:00:27:807] ! Unidirectional t-s. expansions: 12,968, time: 27,807 [ms], path length: 40 [edges], generated: 23,898
[00:00:00:47:587] Path of length 40 found: [0, 8, 16, 24, 32, 40, 41, 42, 34, 33, 25, 17, 9, 1, 2, 3, 11, 10, 18, 26, 27, 35, 36, 37, 45, 46, 38, 30, 29, 28, 20, 21, 22, 14, 6, 7, 15, 23, 31, 39, 47]
[00:00:00:47:946] ! Bidirectional. expansions: 72,678, time: 47,587 [ms], path length: 40 [edges], g_F: 20, g_B: 20, generated: {'F': 65,673, 'B': 66,550}, MM: 0, MMPER: -1.0%
[00:00:00:47:946] 
---------- SM_Grids/6x8_grid_with_random_blocks_8per_3 ----------
[00:00:00:15:440] Path of length 42 found: [0, 8, 9, 1, 2, 10, 18, 17, 25, 24, 32, 40, 41, 33, 34, 26, 27, 19, 11, 3, 4, 12, 20, 28, 36, 35, 43, 44, 45, 37, 29, 21, 13, 14, 6, 7, 15, 23, 31, 30, 38, 46, 47]
[00:00:00:15:441] ! Unidirectional s-t. expansions: 7,151, time: 15,440 [ms], path length: 42 [edges], generated: 12,805
[00:00:00:21:349] Path of length 42 found: [47, 39, 31, 23, 15, 7, 6, 14, 13, 12, 4, 3, 2, 10, 11, 19, 18, 26, 34, 35, 27, 28, 20, 21, 29, 30, 38, 46, 45, 37, 36, 44, 43, 42, 41, 40, 32, 24, 25, 17, 9, 1, 0]
[00:00:00:21:350] ! Unidirectional t-s. expansions: 9,497, time: 21,350 [ms], path length: 42 [edges], generated: 17,369
[00:00:00:15:581] Path of length 42 found: [0, 8, 9, 1, 2, 10, 18, 17, 25, 24, 32, 40, 41, 33, 34, 42, 43, 44, 45, 46, 38, 30, 29, 21, 20, 28, 36, 35, 27, 19, 11, 3, 4, 12, 13, 14, 6, 7, 15, 23, 31, 39, 47]
[00:00:00:15:907] ! Bidirectional. expansions: 23,98, time: 15,581 [ms], path length: 42 [edges], g_F: 21, g_B: 21, generated: {'F': 20,922, 'B': 21,243}, MM: 0, MMPER: -1.0%
[00:00:00:15:907] 
---------- SM_Grids/6x8_grid_with_random_blocks_8per_4 ----------
[00:00:00:39:219] Path of length 42 found: [0, 1, 9, 17, 16, 24, 32, 40, 41, 33, 25, 26, 18, 10, 2, 3, 11, 19, 27, 35, 34, 42, 43, 44, 45, 37, 36, 28, 20, 12, 4, 5, 6, 7, 15, 14, 13, 21, 29, 30, 38, 39, 47]
[00:00:00:39:219] ! Unidirectional s-t. expansions: 17,905, time: 39,219 [ms], path length: 42 [edges], generated: 32,622
[00:00:00:24:478] Path of length 42 found: [47, 39, 31, 30, 38, 37, 45, 44, 36, 28, 29, 21, 22, 14, 15, 7, 6, 5, 13, 12, 4, 3, 2, 10, 11, 19, 18, 26, 27, 35, 43, 42, 34, 33, 41, 40, 32, 24, 16, 17, 9, 1, 0]
[00:00:00:24:479] ! Unidirectional t-s. expansions: 11,248, time: 24,479 [ms], path length: 42 [edges], generated: 20,737
[00:00:00:22:154] Path of length 42 found: [0, 1, 9, 17, 16, 24, 32, 40, 41, 33, 25, 26, 34, 42, 43, 35, 27, 19, 18, 10, 2, 3, 4, 12, 13, 5, 6, 7, 15, 14, 22, 21, 29, 28, 36, 44, 45, 37, 38, 30, 31, 39, 47]
[00:00:00:22:466] ! Bidirectional. expansions: 35,362, time: 22,154 [ms], path length: 42 [edges], g_F: 21, g_B: 21, generated: {'F': 35,009, 'B': 33,893}, MM: 0, MMPER: -1.0%
[00:00:00:22:466] 
---------- SM_Grids/6x8_grid_with_random_blocks_8per_5 ----------
[00:00:00:03:969] Path of length 42 found: [0, 8, 16, 17, 9, 1, 2, 10, 18, 26, 25, 33, 32, 40, 41, 42, 43, 44, 36, 28, 27, 19, 11, 3, 4, 5, 13, 12, 20, 21, 29, 37, 45, 46, 38, 30, 22, 14, 15, 23, 31, 39, 47]
[00:00:00:03:969] ! Unidirectional s-t. expansions: 1,848, time: 3,969 [ms], path length: 42 [edges], generated: 3,366
[00:00:00:04:271] Path of length 42 found: [47, 39, 31, 23, 15, 14, 13, 5, 4, 3, 2, 1, 9, 10, 18, 26, 27, 19, 11, 12, 20, 28, 36, 37, 29, 21, 22, 30, 38, 46, 45, 44, 43, 42, 41, 40, 32, 33, 25, 17, 16, 8, 0]
[00:00:00:04:271] ! Unidirectional t-s. expansions: 2,37, time: 4,271 [ms], path length: 42 [edges], generated: 3,665
[00:00:00:10:043] Path of length 42 found: [0, 8, 16, 17, 9, 1, 2, 10, 18, 26, 25, 33, 32, 40, 41, 42, 43, 44, 45, 46, 38, 30, 22, 21, 29, 37, 36, 28, 27, 19, 20, 12, 11, 3, 4, 5, 13, 14, 15, 23, 31, 39, 47]
[00:00:00:10:346] ! Bidirectional. expansions: 13,527, time: 10,43 [ms], path length: 42 [edges], g_F: 21, g_B: 21, generated: {'F': 13,112, 'B': 12,068}, MM: 0, MMPER: -1.0%
[00:00:00:10:346] 
---------- SM_Grids/6x8_grid_with_random_blocks_8per_6 ----------
[00:00:00:06:496] Path of length 42 found: [0, 8, 16, 24, 32, 40, 41, 33, 25, 17, 18, 10, 11, 19, 27, 26, 34, 42, 43, 35, 36, 44, 45, 37, 29, 28, 20, 12, 4, 5, 13, 21, 22, 14, 6, 7, 15, 23, 31, 30, 38, 46, 47]
[00:00:00:06:496] ! Unidirectional s-t. expansions: 3,49, time: 6,496 [ms], path length: 42 [edges], generated: 5,700
[00:00:00:13:327] Path of length 42 found: [47, 39, 31, 23, 15, 7, 6, 5, 4, 12, 11, 10, 18, 17, 25, 33, 34, 26, 27, 19, 20, 28, 36, 37, 29, 21, 13, 14, 22, 30, 38, 46, 45, 44, 43, 42, 41, 40, 32, 24, 16, 8, 0]
[00:00:00:13:327] ! Unidirectional t-s. expansions: 5,697, time: 13,327 [ms], path length: 42 [edges], generated: 10,784
[00:00:00:13:587] Path of length 42 found: [0, 8, 16, 24, 32, 40, 41, 33, 25, 17, 18, 26, 34, 42, 43, 44, 45, 46, 38, 37, 29, 30, 22, 14, 13, 21, 20, 28, 36, 35, 27, 19, 11, 12, 4, 5, 6, 7, 15, 23, 31, 39, 47]
[00:00:00:13:913] ! Bidirectional. expansions: 20,84, time: 13,587 [ms], path length: 42 [edges], g_F: 21, g_B: 21, generated: {'F': 20,013, 'B': 18,482}, MM: 0, MMPER: -1.0%
[00:00:00:13:913] 
---------- SM_Grids/6x8_grid_with_random_blocks_8per_7 ----------
[00:00:00:00:123] Path of length 44 found: [0, 8, 16, 24, 32, 40, 41, 33, 25, 17, 9, 1, 2, 10, 18, 26, 34, 42, 43, 35, 27, 19, 20, 12, 11, 3, 4, 5, 6, 14, 15, 23, 22, 21, 29, 37, 36, 44, 45, 46, 38, 30, 31, 39, 47]
[00:00:00:00:123] ! Unidirectional s-t. expansions: 65, time: 123 [ms], path length: 44 [edges], generated: 105
[00:00:00:00:088] Path of length 44 found: [47, 39, 31, 23, 15, 14, 6, 5, 4, 3, 2, 1, 9, 17, 25, 33, 34, 26, 18, 10, 11, 12, 20, 19, 27, 35, 36, 37, 29, 21, 22, 30, 38, 46, 45, 44, 43, 42, 41, 40, 32, 24, 16, 8, 0]
[00:00:00:00:088] ! Unidirectional t-s. expansions: 44, time: 88 [ms], path length: 44 [edges], generated: 72
[00:00:00:00:035] Path of length 44 found: [0, 8, 16, 24, 32, 40, 41, 33, 25, 17, 9, 1, 2, 10, 18, 26, 34, 42, 43, 44, 45, 46, 38, 30, 22, 21, 29, 37, 36, 35, 27, 19, 20, 12, 11, 3, 4, 5, 6, 14, 15, 23, 31, 39, 47]
[00:00:00:00:347] ! Bidirectional. expansions: 44, time: 35 [ms], path length: 44 [edges], g_F: 22, g_B: 22, generated: {'F': 41, 'B': 40}, MM: 0, MMPER: -1.0%
[00:00:00:00:347] 
---------- SM_Grids/6x8_grid_with_random_blocks_8per_8 ----------
[00:00:00:14:108] Path of length 42 found: [0, 8, 16, 24, 32, 40, 41, 33, 25, 17, 9, 1, 2, 10, 18, 26, 27, 35, 43, 44, 36, 28, 20, 19, 11, 3, 4, 12, 13, 5, 6, 7, 15, 14, 22, 21, 29, 37, 38, 30, 31, 39, 47]
[00:00:00:14:108] ! Unidirectional s-t. expansions: 6,574, time: 14,108 [ms], path length: 42 [edges], generated: 11,875
[00:00:00:07:299] Path of length 42 found: [47, 46, 38, 39, 31, 30, 22, 14, 15, 7, 6, 5, 4, 3, 2, 1, 9, 17, 25, 26, 18, 10, 11, 19, 27, 28, 20, 12, 13, 21, 29, 37, 36, 35, 43, 42, 41, 33, 32, 24, 16, 8, 0]
[00:00:00:07:299] ! Unidirectional t-s. expansions: 3,419, time: 7,299 [ms], path length: 42 [edges], generated: 6,211
[00:00:00:10:916] Path of length 42 found: [0, 8, 16, 24, 32, 40, 41, 33, 25, 17, 9, 1, 2, 10, 18, 26, 27, 35, 43, 44, 36, 28, 29, 21, 13, 12, 20, 19, 11, 3, 4, 5, 6, 7, 15, 14, 22, 30, 31, 39, 38, 46, 47]
[00:00:00:11:226] ! Bidirectional. expansions: 16,48, time: 10,916 [ms], path length: 42 [edges], g_F: 21, g_B: 21, generated: {'F': 14,503, 'B': 14,832}, MM: 0, MMPER: -1.0%
[00:00:00:11:226] 
---------- SM_Grids/6x8_grid_with_random_blocks_8per_9 ----------
[00:00:00:15:764] Path of length 44 found: [0, 1, 9, 10, 2, 3, 11, 12, 20, 28, 27, 19, 18, 26, 25, 17, 16, 24, 32, 33, 41, 42, 34, 35, 43, 44, 36, 37, 45, 46, 38, 30, 29, 21, 13, 5, 6, 7, 15, 14, 22, 23, 31, 39, 47]
[00:00:00:15:765] ! Unidirectional s-t. expansions: 7,448, time: 15,764 [ms], path length: 44 [edges], generated: 13,751
[00:00:00:01:282] Path of length 44 found: [47, 39, 31, 23, 15, 7, 6, 5, 13, 14, 22, 21, 29, 30, 38, 46, 45, 37, 36, 44, 43, 35, 34, 42, 41, 33, 32, 24, 16, 17, 25, 26, 18, 19, 27, 28, 20, 12, 11, 3, 2, 10, 9, 1, 0]
[00:00:00:01:282] ! Unidirectional t-s. expansions: 629, time: 1,282 [ms], path length: 44 [edges], generated: 1,074
[00:00:00:04:173] Path of length 44 found: [0, 1, 9, 10, 2, 3, 11, 12, 20, 28, 27, 19, 18, 26, 25, 17, 16, 24, 32, 33, 41, 42, 34, 35, 43, 44, 36, 37, 45, 46, 38, 30, 29, 21, 22, 14, 13, 5, 6, 7, 15, 23, 31, 39, 47]
[00:00:00:04:528] ! Bidirectional. expansions: 6,517, time: 4,173 [ms], path length: 44 [edges], g_F: 22, g_B: 22, generated: {'F': 6,356, 'B': 6,347}, MM: 0, MMPER: -1.0%
[00:00:00:04:528] average expansions: (11,517, 11,139, 36,127, 0)
[00:00:00:04:528] average time: (24,669, 24,018, 23,688, 0)
[00:00:00:04:528] X-DFS: 11,139 , 24,018 (expansions , time[ms])
[00:00:00:04:528] BiX-DFS: 36,127 , 23,688 (expansions , time[ms])

