--------------------------
date: SM_Grids
number_of_graphs: 10
graph_type: grid
size_of_graphs: [8, 8]
heuristic: bcc_heuristic
snake: False
run_uni: True
run_bi: True
run_multi: False
solution_vertices: []
algorithms: ['full', 'DFS']
bsd: True
cube_first_dims: 4
cube_buffer_dim: None
backward_sym_generation: False
sym_coil: False
prefix_set: None

---------- SM_Grids/8x8_grid_with_random_blocks_8per_0 ----------
[00:00:00:01:423] Path of length 56 found: [0, 8, 9, 17, 16, 24, 25, 26, 18, 19, 11, 10, 2, 3, 4, 5, 13, 21, 20, 28, 27, 35, 36, 37, 29, 30, 22, 14, 6, 7, 15, 23, 31, 39, 38, 46, 47, 55, 54, 53, 45, 44, 43, 42, 34, 33, 32, 40, 41, 49, 57, 58, 59, 60, 61, 62, 63]
[00:00:00:01:423] ! Unidirectional s-t. expansions: 813, time: 1,423 [ms], path length: 56 [edges], generated: 1,466
[00:00:00:07:994] Path of length 56 found: [63, 62, 54, 55, 47, 46, 38, 39, 31, 23, 15, 7, 6, 14, 22, 30, 29, 37, 36, 35, 27, 28, 20, 21, 13, 5, 4, 3, 2, 10, 11, 19, 18, 26, 25, 33, 34, 42, 43, 44, 45, 53, 61, 60, 59, 58, 57, 49, 41, 40, 32, 24, 16, 17, 9, 8, 0]
[00:00:00:07:994] ! Unidirectional t-s. expansions: 4,10, time: 7,994 [ms], path length: 56 [edges], generated: 7,397
[00:00:00:19:707] Path of length 56 found: [63, 55, 47, 39, 31, 23, 22, 30, 29, 37, 38, 46, 45, 53, 54, 62, 61, 60, 59, 58, 57, 49, 41, 40, 32, 33, 34, 42, 43, 44, 36, 35, 27, 28, 20, 21, 13, 14, 15, 7, 6, 5, 4, 3, 2, 10, 11, 19, 18, 26, 25, 24, 16, 17, 9, 8, 0]
[00:00:00:20:165] ! Bidirectional. expansions: 8,106, time: 19,708 [ms], path length: 56 [edges], g_F: 28, g_B: 28, generated: 16,244, MM: 0, MMPER: -1.0%
[00:00:00:20:165] 
---------- SM_Grids/8x8_grid_with_random_blocks_8per_1 ----------
[00:00:01:04:497] Path of length 56 found: [0, 8, 16, 24, 32, 40, 48, 56, 57, 49, 41, 42, 50, 51, 59, 60, 61, 53, 52, 44, 43, 35, 34, 26, 18, 17, 9, 1, 2, 10, 11, 3, 4, 12, 20, 28, 36, 37, 29, 21, 13, 5, 6, 7, 15, 14, 22, 23, 31, 30, 38, 39, 47, 46, 54, 62, 63]
[00:00:01:04:498] ! Unidirectional s-t. expansions: 33,190, time: 64,497 [ms], path length: 56 [edges], generated: 57,328
[00:00:01:33:470] Path of length 56 found: [63, 55, 47, 39, 31, 23, 15, 7, 6, 5, 4, 12, 13, 14, 22, 30, 38, 46, 54, 62, 61, 53, 52, 60, 59, 51, 50, 42, 41, 49, 57, 56, 48, 40, 32, 24, 16, 17, 18, 26, 34, 35, 43, 44, 36, 37, 29, 21, 20, 19, 11, 3, 2, 10, 9, 1, 0]
[00:00:01:33:473] ! Unidirectional t-s. expansions: 46,356, time: 93,471 [ms], path length: 56 [edges], generated: 82,025
[00:00:02:01:421] Path of length 56 found: [0, 8, 16, 24, 32, 40, 48, 56, 57, 49, 41, 42, 50, 51, 59, 60, 52, 44, 43, 35, 34, 26, 18, 17, 9, 1, 2, 10, 11, 12, 4, 5, 13, 21, 20, 28, 36, 37, 29, 30, 22, 14, 6, 7, 15, 23, 31, 39, 38, 46, 47, 55, 54, 53, 61, 62, 63]
[00:00:02:01:846] ! Bidirectional. expansions: 54,798, time: 121,421 [ms], path length: 56 [edges], g_F: 27, g_B: 29, generated: 99,355, MM: 2, MMPER: 2.508,771,929,824,561%
[00:00:02:01:846] 
---------- SM_Grids/8x8_grid_with_random_blocks_8per_2 ----------
[00:00:00:00:114] Path of length 58 found: [0, 8, 16, 24, 32, 40, 48, 56, 57, 49, 41, 42, 34, 35, 27, 26, 25, 17, 18, 10, 9, 1, 2, 3, 11, 12, 20, 21, 13, 5, 6, 7, 15, 14, 22, 23, 31, 30, 29, 37, 36, 44, 43, 51, 50, 58, 59, 60, 52, 53, 45, 46, 38, 39, 47, 55, 54, 62, 63]
[00:00:00:00:115] ! Unidirectional s-t. expansions: 60, time: 114 [ms], path length: 58 [edges], generated: 97
[00:00:00:00:112] Path of length 58 found: [63, 62, 54, 55, 47, 39, 31, 23, 15, 7, 6, 5, 13, 14, 22, 21, 20, 12, 11, 3, 2, 1, 9, 10, 18, 17, 25, 26, 27, 35, 34, 42, 41, 49, 50, 51, 43, 44, 36, 37, 29, 30, 38, 46, 45, 53, 52, 60, 59, 58, 57, 56, 48, 40, 32, 24, 16, 8, 0]
[00:00:00:00:112] ! Unidirectional t-s. expansions: 59, time: 112 [ms], path length: 58 [edges], generated: 94
[00:00:00:01:528] Path of length 58 found: [0, 8, 16, 24, 32, 40, 48, 56, 57, 49, 41, 42, 34, 35, 27, 26, 25, 17, 18, 10, 9, 1, 2, 3, 11, 12, 20, 21, 13, 5, 6, 7, 15, 14, 22, 23, 31, 30, 29, 37, 36, 44, 43, 51, 50, 58, 59, 60, 52, 53, 45, 46, 38, 39, 47, 55, 54, 62, 63]
[00:00:00:01:950] ! Bidirectional. expansions: 651, time: 1,528 [ms], path length: 58 [edges], g_F: 29, g_B: 29, generated: 1,207, MM: 0, MMPER: -1.0%
[00:00:00:01:951] 
---------- SM_Grids/8x8_grid_with_random_blocks_8per_3 ----------
[00:00:00:06:313] Path of length 56 found: [0, 8, 16, 17, 25, 26, 34, 35, 43, 51, 50, 49, 41, 33, 32, 40, 48, 56, 57, 58, 59, 60, 61, 53, 52, 44, 45, 37, 36, 28, 27, 19, 18, 10, 2, 3, 4, 12, 20, 21, 29, 30, 22, 14, 13, 5, 6, 7, 15, 23, 31, 39, 47, 46, 54, 62, 63]
[00:00:00:06:314] ! Unidirectional s-t. expansions: 2,995, time: 6,314 [ms], path length: 56 [edges], generated: 5,143
[00:00:00:51:761] Path of length 56 found: [63, 55, 47, 39, 31, 23, 15, 7, 6, 14, 22, 30, 29, 37, 45, 46, 54, 62, 61, 53, 52, 60, 59, 51, 50, 58, 57, 56, 48, 49, 41, 40, 32, 33, 25, 26, 34, 35, 43, 44, 36, 28, 27, 19, 20, 21, 13, 5, 4, 3, 2, 10, 18, 17, 16, 8, 0]
[00:00:00:51:762] ! Unidirectional t-s. expansions: 26,122, time: 51,761 [ms], path length: 56 [edges], generated: 45,238
[00:00:00:45:815] Path of length 56 found: [0, 8, 16, 17, 25, 33, 32, 40, 41, 49, 48, 56, 57, 58, 50, 51, 59, 60, 52, 44, 43, 35, 34, 26, 18, 10, 2, 3, 4, 5, 13, 21, 20, 19, 27, 28, 36, 37, 29, 30, 22, 14, 6, 7, 15, 23, 31, 39, 47, 46, 45, 53, 61, 62, 54, 55, 63]
[00:00:00:46:238] ! Bidirectional. expansions: 20,993, time: 45,815 [ms], path length: 56 [edges], g_F: 27, g_B: 29, generated: 37,661, MM: 2, MMPER: 2.508,771,929,824,561%
[00:00:00:46:238] 
---------- SM_Grids/8x8_grid_with_random_blocks_8per_4 ----------
[00:00:07:05:361] Path of length 52 found: [0, 8, 16, 24, 32, 33, 25, 17, 9, 1, 2, 10, 18, 26, 34, 35, 27, 19, 11, 3, 4, 12, 20, 28, 29, 21, 13, 14, 22, 30, 31, 39, 47, 46, 38, 37, 36, 44, 43, 42, 41, 40, 48, 56, 57, 58, 59, 51, 52, 53, 54, 62, 63]
[00:00:07:05:367] ! Unidirectional s-t. expansions: 212,20, time: 425,361 [ms], path length: 52 [edges], generated: 368,459
[00:00:01:16:836] Path of length 52 found: [63, 62, 54, 55, 47, 46, 38, 39, 31, 30, 22, 14, 13, 12, 4, 3, 2, 10, 11, 19, 18, 26, 25, 33, 41, 42, 34, 35, 27, 28, 20, 21, 29, 37, 36, 44, 43, 51, 52, 60, 59, 58, 57, 49, 48, 40, 32, 24, 16, 17, 9, 1, 0]
[00:00:01:16:837] ! Unidirectional t-s. expansions: 36,535, time: 76,836 [ms], path length: 52 [edges], generated: 65,987
[00:00:05:02:237] Path of length 52 found: [63, 62, 54, 55, 47, 46, 38, 39, 31, 30, 22, 14, 13, 21, 20, 19, 27, 28, 29, 37, 36, 35, 34, 42, 43, 44, 52, 60, 59, 58, 57, 56, 48, 49, 41, 40, 32, 33, 25, 24, 16, 17, 18, 10, 11, 12, 4, 3, 2, 1, 9, 8, 0]
[00:00:05:02:767] ! Bidirectional. expansions: 134,787, time: 302,238 [ms], path length: 52 [edges], g_F: 25, g_B: 27, generated: 253,253, MM: 2, MMPER: 2.7,735,849,056,603,774%
[00:00:05:02:767] 
---------- SM_Grids/8x8_grid_with_random_blocks_8per_5 ----------
[00:00:03:27:180] Path of length 54 found: [0, 1, 2, 3, 11, 12, 4, 5, 13, 14, 6, 7, 15, 23, 22, 21, 20, 28, 27, 26, 18, 17, 16, 24, 25, 33, 32, 40, 48, 56, 57, 49, 41, 42, 34, 35, 43, 51, 50, 58, 59, 60, 61, 53, 52, 44, 36, 37, 29, 30, 38, 39, 47, 55, 63]
[00:00:03:27:187] ! Unidirectional s-t. expansions: 115,369, time: 207,181 [ms], path length: 54 [edges], generated: 200,243
[00:00:05:33:972] Path of length 54 found: [63, 55, 47, 39, 31, 23, 15, 7, 6, 5, 13, 14, 22, 21, 29, 30, 38, 37, 45, 44, 43, 42, 41, 49, 50, 51, 52, 53, 61, 60, 59, 58, 57, 56, 48, 40, 32, 33, 25, 24, 16, 17, 18, 26, 34, 35, 27, 28, 20, 12, 4, 3, 2, 1, 0]
[00:00:05:33:979] ! Unidirectional t-s. expansions: 174,603, time: 333,972 [ms], path length: 54 [edges], generated: 322,023
[00:00:04:27:287] Path of length 54 found: [0, 1, 2, 3, 11, 12, 4, 5, 13, 21, 20, 28, 27, 26, 18, 17, 16, 24, 25, 33, 32, 40, 48, 56, 57, 49, 50, 58, 59, 60, 61, 53, 45, 44, 52, 51, 43, 42, 34, 35, 36, 37, 38, 30, 22, 14, 6, 7, 15, 23, 31, 39, 47, 55, 63]
[00:00:04:27:845] ! Bidirectional. expansions: 119,365, time: 267,287 [ms], path length: 54 [edges], g_F: 25, g_B: 29, generated: 233,063, MM: 4, MMPER: 6.2,727,272,727,272,725%
[00:00:04:27:845] 
---------- SM_Grids/8x8_grid_with_random_blocks_8per_6 ----------
[00:00:13:48:769] Path of length 56 found: [0, 8, 16, 24, 32, 40, 48, 49, 41, 33, 25, 17, 9, 1, 2, 10, 18, 26, 34, 42, 50, 58, 59, 51, 43, 35, 27, 19, 11, 3, 4, 12, 20, 28, 29, 21, 13, 5, 6, 14, 15, 23, 22, 30, 31, 39, 47, 46, 38, 37, 36, 44, 52, 53, 61, 62, 63]
[00:00:13:48:778] ! Unidirectional s-t. expansions: 433,323, time: 828,771 [ms], path length: 56 [edges], generated: 773,550
[00:00:07:00:176] Path of length 56 found: [63, 62, 61, 53, 54, 46, 47, 39, 38, 37, 45, 44, 52, 51, 59, 58, 50, 42, 43, 35, 36, 28, 27, 26, 34, 33, 41, 49, 48, 40, 32, 24, 25, 17, 16, 8, 9, 10, 18, 19, 20, 21, 29, 30, 31, 23, 15, 14, 6, 5, 13, 12, 4, 3, 2, 1, 0]
[00:00:07:00:177] ! Unidirectional t-s. expansions: 207,355, time: 420,176 [ms], path length: 56 [edges], generated: 380,313
[00:00:11:55:387] Path of length 56 found: [0, 8, 16, 24, 32, 40, 48, 49, 41, 33, 25, 17, 9, 1, 2, 10, 18, 26, 34, 42, 50, 58, 59, 51, 43, 35, 36, 44, 45, 37, 38, 30, 22, 21, 29, 28, 20, 19, 11, 3, 4, 12, 13, 5, 6, 14, 15, 23, 31, 39, 47, 46, 54, 53, 61, 62, 63]
[00:00:11:56:115] ! Bidirectional. expansions: 304,515, time: 715,387 [ms], path length: 56 [edges], g_F: 27, g_B: 29, generated: 610,385, MM: 2, MMPER: 2.508,771,929,824,561%
[00:00:11:56:115] 
---------- SM_Grids/8x8_grid_with_random_blocks_8per_7 ----------
[00:00:00:00:109] Path of length 56 found: [0, 8, 16, 24, 32, 40, 48, 56, 57, 49, 41, 33, 25, 17, 18, 10, 2, 3, 11, 12, 4, 5, 6, 14, 22, 23, 31, 30, 29, 21, 20, 28, 27, 26, 34, 35, 43, 51, 50, 58, 59, 60, 52, 44, 36, 37, 45, 53, 61, 62, 54, 46, 38, 39, 47, 55, 63]
[00:00:00:00:109] ! Unidirectional s-t. expansions: 57, time: 109 [ms], path length: 56 [edges], generated: 93
[00:00:00:34:903] Path of length 56 found: [63, 55, 47, 39, 31, 23, 22, 14, 6, 5, 4, 3, 11, 12, 20, 21, 29, 30, 38, 37, 36, 28, 27, 26, 25, 33, 34, 35, 43, 44, 52, 53, 45, 46, 54, 62, 61, 60, 59, 51, 50, 58, 57, 56, 48, 49, 41, 40, 32, 24, 16, 17, 18, 10, 2, 1, 0]
[00:00:00:34:906] ! Unidirectional t-s. expansions: 16,874, time: 34,904 [ms], path length: 56 [edges], generated: 28,533
[00:00:01:59:732] Path of length 56 found: [0, 8, 16, 24, 32, 40, 48, 56, 57, 49, 41, 33, 25, 17, 18, 10, 2, 3, 11, 12, 4, 5, 6, 14, 22, 23, 31, 30, 29, 21, 20, 28, 27, 26, 34, 35, 43, 51, 50, 58, 59, 60, 61, 62, 54, 46, 45, 53, 52, 44, 36, 37, 38, 39, 47, 55, 63]
[00:00:02:00:223] ! Bidirectional. expansions: 53,381, time: 119,732 [ms], path length: 56 [edges], g_F: 27, g_B: 29, generated: 97,709, MM: 2, MMPER: 2.508,771,929,824,561%
[00:00:02:00:223] 
---------- SM_Grids/8x8_grid_with_random_blocks_8per_8 ----------
[00:00:00:00:115] Path of length 58 found: [0, 1, 9, 17, 16, 24, 32, 33, 25, 26, 18, 10, 2, 3, 11, 19, 27, 35, 34, 42, 41, 49, 48, 56, 57, 58, 59, 51, 43, 44, 36, 28, 20, 21, 13, 12, 4, 5, 6, 7, 15, 23, 31, 30, 29, 37, 45, 53, 52, 60, 61, 62, 54, 46, 38, 39, 47, 55, 63]
[00:00:00:00:115] ! Unidirectional s-t. expansions: 62, time: 115 [ms], path length: 58 [edges], generated: 100
[00:00:00:01:259] Path of length 58 found: [63, 55, 47, 39, 31, 23, 15, 7, 6, 5, 4, 3, 2, 10, 18, 19, 11, 12, 13, 21, 20, 28, 27, 35, 43, 51, 52, 44, 36, 37, 29, 30, 38, 46, 45, 53, 54, 62, 61, 60, 59, 58, 57, 56, 48, 49, 41, 42, 34, 26, 25, 33, 32, 24, 16, 17, 9, 1, 0]
[00:00:00:01:259] ! Unidirectional t-s. expansions: 651, time: 1,259 [ms], path length: 58 [edges], generated: 1,100
[00:00:00:40:695] Path of length 58 found: [0, 1, 9, 17, 16, 24, 32, 33, 25, 26, 18, 10, 2, 3, 11, 19, 27, 35, 34, 42, 41, 49, 48, 56, 57, 58, 59, 51, 43, 44, 52, 60, 61, 62, 54, 53, 45, 46, 38, 30, 29, 37, 36, 28, 20, 21, 13, 12, 4, 5, 6, 7, 15, 23, 31, 39, 47, 55, 63]
[00:00:00:41:138] ! Bidirectional. expansions: 18,699, time: 40,695 [ms], path length: 58 [edges], g_F: 29, g_B: 29, generated: 35,336, MM: 0, MMPER: -1.0%
[00:00:00:41:138] 
---------- SM_Grids/8x8_grid_with_random_blocks_8per_9 ----------
[00:00:00:10:020] Path of length 56 found: [0, 8, 16, 24, 32, 40, 48, 56, 57, 49, 50, 58, 59, 60, 61, 62, 54, 46, 45, 53, 52, 51, 43, 42, 34, 33, 25, 26, 18, 10, 2, 3, 11, 19, 27, 35, 36, 37, 29, 28, 20, 12, 4, 5, 6, 7, 15, 14, 13, 21, 22, 30, 38, 39, 47, 55, 63]
[00:00:00:10:020] ! Unidirectional s-t. expansions: 5,393, time: 10,20 [ms], path length: 56 [edges], generated: 9,399
[00:00:01:14:523] Path of length 56 found: [63, 55, 47, 39, 31, 30, 22, 14, 15, 7, 6, 5, 13, 21, 29, 28, 36, 37, 38, 46, 45, 53, 54, 62, 61, 60, 52, 51, 59, 58, 50, 49, 57, 56, 48, 40, 32, 33, 34, 42, 43, 35, 27, 19, 20, 12, 4, 3, 11, 10, 18, 26, 25, 24, 16, 8, 0]
[00:00:01:14:524] ! Unidirectional t-s. expansions: 39,822, time: 74,523 [ms], path length: 56 [edges], generated: 70,536
[00:00:01:01:318] Path of length 56 found: [0, 8, 16, 24, 32, 40, 48, 56, 57, 49, 50, 58, 59, 51, 43, 42, 34, 33, 25, 26, 18, 10, 2, 3, 11, 19, 27, 35, 36, 28, 29, 21, 13, 12, 4, 5, 6, 7, 15, 14, 22, 30, 31, 39, 38, 37, 45, 53, 52, 60, 61, 62, 54, 46, 47, 55, 63]
[00:00:01:01:731] ! Bidirectional. expansions: 29,367, time: 61,318 [ms], path length: 56 [edges], g_F: 27, g_B: 29, generated: 54,452, MM: 2, MMPER: 2.508,771,929,824,561%
[00:00:01:01:731] average expansions: (80,328, 55,239, 74,466, 0)
[00:00:01:01:731] average time: (154,390, 109,501, 169,513, 0)
[00:00:01:01:731] A*: 55,239 , 109,501 (expansions , time[ms])
[00:00:01:01:731] XMM: 74,466 , 169,513 (expansions , time[ms])

[00:00:01:01:731] 
---------- SM_Grids/8x8_grid_with_random_blocks_8per_0 ----------
[00:00:04:06:036] Path of length 56 found: [0, 8, 9, 17, 16, 24, 32, 40, 41, 49, 57, 58, 59, 51, 43, 42, 34, 33, 25, 26, 18, 19, 11, 10, 2, 3, 4, 5, 13, 21, 20, 28, 27, 35, 36, 44, 45, 37, 29, 30, 22, 14, 6, 7, 15, 23, 31, 39, 38, 46, 47, 55, 54, 53, 61, 62, 63]
[00:00:04:06:036] ! Unidirectional s-t. expansions: 86,187, time: 246,36 [ms], path length: 56 [edges], generated: 164,318
[00:00:00:14:348] Path of length 56 found: [63, 55, 47, 39, 31, 23, 15, 7, 6, 5, 4, 3, 2, 10, 11, 19, 18, 26, 25, 33, 34, 42, 43, 44, 36, 35, 27, 28, 20, 21, 13, 14, 22, 30, 29, 37, 38, 46, 45, 53, 54, 62, 61, 60, 59, 58, 57, 49, 41, 40, 32, 24, 16, 17, 9, 8, 0]
[00:00:00:14:348] ! Unidirectional t-s. expansions: 4,689, time: 14,348 [ms], path length: 56 [edges], generated: 8,903
[00:00:02:58:153] Valid meeting checks so far: 200,000, state_vs_state: 232, state_vs_prefix: 0, prefix_vs_prefix: 199,768
[00:00:03:27:470] Path of length 56 found: [0, 8, 9, 17, 16, 24, 32, 40, 41, 49, 57, 58, 59, 60, 61, 62, 54, 53, 45, 46, 38, 37, 29, 30, 22, 14, 13, 21, 20, 28, 27, 35, 36, 44, 43, 42, 34, 33, 25, 26, 18, 19, 11, 10, 2, 3, 4, 5, 6, 7, 15, 23, 31, 39, 47, 55, 63]
[00:00:03:27:877] ! Bidirectional. expansions: 228,701, time: 207,470 [ms], path length: 56 [edges], g_F: 28, g_B: 28, generated: {'F': 219,081, 'B': 204,138}, MM: 0, MMPER: -1.0%
[00:00:03:27:878] 
---------- SM_Grids/8x8_grid_with_random_blocks_8per_1 ----------
[00:00:01:34:613] Path of length 56 found: [0, 8, 16, 24, 32, 40, 48, 56, 57, 49, 41, 42, 50, 51, 59, 60, 52, 44, 43, 35, 34, 26, 18, 17, 9, 1, 2, 10, 11, 3, 4, 12, 20, 28, 36, 37, 29, 21, 13, 5, 6, 7, 15, 14, 22, 23, 31, 30, 38, 39, 47, 46, 54, 53, 61, 62, 63]
[00:00:01:34:614] ! Unidirectional s-t. expansions: 33,191, time: 94,613 [ms], path length: 56 [edges], generated: 60,575
[00:00:02:16:259] Path of length 56 found: [63, 55, 47, 39, 31, 23, 15, 7, 6, 5, 4, 3, 2, 1, 9, 17, 18, 26, 34, 35, 43, 44, 36, 28, 20, 19, 11, 12, 13, 14, 22, 21, 29, 37, 38, 46, 54, 62, 61, 53, 52, 60, 59, 51, 50, 42, 41, 49, 57, 56, 48, 40, 32, 24, 16, 8, 0]
[00:00:02:16:260] ! Unidirectional t-s. expansions: 47,231, time: 136,260 [ms], path length: 56 [edges], generated: 87,701
[00:00:03:04:156] Path of length 56 found: [0, 8, 16, 24, 32, 40, 48, 56, 57, 49, 41, 42, 50, 51, 59, 60, 52, 53, 61, 62, 54, 46, 38, 30, 22, 14, 13, 12, 11, 19, 20, 28, 29, 37, 36, 44, 43, 35, 34, 26, 18, 17, 9, 1, 2, 3, 4, 5, 6, 7, 15, 23, 31, 39, 47, 55, 63]
[00:00:03:04:598] ! Bidirectional. expansions: 199,392, time: 184,156 [ms], path length: 56 [edges], g_F: 28, g_B: 28, generated: {'F': 188,218, 'B': 181,359}, MM: 0, MMPER: -1.0%
[00:00:03:04:598] 
---------- SM_Grids/8x8_grid_with_random_blocks_8per_2 ----------
[00:00:00:00:608] Path of length 58 found: [0, 8, 16, 24, 32, 40, 48, 56, 57, 49, 41, 42, 34, 35, 27, 26, 25, 17, 18, 10, 9, 1, 2, 3, 11, 12, 20, 21, 13, 5, 6, 7, 15, 14, 22, 23, 31, 30, 29, 37, 36, 44, 43, 51, 50, 58, 59, 60, 52, 53, 45, 46, 38, 39, 47, 55, 54, 62, 63]
[00:00:00:00:609] ! Unidirectional s-t. expansions: 235, time: 608 [ms], path length: 58 [edges], generated: 386
[00:00:00:00:151] Path of length 58 found: [63, 62, 54, 55, 47, 39, 31, 23, 15, 7, 6, 5, 13, 14, 22, 21, 20, 12, 11, 3, 2, 1, 9, 10, 18, 17, 25, 26, 27, 35, 34, 42, 41, 49, 50, 51, 43, 44, 36, 37, 29, 30, 38, 46, 45, 53, 52, 60, 59, 58, 57, 56, 48, 40, 32, 24, 16, 8, 0]
[00:00:00:00:151] ! Unidirectional t-s. expansions: 58, time: 151 [ms], path length: 58 [edges], generated: 94
[00:00:00:00:086] Path of length 58 found: [0, 8, 16, 24, 32, 40, 48, 56, 57, 49, 41, 42, 34, 35, 27, 26, 25, 17, 18, 10, 9, 1, 2, 3, 11, 12, 20, 21, 29, 37, 36, 44, 43, 51, 50, 58, 59, 60, 52, 53, 45, 46, 38, 30, 22, 14, 13, 5, 6, 7, 15, 23, 31, 39, 47, 55, 54, 62, 63]
[00:00:00:00:482] ! Bidirectional. expansions: 93, time: 86 [ms], path length: 58 [edges], g_F: 29, g_B: 29, generated: {'F': 84, 'B': 88}, MM: 0, MMPER: -1.0%
[00:00:00:00:483] 
---------- SM_Grids/8x8_grid_with_random_blocks_8per_3 ----------
[00:00:00:08:471] Path of length 56 found: [0, 8, 16, 17, 25, 33, 32, 40, 41, 49, 48, 56, 57, 58, 50, 51, 59, 60, 52, 44, 43, 35, 34, 26, 18, 10, 2, 3, 4, 12, 20, 19, 27, 28, 36, 37, 29, 21, 13, 5, 6, 7, 15, 14, 22, 30, 31, 39, 47, 46, 45, 53, 61, 62, 54, 55, 63]
[00:00:00:08:471] ! Unidirectional s-t. expansions: 3,4, time: 8,471 [ms], path length: 56 [edges], generated: 5,331
[00:00:01:14:527] Path of length 56 found: [63, 55, 47, 39, 31, 23, 15, 7, 6, 5, 4, 3, 2, 10, 18, 26, 34, 35, 43, 44, 36, 28, 27, 19, 20, 12, 13, 14, 22, 21, 29, 37, 45, 46, 54, 62, 61, 53, 52, 60, 59, 51, 50, 58, 57, 56, 48, 49, 41, 40, 32, 33, 25, 17, 16, 8, 0]
[00:00:01:14:528] ! Unidirectional t-s. expansions: 26,786, time: 74,527 [ms], path length: 56 [edges], generated: 48,270
[00:00:00:13:092] Path of length 56 found: [0, 8, 16, 17, 25, 33, 32, 40, 41, 49, 48, 56, 57, 58, 50, 51, 59, 60, 52, 53, 61, 62, 54, 46, 45, 37, 29, 30, 22, 21, 13, 12, 20, 19, 27, 28, 36, 44, 43, 35, 34, 26, 18, 10, 2, 3, 4, 5, 6, 7, 15, 23, 31, 39, 47, 55, 63]
[00:00:00:13:513] ! Bidirectional. expansions: 14,399, time: 13,92 [ms], path length: 56 [edges], g_F: 28, g_B: 28, generated: {'F': 12,766, 'B': 13,061}, MM: 0, MMPER: -1.0%
[00:00:00:13:513] 
---------- SM_Grids/8x8_grid_with_random_blocks_8per_4 ----------
[00:00:09:32:036] Valid states checked so far: 200,000, Expansions: 199,998, Global best: 53
[00:00:10:06:806] Path of length 52 found: [0, 8, 16, 24, 32, 40, 48, 56, 57, 49, 41, 33, 25, 17, 9, 1, 2, 10, 18, 26, 34, 42, 43, 51, 59, 60, 52, 44, 36, 35, 27, 19, 11, 3, 4, 12, 20, 28, 29, 21, 13, 14, 22, 30, 31, 39, 38, 46, 47, 55, 54, 62, 63]
[00:00:10:06:806] ! Unidirectional s-t. expansions: 212,32, time: 606,806 [ms], path length: 52 [edges], generated: 394,262
[00:00:01:44:679] Path of length 52 found: [63, 62, 54, 53, 52, 60, 59, 51, 43, 44, 36, 28, 20, 21, 29, 37, 38, 46, 47, 39, 31, 30, 22, 14, 13, 12, 4, 3, 2, 1, 9, 17, 25, 26, 18, 10, 11, 19, 27, 35, 34, 42, 41, 49, 57, 56, 48, 40, 32, 24, 16, 8, 0]
[00:00:01:44:679] ! Unidirectional t-s. expansions: 36,542, time: 104,679 [ms], path length: 52 [edges], generated: 68,528
[00:00:02:59:027] Valid meeting checks so far: 200,000, state_vs_state: 239, state_vs_prefix: 0, prefix_vs_prefix: 199,761
[00:00:04:56:799] Path of length 52 found: [0, 8, 16, 24, 32, 40, 48, 56, 57, 49, 41, 42, 34, 33, 25, 17, 9, 1, 2, 10, 18, 26, 27, 19, 11, 3, 4, 12, 13, 14, 22, 30, 31, 39, 47, 46, 38, 37, 29, 21, 20, 28, 36, 44, 43, 51, 59, 60, 52, 53, 54, 62, 63]
[00:00:04:57:248] ! Bidirectional. expansions: 332,491, time: 296,799 [ms], path length: 52 [edges], g_F: 26, g_B: 26, generated: {'F': 307,461, 'B': 323,806}, MM: 0, MMPER: -1.0%
[00:00:04:57:248] 
---------- SM_Grids/8x8_grid_with_random_blocks_8per_5 ----------
[00:00:05:20:686] Path of length 54 found: [0, 1, 2, 3, 11, 12, 4, 5, 13, 21, 20, 28, 27, 26, 18, 17, 16, 24, 25, 33, 32, 40, 48, 56, 57, 49, 41, 42, 34, 35, 43, 51, 50, 58, 59, 60, 61, 53, 52, 44, 36, 37, 29, 30, 22, 14, 6, 7, 15, 23, 31, 39, 47, 55, 63]
[00:00:05:20:687] ! Unidirectional s-t. expansions: 115,375, time: 320,687 [ms], path length: 54 [edges], generated: 212,323
[00:00:08:20:368] Path of length 54 found: [63, 55, 47, 39, 31, 23, 15, 7, 6, 5, 4, 3, 11, 12, 20, 28, 29, 21, 13, 14, 22, 30, 38, 37, 36, 35, 27, 26, 18, 17, 25, 33, 34, 42, 41, 49, 50, 51, 43, 44, 45, 53, 52, 60, 59, 58, 57, 56, 48, 40, 32, 24, 16, 8, 0]
[00:00:08:20:368] ! Unidirectional t-s. expansions: 174,610, time: 500,368 [ms], path length: 54 [edges], generated: 339,316
[00:00:02:31:748] Valid meeting checks so far: 200,000, state_vs_state: 591, state_vs_prefix: 0, prefix_vs_prefix: 199,409
[00:00:02:58:632] Path of length 54 found: [0, 1, 2, 3, 11, 12, 4, 5, 13, 21, 20, 28, 27, 26, 18, 17, 16, 24, 32, 40, 48, 56, 57, 58, 59, 60, 61, 53, 45, 44, 52, 51, 43, 42, 50, 49, 41, 33, 34, 35, 36, 37, 29, 30, 22, 14, 6, 7, 15, 23, 31, 39, 47, 55, 63]
[00:00:02:59:013] ! Bidirectional. expansions: 233,84, time: 178,632 [ms], path length: 54 [edges], g_F: 27, g_B: 27, generated: {'F': 225,044, 'B': 210,408}, MM: 0, MMPER: -1.0%
[00:00:02:59:014] 
---------- SM_Grids/8x8_grid_with_random_blocks_8per_6 ----------
[00:00:09:39:909] Valid states checked so far: 200,000, Expansions: 199,998, Global best: 57
[00:00:19:33:579] Valid states checked so far: 400,000, Expansions: 399,998, Global best: 57
[00:00:21:13:173] Path of length 56 found: [0, 8, 16, 24, 32, 40, 48, 49, 41, 33, 25, 17, 9, 1, 2, 10, 18, 26, 34, 42, 50, 58, 59, 51, 43, 35, 27, 19, 11, 3, 4, 12, 20, 28, 36, 44, 52, 53, 45, 37, 29, 21, 13, 5, 6, 14, 15, 23, 22, 30, 31, 39, 38, 46, 54, 62, 63]
[00:00:21:13:174] ! Unidirectional s-t. expansions: 433,325, time: 1,273,174 [ms], path length: 56 [edges], generated: 836,735
[00:00:09:57:716] Valid states checked so far: 200,000, Expansions: 199,998, Global best: 57
[00:00:10:20:071] Path of length 56 found: [63, 62, 61, 53, 54, 46, 47, 39, 31, 23, 15, 14, 6, 5, 4, 3, 2, 1, 9, 17, 25, 33, 41, 42, 34, 26, 18, 10, 11, 19, 27, 35, 36, 28, 20, 12, 13, 21, 22, 30, 29, 37, 45, 44, 43, 51, 59, 58, 50, 49, 48, 40, 32, 24, 16, 8, 0]
[00:00:10:20:071] ! Unidirectional t-s. expansions: 207,362, time: 620,71 [ms], path length: 56 [edges], generated: 403,819
[00:00:02:31:281] Valid meeting checks so far: 200,000, state_vs_state: 389, state_vs_prefix: 0, prefix_vs_prefix: 199,611
[00:00:05:01:547] Valid meeting checks so far: 400,000, state_vs_state: 718, state_vs_prefix: 0, prefix_vs_prefix: 399,282
[00:00:07:31:209] Valid meeting checks so far: 600,000, state_vs_state: 1,045, state_vs_prefix: 0, prefix_vs_prefix: 598,955
[00:00:10:05:733] Valid meeting checks so far: 800,000, state_vs_state: 1,304, state_vs_prefix: 0, prefix_vs_prefix: 798,696
[00:00:12:31:438] Valid meeting checks so far: 1,000,000, state_vs_state: 1,734, state_vs_prefix: 0, prefix_vs_prefix: 998,266
[00:00:15:01:745] Valid meeting checks so far: 1,200,000, state_vs_state: 2,111, state_vs_prefix: 0, prefix_vs_prefix: 1,197,889
[00:00:17:31:236] Valid meeting checks so far: 1,400,000, state_vs_state: 2,370, state_vs_prefix: 0, prefix_vs_prefix: 1,397,630
[00:00:20:06:746] Valid meeting checks so far: 1,600,000, state_vs_state: 2,665, state_vs_prefix: 0, prefix_vs_prefix: 1,597,335
[00:00:22:34:926] Valid meeting checks so far: 1,800,000, state_vs_state: 2,980, state_vs_prefix: 0, prefix_vs_prefix: 1,797,020
[00:00:25:08:022] Valid meeting checks so far: 2,000,000, state_vs_state: 3,312, state_vs_prefix: 0, prefix_vs_prefix: 1,996,688
[00:00:27:37:295] Valid meeting checks so far: 2,200,000, state_vs_state: 3,739, state_vs_prefix: 0, prefix_vs_prefix: 2,196,261
[00:00:30:05:438] Valid meeting checks so far: 2,400,000, state_vs_state: 3,987, state_vs_prefix: 0, prefix_vs_prefix: 2,396,013
[00:00:32:36:411] Valid meeting checks so far: 2,600,000, state_vs_state: 4,207, state_vs_prefix: 0, prefix_vs_prefix: 2,595,793
[00:00:35:17:122] Valid meeting checks so far: 2,800,000, state_vs_state: 4,415, state_vs_prefix: 0, prefix_vs_prefix: 2,795,585
[00:00:37:50:556] Valid meeting checks so far: 3,000,000, state_vs_state: 4,735, state_vs_prefix: 0, prefix_vs_prefix: 2,995,265
[00:00:40:23:251] Valid meeting checks so far: 3,200,000, state_vs_state: 5,053, state_vs_prefix: 0, prefix_vs_prefix: 3,194,947
[00:00:41:47:010] Path of length 56 found: [0, 8, 16, 24, 32, 40, 48, 49, 41, 33, 25, 17, 9, 1, 2, 10, 18, 26, 34, 42, 50, 58, 59, 51, 43, 44, 45, 37, 29, 30, 22, 21, 13, 12, 20, 28, 36, 35, 27, 19, 11, 3, 4, 5, 6, 14, 15, 23, 31, 39, 47, 46, 54, 53, 61, 62, 63]
[00:00:41:47:395] ! Bidirectional. expansions: 3,306,663, time: 2,507,10 [ms], path length: 56 [edges], g_F: 28, g_B: 28, generated: {'F': 3,117,113, 'B': 3,206,800}, MM: 0, MMPER: -1.0%
[00:00:41:47:395] 
---------- SM_Grids/8x8_grid_with_random_blocks_8per_7 ----------
[00:00:00:00:145] Path of length 56 found: [0, 8, 16, 24, 32, 40, 48, 56, 57, 49, 41, 33, 25, 17, 18, 10, 2, 3, 11, 12, 4, 5, 6, 14, 22, 23, 31, 30, 29, 21, 20, 28, 27, 26, 34, 35, 43, 51, 50, 58, 59, 60, 52, 44, 36, 37, 45, 53, 61, 62, 54, 46, 38, 39, 47, 55, 63]
[00:00:00:00:145] ! Unidirectional s-t. expansions: 56, time: 145 [ms], path length: 56 [edges], generated: 93
[00:00:00:47:058] Path of length 56 found: [63, 55, 47, 39, 31, 23, 22, 14, 6, 5, 4, 3, 2, 10, 11, 12, 20, 21, 29, 30, 38, 37, 36, 28, 27, 26, 18, 17, 25, 33, 34, 35, 43, 44, 52, 53, 45, 46, 54, 62, 61, 60, 59, 51, 50, 58, 57, 56, 48, 49, 41, 40, 32, 24, 16, 8, 0]
[00:00:00:47:058] ! Unidirectional t-s. expansions: 16,959, time: 47,58 [ms], path length: 56 [edges], generated: 30,642
[00:00:00:00:056] Path of length 56 found: [0, 8, 16, 24, 32, 40, 48, 56, 57, 49, 41, 33, 25, 17, 18, 26, 34, 35, 27, 28, 36, 44, 43, 51, 50, 58, 59, 60, 52, 53, 61, 62, 54, 46, 45, 37, 38, 30, 29, 21, 20, 12, 11, 10, 2, 3, 4, 5, 6, 14, 22, 23, 31, 39, 47, 55, 63]
[00:00:00:00:434] ! Bidirectional. expansions: 56, time: 56 [ms], path length: 56 [edges], g_F: 28, g_B: 28, generated: {'F': 50, 'B': 49}, MM: 0, MMPER: -1.0%
[00:00:00:00:435] 
---------- SM_Grids/8x8_grid_with_random_blocks_8per_8 ----------
[00:00:00:00:197] Path of length 58 found: [0, 1, 9, 17, 16, 24, 32, 33, 25, 26, 18, 10, 2, 3, 11, 19, 27, 35, 34, 42, 41, 49, 48, 56, 57, 58, 59, 51, 43, 44, 36, 28, 20, 21, 13, 12, 4, 5, 6, 7, 15, 23, 31, 30, 29, 37, 45, 53, 52, 60, 61, 62, 54, 46, 38, 39, 47, 55, 63]
[00:00:00:00:198] ! Unidirectional s-t. expansions: 82, time: 197 [ms], path length: 58 [edges], generated: 132
[00:00:00:05:095] Path of length 58 found: [63, 55, 47, 39, 31, 23, 15, 7, 6, 5, 4, 3, 2, 10, 18, 19, 11, 12, 13, 21, 20, 28, 27, 35, 43, 51, 52, 44, 36, 37, 29, 30, 38, 46, 45, 53, 54, 62, 61, 60, 59, 58, 57, 56, 48, 49, 41, 42, 34, 26, 25, 33, 32, 24, 16, 17, 9, 1, 0]
[00:00:00:05:095] ! Unidirectional t-s. expansions: 2,40, time: 5,95 [ms], path length: 58 [edges], generated: 3,414
[00:00:00:00:058] Path of length 58 found: [0, 1, 9, 17, 16, 24, 32, 33, 25, 26, 18, 10, 2, 3, 11, 19, 27, 35, 34, 42, 41, 49, 48, 56, 57, 58, 59, 60, 61, 62, 54, 46, 38, 30, 29, 37, 45, 53, 52, 51, 43, 44, 36, 28, 20, 21, 13, 12, 4, 5, 6, 7, 15, 23, 31, 39, 47, 55, 63]
[00:00:00:00:559] ! Bidirectional. expansions: 58, time: 58 [ms], path length: 58 [edges], g_F: 29, g_B: 29, generated: {'F': 51, 'B': 54}, MM: 0, MMPER: -1.0%
[00:00:00:00:559] 
---------- SM_Grids/8x8_grid_with_random_blocks_8per_9 ----------
[00:00:00:14:940] Path of length 56 found: [0, 8, 16, 24, 32, 40, 48, 56, 57, 49, 50, 58, 59, 51, 43, 42, 34, 33, 25, 26, 18, 10, 2, 3, 11, 19, 27, 35, 36, 28, 20, 12, 4, 5, 6, 7, 15, 14, 13, 21, 22, 30, 29, 37, 45, 53, 52, 60, 61, 62, 54, 46, 38, 39, 47, 55, 63]
[00:00:00:14:940] ! Unidirectional s-t. expansions: 5,402, time: 14,940 [ms], path length: 56 [edges], generated: 9,967
[00:00:01:53:665] Path of length 56 found: [63, 55, 47, 39, 31, 30, 22, 14, 15, 7, 6, 5, 4, 3, 2, 10, 18, 26, 25, 33, 34, 42, 43, 35, 27, 19, 11, 12, 13, 21, 20, 28, 36, 37, 38, 46, 45, 53, 54, 62, 61, 60, 52, 51, 59, 58, 50, 49, 57, 56, 48, 40, 32, 24, 16, 8, 0]
[00:00:01:53:665] ! Unidirectional t-s. expansions: 40,80, time: 113,665 [ms], path length: 56 [edges], generated: 74,576
[00:00:00:25:116] Path of length 56 found: [0, 8, 16, 24, 32, 40, 48, 56, 57, 49, 50, 58, 59, 51, 52, 60, 61, 62, 54, 53, 45, 46, 38, 37, 29, 21, 13, 12, 11, 19, 27, 28, 36, 35, 43, 42, 34, 33, 25, 26, 18, 10, 2, 3, 4, 5, 6, 7, 15, 14, 22, 30, 31, 39, 47, 55, 63]
[00:00:00:25:516] ! Bidirectional. expansions: 30,146, time: 25,116 [ms], path length: 56 [edges], g_F: 28, g_B: 28, generated: {'F': 29,195, 'B': 27,256}, MM: 0, MMPER: -1.0%
[00:00:00:25:518] average expansions: (88,889, 55,636, 434,508, 0)
[00:00:00:25:518] average time: (256,568, 161,622, 341,248, 0)
[00:00:00:25:518] X-DFBnB: 55,636 , 161,622 (expansions , time[ms])
[00:00:00:25:518] BiX-DFBnB: 434,508 , 341,248 (expansions , time[ms])

