--------------------------
date: SM_Grids
number_of_graphs: 10
graph_type: grid
size_of_graphs: [7, 8]
heuristic: bcc_heuristic
snake: False
run_uni: True
run_bi: True
run_multi: False
solution_vertices: []
algorithms: ['full', 'DFS']
bsd: True
cube_first_dims: 4
cube_buffer_dim: None
backward_sym_generation: False
sym_coil: False
prefix_set: None

---------- SM_Grids/7x8_grid_with_random_blocks_8per_0 ----------
[00:00:02:07:015] Path of length 47 found: [0, 8, 16, 24, 32, 33, 25, 17, 9, 1, 2, 10, 18, 26, 34, 42, 50, 51, 52, 53, 45, 44, 36, 35, 27, 19, 11, 3, 4, 5, 6, 7, 15, 23, 31, 30, 22, 14, 13, 12, 20, 28, 29, 37, 38, 46, 47, 55]
[00:00:02:07:021] ! Unidirectional s-t. expansions: 74,334, time: 127,15 [ms], path length: 47 [edges], generated: 130,011
[00:00:01:44:133] Path of length 47 found: [55, 47, 46, 38, 39, 31, 23, 15, 7, 6, 14, 22, 30, 29, 37, 36, 44, 45, 53, 52, 51, 50, 42, 34, 35, 27, 28, 20, 21, 13, 5, 4, 12, 11, 3, 2, 10, 18, 26, 25, 33, 32, 24, 16, 17, 9, 1, 0]
[00:00:01:44:139] ! Unidirectional t-s. expansions: 58,691, time: 104,133 [ms], path length: 47 [edges], generated: 104,713
[00:00:02:11:282] Path of length 47 found: [0, 8, 16, 24, 32, 33, 25, 17, 9, 1, 2, 10, 18, 26, 34, 42, 50, 51, 52, 53, 45, 44, 36, 28, 27, 19, 20, 21, 29, 30, 22, 14, 13, 12, 11, 3, 4, 5, 6, 7, 15, 23, 31, 39, 38, 46, 47, 55]
[00:00:02:11:711] ! Bidirectional. expansions: 61,715, time: 131,282 [ms], path length: 47 [edges], g_F: 22, g_B: 25, generated: 121,120, MM: 3, MMPER: 5.25%
[00:00:02:11:712] 
---------- SM_Grids/7x8_grid_with_random_blocks_8per_1 ----------
[00:00:00:05:814] Path of length 49 found: [0, 1, 9, 17, 16, 24, 32, 40, 48, 49, 41, 42, 34, 33, 25, 26, 18, 19, 27, 28, 20, 12, 11, 3, 4, 5, 13, 21, 29, 30, 22, 14, 6, 7, 15, 23, 31, 39, 38, 37, 36, 44, 43, 51, 52, 53, 45, 46, 54, 55]
[00:00:00:05:815] ! Unidirectional s-t. expansions: 3,220, time: 5,814 [ms], path length: 49 [edges], generated: 5,569
[00:00:00:26:469] Path of length 49 found: [55, 47, 39, 31, 23, 15, 7, 6, 5, 13, 14, 22, 21, 29, 30, 38, 37, 45, 46, 54, 53, 52, 51, 43, 44, 36, 28, 27, 26, 25, 33, 34, 42, 41, 49, 48, 40, 32, 24, 16, 17, 18, 19, 20, 12, 4, 3, 2, 1, 0]
[00:00:00:26:470] ! Unidirectional t-s. expansions: 14,109, time: 26,469 [ms], path length: 49 [edges], generated: 24,208
[00:00:00:22:897] Path of length 49 found: [0, 1, 9, 17, 16, 24, 32, 40, 48, 49, 41, 42, 34, 33, 25, 26, 18, 19, 27, 28, 20, 12, 11, 3, 4, 5, 13, 21, 22, 14, 6, 7, 15, 23, 31, 30, 38, 39, 47, 46, 45, 37, 36, 44, 43, 51, 52, 53, 54, 55]
[00:00:00:23:288] ! Bidirectional. expansions: 11,668, time: 22,897 [ms], path length: 49 [edges], g_F: 24, g_B: 25, generated: 20,967, MM: 1, MMPER: 1.0%
[00:00:00:23:288] 
---------- SM_Grids/7x8_grid_with_random_blocks_8per_2 ----------
[00:00:00:19:143] Path of length 47 found: [0, 8, 16, 24, 32, 40, 41, 49, 50, 42, 34, 33, 25, 17, 9, 1, 2, 3, 11, 10, 18, 26, 27, 19, 20, 12, 13, 21, 22, 23, 31, 30, 38, 39, 47, 46, 45, 37, 29, 28, 36, 35, 43, 51, 52, 53, 54, 55]
[00:00:00:19:143] ! Unidirectional s-t. expansions: 10,131, time: 19,143 [ms], path length: 47 [edges], generated: 18,580
[00:00:00:32:866] Path of length 47 found: [55, 47, 39, 31, 23, 22, 21, 13, 12, 11, 3, 2, 10, 18, 26, 25, 33, 34, 42, 43, 35, 27, 19, 20, 28, 36, 44, 45, 37, 29, 30, 38, 46, 54, 53, 52, 51, 50, 49, 41, 40, 32, 24, 16, 17, 9, 1, 0]
[00:00:00:32:866] ! Unidirectional t-s. expansions: 18,82, time: 32,866 [ms], path length: 47 [edges], generated: 32,290
[00:00:00:19:703] Path of length 47 found: [0, 8, 16, 24, 32, 40, 41, 49, 50, 42, 34, 33, 25, 17, 9, 1, 2, 3, 11, 10, 18, 26, 27, 19, 20, 12, 13, 21, 29, 28, 36, 44, 43, 51, 52, 53, 54, 46, 45, 37, 38, 30, 22, 23, 31, 39, 47, 55]
[00:00:00:20:079] ! Bidirectional. expansions: 8,986, time: 19,703 [ms], path length: 47 [edges], g_F: 23, g_B: 24, generated: 17,943, MM: 1, MMPER: 1.833,333,333,333,335%
[00:00:00:20:079] 
---------- SM_Grids/7x8_grid_with_random_blocks_8per_3 ----------
[00:00:00:05:311] Path of length 49 found: [0, 8, 16, 24, 32, 40, 48, 49, 50, 51, 43, 42, 41, 33, 34, 26, 18, 17, 9, 1, 2, 10, 11, 3, 4, 12, 13, 5, 6, 7, 15, 14, 22, 23, 31, 39, 38, 37, 29, 21, 20, 19, 27, 35, 36, 44, 45, 46, 47, 55]
[00:00:00:05:311] ! Unidirectional s-t. expansions: 2,889, time: 5,311 [ms], path length: 49 [edges], generated: 4,979
[00:00:00:10:763] Path of length 49 found: [55, 47, 39, 31, 23, 15, 7, 6, 5, 4, 3, 2, 10, 18, 26, 27, 19, 11, 12, 13, 14, 22, 21, 20, 28, 29, 37, 38, 46, 45, 44, 36, 35, 34, 33, 41, 42, 43, 51, 50, 49, 48, 40, 32, 24, 16, 17, 9, 1, 0]
[00:00:00:10:764] ! Unidirectional t-s. expansions: 6,235, time: 10,763 [ms], path length: 49 [edges], generated: 10,681
[00:00:00:07:671] Path of length 49 found: [0, 8, 16, 24, 32, 40, 48, 49, 41, 33, 34, 42, 50, 51, 43, 35, 27, 26, 18, 17, 9, 1, 2, 10, 11, 19, 20, 28, 36, 44, 45, 46, 38, 37, 29, 21, 22, 14, 13, 12, 4, 5, 6, 7, 15, 23, 31, 39, 47, 55]
[00:00:00:08:042] ! Bidirectional. expansions: 3,806, time: 7,671 [ms], path length: 49 [edges], g_F: 24, g_B: 25, generated: 6,975, MM: 1, MMPER: 1.0%
[00:00:00:08:042] 
---------- SM_Grids/7x8_grid_with_random_blocks_8per_4 ----------
[00:00:00:06:521] Path of length 49 found: [0, 8, 16, 24, 32, 40, 48, 49, 41, 33, 25, 17, 9, 1, 2, 10, 11, 19, 27, 26, 34, 42, 50, 51, 43, 35, 36, 44, 52, 53, 54, 46, 45, 37, 29, 28, 20, 21, 13, 5, 6, 7, 15, 14, 22, 30, 31, 39, 47, 55]
[00:00:00:06:521] ! Unidirectional s-t. expansions: 3,782, time: 6,521 [ms], path length: 49 [edges], generated: 6,493
[00:00:00:03:929] Path of length 49 found: [55, 47, 39, 31, 23, 15, 7, 6, 5, 13, 14, 22, 30, 29, 21, 20, 19, 11, 10, 2, 1, 9, 17, 25, 26, 34, 35, 27, 28, 36, 37, 45, 46, 54, 53, 52, 44, 43, 51, 50, 42, 41, 49, 48, 40, 32, 24, 16, 8, 0]
[00:00:00:03:929] ! Unidirectional t-s. expansions: 2,153, time: 3,929 [ms], path length: 49 [edges], generated: 3,727
[00:00:00:02:727] Path of length 49 found: [0, 8, 16, 24, 32, 40, 48, 49, 41, 33, 25, 17, 9, 1, 2, 10, 11, 19, 27, 26, 34, 42, 50, 51, 43, 44, 52, 53, 54, 46, 45, 37, 36, 28, 20, 21, 29, 30, 22, 14, 13, 5, 6, 7, 15, 23, 31, 39, 47, 55]
[00:00:00:03:100] ! Bidirectional. expansions: 1,455, time: 2,727 [ms], path length: 49 [edges], g_F: 24, g_B: 25, generated: 2,503, MM: 1, MMPER: 1.0%
[00:00:00:03:100] 
---------- SM_Grids/7x8_grid_with_random_blocks_8per_5 ----------
[00:00:00:09:789] Path of length 49 found: [0, 1, 2, 3, 4, 12, 11, 19, 18, 10, 9, 8, 16, 17, 25, 24, 32, 40, 48, 49, 41, 33, 34, 26, 27, 28, 36, 44, 43, 51, 52, 53, 54, 46, 45, 37, 38, 30, 22, 21, 13, 5, 6, 14, 15, 23, 31, 39, 47, 55]
[00:00:00:09:789] ! Unidirectional s-t. expansions: 5,754, time: 9,789 [ms], path length: 49 [edges], generated: 9,732
[00:00:00:08:393] Path of length 49 found: [55, 47, 39, 38, 30, 31, 23, 15, 7, 6, 14, 22, 21, 13, 5, 4, 12, 11, 3, 2, 10, 18, 19, 27, 28, 36, 37, 45, 46, 54, 53, 52, 44, 43, 51, 50, 49, 48, 40, 41, 33, 34, 26, 25, 24, 16, 17, 9, 1, 0]
[00:00:00:08:393] ! Unidirectional t-s. expansions: 4,956, time: 8,393 [ms], path length: 49 [edges], generated: 8,379
[00:00:00:12:780] Path of length 49 found: [55, 54, 53, 52, 44, 43, 51, 50, 49, 48, 40, 41, 33, 32, 24, 16, 8, 9, 17, 25, 26, 18, 19, 27, 28, 36, 37, 45, 46, 47, 39, 38, 30, 31, 23, 15, 7, 6, 14, 22, 21, 13, 5, 4, 12, 11, 3, 2, 1, 0]
[00:00:00:13:164] ! Bidirectional. expansions: 6,661, time: 12,781 [ms], path length: 49 [edges], g_F: 24, g_B: 25, generated: 11,870, MM: 1, MMPER: 1.0%
[00:00:00:13:164] 
---------- SM_Grids/7x8_grid_with_random_blocks_8per_6 ----------
[00:00:00:08:900] Path of length 49 found: [0, 8, 16, 24, 32, 40, 48, 49, 41, 33, 25, 17, 9, 1, 2, 10, 18, 26, 34, 42, 50, 51, 43, 35, 27, 19, 11, 12, 20, 21, 22, 14, 6, 7, 15, 23, 31, 39, 47, 46, 38, 30, 29, 28, 36, 44, 45, 53, 54, 55]
[00:00:00:08:901] ! Unidirectional s-t. expansions: 4,940, time: 8,901 [ms], path length: 49 [edges], generated: 8,704
[00:00:00:07:089] Path of length 49 found: [55, 47, 39, 31, 23, 15, 7, 6, 14, 22, 21, 20, 12, 11, 19, 18, 26, 25, 33, 41, 42, 34, 35, 27, 28, 36, 37, 29, 30, 38, 46, 54, 53, 45, 44, 43, 51, 50, 49, 48, 40, 32, 24, 16, 17, 9, 10, 2, 1, 0]
[00:00:00:07:090] ! Unidirectional t-s. expansions: 3,928, time: 7,89 [ms], path length: 49 [edges], generated: 6,972
[00:00:00:04:491] Path of length 49 found: [0, 8, 16, 24, 32, 40, 48, 49, 41, 33, 25, 17, 9, 1, 2, 10, 18, 26, 34, 42, 50, 51, 43, 35, 36, 37, 45, 53, 54, 46, 38, 30, 29, 28, 27, 19, 11, 12, 20, 21, 22, 14, 6, 7, 15, 23, 31, 39, 47, 55]
[00:00:00:04:872] ! Bidirectional. expansions: 2,159, time: 4,491 [ms], path length: 49 [edges], g_F: 24, g_B: 25, generated: 4,105, MM: 1, MMPER: 1.0%
[00:00:00:04:872] 
---------- SM_Grids/7x8_grid_with_random_blocks_8per_7 ----------
[00:00:00:00:084] Path of length 51 found: [0, 1, 9, 17, 16, 24, 32, 40, 48, 49, 41, 33, 25, 26, 18, 10, 2, 3, 11, 19, 20, 12, 4, 5, 13, 21, 29, 28, 36, 35, 34, 42, 43, 51, 52, 53, 45, 37, 38, 30, 22, 14, 6, 7, 15, 23, 31, 39, 47, 46, 54, 55]
[00:00:00:00:085] ! Unidirectional s-t. expansions: 52, time: 84 [ms], path length: 51 [edges], generated: 83
[00:00:00:00:086] Path of length 51 found: [55, 47, 39, 31, 23, 15, 7, 6, 5, 4, 3, 2, 10, 18, 26, 25, 33, 34, 35, 36, 28, 20, 19, 11, 12, 13, 14, 22, 21, 29, 30, 38, 37, 45, 46, 54, 53, 52, 51, 43, 42, 41, 49, 48, 40, 32, 24, 16, 17, 9, 1, 0]
[00:00:00:00:087] ! Unidirectional t-s. expansions: 52, time: 87 [ms], path length: 51 [edges], generated: 83
[00:00:00:07:840] Path of length 51 found: [0, 1, 9, 17, 16, 24, 32, 40, 48, 49, 41, 33, 25, 26, 18, 10, 2, 3, 11, 19, 20, 12, 4, 5, 13, 21, 29, 28, 36, 35, 34, 42, 43, 51, 52, 53, 54, 46, 45, 37, 38, 30, 22, 14, 6, 7, 15, 23, 31, 39, 47, 55]
[00:00:00:08:211] ! Bidirectional. expansions: 3,971, time: 7,840 [ms], path length: 51 [edges], g_F: 25, g_B: 26, generated: 7,284, MM: 1, MMPER: 0.9,230,769,230,769,231%
[00:00:00:08:211] 
---------- SM_Grids/7x8_grid_with_random_blocks_8per_8 ----------
[00:00:00:00:092] Path of length 51 found: [0, 8, 16, 24, 32, 40, 48, 49, 41, 33, 25, 17, 9, 1, 2, 10, 18, 26, 27, 35, 34, 42, 43, 51, 52, 44, 45, 53, 54, 46, 38, 37, 29, 30, 22, 14, 13, 12, 20, 19, 11, 3, 4, 5, 6, 7, 15, 23, 31, 39, 47, 55]
[00:00:00:00:092] ! Unidirectional s-t. expansions: 55, time: 92 [ms], path length: 51 [edges], generated: 89
[00:00:00:00:098] Path of length 51 found: [55, 47, 39, 31, 23, 15, 7, 6, 5, 4, 3, 2, 1, 9, 17, 25, 33, 34, 35, 27, 26, 18, 10, 11, 19, 20, 12, 13, 14, 22, 30, 29, 37, 38, 46, 54, 53, 45, 44, 52, 51, 43, 42, 41, 49, 48, 40, 32, 24, 16, 8, 0]
[00:00:00:00:098] ! Unidirectional t-s. expansions: 59, time: 98 [ms], path length: 51 [edges], generated: 96
[00:00:00:02:504] Path of length 51 found: [0, 8, 16, 24, 32, 40, 48, 49, 41, 33, 25, 17, 9, 1, 2, 10, 18, 26, 27, 35, 34, 42, 43, 51, 52, 44, 45, 53, 54, 46, 38, 37, 29, 30, 22, 14, 13, 12, 20, 19, 11, 3, 4, 5, 6, 7, 15, 23, 31, 39, 47, 55]
[00:00:00:02:871] ! Bidirectional. expansions: 1,191, time: 2,505 [ms], path length: 51 [edges], g_F: 25, g_B: 26, generated: 2,228, MM: 1, MMPER: 0.9,230,769,230,769,231%
[00:00:00:02:872] 
---------- SM_Grids/7x8_grid_with_random_blocks_8per_9 ----------
[00:00:00:45:970] Path of length 49 found: [0, 1, 9, 8, 16, 24, 25, 17, 18, 10, 11, 3, 4, 12, 13, 5, 6, 7, 15, 14, 22, 23, 31, 39, 38, 30, 29, 28, 20, 19, 27, 26, 34, 33, 32, 40, 41, 49, 50, 42, 43, 51, 52, 44, 36, 37, 45, 46, 54, 55]
[00:00:00:45:970] ! Unidirectional s-t. expansions: 27,398, time: 45,970 [ms], path length: 49 [edges], generated: 46,325
[00:00:00:39:759] Path of length 49 found: [55, 54, 46, 47, 39, 38, 37, 45, 44, 52, 51, 43, 42, 50, 49, 41, 40, 32, 24, 16, 17, 25, 33, 34, 26, 27, 35, 36, 28, 29, 30, 31, 23, 22, 14, 15, 7, 6, 5, 13, 12, 4, 3, 11, 19, 18, 10, 9, 1, 0]
[00:00:00:39:759] ! Unidirectional t-s. expansions: 23,419, time: 39,759 [ms], path length: 49 [edges], generated: 39,501
[00:00:00:45:445] Path of length 49 found: [0, 1, 9, 8, 16, 24, 32, 40, 41, 49, 50, 42, 43, 51, 52, 44, 45, 37, 29, 28, 36, 35, 27, 26, 34, 33, 25, 17, 18, 10, 11, 3, 4, 12, 13, 5, 6, 7, 15, 14, 22, 23, 31, 30, 38, 39, 47, 46, 54, 55]
[00:00:00:45:823] ! Bidirectional. expansions: 22,198, time: 45,445 [ms], path length: 49 [edges], g_F: 23, g_B: 26, generated: 41,695, MM: 3, MMPER: 5.0%
[00:00:00:45:824] average expansions: (13,256, 13,168, 12,381, 0)
[00:00:00:45:824] average time: (22,864, 23,359, 25,734, 0)
[00:00:00:45:824] A*: 13,168 , 22,864 (expansions , time[ms])
[00:00:00:45:824] XMM: 12,381 , 25,734 (expansions , time[ms])

[00:00:00:45:824] 
---------- SM_Grids/7x8_grid_with_random_blocks_8per_0 ----------
[00:00:03:17:703] Path of length 47 found: [0, 8, 16, 24, 32, 33, 25, 17, 9, 1, 2, 10, 18, 26, 34, 42, 50, 51, 52, 53, 45, 44, 36, 35, 27, 19, 11, 3, 4, 12, 20, 28, 29, 37, 38, 30, 22, 21, 13, 5, 6, 14, 15, 23, 31, 39, 47, 55]
[00:00:03:17:703] ! Unidirectional s-t. expansions: 74,338, time: 197,703 [ms], path length: 47 [edges], generated: 140,808
[00:00:02:40:079] Path of length 47 found: [55, 47, 39, 31, 23, 15, 7, 6, 5, 4, 3, 2, 1, 9, 17, 25, 26, 18, 10, 11, 19, 27, 35, 36, 28, 20, 12, 13, 14, 22, 21, 29, 30, 38, 37, 45, 44, 52, 51, 50, 42, 34, 33, 32, 24, 16, 8, 0]
[00:00:02:40:079] ! Unidirectional t-s. expansions: 58,700, time: 160,79 [ms], path length: 47 [edges], generated: 112,463
[00:00:02:25:608] Valid meeting checks so far: 200,000, state_vs_state: 479, state_vs_prefix: 0, prefix_vs_prefix: 199,521
[00:00:04:56:186] Valid meeting checks so far: 400,000, state_vs_state: 800, state_vs_prefix: 0, prefix_vs_prefix: 399,200
[00:00:06:42:494] Path of length 47 found: [0, 8, 16, 24, 32, 33, 25, 17, 9, 1, 2, 10, 18, 26, 34, 42, 50, 51, 52, 44, 45, 46, 38, 30, 29, 21, 22, 14, 13, 12, 20, 28, 36, 35, 27, 19, 11, 3, 4, 5, 6, 7, 15, 23, 31, 39, 47, 55]
[00:00:06:42:873] ! Bidirectional. expansions: 542,847, time: 402,494 [ms], path length: 47 [edges], g_F: 24, g_B: 23, generated: {'F': 502,350, 'B': 526,791}, MM: 1, MMPER: 1.833,333,333,333,335%
[00:00:06:42:873] 
---------- SM_Grids/7x8_grid_with_random_blocks_8per_1 ----------
[00:00:00:08:504] Path of length 49 found: [0, 1, 9, 17, 16, 24, 32, 40, 48, 49, 41, 33, 25, 26, 34, 42, 43, 51, 52, 44, 36, 28, 27, 19, 11, 3, 4, 12, 20, 21, 13, 5, 6, 7, 15, 14, 22, 23, 31, 30, 29, 37, 45, 53, 54, 46, 38, 39, 47, 55]
[00:00:00:08:504] ! Unidirectional s-t. expansions: 3,253, time: 8,504 [ms], path length: 49 [edges], generated: 5,940
[00:00:00:36:952] Path of length 49 found: [55, 47, 39, 31, 23, 15, 7, 6, 5, 4, 3, 11, 19, 18, 26, 27, 28, 20, 12, 13, 14, 22, 21, 29, 30, 38, 37, 36, 44, 45, 46, 54, 53, 52, 51, 43, 42, 34, 33, 41, 49, 48, 40, 32, 24, 16, 17, 9, 1, 0]
[00:00:00:36:952] ! Unidirectional t-s. expansions: 14,109, time: 36,952 [ms], path length: 49 [edges], generated: 25,570
[00:00:00:35:661] Path of length 49 found: [0, 1, 9, 17, 16, 24, 32, 40, 48, 49, 41, 33, 25, 26, 34, 42, 43, 51, 52, 44, 36, 37, 45, 53, 54, 46, 38, 30, 29, 21, 22, 14, 13, 12, 20, 28, 27, 19, 11, 3, 4, 5, 6, 7, 15, 23, 31, 39, 47, 55]
[00:00:00:36:069] ! Bidirectional. expansions: 44,755, time: 35,661 [ms], path length: 49 [edges], g_F: 25, g_B: 24, generated: {'F': 42,643, 'B': 39,197}, MM: 1, MMPER: 1.0%
[00:00:00:36:070] 
---------- SM_Grids/7x8_grid_with_random_blocks_8per_2 ----------
[00:00:00:28:296] Path of length 47 found: [0, 8, 16, 24, 32, 40, 41, 49, 50, 42, 34, 33, 25, 17, 9, 1, 2, 3, 11, 10, 18, 26, 27, 19, 20, 12, 13, 21, 29, 28, 36, 35, 43, 51, 52, 44, 45, 37, 38, 30, 22, 23, 31, 39, 47, 46, 54, 55]
[00:00:00:28:296] ! Unidirectional s-t. expansions: 10,137, time: 28,296 [ms], path length: 47 [edges], generated: 19,798
[00:00:00:49:479] Path of length 47 found: [55, 47, 39, 31, 23, 22, 21, 13, 12, 11, 3, 2, 1, 9, 10, 18, 17, 25, 33, 34, 26, 27, 19, 20, 28, 36, 35, 43, 44, 45, 37, 29, 30, 38, 46, 54, 53, 52, 51, 50, 42, 41, 40, 32, 24, 16, 8, 0]
[00:00:00:49:479] ! Unidirectional t-s. expansions: 18,87, time: 49,479 [ms], path length: 47 [edges], generated: 34,953
[00:00:01:48:018] Path of length 47 found: [0, 8, 16, 24, 32, 40, 41, 49, 50, 42, 34, 33, 25, 26, 27, 35, 43, 51, 52, 44, 45, 53, 54, 46, 38, 30, 29, 37, 36, 28, 20, 19, 18, 17, 9, 1, 2, 3, 11, 12, 13, 21, 22, 23, 31, 39, 47, 55]
[00:00:01:48:382] ! Bidirectional. expansions: 137,143, time: 108,18 [ms], path length: 47 [edges], g_F: 24, g_B: 23, generated: {'F': 133,482, 'B': 133,781}, MM: 1, MMPER: 1.833,333,333,333,335%
[00:00:01:48:382] 
---------- SM_Grids/7x8_grid_with_random_blocks_8per_3 ----------
[00:00:00:07:621] Path of length 49 found: [0, 8, 16, 24, 32, 40, 48, 49, 41, 33, 34, 42, 50, 51, 43, 35, 27, 26, 18, 17, 9, 1, 2, 10, 11, 3, 4, 12, 20, 28, 36, 44, 45, 37, 29, 21, 13, 5, 6, 7, 15, 14, 22, 23, 31, 39, 38, 46, 47, 55]
[00:00:00:07:621] ! Unidirectional s-t. expansions: 2,906, time: 7,621 [ms], path length: 49 [edges], generated: 5,284
[00:00:00:16:223] Path of length 49 found: [55, 47, 39, 31, 23, 15, 7, 6, 5, 4, 3, 2, 1, 9, 17, 18, 10, 11, 19, 27, 26, 34, 35, 36, 28, 20, 12, 13, 14, 22, 21, 29, 37, 38, 46, 45, 44, 43, 51, 50, 42, 41, 49, 48, 40, 32, 24, 16, 8, 0]
[00:00:00:16:224] ! Unidirectional t-s. expansions: 6,240, time: 16,224 [ms], path length: 49 [edges], generated: 11,408
[00:00:00:32:531] Path of length 49 found: [0, 8, 16, 24, 32, 40, 48, 49, 41, 33, 34, 42, 50, 51, 43, 35, 27, 19, 20, 28, 36, 44, 45, 46, 38, 37, 29, 21, 22, 14, 13, 12, 11, 10, 18, 17, 9, 1, 2, 3, 4, 5, 6, 7, 15, 23, 31, 39, 47, 55]
[00:00:00:32:897] ! Bidirectional. expansions: 42,904, time: 32,531 [ms], path length: 49 [edges], g_F: 25, g_B: 24, generated: {'F': 39,314, 'B': 40,548}, MM: 1, MMPER: 1.0%
[00:00:00:32:897] 
---------- SM_Grids/7x8_grid_with_random_blocks_8per_4 ----------
[00:00:00:09:780] Path of length 49 found: [0, 8, 16, 24, 32, 40, 48, 49, 41, 33, 25, 17, 9, 1, 2, 10, 11, 19, 27, 26, 34, 42, 50, 51, 43, 35, 36, 28, 20, 21, 13, 5, 6, 7, 15, 14, 22, 23, 31, 30, 29, 37, 45, 44, 52, 53, 54, 46, 47, 55]
[00:00:00:09:780] ! Unidirectional s-t. expansions: 3,788, time: 9,780 [ms], path length: 49 [edges], generated: 6,869
[00:00:00:05:657] Path of length 49 found: [55, 47, 39, 31, 23, 15, 7, 6, 5, 13, 14, 22, 30, 29, 21, 20, 19, 11, 10, 2, 1, 9, 17, 25, 33, 41, 42, 34, 26, 27, 28, 36, 35, 43, 44, 45, 46, 54, 53, 52, 51, 50, 49, 48, 40, 32, 24, 16, 8, 0]
[00:00:00:05:657] ! Unidirectional t-s. expansions: 2,162, time: 5,657 [ms], path length: 49 [edges], generated: 3,868
[00:00:00:15:171] Path of length 49 found: [0, 8, 16, 24, 32, 40, 48, 49, 41, 33, 25, 17, 9, 1, 2, 10, 11, 19, 27, 26, 34, 35, 43, 42, 50, 51, 52, 53, 54, 46, 45, 37, 36, 28, 20, 21, 29, 30, 22, 14, 13, 5, 6, 7, 15, 23, 31, 39, 47, 55]
[00:00:00:15:548] ! Bidirectional. expansions: 18,389, time: 15,171 [ms], path length: 49 [edges], g_F: 25, g_B: 24, generated: {'F': 16,363, 'B': 17,231}, MM: 1, MMPER: 1.0%
[00:00:00:15:548] 
---------- SM_Grids/7x8_grid_with_random_blocks_8per_5 ----------
[00:00:00:14:327] Path of length 49 found: [0, 8, 16, 24, 32, 40, 48, 49, 41, 33, 34, 26, 25, 17, 9, 1, 2, 10, 18, 19, 27, 28, 36, 44, 43, 51, 52, 53, 45, 37, 38, 30, 22, 21, 13, 12, 11, 3, 4, 5, 6, 14, 15, 23, 31, 39, 47, 46, 54, 55]
[00:00:00:14:327] ! Unidirectional s-t. expansions: 5,755, time: 14,327 [ms], path length: 49 [edges], generated: 10,066
[00:00:00:13:250] Path of length 49 found: [55, 47, 39, 31, 23, 15, 7, 6, 5, 4, 3, 2, 1, 9, 10, 18, 19, 11, 12, 13, 21, 22, 30, 38, 37, 45, 46, 54, 53, 52, 51, 43, 44, 36, 28, 27, 26, 34, 33, 41, 49, 48, 40, 32, 24, 25, 17, 16, 8, 0]
[00:00:00:13:250] ! Unidirectional t-s. expansions: 5,432, time: 13,250 [ms], path length: 49 [edges], generated: 9,359
[00:00:00:32:702] Path of length 49 found: [0, 8, 16, 24, 32, 40, 48, 49, 41, 33, 34, 26, 25, 17, 18, 19, 27, 28, 36, 44, 43, 51, 52, 53, 54, 46, 45, 37, 38, 30, 22, 21, 13, 12, 11, 10, 9, 1, 2, 3, 4, 5, 6, 7, 15, 23, 31, 39, 47, 55]
[00:00:00:33:072] ! Bidirectional. expansions: 31,989, time: 32,702 [ms], path length: 49 [edges], g_F: 25, g_B: 24, generated: {'F': 29,478, 'B': 29,687}, MM: 1, MMPER: 1.0%
[00:00:00:33:073] 
---------- SM_Grids/7x8_grid_with_random_blocks_8per_6 ----------
[00:00:00:13:274] Path of length 49 found: [0, 8, 16, 24, 32, 40, 48, 49, 41, 33, 25, 17, 9, 1, 2, 10, 18, 26, 34, 42, 50, 51, 43, 35, 27, 19, 11, 12, 20, 28, 36, 44, 45, 53, 54, 46, 38, 37, 29, 21, 22, 14, 6, 7, 15, 23, 31, 39, 47, 55]
[00:00:00:13:274] ! Unidirectional s-t. expansions: 4,943, time: 13,274 [ms], path length: 49 [edges], generated: 9,302
[00:00:00:10:657] Path of length 49 found: [55, 47, 39, 31, 23, 15, 7, 6, 14, 22, 21, 20, 12, 11, 10, 2, 1, 9, 17, 25, 33, 41, 42, 34, 26, 18, 19, 27, 35, 36, 28, 29, 30, 38, 46, 54, 53, 45, 44, 43, 51, 50, 49, 48, 40, 32, 24, 16, 8, 0]
[00:00:00:10:657] ! Unidirectional t-s. expansions: 3,939, time: 10,657 [ms], path length: 49 [edges], generated: 7,405
[00:00:00:43:616] Path of length 49 found: [0, 8, 16, 24, 32, 40, 48, 49, 41, 33, 25, 17, 9, 1, 2, 10, 18, 26, 34, 42, 50, 51, 43, 44, 45, 53, 54, 46, 38, 30, 29, 28, 36, 35, 27, 19, 11, 12, 20, 21, 22, 14, 6, 7, 15, 23, 31, 39, 47, 55]
[00:00:00:44:020] ! Bidirectional. expansions: 56,949, time: 43,616 [ms], path length: 49 [edges], g_F: 25, g_B: 24, generated: {'F': 50,406, 'B': 53,446}, MM: 1, MMPER: 1.0%
[00:00:00:44:020] 
---------- SM_Grids/7x8_grid_with_random_blocks_8per_7 ----------
[00:00:00:00:123] Path of length 51 found: [0, 1, 9, 17, 16, 24, 32, 40, 48, 49, 41, 33, 25, 26, 18, 10, 2, 3, 11, 19, 20, 12, 4, 5, 13, 21, 29, 28, 36, 35, 34, 42, 43, 51, 52, 53, 45, 37, 38, 30, 22, 14, 6, 7, 15, 23, 31, 39, 47, 46, 54, 55]
[00:00:00:00:123] ! Unidirectional s-t. expansions: 51, time: 123 [ms], path length: 51 [edges], generated: 83
[00:00:00:00:120] Path of length 51 found: [55, 47, 39, 31, 23, 15, 7, 6, 5, 4, 3, 2, 10, 18, 26, 25, 33, 34, 35, 36, 28, 20, 19, 11, 12, 13, 14, 22, 21, 29, 30, 38, 37, 45, 46, 54, 53, 52, 51, 43, 42, 41, 49, 48, 40, 32, 24, 16, 17, 9, 1, 0]
[00:00:00:00:120] ! Unidirectional t-s. expansions: 51, time: 120 [ms], path length: 51 [edges], generated: 83
[00:00:00:00:099] Path of length 51 found: [0, 1, 9, 17, 16, 24, 32, 40, 48, 49, 41, 33, 25, 26, 18, 19, 20, 28, 36, 35, 34, 42, 43, 51, 52, 53, 54, 46, 45, 37, 38, 30, 29, 21, 22, 14, 13, 12, 11, 10, 2, 3, 4, 5, 6, 7, 15, 23, 31, 39, 47, 55]
[00:00:00:00:468] ! Bidirectional. expansions: 140, time: 99 [ms], path length: 51 [edges], g_F: 26, g_B: 25, generated: {'F': 130, 'B': 127}, MM: 1, MMPER: 0.9,230,769,230,769,231%
[00:00:00:00:468] 
---------- SM_Grids/7x8_grid_with_random_blocks_8per_8 ----------
[00:00:00:00:227] Path of length 51 found: [0, 8, 16, 24, 32, 40, 48, 49, 41, 33, 25, 17, 9, 1, 2, 10, 18, 26, 27, 35, 34, 42, 43, 51, 52, 44, 45, 53, 54, 46, 38, 37, 29, 30, 22, 14, 13, 12, 20, 19, 11, 3, 4, 5, 6, 7, 15, 23, 31, 39, 47, 55]
[00:00:00:00:227] ! Unidirectional s-t. expansions: 100, time: 227 [ms], path length: 51 [edges], generated: 160
[00:00:00:00:189] Path of length 51 found: [55, 47, 39, 31, 23, 15, 7, 6, 5, 4, 3, 2, 1, 9, 17, 25, 33, 34, 35, 27, 26, 18, 10, 11, 19, 20, 12, 13, 14, 22, 30, 29, 37, 38, 46, 54, 53, 45, 44, 52, 51, 43, 42, 41, 49, 48, 40, 32, 24, 16, 8, 0]
[00:00:00:00:190] ! Unidirectional t-s. expansions: 86, time: 189 [ms], path length: 51 [edges], generated: 135
[00:00:00:00:063] Path of length 51 found: [0, 8, 16, 24, 32, 40, 48, 49, 41, 33, 25, 17, 18, 26, 27, 35, 34, 42, 43, 51, 52, 44, 45, 53, 54, 46, 38, 37, 29, 30, 22, 14, 13, 12, 20, 19, 11, 10, 9, 1, 2, 3, 4, 5, 6, 7, 15, 23, 31, 39, 47, 55]
[00:00:00:00:433] ! Bidirectional. expansions: 76, time: 63 [ms], path length: 51 [edges], g_F: 26, g_B: 25, generated: {'F': 73, 'B': 65}, MM: 1, MMPER: 0.9,230,769,230,769,231%
[00:00:00:00:433] 
---------- SM_Grids/7x8_grid_with_random_blocks_8per_9 ----------
[00:00:01:10:545] Path of length 49 found: [0, 1, 9, 8, 16, 24, 32, 40, 41, 49, 50, 42, 34, 33, 25, 17, 18, 10, 11, 3, 4, 12, 20, 19, 27, 35, 43, 51, 52, 44, 36, 28, 29, 37, 45, 46, 38, 30, 22, 14, 13, 5, 6, 7, 15, 23, 31, 39, 47, 55]
[00:00:01:10:546] ! Unidirectional s-t. expansions: 27,409, time: 70,546 [ms], path length: 49 [edges], generated: 49,291
[00:00:01:00:380] Path of length 49 found: [55, 54, 46, 47, 39, 31, 23, 15, 7, 6, 5, 4, 3, 11, 10, 9, 17, 25, 33, 34, 26, 18, 19, 27, 35, 36, 28, 20, 12, 13, 14, 22, 30, 29, 37, 45, 44, 52, 51, 43, 42, 50, 49, 41, 40, 32, 24, 16, 8, 0]
[00:00:01:00:380] ! Unidirectional t-s. expansions: 23,433, time: 60,380 [ms], path length: 49 [edges], generated: 42,069
[00:00:00:28:179] Path of length 49 found: [0, 1, 9, 8, 16, 24, 32, 40, 41, 49, 50, 42, 34, 33, 25, 26, 27, 35, 43, 51, 52, 44, 45, 37, 36, 28, 29, 30, 22, 14, 13, 12, 20, 19, 18, 10, 11, 3, 4, 5, 6, 7, 15, 23, 31, 39, 47, 46, 54, 55]
[00:00:00:28:547] ! Bidirectional. expansions: 33,873, time: 28,179 [ms], path length: 49 [edges], g_F: 25, g_B: 24, generated: {'F': 31,987, 'B': 31,365}, MM: 1, MMPER: 1.0%
[00:00:00:28:547] average expansions: (13,268, 13,224, 90,906, 0)
[00:00:00:28:547] average time: (35,040, 35,299, 69,853, 0)
[00:00:00:28:547] X-DFBnB: 13,224 , 35,040 (expansions , time[ms])
[00:00:00:28:547] BiX-DFBnB: 90,906 , 69,853 (expansions , time[ms])

