--------------------------
date: SM_Grids
number_of_graphs: 10
graph_type: grid
size_of_graphs: [7, 8]
heuristic: bcc_heuristic
snake: False
run_uni: True
run_bi: True
run_multi: False
solution_vertices: []
algorithms: ['full', 'DFS']
bsd: True
cube_first_dims: 4
cube_buffer_dim: None
backward_sym_generation: False
sym_coil: False
prefix_set: None

---------- SM_Grids/7x8_grid_with_random_blocks_16per_0 ----------
[00:00:00:01:065] Path of length 43 found: [0, 1, 2, 3, 4, 5, 13, 12, 20, 28, 29, 30, 22, 14, 15, 23, 31, 39, 47, 46, 45, 37, 36, 35, 27, 19, 18, 17, 25, 24, 32, 33, 41, 40, 48, 49, 50, 42, 43, 51, 52, 53, 54, 55]
[00:00:00:01:066] ! Unidirectional s-t. expansions: 832, time: 1,65 [ms], path length: 43 [edges], generated: 1,472
[00:00:00:04:899] Path of length 43 found: [55, 54, 53, 52, 51, 50, 49, 48, 40, 32, 24, 25, 33, 41, 42, 43, 44, 45, 46, 47, 39, 31, 30, 22, 23, 15, 14, 13, 5, 4, 12, 20, 28, 29, 37, 36, 35, 27, 19, 18, 17, 9, 1, 0]
[00:00:00:04:899] ! Unidirectional t-s. expansions: 3,632, time: 4,899 [ms], path length: 43 [edges], generated: 6,169
[00:00:00:04:118] Path of length 43 found: [0, 1, 2, 3, 4, 5, 13, 12, 20, 19, 27, 26, 18, 17, 25, 24, 32, 33, 41, 40, 48, 49, 50, 51, 52, 53, 54, 46, 45, 44, 43, 35, 36, 37, 29, 30, 22, 14, 15, 23, 31, 39, 47, 55]
[00:00:00:04:531] ! Bidirectional. expansions: 2,371, time: 4,118 [ms], path length: 43 [edges], g_F: 20, g_B: 23, generated: 4,259, MM: 3, MMPER: 5.818,181,818,181,818%
[00:00:00:04:531] 
---------- SM_Grids/7x8_grid_with_random_blocks_16per_1 ----------
[00:00:00:00:064] Path of length 39 found: [0, 1, 9, 8, 16, 17, 25, 26, 18, 10, 11, 19, 27, 35, 34, 42, 43, 51, 52, 44, 36, 28, 20, 12, 13, 14, 22, 21, 29, 37, 45, 53, 54, 46, 38, 30, 31, 39, 47, 55]
[00:00:00:00:064] ! Unidirectional s-t. expansions: 40, time: 64 [ms], path length: 39 [edges], generated: 69
[00:00:00:00:064] Path of length 39 found: [55, 47, 39, 31, 30, 22, 14, 13, 12, 11, 10, 18, 19, 27, 35, 36, 28, 20, 21, 29, 37, 38, 46, 54, 53, 45, 44, 52, 51, 43, 42, 34, 26, 25, 17, 16, 8, 9, 1, 0]
[00:00:00:00:064] ! Unidirectional t-s. expansions: 40, time: 64 [ms], path length: 39 [edges], generated: 69
[00:00:00:01:461] Path of length 39 found: [0, 1, 9, 8, 16, 17, 25, 26, 18, 10, 11, 19, 27, 35, 34, 42, 43, 51, 52, 44, 45, 53, 54, 46, 38, 37, 36, 28, 29, 21, 20, 12, 13, 14, 22, 30, 31, 39, 47, 55]
[00:00:00:01:840] ! Bidirectional. expansions: 760, time: 1,461 [ms], path length: 39 [edges], g_F: 19, g_B: 20, generated: 1,442, MM: 1, MMPER: 1.5%
[00:00:00:01:841] 
---------- SM_Grids/7x8_grid_with_random_blocks_16per_2 ----------
[00:00:00:01:004] Path of length 43 found: [0, 1, 9, 8, 16, 24, 25, 17, 18, 26, 34, 33, 32, 40, 48, 49, 50, 51, 52, 44, 43, 35, 27, 28, 20, 12, 11, 3, 4, 5, 13, 14, 6, 7, 15, 23, 22, 21, 29, 37, 38, 39, 47, 55]
[00:00:00:01:004] ! Unidirectional s-t. expansions: 648, time: 1,4 [ms], path length: 43 [edges], generated: 1,093
[00:00:00:00:345] Path of length 43 found: [55, 47, 39, 38, 37, 29, 28, 20, 21, 13, 14, 22, 23, 15, 7, 6, 5, 4, 12, 11, 3, 2, 1, 9, 17, 18, 26, 27, 35, 43, 44, 52, 51, 50, 49, 48, 40, 41, 33, 25, 24, 16, 8, 0]
[00:00:00:00:345] ! Unidirectional t-s. expansions: 216, time: 345 [ms], path length: 43 [edges], generated: 379
[00:00:00:00:459] Path of length 43 found: [0, 8, 16, 24, 32, 33, 41, 40, 48, 49, 50, 51, 52, 44, 43, 35, 34, 26, 18, 17, 9, 1, 2, 3, 11, 12, 4, 5, 6, 7, 15, 23, 22, 14, 13, 21, 20, 28, 29, 37, 38, 39, 47, 55]
[00:00:00:00:839] ! Bidirectional. expansions: 257, time: 459 [ms], path length: 43 [edges], g_F: 20, g_B: 23, generated: 455, MM: 3, MMPER: 5.818,181,818,181,818%
[00:00:00:00:839] 
---------- SM_Grids/7x8_grid_with_random_blocks_16per_3 ----------
[00:00:00:03:617] Path of length 43 found: [0, 1, 9, 17, 16, 24, 32, 40, 48, 49, 41, 33, 34, 42, 50, 51, 43, 44, 52, 53, 45, 46, 38, 30, 29, 21, 20, 28, 27, 19, 18, 10, 2, 3, 11, 12, 13, 14, 22, 23, 31, 39, 47, 55]
[00:00:00:03:618] ! Unidirectional s-t. expansions: 2,294, time: 3,617 [ms], path length: 43 [edges], generated: 3,967
[00:00:00:04:549] Path of length 43 found: [55, 47, 39, 31, 23, 15, 14, 22, 30, 38, 46, 45, 53, 52, 44, 43, 51, 50, 42, 34, 33, 41, 49, 48, 40, 32, 24, 16, 17, 18, 19, 27, 28, 29, 21, 13, 12, 4, 3, 11, 10, 2, 1, 0]
[00:00:00:04:549] ! Unidirectional t-s. expansions: 2,859, time: 4,549 [ms], path length: 43 [edges], generated: 4,987
[00:00:00:05:310] Path of length 43 found: [0, 1, 9, 17, 16, 24, 32, 40, 48, 49, 41, 33, 34, 42, 50, 51, 52, 53, 45, 44, 36, 28, 27, 19, 11, 10, 2, 3, 4, 12, 13, 21, 29, 30, 22, 14, 15, 23, 31, 39, 38, 46, 47, 55]
[00:00:00:05:704] ! Bidirectional. expansions: 2,937, time: 5,310 [ms], path length: 43 [edges], g_F: 22, g_B: 21, generated: 5,346, MM: 1, MMPER: 1.272,727,272,727,273%
[00:00:00:05:705] 
---------- SM_Grids/7x8_grid_with_random_blocks_16per_4 ----------
[00:00:00:00:066] Path of length 47 found: [0, 8, 16, 24, 32, 40, 48, 49, 41, 33, 25, 17, 9, 1, 2, 3, 11, 19, 18, 26, 34, 42, 50, 51, 43, 35, 36, 28, 20, 12, 13, 5, 6, 14, 22, 30, 31, 39, 38, 37, 45, 44, 52, 53, 54, 46, 47, 55]
[00:00:00:00:067] ! Unidirectional s-t. expansions: 48, time: 66 [ms], path length: 47 [edges], generated: 73
[00:00:00:00:067] Path of length 47 found: [55, 47, 39, 31, 30, 22, 14, 6, 5, 13, 12, 11, 3, 2, 1, 9, 17, 25, 33, 41, 42, 34, 26, 18, 19, 20, 28, 36, 35, 43, 44, 45, 37, 38, 46, 54, 53, 52, 51, 50, 49, 48, 40, 32, 24, 16, 8, 0]
[00:00:00:00:067] ! Unidirectional t-s. expansions: 48, time: 67 [ms], path length: 47 [edges], generated: 73
[00:00:00:02:851] Path of length 47 found: [0, 8, 16, 24, 32, 40, 48, 49, 41, 33, 25, 17, 9, 1, 2, 3, 11, 19, 18, 26, 34, 42, 50, 51, 52, 53, 54, 46, 38, 37, 45, 44, 43, 35, 36, 28, 20, 12, 13, 5, 6, 14, 22, 30, 31, 39, 47, 55]
[00:00:00:03:227] ! Bidirectional. expansions: 1,656, time: 2,851 [ms], path length: 47 [edges], g_F: 23, g_B: 24, generated: 2,809, MM: 1, MMPER: 1.833,333,333,333,335%
[00:00:00:03:227] 
---------- SM_Grids/7x8_grid_with_random_blocks_16per_5 ----------
[00:00:00:02:097] Path of length 45 found: [0, 8, 16, 17, 9, 1, 2, 10, 18, 26, 34, 33, 32, 40, 41, 49, 50, 42, 43, 35, 27, 19, 11, 3, 4, 12, 20, 28, 29, 21, 13, 5, 6, 14, 15, 23, 31, 30, 38, 37, 45, 44, 52, 53, 54, 55]
[00:00:00:02:097] ! Unidirectional s-t. expansions: 1,345, time: 2,97 [ms], path length: 45 [edges], generated: 2,289
[00:00:00:00:953] Path of length 45 found: [55, 54, 53, 52, 44, 45, 37, 29, 30, 38, 39, 31, 23, 15, 7, 6, 14, 13, 5, 4, 12, 20, 28, 27, 35, 43, 42, 50, 49, 41, 40, 32, 33, 34, 26, 18, 19, 11, 3, 2, 10, 9, 17, 16, 8, 0]
[00:00:00:00:953] ! Unidirectional t-s. expansions: 594, time: 953 [ms], path length: 45 [edges], generated: 1,067
[00:00:00:01:144] Path of length 45 found: [55, 54, 53, 52, 44, 45, 37, 29, 30, 38, 39, 31, 23, 15, 7, 6, 14, 13, 5, 4, 3, 2, 1, 9, 10, 11, 19, 20, 28, 27, 35, 43, 42, 50, 49, 41, 40, 32, 33, 34, 26, 18, 17, 16, 8, 0]
[00:00:00:01:527] ! Bidirectional. expansions: 628, time: 1,144 [ms], path length: 45 [edges], g_F: 22, g_B: 23, generated: 1,160, MM: 1, MMPER: 1.1,739,130,434,782,608%
[00:00:00:01:527] 
---------- SM_Grids/7x8_grid_with_random_blocks_16per_6 ----------
[00:00:00:00:070] Path of length 45 found: [0, 1, 9, 17, 16, 24, 32, 33, 25, 26, 34, 35, 27, 19, 18, 10, 2, 3, 11, 12, 4, 5, 13, 14, 6, 7, 15, 23, 31, 30, 29, 21, 20, 28, 36, 44, 43, 51, 52, 53, 45, 37, 38, 46, 54, 55]
[00:00:00:00:070] ! Unidirectional s-t. expansions: 46, time: 70 [ms], path length: 45 [edges], generated: 75
[00:00:00:00:105] Path of length 45 found: [55, 54, 46, 38, 30, 31, 23, 15, 7, 6, 14, 13, 5, 4, 3, 2, 10, 18, 19, 11, 12, 20, 21, 29, 37, 45, 53, 52, 51, 43, 44, 36, 28, 27, 35, 34, 26, 25, 33, 32, 24, 16, 17, 9, 1, 0]
[00:00:00:00:105] ! Unidirectional t-s. expansions: 67, time: 105 [ms], path length: 45 [edges], generated: 114
[00:00:00:01:741] Path of length 45 found: [0, 1, 9, 17, 16, 24, 32, 33, 25, 26, 34, 35, 27, 19, 18, 10, 2, 3, 11, 12, 4, 5, 13, 14, 6, 7, 15, 23, 31, 30, 29, 21, 20, 28, 36, 44, 43, 51, 52, 53, 45, 37, 38, 46, 54, 55]
[00:00:00:02:123] ! Bidirectional. expansions: 931, time: 1,741 [ms], path length: 45 [edges], g_F: 22, g_B: 23, generated: 1,733, MM: 1, MMPER: 1.1,739,130,434,782,608%
[00:00:00:02:124] 
---------- SM_Grids/7x8_grid_with_random_blocks_16per_7 ----------
[00:00:00:00:065] Path of length 47 found: [0, 1, 9, 8, 16, 17, 25, 24, 32, 40, 48, 49, 41, 33, 34, 42, 50, 51, 43, 44, 52, 53, 45, 37, 36, 28, 27, 19, 11, 3, 4, 12, 20, 21, 13, 14, 6, 7, 15, 23, 22, 30, 38, 39, 47, 46, 54, 55]
[00:00:00:00:065] ! Unidirectional s-t. expansions: 48, time: 65 [ms], path length: 47 [edges], generated: 71
[00:00:00:00:065] Path of length 47 found: [55, 47, 39, 38, 30, 22, 23, 15, 7, 6, 14, 13, 21, 20, 12, 4, 3, 11, 19, 27, 28, 36, 37, 45, 46, 54, 53, 52, 44, 43, 51, 50, 42, 34, 33, 41, 49, 48, 40, 32, 24, 25, 17, 16, 8, 9, 1, 0]
[00:00:00:00:065] ! Unidirectional t-s. expansions: 48, time: 65 [ms], path length: 47 [edges], generated: 71
[00:00:00:00:184] Path of length 47 found: [0, 1, 9, 8, 16, 17, 25, 24, 32, 40, 48, 49, 41, 33, 34, 42, 50, 51, 43, 44, 52, 53, 45, 37, 36, 28, 27, 19, 11, 3, 4, 12, 20, 21, 13, 14, 6, 7, 15, 23, 22, 30, 38, 39, 47, 46, 54, 55]
[00:00:00:00:554] ! Bidirectional. expansions: 76, time: 184 [ms], path length: 47 [edges], g_F: 23, g_B: 24, generated: 121, MM: 1, MMPER: 1.833,333,333,333,335%
[00:00:00:00:554] 
---------- SM_Grids/7x8_grid_with_random_blocks_16per_8 ----------
[00:00:00:03:587] Path of length 43 found: [0, 8, 16, 17, 9, 10, 2, 3, 4, 12, 13, 5, 6, 7, 15, 23, 31, 39, 47, 46, 38, 30, 29, 21, 20, 19, 18, 26, 25, 33, 32, 40, 41, 42, 50, 51, 43, 35, 36, 44, 45, 53, 54, 55]
[00:00:00:03:587] ! Unidirectional s-t. expansions: 2,350, time: 3,587 [ms], path length: 43 [edges], generated: 4,072
[00:00:00:05:161] Path of length 43 found: [55, 47, 39, 38, 46, 54, 53, 45, 44, 43, 51, 50, 42, 41, 40, 32, 33, 25, 26, 34, 35, 36, 37, 29, 30, 31, 23, 15, 7, 6, 5, 13, 21, 20, 12, 4, 3, 2, 10, 18, 17, 9, 8, 0]
[00:00:00:05:162] ! Unidirectional t-s. expansions: 3,364, time: 5,161 [ms], path length: 43 [edges], generated: 5,654
[00:00:00:09:315] Path of length 43 found: [0, 8, 16, 17, 9, 10, 2, 3, 4, 12, 13, 5, 6, 7, 15, 23, 31, 39, 38, 30, 29, 21, 20, 28, 36, 35, 34, 26, 25, 33, 32, 40, 41, 42, 50, 51, 43, 44, 45, 53, 54, 46, 47, 55]
[00:00:00:09:712] ! Bidirectional. expansions: 5,321, time: 9,315 [ms], path length: 43 [edges], g_F: 21, g_B: 22, generated: 9,545, MM: 1, MMPER: 1.272,727,272,727,273%
[00:00:00:09:712] 
---------- SM_Grids/7x8_grid_with_random_blocks_16per_9 ----------
[00:00:00:00:296] Path of length 45 found: [0, 8, 16, 24, 25, 26, 34, 35, 43, 42, 41, 49, 50, 51, 52, 44, 45, 37, 38, 30, 22, 14, 13, 12, 20, 28, 27, 19, 18, 17, 9, 1, 2, 3, 4, 5, 6, 7, 15, 23, 31, 39, 47, 46, 54, 55]
[00:00:00:00:297] ! Unidirectional s-t. expansions: 188, time: 296 [ms], path length: 45 [edges], generated: 311
[00:00:00:00:448] Path of length 45 found: [55, 54, 46, 47, 39, 31, 23, 15, 7, 6, 5, 4, 3, 2, 10, 18, 19, 27, 28, 20, 12, 13, 14, 22, 30, 38, 37, 45, 44, 52, 51, 50, 49, 41, 42, 43, 35, 34, 26, 25, 24, 16, 17, 9, 1, 0]
[00:00:00:00:448] ! Unidirectional t-s. expansions: 318, time: 448 [ms], path length: 45 [edges], generated: 505
[00:00:00:00:266] Path of length 45 found: [0, 8, 16, 24, 25, 17, 18, 10, 9, 1, 2, 3, 4, 5, 6, 7, 15, 23, 22, 14, 13, 12, 20, 28, 27, 26, 34, 35, 43, 42, 41, 49, 50, 51, 52, 44, 45, 37, 38, 30, 31, 39, 47, 46, 54, 55]
[00:00:00:00:653] ! Bidirectional. expansions: 157, time: 266 [ms], path length: 45 [edges], g_F: 22, g_B: 23, generated: 258, MM: 1, MMPER: 1.1,739,130,434,782,608%
[00:00:00:00:653] average expansions: (784, 1,119, 1,509, 0)
[00:00:00:00:653] average time: (1,193, 1,666, 2,685, 0)
[00:00:00:00:653] A*: 784 , 1,193 (expansions , time[ms])
[00:00:00:00:653] XMM: 1,509 , 2,685 (expansions , time[ms])

[00:00:00:00:653] 
---------- SM_Grids/7x8_grid_with_random_blocks_16per_0 ----------
[00:00:00:01:972] Path of length 43 found: [0, 1, 2, 3, 4, 5, 13, 12, 20, 19, 18, 17, 25, 24, 32, 33, 41, 40, 48, 49, 50, 42, 43, 51, 52, 44, 36, 35, 27, 28, 29, 30, 22, 14, 15, 23, 31, 39, 47, 46, 45, 53, 54, 55]
[00:00:00:01:973] ! Unidirectional s-t. expansions: 839, time: 1,972 [ms], path length: 43 [edges], generated: 1,493
[00:00:00:08:180] Path of length 43 found: [55, 47, 39, 31, 23, 15, 14, 22, 30, 29, 28, 27, 35, 43, 44, 36, 37, 45, 46, 54, 53, 52, 51, 50, 42, 41, 49, 48, 40, 32, 24, 25, 26, 18, 19, 20, 12, 13, 5, 4, 3, 2, 1, 0]
[00:00:00:08:180] ! Unidirectional t-s. expansions: 3,710, time: 8,180 [ms], path length: 43 [edges], generated: 6,433
[00:00:00:01:799] Path of length 43 found: [0, 1, 2, 3, 4, 5, 13, 12, 20, 19, 18, 17, 25, 24, 32, 33, 41, 40, 48, 49, 50, 51, 52, 53, 54, 46, 45, 37, 36, 44, 43, 35, 27, 28, 29, 30, 22, 14, 15, 23, 31, 39, 47, 55]
[00:00:00:02:182] ! Bidirectional. expansions: 2,323, time: 1,799 [ms], path length: 43 [edges], g_F: 22, g_B: 21, generated: {'F': 2,087, 'B': 2,110}, MM: 1, MMPER: 1.272,727,272,727,273%
[00:00:00:02:183] 
---------- SM_Grids/7x8_grid_with_random_blocks_16per_1 ----------
[00:00:00:00:088] Path of length 39 found: [0, 1, 9, 8, 16, 17, 25, 26, 18, 10, 11, 19, 27, 35, 34, 42, 43, 51, 52, 44, 36, 28, 20, 12, 13, 14, 22, 21, 29, 37, 45, 53, 54, 46, 38, 30, 31, 39, 47, 55]
[00:00:00:00:088] ! Unidirectional s-t. expansions: 39, time: 88 [ms], path length: 39 [edges], generated: 69
[00:00:00:00:086] Path of length 39 found: [55, 47, 39, 31, 30, 22, 14, 13, 12, 11, 10, 18, 19, 27, 35, 36, 28, 20, 21, 29, 37, 38, 46, 54, 53, 45, 44, 52, 51, 43, 42, 34, 26, 25, 17, 16, 8, 9, 1, 0]
[00:00:00:00:086] ! Unidirectional t-s. expansions: 39, time: 86 [ms], path length: 39 [edges], generated: 69
[00:00:00:00:039] Path of length 39 found: [0, 1, 9, 8, 16, 17, 25, 26, 18, 10, 11, 19, 27, 35, 34, 42, 43, 51, 52, 53, 54, 46, 38, 37, 45, 44, 36, 28, 29, 21, 20, 12, 13, 14, 22, 30, 31, 39, 47, 55]
[00:00:00:00:421] ! Bidirectional. expansions: 39, time: 39 [ms], path length: 39 [edges], g_F: 20, g_B: 19, generated: {'F': 37, 'B': 39}, MM: 1, MMPER: 1.5%
[00:00:00:00:421] 
---------- SM_Grids/7x8_grid_with_random_blocks_16per_2 ----------
[00:00:00:01:362] Path of length 43 found: [0, 8, 16, 24, 32, 40, 48, 49, 50, 51, 52, 44, 43, 35, 27, 26, 34, 33, 25, 17, 9, 1, 2, 3, 11, 12, 4, 5, 13, 14, 6, 7, 15, 23, 22, 21, 20, 28, 29, 37, 38, 39, 47, 55]
[00:00:00:01:362] ! Unidirectional s-t. expansions: 663, time: 1,362 [ms], path length: 43 [edges], generated: 1,117
[00:00:00:00:493] Path of length 43 found: [55, 47, 39, 38, 37, 29, 21, 13, 14, 22, 23, 15, 7, 6, 5, 4, 3, 11, 12, 20, 28, 27, 26, 18, 17, 25, 33, 34, 35, 43, 44, 52, 51, 50, 49, 41, 40, 32, 24, 16, 8, 9, 1, 0]
[00:00:00:00:493] ! Unidirectional t-s. expansions: 220, time: 493 [ms], path length: 43 [edges], generated: 388
[00:00:00:00:868] Path of length 43 found: [0, 8, 16, 24, 32, 40, 48, 49, 50, 51, 52, 44, 43, 35, 27, 26, 34, 33, 25, 17, 9, 1, 2, 3, 11, 12, 4, 5, 6, 7, 15, 23, 22, 14, 13, 21, 20, 28, 29, 37, 38, 39, 47, 55]
[00:00:00:01:268] ! Bidirectional. expansions: 1,66, time: 868 [ms], path length: 43 [edges], g_F: 22, g_B: 21, generated: {'F': 901, 'B': 954}, MM: 1, MMPER: 1.272,727,272,727,273%
[00:00:00:01:268] 
---------- SM_Grids/7x8_grid_with_random_blocks_16per_3 ----------
[00:00:00:05:552] Path of length 43 found: [0, 1, 9, 17, 16, 24, 32, 40, 48, 49, 41, 33, 34, 42, 50, 51, 43, 44, 52, 53, 45, 46, 38, 30, 22, 21, 29, 28, 27, 19, 18, 10, 2, 3, 11, 12, 13, 14, 15, 23, 31, 39, 47, 55]
[00:00:00:05:552] ! Unidirectional s-t. expansions: 2,297, time: 5,552 [ms], path length: 43 [edges], generated: 4,089
[00:00:00:06:628] Path of length 43 found: [55, 47, 39, 31, 23, 15, 14, 13, 12, 4, 3, 2, 10, 11, 19, 27, 28, 20, 21, 29, 30, 38, 46, 45, 53, 52, 44, 43, 51, 50, 42, 34, 33, 41, 49, 48, 40, 32, 24, 16, 17, 9, 1, 0]
[00:00:00:06:628] ! Unidirectional t-s. expansions: 2,880, time: 6,628 [ms], path length: 43 [edges], generated: 5,141
[00:00:00:09:444] Path of length 43 found: [0, 1, 9, 17, 16, 24, 32, 40, 48, 49, 41, 33, 34, 42, 50, 51, 43, 44, 52, 53, 45, 46, 38, 30, 29, 21, 20, 28, 27, 19, 18, 10, 2, 3, 4, 12, 13, 14, 15, 23, 31, 39, 47, 55]
[00:00:00:09:822] ! Bidirectional. expansions: 11,808, time: 9,445 [ms], path length: 43 [edges], g_F: 22, g_B: 21, generated: {'F': 10,434, 'B': 11,547}, MM: 1, MMPER: 1.272,727,272,727,273%
[00:00:00:09:822] 
---------- SM_Grids/7x8_grid_with_random_blocks_16per_4 ----------
[00:00:00:00:100] Path of length 47 found: [0, 8, 16, 24, 32, 40, 48, 49, 41, 33, 25, 17, 9, 1, 2, 3, 11, 19, 18, 26, 34, 42, 50, 51, 43, 35, 36, 28, 20, 12, 13, 5, 6, 14, 22, 30, 31, 39, 38, 37, 45, 44, 52, 53, 54, 46, 47, 55]
[00:00:00:00:100] ! Unidirectional s-t. expansions: 47, time: 100 [ms], path length: 47 [edges], generated: 73
[00:00:00:00:094] Path of length 47 found: [55, 47, 39, 31, 30, 22, 14, 6, 5, 13, 12, 11, 3, 2, 1, 9, 17, 25, 33, 41, 42, 34, 26, 18, 19, 20, 28, 36, 35, 43, 44, 45, 37, 38, 46, 54, 53, 52, 51, 50, 49, 48, 40, 32, 24, 16, 8, 0]
[00:00:00:00:094] ! Unidirectional t-s. expansions: 47, time: 94 [ms], path length: 47 [edges], generated: 73
[00:00:00:00:081] Path of length 47 found: [0, 8, 16, 24, 32, 40, 48, 49, 41, 33, 25, 17, 9, 1, 2, 3, 11, 19, 18, 26, 34, 42, 50, 51, 52, 53, 54, 46, 38, 37, 45, 44, 43, 35, 36, 28, 20, 12, 13, 5, 6, 14, 22, 30, 31, 39, 47, 55]
[00:00:00:00:458] ! Bidirectional. expansions: 68, time: 81 [ms], path length: 47 [edges], g_F: 24, g_B: 23, generated: {'F': 61, 'B': 58}, MM: 1, MMPER: 1.833,333,333,333,335%
[00:00:00:00:458] 
---------- SM_Grids/7x8_grid_with_random_blocks_16per_5 ----------
[00:00:00:03:222] Path of length 45 found: [0, 8, 16, 17, 9, 1, 2, 10, 18, 26, 34, 33, 32, 40, 41, 49, 50, 42, 43, 35, 27, 19, 11, 3, 4, 12, 20, 28, 29, 21, 13, 5, 6, 14, 15, 23, 31, 30, 38, 37, 45, 44, 52, 53, 54, 55]
[00:00:00:03:222] ! Unidirectional s-t. expansions: 1,344, time: 3,222 [ms], path length: 45 [edges], generated: 2,352
[00:00:00:01:385] Path of length 45 found: [55, 54, 53, 52, 44, 45, 37, 29, 30, 38, 39, 31, 23, 15, 7, 6, 14, 13, 5, 4, 3, 2, 1, 9, 10, 11, 12, 20, 28, 27, 35, 43, 42, 50, 49, 41, 40, 32, 33, 34, 26, 18, 17, 16, 8, 0]
[00:00:00:01:385] ! Unidirectional t-s. expansions: 605, time: 1,385 [ms], path length: 45 [edges], generated: 1,089
[00:00:00:01:850] Path of length 45 found: [0, 8, 16, 17, 9, 1, 2, 10, 18, 26, 34, 33, 32, 40, 41, 49, 50, 42, 43, 35, 27, 28, 20, 19, 11, 3, 4, 5, 13, 14, 6, 7, 15, 23, 31, 39, 38, 30, 29, 37, 45, 44, 52, 53, 54, 55]
[00:00:00:02:227] ! Bidirectional. expansions: 2,322, time: 1,850 [ms], path length: 45 [edges], g_F: 23, g_B: 22, generated: {'F': 1,972, 'B': 2,010}, MM: 1, MMPER: 1.1,739,130,434,782,608%
[00:00:00:02:227] 
---------- SM_Grids/7x8_grid_with_random_blocks_16per_6 ----------
[00:00:00:00:106] Path of length 45 found: [0, 1, 9, 17, 16, 24, 32, 33, 25, 26, 34, 35, 27, 19, 18, 10, 2, 3, 11, 12, 4, 5, 13, 14, 6, 7, 15, 23, 31, 30, 29, 21, 20, 28, 36, 44, 43, 51, 52, 53, 45, 37, 38, 46, 54, 55]
[00:00:00:00:107] ! Unidirectional s-t. expansions: 45, time: 106 [ms], path length: 45 [edges], generated: 75
[00:00:00:00:401] Path of length 45 found: [55, 54, 46, 38, 30, 31, 23, 15, 7, 6, 14, 13, 5, 4, 3, 2, 10, 18, 19, 11, 12, 20, 21, 29, 37, 45, 53, 52, 51, 43, 44, 36, 28, 27, 35, 34, 26, 25, 33, 32, 24, 16, 17, 9, 1, 0]
[00:00:00:00:401] ! Unidirectional t-s. expansions: 181, time: 401 [ms], path length: 45 [edges], generated: 304
[00:00:00:00:043] Path of length 45 found: [0, 1, 9, 17, 16, 24, 32, 33, 25, 26, 34, 35, 27, 28, 36, 44, 43, 51, 52, 53, 45, 37, 29, 21, 20, 12, 11, 19, 18, 10, 2, 3, 4, 5, 13, 14, 6, 7, 15, 23, 31, 30, 38, 46, 54, 55]
[00:00:00:00:427] ! Bidirectional. expansions: 45, time: 43 [ms], path length: 45 [edges], g_F: 23, g_B: 22, generated: {'F': 45, 'B': 40}, MM: 1, MMPER: 1.1,739,130,434,782,608%
[00:00:00:00:427] 
---------- SM_Grids/7x8_grid_with_random_blocks_16per_7 ----------
[00:00:00:00:097] Path of length 47 found: [0, 1, 9, 8, 16, 17, 25, 24, 32, 40, 48, 49, 41, 33, 34, 42, 50, 51, 43, 44, 52, 53, 45, 37, 36, 28, 27, 19, 11, 3, 4, 12, 20, 21, 13, 14, 6, 7, 15, 23, 22, 30, 38, 39, 47, 46, 54, 55]
[00:00:00:00:098] ! Unidirectional s-t. expansions: 47, time: 97 [ms], path length: 47 [edges], generated: 71
[00:00:00:00:091] Path of length 47 found: [55, 47, 39, 38, 30, 22, 23, 15, 7, 6, 14, 13, 21, 20, 12, 4, 3, 11, 19, 27, 28, 36, 37, 45, 46, 54, 53, 52, 44, 43, 51, 50, 42, 34, 33, 41, 49, 48, 40, 32, 24, 25, 17, 16, 8, 9, 1, 0]
[00:00:00:00:092] ! Unidirectional t-s. expansions: 47, time: 91 [ms], path length: 47 [edges], generated: 71
[00:00:00:00:039] Path of length 47 found: [0, 1, 9, 8, 16, 17, 25, 24, 32, 40, 48, 49, 41, 33, 34, 42, 50, 51, 43, 44, 52, 53, 54, 46, 45, 37, 36, 28, 27, 19, 11, 3, 4, 12, 20, 21, 13, 14, 6, 7, 15, 23, 22, 30, 38, 39, 47, 55]
[00:00:00:00:453] ! Bidirectional. expansions: 47, time: 39 [ms], path length: 47 [edges], g_F: 24, g_B: 23, generated: {'F': 40, 'B': 35}, MM: 1, MMPER: 1.833,333,333,333,335%
[00:00:00:00:453] 
---------- SM_Grids/7x8_grid_with_random_blocks_16per_8 ----------
[00:00:00:05:374] Path of length 43 found: [0, 8, 16, 17, 9, 10, 2, 3, 4, 12, 20, 19, 18, 26, 25, 33, 32, 40, 41, 42, 50, 51, 43, 35, 36, 28, 29, 21, 13, 5, 6, 7, 15, 23, 31, 30, 38, 37, 45, 53, 54, 46, 47, 55]
[00:00:00:05:374] ! Unidirectional s-t. expansions: 2,352, time: 5,374 [ms], path length: 43 [edges], generated: 4,157
[00:00:00:07:354] Path of length 43 found: [55, 47, 39, 31, 23, 15, 7, 6, 5, 4, 3, 2, 10, 18, 19, 20, 12, 13, 21, 29, 28, 36, 37, 38, 46, 54, 53, 45, 44, 43, 51, 50, 42, 41, 40, 32, 33, 34, 26, 25, 17, 9, 8, 0]
[00:00:00:07:354] ! Unidirectional t-s. expansions: 3,364, time: 7,354 [ms], path length: 43 [edges], generated: 5,818
[00:00:00:05:446] Path of length 43 found: [0, 8, 16, 17, 9, 10, 2, 3, 4, 12, 20, 19, 18, 26, 25, 33, 32, 40, 41, 42, 34, 35, 43, 44, 45, 53, 54, 46, 38, 37, 36, 28, 29, 21, 13, 5, 6, 7, 15, 23, 31, 39, 47, 55]
[00:00:00:05:826] ! Bidirectional. expansions: 7,446, time: 5,446 [ms], path length: 43 [edges], g_F: 22, g_B: 21, generated: {'F': 6,486, 'B': 6,568}, MM: 1, MMPER: 1.272,727,272,727,273%
[00:00:00:05:826] 
---------- SM_Grids/7x8_grid_with_random_blocks_16per_9 ----------
[00:00:00:00:589] Path of length 45 found: [0, 8, 16, 24, 25, 17, 9, 1, 2, 10, 18, 19, 20, 28, 27, 26, 34, 35, 43, 42, 41, 49, 50, 51, 52, 44, 45, 37, 38, 30, 22, 14, 13, 12, 4, 5, 6, 7, 15, 23, 31, 39, 47, 46, 54, 55]
[00:00:00:00:589] ! Unidirectional s-t. expansions: 264, time: 589 [ms], path length: 45 [edges], generated: 440
[00:00:00:00:675] Path of length 45 found: [55, 54, 46, 47, 39, 31, 23, 15, 7, 6, 5, 4, 3, 2, 1, 9, 10, 18, 19, 27, 28, 20, 12, 13, 14, 22, 30, 38, 37, 45, 44, 52, 51, 50, 49, 41, 42, 43, 35, 34, 26, 25, 17, 16, 8, 0]
[00:00:00:00:675] ! Unidirectional t-s. expansions: 319, time: 675 [ms], path length: 45 [edges], generated: 517
[00:00:00:00:518] Path of length 45 found: [0, 8, 16, 24, 25, 17, 9, 1, 2, 10, 18, 19, 20, 28, 27, 26, 34, 35, 43, 42, 41, 49, 50, 51, 52, 44, 45, 37, 38, 30, 22, 14, 13, 12, 4, 5, 6, 7, 15, 23, 31, 39, 47, 46, 54, 55]
[00:00:00:00:897] ! Bidirectional. expansions: 611, time: 518 [ms], path length: 45 [edges], g_F: 23, g_B: 22, generated: {'F': 521, 'B': 467}, MM: 1, MMPER: 1.1,739,130,434,782,608%
[00:00:00:00:897] average expansions: (794, 1,141, 2,578, 0)
[00:00:00:00:897] average time: (1,846, 2,539, 2,013, 0)
[00:00:00:00:898] X-DFBnB: 794 , 1,846 (expansions , time[ms])
[00:00:00:00:898] BiX-DFBnB: 2,578 , 2,013 (expansions , time[ms])

