--------------------------
date: SM_Grids
number_of_graphs: 10
graph_type: grid
size_of_graphs: [8, 8]
heuristic: bcc_heuristic
snake: False
run_uni: True
run_bi: True
run_multi: False
solution_vertices: []
algorithms: ['full', 'DFS']
bsd: True
cube_first_dims: 4
cube_buffer_dim: None
backward_sym_generation: False
sym_coil: False
prefix_set: None

---------- SM_Grids/8x8_grid_with_random_blocks_12per_0 ----------
[00:00:00:06:107] Path of length 52 found: [0, 8, 16, 24, 25, 17, 9, 1, 2, 10, 18, 26, 34, 33, 41, 40, 48, 56, 57, 58, 50, 42, 43, 51, 59, 60, 61, 62, 54, 53, 52, 44, 45, 37, 36, 35, 27, 28, 20, 19, 11, 3, 4, 12, 13, 21, 22, 30, 31, 39, 47, 55, 63]
[00:00:00:06:108] ! Unidirectional s-t. expansions: 3,817, time: 6,107 [ms], path length: 52 [edges], generated: 6,482
[00:00:00:09:312] Path of length 52 found: [63, 55, 47, 39, 31, 30, 22, 14, 13, 21, 20, 12, 4, 3, 2, 10, 11, 19, 18, 26, 34, 42, 50, 51, 43, 35, 27, 28, 36, 37, 45, 44, 52, 53, 54, 62, 61, 60, 59, 58, 57, 56, 48, 40, 41, 33, 25, 24, 16, 17, 9, 1, 0]
[00:00:00:09:313] ! Unidirectional t-s. expansions: 5,243, time: 9,312 [ms], path length: 52 [edges], generated: 8,766
[00:00:00:10:554] Path of length 52 found: [0, 8, 16, 24, 25, 17, 9, 1, 2, 10, 18, 26, 34, 33, 41, 40, 48, 56, 57, 58, 50, 42, 43, 51, 59, 60, 61, 62, 54, 53, 52, 44, 45, 37, 36, 28, 27, 19, 11, 3, 4, 12, 20, 21, 13, 14, 22, 30, 31, 39, 47, 55, 63]
[00:00:00:11:001] ! Bidirectional. expansions: 5,10, time: 10,554 [ms], path length: 52 [edges], g_F: 25, g_B: 27, generated: 9,179, MM: 2, MMPER: 2.7,735,849,056,603,774%
[00:00:00:11:002] 
---------- SM_Grids/8x8_grid_with_random_blocks_12per_1 ----------
[00:00:00:01:622] Path of length 52 found: [0, 8, 16, 24, 32, 33, 25, 17, 9, 1, 2, 10, 11, 3, 4, 12, 13, 5, 6, 7, 15, 14, 22, 21, 20, 19, 27, 26, 34, 42, 41, 49, 50, 58, 59, 51, 52, 60, 61, 53, 45, 44, 36, 28, 29, 37, 38, 39, 47, 46, 54, 62, 63]
[00:00:00:01:622] ! Unidirectional s-t. expansions: 915, time: 1,622 [ms], path length: 52 [edges], generated: 1,496
[00:00:00:00:999] Path of length 52 found: [63, 55, 47, 39, 38, 37, 29, 21, 22, 14, 15, 7, 6, 5, 13, 12, 4, 3, 11, 10, 2, 1, 9, 17, 25, 26, 27, 19, 20, 28, 36, 44, 52, 53, 45, 46, 54, 62, 61, 60, 59, 51, 50, 49, 41, 42, 34, 33, 32, 24, 16, 8, 0]
[00:00:00:00:999] ! Unidirectional t-s. expansions: 499, time: 999 [ms], path length: 52 [edges], generated: 874
[00:00:00:01:821] Path of length 52 found: [0, 8, 16, 24, 32, 33, 34, 42, 41, 49, 50, 58, 59, 51, 52, 60, 61, 62, 54, 53, 45, 44, 36, 28, 20, 19, 27, 26, 25, 17, 9, 1, 2, 10, 11, 3, 4, 12, 13, 5, 6, 7, 15, 14, 22, 21, 29, 37, 38, 39, 47, 55, 63]
[00:00:00:02:256] ! Bidirectional. expansions: 842, time: 1,821 [ms], path length: 52 [edges], g_F: 25, g_B: 27, generated: 1,519, MM: 2, MMPER: 2.7,735,849,056,603,774%
[00:00:00:02:256] 
---------- SM_Grids/8x8_grid_with_random_blocks_12per_2 ----------
[00:00:00:18:229] Path of length 50 found: [0, 8, 9, 1, 2, 10, 11, 3, 4, 5, 13, 12, 20, 21, 22, 14, 15, 23, 31, 30, 29, 28, 27, 19, 18, 17, 16, 24, 32, 33, 34, 42, 43, 51, 50, 49, 57, 58, 59, 60, 52, 44, 36, 37, 45, 46, 47, 55, 54, 62, 63]
[00:00:00:18:230] ! Unidirectional s-t. expansions: 9,289, time: 18,230 [ms], path length: 50 [edges], generated: 16,745
[00:00:00:07:395] Path of length 50 found: [63, 62, 54, 55, 47, 46, 38, 30, 31, 23, 15, 14, 22, 21, 13, 5, 4, 3, 2, 1, 9, 17, 18, 10, 11, 12, 20, 19, 27, 28, 29, 37, 36, 44, 43, 51, 52, 60, 59, 58, 57, 49, 50, 42, 34, 33, 25, 24, 16, 8, 0]
[00:00:00:07:395] ! Unidirectional t-s. expansions: 3,647, time: 7,395 [ms], path length: 50 [edges], generated: 6,892
[00:00:00:17:365] Path of length 50 found: [0, 8, 9, 1, 2, 10, 11, 3, 4, 5, 13, 12, 20, 21, 22, 14, 15, 23, 31, 30, 38, 37, 29, 28, 27, 19, 18, 17, 25, 24, 32, 33, 34, 42, 43, 44, 52, 51, 50, 49, 57, 58, 59, 60, 61, 62, 54, 46, 47, 55, 63]
[00:00:00:17:796] ! Bidirectional. expansions: 7,720, time: 17,365 [ms], path length: 50 [edges], g_F: 26, g_B: 24, generated: 14,708, MM: 2, MMPER: 2.9,215,686,274,509,802%
[00:00:00:17:796] 
---------- SM_Grids/8x8_grid_with_random_blocks_12per_3 ----------
[00:00:00:06:341] Path of length 54 found: [0, 8, 16, 17, 18, 10, 9, 1, 2, 3, 4, 5, 6, 7, 15, 23, 22, 14, 13, 12, 20, 19, 27, 26, 25, 24, 32, 33, 41, 49, 48, 56, 57, 58, 50, 51, 59, 60, 61, 62, 54, 46, 45, 44, 43, 35, 36, 37, 29, 30, 38, 39, 47, 55, 63]
[00:00:00:06:341] ! Unidirectional s-t. expansions: 3,536, time: 6,341 [ms], path length: 54 [edges], generated: 5,882
[00:00:00:07:221] Path of length 54 found: [63, 55, 54, 62, 61, 60, 52, 44, 45, 46, 47, 39, 31, 23, 15, 7, 6, 5, 4, 3, 2, 1, 9, 10, 18, 17, 25, 26, 27, 19, 20, 12, 13, 14, 22, 30, 29, 37, 36, 35, 43, 51, 59, 58, 57, 56, 48, 49, 41, 33, 32, 24, 16, 8, 0]
[00:00:00:07:221] ! Unidirectional t-s. expansions: 3,916, time: 7,221 [ms], path length: 54 [edges], generated: 6,487
[00:00:00:10:319] Path of length 54 found: [63, 55, 54, 62, 61, 60, 52, 44, 45, 46, 47, 39, 31, 23, 15, 7, 6, 5, 13, 14, 22, 30, 29, 37, 36, 35, 43, 51, 50, 58, 57, 56, 48, 49, 41, 33, 32, 24, 25, 26, 27, 19, 20, 12, 4, 3, 2, 1, 9, 10, 18, 17, 16, 8, 0]
[00:00:00:10:738] ! Bidirectional. expansions: 5,99, time: 10,319 [ms], path length: 54 [edges], g_F: 26, g_B: 28, generated: 8,834, MM: 2, MMPER: 2.6,363,636,363,636,362%
[00:00:00:10:738] 
---------- SM_Grids/8x8_grid_with_random_blocks_12per_4 ----------
[00:00:00:00:194] Path of length 54 found: [0, 8, 16, 24, 25, 17, 9, 10, 18, 26, 34, 33, 41, 49, 48, 56, 57, 58, 50, 42, 43, 51, 59, 60, 52, 44, 36, 35, 27, 19, 11, 12, 4, 5, 6, 14, 13, 21, 20, 28, 29, 37, 38, 30, 22, 23, 31, 39, 47, 55, 54, 53, 61, 62, 63]
[00:00:00:00:194] ! Unidirectional s-t. expansions: 104, time: 194 [ms], path length: 54 [edges], generated: 180
[00:00:00:00:102] Path of length 54 found: [63, 55, 47, 39, 31, 23, 22, 14, 6, 5, 4, 12, 13, 21, 20, 19, 11, 10, 9, 17, 18, 26, 34, 42, 50, 51, 43, 35, 27, 28, 29, 30, 38, 37, 36, 44, 52, 53, 54, 62, 61, 60, 59, 58, 57, 56, 48, 49, 41, 33, 25, 24, 16, 8, 0]
[00:00:00:00:102] ! Unidirectional t-s. expansions: 55, time: 102 [ms], path length: 54 [edges], generated: 91
[00:00:00:11:184] Path of length 54 found: [0, 8, 16, 24, 25, 17, 9, 10, 18, 26, 34, 33, 41, 49, 48, 56, 57, 58, 50, 42, 43, 51, 59, 60, 52, 44, 36, 35, 27, 28, 20, 19, 11, 12, 4, 5, 6, 14, 13, 21, 29, 37, 38, 30, 22, 23, 31, 39, 47, 55, 54, 53, 61, 62, 63]
[00:00:00:11:609] ! Bidirectional. expansions: 5,16, time: 11,184 [ms], path length: 54 [edges], g_F: 27, g_B: 27, generated: 9,343, MM: 0, MMPER: -1.0%
[00:00:00:11:609] 
---------- SM_Grids/8x8_grid_with_random_blocks_12per_5 ----------
[00:00:00:15:198] Path of length 52 found: [0, 8, 9, 1, 2, 3, 4, 5, 6, 14, 15, 23, 22, 30, 31, 39, 38, 37, 29, 28, 20, 21, 13, 12, 11, 19, 18, 17, 16, 24, 25, 33, 32, 40, 41, 42, 34, 35, 43, 44, 52, 51, 50, 58, 59, 60, 61, 53, 45, 46, 47, 55, 63]
[00:00:00:15:198] ! Unidirectional s-t. expansions: 7,577, time: 15,198 [ms], path length: 52 [edges], generated: 13,302
[00:00:00:04:462] Path of length 52 found: [63, 55, 47, 39, 31, 23, 15, 14, 6, 5, 13, 21, 22, 30, 29, 37, 38, 46, 45, 44, 52, 53, 61, 60, 59, 58, 50, 51, 43, 35, 34, 42, 41, 40, 32, 33, 25, 24, 16, 8, 9, 17, 18, 19, 27, 28, 20, 12, 4, 3, 2, 1, 0]
[00:00:00:04:463] ! Unidirectional t-s. expansions: 2,341, time: 4,463 [ms], path length: 52 [edges], generated: 4,010
[00:00:00:14:245] Path of length 52 found: [63, 55, 47, 46, 45, 44, 52, 53, 61, 60, 59, 58, 50, 51, 43, 35, 34, 42, 41, 40, 32, 33, 25, 24, 16, 17, 18, 19, 11, 12, 13, 21, 20, 28, 29, 37, 38, 39, 31, 30, 22, 23, 15, 14, 6, 5, 4, 3, 2, 1, 9, 8, 0]
[00:00:00:14:671] ! Bidirectional. expansions: 6,588, time: 14,245 [ms], path length: 52 [edges], g_F: 26, g_B: 26, generated: 12,039, MM: 0, MMPER: -1.0%
[00:00:00:14:671] 
---------- SM_Grids/8x8_grid_with_random_blocks_12per_6 ----------
[00:00:00:08:472] Path of length 52 found: [0, 8, 16, 24, 32, 40, 48, 49, 41, 42, 50, 51, 59, 60, 61, 53, 45, 44, 43, 35, 34, 26, 25, 17, 9, 1, 2, 3, 4, 5, 13, 14, 6, 7, 15, 23, 22, 21, 20, 12, 11, 10, 18, 19, 27, 28, 36, 37, 38, 46, 54, 62, 63]
[00:00:00:08:473] ! Unidirectional s-t. expansions: 4,517, time: 8,473 [ms], path length: 52 [edges], generated: 7,646
[00:00:00:06:975] Path of length 52 found: [63, 62, 54, 46, 38, 37, 29, 21, 13, 14, 22, 23, 15, 7, 6, 5, 4, 3, 2, 1, 9, 17, 25, 26, 18, 10, 11, 12, 20, 19, 27, 28, 36, 35, 34, 42, 43, 44, 45, 53, 61, 60, 59, 51, 50, 49, 41, 40, 32, 24, 16, 8, 0]
[00:00:00:06:976] ! Unidirectional t-s. expansions: 3,704, time: 6,976 [ms], path length: 52 [edges], generated: 6,221
[00:00:00:09:261] Path of length 52 found: [0, 8, 16, 24, 32, 40, 48, 49, 41, 42, 50, 51, 59, 60, 61, 53, 45, 44, 43, 35, 34, 26, 25, 17, 9, 1, 2, 10, 18, 19, 27, 28, 20, 12, 11, 3, 4, 5, 6, 7, 15, 23, 22, 14, 13, 21, 29, 37, 38, 46, 54, 62, 63]
[00:00:00:09:772] ! Bidirectional. expansions: 4,301, time: 9,261 [ms], path length: 52 [edges], g_F: 25, g_B: 27, generated: 7,829, MM: 2, MMPER: 2.7,735,849,056,603,774%
[00:00:00:09:772] 
---------- SM_Grids/8x8_grid_with_random_blocks_12per_7 ----------
[00:00:02:06:355] Path of length 52 found: [0, 8, 16, 24, 32, 33, 34, 26, 25, 17, 9, 10, 18, 19, 27, 28, 36, 35, 43, 42, 41, 40, 48, 56, 57, 58, 59, 60, 61, 53, 52, 44, 45, 37, 38, 30, 22, 21, 20, 12, 13, 5, 6, 14, 15, 23, 31, 39, 47, 46, 54, 62, 63]
[00:00:02:06:358] ! Unidirectional s-t. expansions: 69,450, time: 126,355 [ms], path length: 52 [edges], generated: 118,491
[00:00:02:07:795] Path of length 52 found: [63, 55, 54, 62, 61, 53, 52, 60, 59, 58, 57, 56, 48, 49, 41, 40, 32, 24, 16, 17, 25, 33, 34, 42, 43, 44, 45, 46, 47, 39, 31, 23, 15, 7, 6, 5, 13, 12, 20, 21, 22, 30, 38, 37, 36, 28, 27, 19, 18, 10, 9, 8, 0]
[00:00:02:07:800] ! Unidirectional t-s. expansions: 67,477, time: 127,795 [ms], path length: 52 [edges], generated: 116,094
[00:00:01:51:008] Path of length 52 found: [63, 55, 54, 62, 61, 53, 45, 46, 47, 39, 31, 23, 15, 7, 6, 5, 13, 12, 20, 21, 22, 30, 38, 37, 36, 28, 27, 26, 18, 10, 9, 17, 25, 33, 34, 42, 43, 44, 52, 60, 59, 58, 57, 56, 48, 49, 41, 40, 32, 24, 16, 8, 0]
[00:00:01:51:503] ! Bidirectional. expansions: 48,192, time: 111,8 [ms], path length: 52 [edges], g_F: 25, g_B: 27, generated: 92,034, MM: 2, MMPER: 2.7,735,849,056,603,774%
[00:00:01:51:503] 
---------- SM_Grids/8x8_grid_with_random_blocks_12per_8 ----------
[00:00:00:06:756] Path of length 54 found: [0, 8, 16, 24, 32, 33, 41, 49, 48, 56, 57, 58, 59, 60, 52, 53, 45, 37, 29, 21, 13, 12, 20, 19, 27, 28, 36, 44, 43, 35, 34, 26, 25, 17, 18, 10, 9, 1, 2, 3, 4, 5, 6, 7, 15, 14, 22, 23, 31, 30, 38, 46, 47, 55, 63]
[00:00:00:06:757] ! Unidirectional s-t. expansions: 3,283, time: 6,757 [ms], path length: 54 [edges], generated: 5,539
[00:00:00:05:881] Path of length 54 found: [63, 55, 47, 39, 31, 23, 15, 7, 6, 14, 22, 30, 29, 28, 27, 26, 34, 35, 43, 44, 36, 37, 38, 46, 45, 53, 52, 60, 59, 58, 57, 56, 48, 49, 41, 33, 32, 24, 25, 17, 16, 8, 9, 10, 18, 19, 20, 21, 13, 5, 4, 3, 2, 1, 0]
[00:00:00:05:881] ! Unidirectional t-s. expansions: 2,860, time: 5,881 [ms], path length: 54 [edges], generated: 4,957
[00:00:00:07:248] Path of length 54 found: [0, 8, 16, 24, 32, 33, 41, 49, 48, 56, 57, 58, 59, 60, 52, 53, 45, 37, 29, 21, 22, 14, 13, 12, 20, 19, 27, 28, 36, 44, 43, 35, 34, 26, 25, 17, 18, 10, 9, 1, 2, 3, 4, 5, 6, 7, 15, 23, 31, 39, 38, 46, 47, 55, 63]
[00:00:00:08:256] ! Bidirectional. expansions: 3,49, time: 7,248 [ms], path length: 54 [edges], g_F: 26, g_B: 28, generated: 5,741, MM: 2, MMPER: 2.6,363,636,363,636,362%
[00:00:00:08:256] 
---------- SM_Grids/8x8_grid_with_random_blocks_12per_9 ----------
[00:00:01:50:592] Path of length 52 found: [0, 1, 2, 10, 9, 8, 16, 24, 32, 40, 48, 56, 57, 58, 50, 49, 41, 33, 25, 26, 18, 19, 11, 12, 4, 5, 6, 7, 15, 23, 31, 30, 38, 46, 47, 55, 54, 53, 45, 37, 29, 21, 20, 28, 27, 35, 43, 51, 59, 60, 61, 62, 63]
[00:00:01:50:596] ! Unidirectional s-t. expansions: 63,903, time: 110,592 [ms], path length: 52 [edges], generated: 106,348
[00:00:02:01:756] Path of length 52 found: [63, 55, 47, 46, 38, 30, 31, 23, 15, 7, 6, 5, 4, 12, 13, 21, 29, 37, 45, 53, 54, 62, 61, 60, 52, 51, 59, 58, 50, 49, 57, 56, 48, 40, 41, 33, 32, 24, 25, 26, 34, 35, 36, 28, 20, 19, 11, 10, 2, 1, 9, 8, 0]
[00:00:02:01:761] ! Unidirectional t-s. expansions: 66,171, time: 121,756 [ms], path length: 52 [edges], generated: 112,895
[00:00:01:31:491] Path of length 52 found: [0, 1, 2, 10, 9, 8, 16, 24, 32, 40, 48, 56, 57, 58, 50, 49, 41, 33, 25, 26, 18, 19, 11, 12, 4, 5, 6, 7, 15, 23, 31, 30, 29, 21, 20, 28, 36, 35, 43, 51, 52, 60, 61, 62, 54, 53, 45, 37, 38, 46, 47, 55, 63]
[00:00:01:31:920] ! Bidirectional. expansions: 42,990, time: 91,491 [ms], path length: 52 [edges], g_F: 24, g_B: 28, generated: 78,122, MM: 4, MMPER: 6.547,169,811,320,755%
[00:00:01:31:920] average expansions: (16,639, 15,591, 12,881, 0)
[00:00:01:31:920] average time: (29,987, 29,190, 28,450, 0)
[00:00:01:31:920] A*: 15,591 , 29,190 (expansions , time[ms])
[00:00:01:31:920] XMM: 12,881 , 28,450 (expansions , time[ms])

[00:00:01:31:920] 
---------- SM_Grids/8x8_grid_with_random_blocks_12per_0 ----------
[00:00:00:11:502] Path of length 52 found: [0, 8, 16, 24, 25, 17, 9, 1, 2, 10, 18, 26, 34, 33, 41, 40, 48, 56, 57, 58, 50, 42, 43, 35, 27, 19, 11, 3, 4, 12, 20, 21, 13, 14, 22, 30, 31, 39, 47, 55, 54, 53, 45, 37, 36, 44, 52, 51, 59, 60, 61, 62, 63]
[00:00:00:11:502] ! Unidirectional s-t. expansions: 3,830, time: 11,502 [ms], path length: 52 [edges], generated: 6,860
[00:00:00:16:148] Path of length 52 found: [63, 55, 47, 39, 31, 30, 22, 14, 13, 21, 20, 12, 4, 3, 2, 1, 9, 17, 18, 10, 11, 19, 27, 28, 36, 37, 45, 44, 43, 35, 34, 42, 50, 51, 52, 53, 54, 62, 61, 60, 59, 58, 57, 56, 48, 40, 41, 33, 25, 24, 16, 8, 0]
[00:00:00:16:149] ! Unidirectional t-s. expansions: 5,262, time: 16,148 [ms], path length: 52 [edges], generated: 9,386
[00:00:00:16:733] Path of length 52 found: [0, 8, 16, 24, 25, 17, 9, 1, 2, 10, 18, 26, 34, 33, 41, 40, 48, 56, 57, 58, 59, 60, 61, 62, 54, 53, 45, 44, 52, 51, 50, 42, 43, 35, 36, 28, 27, 19, 11, 3, 4, 12, 20, 21, 13, 14, 22, 30, 31, 39, 47, 55, 63]
[00:00:00:17:183] ! Bidirectional. expansions: 16,872, time: 16,733 [ms], path length: 52 [edges], g_F: 26, g_B: 26, generated: {'F': 15,423, 'B': 15,538}, MM: 0, MMPER: -1.0%
[00:00:00:17:184] 
---------- SM_Grids/8x8_grid_with_random_blocks_12per_1 ----------
[00:00:00:02:530] Path of length 52 found: [0, 8, 16, 24, 32, 33, 25, 17, 9, 1, 2, 10, 11, 3, 4, 12, 13, 5, 6, 7, 15, 14, 22, 21, 20, 19, 27, 26, 34, 42, 41, 49, 50, 58, 59, 51, 52, 60, 61, 53, 45, 44, 36, 28, 29, 37, 38, 39, 47, 46, 54, 62, 63]
[00:00:00:02:530] ! Unidirectional s-t. expansions: 914, time: 2,530 [ms], path length: 52 [edges], generated: 1,538
[00:00:00:02:787] Path of length 52 found: [63, 55, 47, 39, 38, 37, 29, 21, 22, 14, 15, 7, 6, 5, 13, 12, 4, 3, 11, 10, 2, 1, 9, 17, 25, 26, 27, 19, 20, 28, 36, 44, 52, 53, 45, 46, 54, 62, 61, 60, 59, 51, 50, 49, 41, 42, 34, 33, 32, 24, 16, 8, 0]
[00:00:00:02:787] ! Unidirectional t-s. expansions: 974, time: 2,787 [ms], path length: 52 [edges], generated: 1,691
[00:00:00:06:678] Path of length 52 found: [0, 8, 16, 24, 32, 33, 25, 17, 9, 1, 2, 10, 11, 3, 4, 12, 13, 5, 6, 7, 15, 14, 22, 21, 20, 19, 27, 26, 34, 42, 41, 49, 50, 51, 59, 60, 61, 62, 54, 46, 45, 53, 52, 44, 36, 28, 29, 37, 38, 39, 47, 55, 63]
[00:00:00:07:104] ! Bidirectional. expansions: 5,641, time: 6,678 [ms], path length: 52 [edges], g_F: 26, g_B: 26, generated: {'F': 4,868, 'B': 5,124}, MM: 0, MMPER: -1.0%
[00:00:00:07:104] 
---------- SM_Grids/8x8_grid_with_random_blocks_12per_2 ----------
[00:00:00:27:496] Path of length 50 found: [0, 8, 16, 24, 32, 33, 25, 17, 9, 1, 2, 10, 18, 19, 27, 28, 20, 12, 11, 3, 4, 5, 13, 21, 22, 14, 15, 23, 31, 30, 29, 37, 36, 44, 43, 42, 50, 49, 57, 58, 59, 51, 52, 60, 61, 62, 54, 46, 47, 55, 63]
[00:00:00:27:496] ! Unidirectional s-t. expansions: 9,298, time: 27,496 [ms], path length: 50 [edges], generated: 17,219
[00:00:00:11:255] Path of length 50 found: [63, 55, 47, 46, 54, 62, 61, 60, 52, 44, 43, 51, 59, 58, 57, 49, 50, 42, 34, 33, 32, 24, 25, 17, 16, 8, 9, 10, 18, 19, 27, 28, 36, 37, 38, 30, 29, 21, 22, 23, 15, 14, 13, 5, 4, 12, 11, 3, 2, 1, 0]
[00:00:00:11:255] ! Unidirectional t-s. expansions: 3,654, time: 11,255 [ms], path length: 50 [edges], generated: 6,995
[00:00:00:22:518] Path of length 50 found: [0, 8, 16, 24, 32, 33, 25, 17, 9, 1, 2, 10, 18, 19, 27, 28, 20, 12, 11, 3, 4, 5, 13, 14, 15, 23, 22, 21, 29, 30, 38, 37, 36, 44, 43, 42, 50, 49, 57, 58, 59, 51, 52, 60, 61, 62, 54, 46, 47, 55, 63]
[00:00:00:22:947] ! Bidirectional. expansions: 22,765, time: 22,518 [ms], path length: 50 [edges], g_F: 25, g_B: 25, generated: {'F': 21,947, 'B': 20,867}, MM: 0, MMPER: -1.0%
[00:00:00:22:947] 
---------- SM_Grids/8x8_grid_with_random_blocks_12per_3 ----------
[00:00:00:09:583] Path of length 54 found: [0, 8, 16, 24, 32, 33, 41, 49, 48, 56, 57, 58, 50, 51, 59, 60, 52, 44, 43, 35, 36, 37, 29, 30, 22, 14, 13, 12, 20, 19, 27, 26, 25, 17, 18, 10, 9, 1, 2, 3, 4, 5, 6, 7, 15, 23, 31, 39, 38, 46, 47, 55, 54, 62, 63]
[00:00:00:09:583] ! Unidirectional s-t. expansions: 3,564, time: 9,583 [ms], path length: 54 [edges], generated: 6,046
[00:00:00:10:698] Path of length 54 found: [63, 55, 47, 39, 31, 23, 15, 7, 6, 5, 4, 3, 2, 1, 9, 10, 18, 17, 25, 26, 27, 19, 20, 12, 13, 14, 22, 30, 29, 37, 38, 46, 54, 62, 61, 60, 52, 44, 36, 35, 43, 51, 59, 58, 57, 56, 48, 49, 41, 33, 32, 24, 16, 8, 0]
[00:00:00:10:699] ! Unidirectional t-s. expansions: 3,915, time: 10,698 [ms], path length: 54 [edges], generated: 6,636
[00:00:00:19:506] Path of length 54 found: [0, 8, 16, 24, 32, 33, 41, 49, 48, 56, 57, 58, 50, 51, 59, 60, 61, 62, 54, 46, 45, 44, 43, 35, 36, 37, 29, 30, 22, 14, 13, 12, 20, 19, 27, 26, 25, 17, 18, 10, 9, 1, 2, 3, 4, 5, 6, 7, 15, 23, 31, 39, 47, 55, 63]
[00:00:00:19:923] ! Bidirectional. expansions: 19,436, time: 19,506 [ms], path length: 54 [edges], g_F: 27, g_B: 27, generated: {'F': 16,320, 'B': 16,848}, MM: 0, MMPER: -1.0%
[00:00:00:19:923] 
---------- SM_Grids/8x8_grid_with_random_blocks_12per_4 ----------
[00:00:00:00:923] Path of length 54 found: [0, 8, 16, 24, 25, 17, 9, 10, 18, 26, 34, 33, 41, 49, 48, 56, 57, 58, 50, 42, 43, 51, 59, 60, 52, 44, 36, 35, 27, 19, 11, 12, 4, 5, 6, 14, 13, 21, 20, 28, 29, 37, 38, 30, 22, 23, 31, 39, 47, 55, 54, 53, 61, 62, 63]
[00:00:00:00:923] ! Unidirectional s-t. expansions: 325, time: 923 [ms], path length: 54 [edges], generated: 589
[00:00:00:00:140] Path of length 54 found: [63, 55, 47, 39, 31, 23, 22, 14, 6, 5, 4, 12, 13, 21, 20, 19, 11, 10, 9, 17, 18, 26, 34, 42, 50, 51, 43, 35, 27, 28, 29, 30, 38, 37, 36, 44, 52, 53, 54, 62, 61, 60, 59, 58, 57, 56, 48, 49, 41, 33, 25, 24, 16, 8, 0]
[00:00:00:00:140] ! Unidirectional t-s. expansions: 54, time: 140 [ms], path length: 54 [edges], generated: 91
[00:00:00:00:921] Path of length 54 found: [0, 8, 16, 24, 25, 17, 9, 10, 11, 19, 18, 26, 27, 35, 34, 33, 41, 49, 48, 56, 57, 58, 50, 42, 43, 51, 59, 60, 61, 62, 54, 53, 52, 44, 36, 37, 38, 30, 29, 28, 20, 21, 13, 12, 4, 5, 6, 14, 22, 23, 31, 39, 47, 55, 63]
[00:00:00:01:336] ! Bidirectional. expansions: 1,43, time: 921 [ms], path length: 54 [edges], g_F: 27, g_B: 27, generated: {'F': 950, 'B': 1,055}, MM: 0, MMPER: -1.0%
[00:00:00:01:336] 
---------- SM_Grids/8x8_grid_with_random_blocks_12per_5 ----------
[00:00:00:21:618] Path of length 52 found: [0, 8, 16, 24, 32, 40, 41, 33, 25, 17, 9, 1, 2, 3, 11, 19, 27, 35, 34, 42, 50, 58, 59, 51, 43, 44, 52, 60, 61, 53, 45, 37, 29, 28, 20, 21, 13, 12, 4, 5, 6, 14, 15, 23, 22, 30, 31, 39, 38, 46, 47, 55, 63]
[00:00:00:21:618] ! Unidirectional s-t. expansions: 7,620, time: 21,618 [ms], path length: 52 [edges], generated: 13,837
[00:00:00:07:047] Path of length 52 found: [63, 55, 47, 39, 31, 23, 15, 14, 6, 5, 4, 3, 2, 1, 9, 17, 18, 19, 27, 28, 20, 12, 13, 21, 22, 30, 29, 37, 38, 46, 45, 44, 52, 53, 61, 60, 59, 58, 50, 51, 43, 35, 34, 42, 41, 40, 32, 33, 25, 24, 16, 8, 0]
[00:00:00:07:048] ! Unidirectional t-s. expansions: 2,568, time: 7,47 [ms], path length: 52 [edges], generated: 4,564
[00:00:00:08:249] Path of length 52 found: [0, 8, 16, 24, 32, 40, 41, 33, 25, 17, 9, 1, 2, 3, 11, 19, 20, 28, 27, 35, 34, 42, 50, 58, 59, 60, 61, 53, 52, 51, 43, 44, 45, 46, 38, 37, 29, 30, 22, 21, 13, 12, 4, 5, 6, 14, 15, 23, 31, 39, 47, 55, 63]
[00:00:00:08:645] ! Bidirectional. expansions: 8,388, time: 8,249 [ms], path length: 52 [edges], g_F: 26, g_B: 26, generated: {'F': 7,699, 'B': 7,944}, MM: 0, MMPER: -1.0%
[00:00:00:08:645] 
---------- SM_Grids/8x8_grid_with_random_blocks_12per_6 ----------
[00:00:00:12:848] Path of length 52 found: [0, 8, 16, 24, 32, 40, 48, 49, 41, 42, 50, 51, 59, 60, 61, 53, 45, 44, 43, 35, 34, 26, 25, 17, 9, 1, 2, 10, 18, 19, 27, 28, 20, 12, 11, 3, 4, 5, 13, 14, 6, 7, 15, 23, 22, 21, 29, 37, 38, 46, 54, 62, 63]
[00:00:00:12:848] ! Unidirectional s-t. expansions: 4,530, time: 12,848 [ms], path length: 52 [edges], generated: 8,198
[00:00:00:10:157] Path of length 52 found: [63, 62, 54, 46, 38, 37, 29, 21, 13, 14, 22, 23, 15, 7, 6, 5, 4, 3, 2, 1, 9, 17, 25, 26, 18, 10, 11, 12, 20, 19, 27, 28, 36, 35, 34, 42, 43, 44, 45, 53, 61, 60, 59, 51, 50, 49, 41, 40, 32, 24, 16, 8, 0]
[00:00:00:10:157] ! Unidirectional t-s. expansions: 3,703, time: 10,157 [ms], path length: 52 [edges], generated: 6,597
[00:00:00:34:488] Path of length 52 found: [0, 8, 16, 24, 32, 40, 48, 49, 41, 42, 50, 51, 59, 60, 61, 53, 45, 44, 43, 35, 34, 26, 25, 17, 18, 19, 27, 28, 20, 12, 11, 10, 9, 1, 2, 3, 4, 5, 6, 7, 15, 23, 22, 14, 13, 21, 29, 37, 38, 46, 54, 62, 63]
[00:00:00:34:888] ! Bidirectional. expansions: 36,719, time: 34,488 [ms], path length: 52 [edges], g_F: 26, g_B: 26, generated: {'F': 33,500, 'B': 34,708}, MM: 0, MMPER: -1.0%
[00:00:00:34:889] 
---------- SM_Grids/8x8_grid_with_random_blocks_12per_7 ----------
[00:00:03:04:140] Path of length 52 found: [0, 8, 16, 24, 32, 40, 48, 56, 57, 58, 59, 60, 52, 44, 36, 28, 27, 26, 34, 35, 43, 42, 41, 33, 25, 17, 9, 10, 18, 19, 20, 12, 13, 5, 6, 7, 15, 14, 22, 23, 31, 30, 38, 37, 45, 53, 61, 62, 54, 46, 47, 55, 63]
[00:00:03:04:140] ! Unidirectional s-t. expansions: 69,458, time: 184,140 [ms], path length: 52 [edges], generated: 125,630
[00:00:02:59:028] Path of length 52 found: [63, 55, 47, 39, 31, 23, 15, 7, 6, 5, 13, 12, 20, 21, 22, 30, 38, 37, 36, 28, 27, 19, 18, 10, 9, 17, 25, 26, 34, 35, 43, 44, 52, 53, 45, 46, 54, 62, 61, 60, 59, 58, 57, 56, 48, 49, 41, 33, 32, 24, 16, 8, 0]
[00:00:02:59:028] ! Unidirectional t-s. expansions: 67,476, time: 179,28 [ms], path length: 52 [edges], generated: 121,829
[00:00:02:45:832] Valid meeting checks so far: 200,000, state_vs_state: 79, state_vs_prefix: 0, prefix_vs_prefix: 199,921
[00:00:05:37:130] Valid meeting checks so far: 400,000, state_vs_state: 172, state_vs_prefix: 0, prefix_vs_prefix: 399,828
[00:00:06:34:063] Path of length 52 found: [0, 8, 16, 24, 32, 40, 48, 56, 57, 58, 59, 60, 52, 44, 43, 35, 34, 42, 41, 33, 25, 17, 9, 10, 18, 26, 27, 28, 36, 37, 45, 53, 61, 62, 54, 46, 38, 30, 22, 21, 20, 12, 13, 5, 6, 7, 15, 23, 31, 39, 47, 55, 63]
[00:00:06:34:453] ! Bidirectional. expansions: 467,158, time: 394,63 [ms], path length: 52 [edges], g_F: 26, g_B: 26, generated: {'F': 410,948, 'B': 432,472}, MM: 0, MMPER: -1.0%
[00:00:06:34:453] 
---------- SM_Grids/8x8_grid_with_random_blocks_12per_8 ----------
[00:00:00:08:488] Path of length 54 found: [0, 8, 16, 24, 32, 33, 41, 49, 48, 56, 57, 58, 59, 60, 52, 53, 45, 37, 29, 21, 13, 12, 20, 19, 27, 28, 36, 44, 43, 35, 34, 26, 25, 17, 18, 10, 9, 1, 2, 3, 4, 5, 6, 7, 15, 14, 22, 23, 31, 30, 38, 46, 47, 55, 63]
[00:00:00:08:489] ! Unidirectional s-t. expansions: 3,282, time: 8,488 [ms], path length: 54 [edges], generated: 5,761
[00:00:00:07:510] Path of length 54 found: [63, 55, 47, 39, 31, 23, 15, 7, 6, 5, 4, 3, 2, 1, 9, 10, 18, 17, 25, 26, 34, 35, 43, 44, 36, 28, 27, 19, 20, 12, 13, 14, 22, 21, 29, 30, 38, 37, 45, 53, 52, 60, 59, 58, 57, 56, 48, 49, 41, 33, 32, 24, 16, 8, 0]
[00:00:00:07:510] ! Unidirectional t-s. expansions: 2,871, time: 7,510 [ms], path length: 54 [edges], generated: 5,189
[00:00:00:07:067] Path of length 54 found: [0, 8, 16, 24, 32, 33, 41, 49, 48, 56, 57, 58, 59, 60, 52, 53, 45, 46, 38, 30, 22, 14, 13, 12, 20, 19, 27, 28, 29, 37, 36, 44, 43, 35, 34, 26, 25, 17, 18, 10, 9, 1, 2, 3, 4, 5, 6, 7, 15, 23, 31, 39, 47, 55, 63]
[00:00:00:07:451] ! Bidirectional. expansions: 7,762, time: 7,67 [ms], path length: 54 [edges], g_F: 27, g_B: 27, generated: {'F': 6,903, 'B': 7,156}, MM: 0, MMPER: -1.0%
[00:00:00:07:452] 
---------- SM_Grids/8x8_grid_with_random_blocks_12per_9 ----------
[00:00:02:35:868] Path of length 52 found: [0, 8, 9, 1, 2, 10, 18, 26, 25, 24, 32, 40, 48, 56, 57, 49, 41, 33, 34, 35, 43, 51, 50, 58, 59, 60, 52, 53, 45, 37, 36, 28, 27, 19, 11, 12, 20, 21, 13, 5, 6, 7, 15, 23, 31, 30, 38, 46, 47, 55, 54, 62, 63]
[00:00:02:35:869] ! Unidirectional s-t. expansions: 63,926, time: 155,868 [ms], path length: 52 [edges], generated: 109,846
[00:00:02:50:047] Path of length 52 found: [63, 55, 47, 46, 38, 30, 31, 23, 15, 7, 6, 5, 4, 12, 13, 21, 20, 19, 11, 10, 18, 26, 25, 33, 34, 35, 27, 28, 36, 37, 45, 53, 54, 62, 61, 60, 52, 51, 59, 58, 50, 49, 57, 56, 48, 40, 32, 24, 16, 8, 9, 1, 0]
[00:00:02:50:047] ! Unidirectional t-s. expansions: 66,175, time: 170,47 [ms], path length: 52 [edges], generated: 117,280
[00:00:02:36:727] Path of length 52 found: [0, 8, 9, 1, 2, 10, 18, 26, 25, 24, 32, 40, 48, 56, 57, 49, 41, 33, 34, 35, 43, 51, 50, 58, 59, 60, 61, 62, 54, 53, 45, 37, 29, 21, 20, 28, 27, 19, 11, 12, 4, 5, 6, 7, 15, 23, 31, 30, 38, 46, 47, 55, 63]
[00:00:02:37:116] ! Bidirectional. expansions: 199,117, time: 156,727 [ms], path length: 52 [edges], g_F: 26, g_B: 26, generated: {'F': 183,130, 'B': 174,725}, MM: 0, MMPER: -1.0%
[00:00:02:37:117] average expansions: (16,675, 15,665, 78,490, 0)
[00:00:02:37:117] average time: (43,500, 41,482, 66,695, 0)
[00:00:02:37:117] X-DFBnB: 15,665 , 41,482 (expansions , time[ms])
[00:00:02:37:117] BiX-DFBnB: 78,490 , 66,695 (expansions , time[ms])

