--------------------------
date: cubes
number_of_graphs: 1
graph_type: cube
size_of_graphs: [8, 8]
heuristic: heuristic0
snake: True
run_uni: True
run_bi: False
run_multi: False
cube_first_dims: 8
cube_buffer_dim: 3
backward_sym_generation: False

---------- cubes/8d_cube ----------
[00:00:00:06:492] Expansion 100000: state [255, 223, 207, 203, 75, 73, 72, 200, 136, 168, 40, 56, 60, 28, 156, 220, 252, 248, 250], f=98, g=18
[00:00:00:13:014] Expansion 200000: state [255, 223, 207, 203, 75, 73, 72, 200, 136, 168, 40, 56, 58, 26, 154, 158, 142, 174, 238, 236, 108, 109, 45, 173, 189, 185, 249, 233], f=98, g=27
[00:00:00:19:553] Expansion 300000: state [255, 223, 207, 203, 75, 73, 72, 200, 136, 168, 40, 44, 12, 28, 156, 188, 189, 185, 249, 121, 120, 122, 90, 94, 78, 110, 238, 236, 237, 109], f=98, g=29
[00:00:00:26:445] Expansion 400000: state [255, 223, 207, 203, 75, 73, 72, 200, 136, 168, 40, 44, 108, 110, 106, 122, 120, 121, 249, 233, 237, 173, 189, 157, 156, 28], f=98, g=25
[00:00:00:33:490] Expansion 500000: state [255, 223, 207, 203, 75, 73, 72, 200, 136, 168, 40, 44, 60, 124, 252, 236, 238, 110, 106, 122, 58, 186, 154, 158, 156, 157, 189, 173, 175, 171, 43], f=98, g=30
[00:00:00:40:715] Expansion 600000: state [255, 223, 207, 203, 75, 73, 72, 200, 136, 168, 40, 44, 45, 173, 237, 233, 249, 248, 252, 124, 92, 94, 78, 110, 238, 174, 190, 158], f=98, g=27
[00:00:00:47:857] Expansion 700000: state [255, 223, 207, 203, 75, 73, 72, 200, 136, 168, 40, 42, 10, 26, 154, 158, 190, 174, 238, 110, 108, 109, 237, 173, 189, 185, 249, 217], f=98, g=27
[00:00:00:54:854] Expansion 800000: state [255, 223, 207, 203, 75, 73, 72, 200, 136, 168, 40, 42, 106, 122, 90, 94, 92, 124, 252, 188, 156, 158, 154, 155, 187, 171, 175, 173, 141], f=98, g=28
[00:00:01:02:049] Expansion 900000: state [255, 223, 207, 203, 75, 73, 72, 200, 136, 168, 40, 42, 58, 26, 90, 94, 92, 28, 60, 188, 189, 173, 45, 109, 108, 236, 238, 234], f=98, g=27
[00:00:01:09:144] Expansion 1000000: state [255, 223, 207, 203, 75, 73, 72, 200, 136, 168, 40, 42, 46, 174, 190, 186, 187, 185, 189, 173, 237, 109, 108, 124, 120, 122, 90, 94], f=98, g=27
[00:00:01:16:599] Expansion 1100000: state [255, 223, 207, 203, 75, 73, 72, 200, 136, 168, 40, 42, 43, 171, 187, 185, 189, 157, 156, 158, 154, 26, 90, 122, 250, 234, 238, 236, 252, 124, 60], f=98, g=30
[00:00:01:23:763] Expansion 1200000: state [255, 223, 207, 203, 75, 73, 72, 200, 136, 168, 40, 41, 45, 173, 237, 236, 252, 124, 60, 28, 156, 158, 142, 174, 46, 110, 78, 94, 90, 218, 250, 186, 187, 185, 249, 121], f=98, g=35
[00:00:01:31:149] Expansion 1300000: state [255, 223, 207, 203, 75, 73, 72, 200, 136, 168, 40, 41, 45, 109, 108, 124, 252, 220, 156, 158, 142, 174, 175, 171, 187, 185, 249], f=98, g=26
[00:00:01:38:260] Expansion 1400000: state [255, 223, 207, 203, 75, 73, 72, 200, 136, 168, 40, 41, 43, 171, 187, 155, 154, 158, 156, 28, 60, 124, 120, 122, 106, 234, 238], f=98, g=26
[00:00:01:45:752] Expansion 1500000: state [255, 223, 207, 203, 75, 73, 72, 200, 136, 168, 40, 41, 43, 171, 175, 173, 189, 157, 156, 158, 190, 186, 58, 26, 90, 94, 78, 110, 238, 236, 252, 124, 120, 121, 249, 217], f=98, g=35
[00:00:01:52:795] Expansion 1600000: state [255, 223, 207, 203, 75, 73, 72, 200, 136, 168, 184, 56, 120, 122, 250, 234, 238, 236, 237, 109, 45, 44, 12, 28, 92], f=98, g=24
[00:00:02:00:539] Expansion 1700000: state [255, 223, 207, 203, 75, 73, 72, 200, 136, 168, 184, 56, 58, 42, 43, 41, 45, 173, 175, 174, 190, 158, 154, 218, 90, 94, 78, 110, 108, 236, 252], f=98, g=30
[00:00:02:08:338] Expansion 1800000: state [255, 223, 207, 203, 75, 73, 72, 200, 136, 168, 184, 248, 252, 220, 156, 157, 141, 173, 237, 109, 108, 44, 46, 42, 106, 122, 90, 26], f=98, g=27
[00:00:02:16:071] Expansion 1900000: state [255, 223, 207, 203, 75, 73, 72, 200, 136, 168, 184, 248, 249, 233, 237, 109, 45, 44, 60, 28, 156, 158, 154, 218, 90, 122, 106, 234, 238, 174, 175, 171, 187], f=98, g=32
[00:00:02:23:960] Expansion 2000000: state [255, 223, 207, 203, 75, 73, 72, 200, 136, 168, 184, 188, 156, 158, 154, 218, 250, 122, 120, 124, 108, 236, 237, 173, 175, 171, 43, 42, 46], f=98, g=28
[00:00:02:32:274] Expansion 2100000: state [255, 223, 207, 203, 75, 73, 72, 200, 136, 168, 184, 186, 58, 122, 90, 94, 92, 124, 60, 44, 46, 174, 142, 158, 156, 157, 189, 173, 237, 236], f=98, g=29
[00:00:02:39:165] Expansion 2200000: state [255, 223, 207, 203, 75, 73, 72, 200, 136, 168, 184, 186, 190, 158, 156, 28, 92, 94, 90, 122, 120, 121, 249, 233, 237, 236, 108, 44, 45, 41, 43, 42, 10], f=98, g=32
[00:00:02:46:223] Expansion 2300000: state [255, 223, 207, 203, 75, 73, 72, 200, 136, 168, 184, 185, 249, 233, 237, 109, 108, 124, 92, 28, 156, 158, 142, 174, 175, 171, 43, 42, 106, 234, 250, 218, 90], f=98, g=32
[00:00:02:53:302] Expansion 2400000: state [255, 223, 207, 203, 75, 73, 72, 200, 136, 168, 184, 185, 189, 173, 237, 236, 238, 174, 190, 158, 154, 26, 58, 122, 120, 124, 60, 44], f=98, g=27
[00:00:03:00:374] Expansion 2500000: state [255, 223, 207, 203, 75, 73, 72, 200, 136, 168, 184, 185, 187, 171, 175, 173, 45, 44, 108, 110, 238, 234, 250, 218, 90, 94, 92, 28, 156, 158, 190], f=98, g=30
[00:00:03:08:039] Expansion 2600000: state [255, 223, 207, 203, 75, 73, 72, 200, 136, 168, 172, 44, 45, 109, 237, 233, 249, 248, 252, 124, 92, 28, 156, 158, 154, 186, 187, 171, 43, 42, 10], f=98, g=30
[00:00:03:15:028] Expansion 2700000: state [255, 223, 207, 203, 75, 73, 72, 200, 136, 168, 172, 188, 156, 28, 92, 94, 78, 110, 238, 234, 250, 248, 249, 185, 187, 171, 43, 42, 10, 26, 154], f=98, g=30
[00:00:03:22:143] Expansion 2800000: state [255, 223, 207, 203, 75, 73, 72, 200, 136, 168, 172, 174, 142, 158, 156, 157, 189, 185, 249, 233, 237, 109, 108, 124, 92, 94, 90, 26, 58, 42, 43, 41], f=98, g=31
[00:00:03:29:240] Expansion 2900000: state [255, 223, 207, 203, 75, 73, 72, 200, 136, 168, 172, 174, 175, 171, 187, 186, 58, 42, 106, 110, 108, 109, 237, 233, 249, 248, 252, 220, 92], f=98, g=28
[00:00:03:36:375] Expansion 3000000: state [255, 223, 207, 203, 75, 73, 72, 200, 136, 168, 172, 173, 189, 185, 249, 121, 120, 124, 108, 110, 46, 42, 10, 26, 90, 218, 250], f=98, g=26
[00:00:03:43:459] Expansion 3100000: state [255, 223, 207, 203, 75, 73, 72, 200, 136, 168, 170, 42, 106, 110, 238, 236, 237, 173, 45, 44, 60, 188, 156, 220, 92, 94, 90, 218, 250, 248], f=98, g=29
[00:00:03:51:115] Expansion 3200000: state [255, 223, 207, 203, 75, 73, 72, 200, 136, 168, 170, 42, 43, 41, 45, 44, 108, 124, 120, 248, 249, 185, 189, 157, 156, 158, 154, 218, 90, 94, 78], f=98, g=30
[00:00:03:58:142] Expansion 3300000: state [255, 223, 207, 203, 75, 73, 72, 200, 136, 168, 170, 234, 250, 218, 154, 158, 156, 157, 189, 173, 45, 44, 60, 124, 252], f=98, g=24
[00:00:04:05:448] Expansion 3400000: state [255, 223, 207, 203, 75, 73, 72, 200, 136, 168, 170, 186, 154, 26, 90, 94, 92, 220, 252, 236, 237, 233, 249, 121, 120, 56, 60, 44, 45], f=98, g=28
[00:00:04:12:912] Expansion 3500000: state [255, 223, 207, 203, 75, 73, 72, 200, 136, 168, 170, 174, 46, 110, 78, 94, 92, 28, 156, 158, 154, 26, 58, 122, 250, 248, 252, 236, 237, 173, 141], f=98, g=30
[00:00:04:20:258] Expansion 3600000: state [255, 223, 207, 203, 75, 73, 72, 200, 136, 168, 170, 174, 238, 236, 108, 124, 60, 28, 156, 158, 154, 218, 250, 122, 58], f=98, g=24
[00:00:04:27:366] Expansion 3700000: state [255, 223, 207, 203, 75, 73, 72, 200, 136, 168, 170, 171, 43, 41, 45, 44, 108, 124, 92, 94, 90, 218, 154, 158, 190, 188, 189, 157, 141], f=98, g=28
[00:00:04:34:471] Expansion 3800000: state [255, 223, 207, 203, 75, 73, 72, 200, 136, 168, 170, 171, 187, 185, 249, 233, 237, 109, 108, 124, 60, 56, 58, 122, 90, 218, 154, 158, 156], f=98, g=28
[00:00:04:41:636] Expansion 3900000: state [255, 223, 207, 203, 75, 73, 72, 200, 136, 168, 169, 41, 45, 44, 108, 110, 78, 94, 92, 28, 156, 158, 154, 218, 250, 122, 120, 56], f=98, g=27
[00:00:04:49:664] Expansion 4000000: state [255, 223, 207, 203, 75, 73, 72, 200, 136, 168, 169, 41, 43, 42, 106, 234, 238, 236, 108, 124, 92, 94, 90, 218, 154, 158, 190, 188, 189], f=98, g=28
[00:00:04:56:673] Expansion 4100000: state [255, 223, 207, 203, 75, 73, 72, 200, 136, 168, 169, 233, 249, 248, 250, 122, 58, 56, 60, 44, 46, 174, 190, 158, 154], f=98, g=24
[00:00:05:03:712] Expansion 4200000: state [255, 223, 207, 203, 75, 73, 72, 200, 136, 168, 169, 233, 237, 236, 238, 110, 46, 42, 10, 26, 154, 218, 250, 122], f=98, g=23
[00:00:05:10:729] Expansion 4300000: state [255, 223, 207, 203, 75, 73, 72, 200, 136, 168, 169, 185, 249, 248, 250, 234, 238, 174, 46, 42, 58, 26, 90, 94, 92, 124, 108, 109], f=98, g=27
[00:00:05:17:822] Expansion 4400000: state [255, 223, 207, 203, 75, 73, 72, 200, 136, 168, 169, 185, 187, 155, 154, 218, 250, 122, 106, 110, 238, 236, 237, 109, 45, 44, 60, 188, 156, 220, 92, 94], f=98, g=31
[00:00:05:24:944] Expansion 4500000: state [255, 223, 207, 203, 75, 73, 72, 200, 136, 168, 169, 173, 45, 44, 46, 110, 78, 94, 92, 124, 252, 188, 190, 186, 250, 218], f=98, g=25
[00:00:05:32:409] Expansion 4600000: state [255, 223, 207, 203, 75, 73, 72, 200, 136, 168, 169, 173, 237, 109, 108, 110, 106, 122, 120, 248, 252, 220, 156, 158, 142, 174], f=98, g=25
[00:00:05:39:667] Expansion 4700000: state [255, 223, 207, 203, 75, 73, 72, 200, 136, 168, 169, 173, 189, 188, 156, 158, 154, 218, 250, 122, 120], f=98, g=20
[00:00:05:46:809] Expansion 4800000: state [255, 223, 207, 203, 75, 73, 72, 200, 136, 168, 169, 171, 43, 42, 58, 56, 60, 44, 108, 110, 78, 94, 90, 218, 154, 158, 156, 220, 252, 248, 249, 121], f=98, g=31
[00:00:05:53:932] Expansion 4900000: state [255, 223, 207, 203, 75, 73, 72, 200, 136, 168, 169, 171, 187, 186, 250, 218, 90, 94, 78, 110, 46, 174, 142, 158, 156, 188, 252, 236, 237, 109], f=98, g=29
[00:00:06:01:960] Expansion 5000000: state [255, 223, 207, 203, 75, 73, 72, 200, 136, 152, 184, 56, 120, 124, 108, 110, 106, 42, 43, 171, 175, 174], f=98, g=21
[00:00:06:08:914] Expansion 5100000: state [255, 223, 207, 203, 75, 73, 72, 200, 136, 152, 184, 248, 120, 122, 58, 42, 40, 44, 108, 110, 78, 94, 92, 220], f=98, g=23
[00:00:06:15:797] Expansion 5200000: state [255, 223, 207, 203, 75, 73, 72, 200, 136, 152, 184, 248, 250, 234, 238, 236, 172, 44, 60, 28, 92, 94, 90, 26, 58, 42, 43, 171, 169], f=98, g=28
[00:00:06:22:725] Expansion 5300000: state [255, 223, 207, 203, 75, 73, 72, 200, 136, 152, 184, 188, 252, 124, 120, 122, 90, 94, 78, 110, 238, 174, 175, 173, 45, 41, 43, 42, 10], f=98, g=28
[00:00:06:29:680] Expansion 5400000: state [255, 223, 207, 203, 75, 73, 72, 200, 136, 152, 184, 186, 58, 122, 90, 94, 92, 28, 60, 44, 45, 109, 237, 233, 169], f=98, g=24
[00:00:06:36:611] Expansion 5500000: state [255, 223, 207, 203, 75, 73, 72, 200, 136, 152, 184, 186, 190, 174, 238, 236, 252, 124, 120, 121, 249, 233, 169, 171, 43, 42, 40, 44, 45], f=98, g=28
[00:00:06:43:595] Expansion 5600000: state [255, 223, 207, 203, 75, 73, 72, 200, 136, 152, 184, 185, 249, 121, 120, 124, 252, 236, 238, 234, 250, 218, 90, 26, 58, 42, 43, 171, 175, 173, 45, 44, 12], f=98, g=32
[00:00:06:50:572] Expansion 5700000: state [255, 223, 207, 203, 75, 73, 72, 200, 136, 152, 156, 28, 12, 44, 40, 56, 120, 248, 250, 218, 90, 94, 78, 110, 238, 174, 175, 171, 187, 185, 189], f=98, g=30
[00:00:06:57:606] Expansion 5800000: state [255, 223, 207, 203, 75, 73, 72, 200, 136, 152, 156, 28, 12, 44, 45, 41, 43, 42, 106, 110, 238, 236, 252, 248, 120], f=98, g=24
[00:00:07:04:629] Expansion 5900000: state [255, 223, 207, 203, 75, 73, 72, 200, 136, 152, 156, 28, 92, 124, 120, 248, 249, 233, 237, 173, 172, 174, 190, 186], f=98, g=23
[00:00:07:11:763] Expansion 6000000: state [255, 223, 207, 203, 75, 73, 72, 200, 136, 152, 156, 28, 92, 94, 78, 110, 108, 44, 172, 174, 190, 186, 58, 122, 120, 248, 249, 185, 169], f=98, g=28
[00:00:07:19:035] Expansion 6100000: state [255, 223, 207, 203, 75, 73, 72, 200, 136, 152, 156, 28, 92, 94, 90, 218, 250, 186, 170, 42, 40, 41, 45, 173, 141], f=98, g=24
[00:00:07:26:065] Expansion 6200000: state [255, 223, 207, 203, 75, 73, 72, 200, 136, 152, 156, 28, 60, 44, 40, 42, 58, 26, 90, 94, 78, 110, 238, 174, 175, 171, 187, 185, 249, 248, 250], f=98, g=30
[00:00:07:33:059] Expansion 6300000: state [255, 223, 207, 203, 75, 73, 72, 200, 136, 152, 156, 28, 60, 56, 40, 41, 45, 173, 175, 171, 170, 234, 250, 218, 90, 94, 78, 110, 108], f=98, g=28
[00:00:07:40:048] Expansion 6400000: state [255, 223, 207, 203, 75, 73, 72, 200, 136, 152, 156, 28, 60, 124, 108, 110, 238, 174, 170, 171, 169, 185, 249], f=98, g=22
[00:00:07:46:992] Expansion 6500000: state [255, 223, 207, 203, 75, 73, 72, 200, 136, 152, 156, 220, 92, 124, 60, 44, 45, 173, 189, 185, 249, 248, 250, 122, 106, 42, 43], f=98, g=26
[00:00:07:54:017] Expansion 6600000: state [255, 223, 207, 203, 75, 73, 72, 200, 136, 152, 156, 220, 92, 124, 120, 122, 90, 26, 10, 42, 40, 41, 45, 173, 175, 171, 187, 186, 190], f=98, g=28
[00:00:08:01:020] Expansion 6700000: state [255, 223, 207, 203, 75, 73, 72, 200, 136, 152, 156, 220, 92, 94, 78, 110, 238, 236, 237, 173, 175, 171, 43, 41, 40, 56, 120, 248], f=98, g=27
[00:00:08:08:028] Expansion 6800000: state [255, 223, 207, 203, 75, 73, 72, 200, 136, 152, 156, 220, 92, 94, 90, 122, 58, 56, 40, 44, 108, 109, 237, 173, 169], f=98, g=24
[00:00:08:15:010] Expansion 6900000: state [255, 223, 207, 203, 75, 73, 72, 200, 136, 152, 156, 220, 252, 124, 108, 109, 237, 173, 172, 174, 238, 234, 250, 218, 90, 26, 58, 42, 40, 41], f=98, g=29
[00:00:08:21:975] Expansion 7000000: state [255, 223, 207, 203, 75, 73, 72, 200, 136, 152, 156, 220, 252, 236, 237, 109, 45, 41, 43, 42, 58, 186, 250, 218, 90, 94], f=98, g=25
[00:00:08:28:923] Expansion 7100000: state [255, 223, 207, 203, 75, 73, 72, 200, 136, 152, 156, 220, 252, 248, 249, 233, 237, 173, 175, 174, 238, 110, 108, 44, 40, 56, 58, 122, 90, 94], f=98, g=29
[00:00:08:35:868] Expansion 7200000: state [255, 223, 207, 203, 75, 73, 72, 200, 136, 152, 156, 188, 60, 124, 92, 94, 90, 26, 10, 42, 106, 234, 250, 248, 249, 185, 187, 171, 175, 173, 237, 236], f=98, g=31
[00:00:08:42:825] Expansion 7300000: state [255, 223, 207, 203, 75, 73, 72, 200, 136, 152, 156, 188, 172, 236, 237, 233, 249, 185, 187, 171, 170, 42, 40, 56, 120, 124, 92, 94, 90, 218, 250], f=98, g=30
[00:00:08:49:818] Expansion 7400000: state [255, 223, 207, 203, 75, 73, 72, 200, 136, 152, 156, 188, 252, 124, 120, 122, 58, 42, 40, 41, 45, 173, 175, 174, 238, 234], f=98, g=25
[00:00:08:56:735] Expansion 7500000: state [255, 223, 207, 203, 75, 73, 72, 200, 136, 152, 156, 188, 190, 174, 46, 42, 43, 41, 169, 185, 249, 248, 250, 218, 90, 94, 92, 124, 108, 236, 237], f=98, g=30
[00:00:09:03:694] Expansion 7600000: state [255, 223, 207, 203, 75, 73, 72, 200, 136, 152, 156, 188, 190, 186, 250, 248, 120, 56, 40, 41, 45, 109, 108, 110], f=98, g=23
[00:00:09:10:728] Expansion 7700000: state [255, 223, 207, 203, 75, 73, 72, 200, 136, 152, 156, 188, 189, 185, 249, 121, 120, 124, 92, 94, 90, 26, 58, 42, 40, 44, 45, 109, 237, 236, 238, 174], f=98, g=31
[00:00:09:17:655] Expansion 7800000: state [255, 223, 207, 203, 75, 73, 72, 200, 136, 152, 156, 158, 142, 174, 170, 234, 250, 122, 120, 124, 252, 236, 237, 173, 45, 41, 40], f=98, g=26
[00:00:09:24:616] Expansion 7900000: state [255, 223, 207, 203, 75, 73, 72, 200, 136, 152, 156, 158, 142, 174, 238, 110, 108, 44, 45, 173, 237, 233, 249, 248, 250, 122, 58, 42, 43, 171], f=98, g=29
[00:00:09:31:569] Expansion 8000000: state [255, 223, 207, 203, 75, 73, 72, 200, 136, 152, 156, 158, 142, 174, 175, 173, 237, 109, 108, 44, 40, 42, 106, 122, 90, 94], f=98, g=25
[00:00:09:38:457] Expansion 8100000: state [255, 223, 207, 203, 75, 73, 72, 200, 136, 152, 156, 158, 190, 174, 172, 173, 237, 109, 108, 110, 78, 94, 90, 26, 10, 42, 43, 171, 187], f=98, g=28
[00:00:09:45:373] Expansion 8200000: state [255, 223, 207, 203, 75, 73, 72, 200, 136, 152, 156, 158, 190, 186, 58, 42, 106, 234, 238, 236, 252, 248, 249, 185, 169, 173, 45, 44, 60], f=98, g=28
[00:00:09:52:318] Expansion 8300000: state [255, 223, 207, 203, 75, 73, 72, 200, 136, 152, 156, 158, 190, 186, 250, 248, 249, 185, 189, 173, 45, 109, 108, 124, 92, 94, 90, 26, 10], f=98, g=28
[00:00:09:59:316] Expansion 8400000: state [255, 223, 207, 203, 75, 73, 72, 200, 136, 152, 156, 157, 141, 173, 169, 41, 40, 42, 170, 234, 250, 248, 120, 124, 92, 94], f=98, g=25
[00:00:10:06:300] Expansion 8500000: state [255, 223, 207, 203, 75, 73, 72, 200, 136, 152, 156, 157, 141, 173, 237, 233, 249, 185, 187, 171, 170, 174, 46, 110, 108, 124, 120, 122, 90], f=98, g=28
[00:00:10:13:246] Expansion 8600000: state [255, 223, 207, 203, 75, 73, 72, 200, 136, 152, 156, 157, 189, 173, 169, 41, 40, 44, 46, 110, 78, 94, 92, 124, 120, 122, 250, 186], f=98, g=27
[00:00:10:20:193] Expansion 8700000: state [255, 223, 207, 203, 75, 73, 72, 200, 136, 152, 156, 157, 189, 173, 175, 171, 187, 186, 250, 218, 90, 94, 78, 110, 46, 44, 40, 41], f=98, g=27
[00:00:10:27:202] Expansion 8800000: state [255, 223, 207, 203, 75, 73, 72, 200, 136, 152, 156, 157, 189, 185, 249, 121, 120, 124, 108, 110, 238, 174, 170, 42, 40, 41], f=98, g=25
[00:00:10:34:147] Expansion 8900000: state [255, 223, 207, 203, 75, 73, 72, 200, 136, 152, 156, 157, 189, 185, 187, 186, 250, 122, 106, 42, 40, 44, 45, 109, 237, 236, 252, 124, 92, 94], f=98, g=29
[00:00:10:41:074] Expansion 9000000: state [255, 223, 207, 203, 75, 73, 72, 200, 136, 152, 154, 26, 10, 42, 106, 110, 238, 174, 175, 171, 169, 233, 249, 121, 120, 124, 92, 28, 12, 44], f=98, g=29
[00:00:10:48:040] Expansion 9100000: state [255, 223, 207, 203, 75, 73, 72, 200, 136, 152, 154, 26, 90, 122, 106, 110, 238, 174, 172, 173, 169, 41, 40, 56, 60, 124, 92, 220], f=98, g=27
[00:00:10:55:014] Expansion 9200000: state [255, 223, 207, 203, 75, 73, 72, 200, 136, 152, 154, 26, 90, 122, 250, 248, 249, 185, 169, 171, 170, 42, 46, 44, 108], f=98, g=24
[00:00:11:02:034] Expansion 9300000: state [255, 223, 207, 203, 75, 73, 72, 200, 136, 152, 154, 26, 90, 94, 92, 28, 60, 44, 108, 110, 106, 234, 170, 171, 169, 185, 249, 248, 252], f=98, g=28
[00:00:11:09:083] Expansion 9400000: state [255, 223, 207, 203, 75, 73, 72, 200, 136, 152, 154, 26, 90, 94, 92, 124, 252, 188, 172, 174, 175, 171, 169, 41], f=98, g=23
[00:00:11:16:024] Expansion 9500000: state [255, 223, 207, 203, 75, 73, 72, 200, 136, 152, 154, 26, 58, 56, 40, 44, 108, 236, 238, 174, 175, 171, 169, 185, 249, 217], f=98, g=25
[00:00:11:22:963] Expansion 9600000: state [255, 223, 207, 203, 75, 73, 72, 200, 136, 152, 154, 26, 58, 122, 106, 110, 78, 94, 92, 124, 252, 236, 172, 173, 169, 41, 43], f=98, g=26
[00:00:11:29:871] Expansion 9700000: state [255, 223, 207, 203, 75, 73, 72, 200, 136, 152, 154, 218, 90, 122, 58, 42, 43, 41, 169, 173, 237, 109, 108, 44, 60, 188], f=98, g=25
[00:00:11:36:829] Expansion 9800000: state [255, 223, 207, 203, 75, 73, 72, 200, 136, 152, 154, 218, 90, 122, 120, 248, 249, 185, 169, 171, 43, 42, 46, 44, 172, 236, 237], f=98, g=26
[00:00:11:44:457] Expansion 9900000: state [255, 223, 207, 203, 75, 73, 72, 200, 136, 152, 154, 218, 90, 94, 78, 110, 238, 234, 170, 171, 43, 41, 45, 173, 189], f=98, g=24
[00:00:11:51:401] Expansion 10000000: state [255, 223, 207, 203, 75, 73, 72, 200, 136, 152, 154, 218, 90, 94, 92, 124, 108, 44, 40, 42, 170, 171, 169, 233, 249, 217], f=98, g=25
[00:00:11:58:267] Expansion 10100000: state [255, 223, 207, 203, 75, 73, 72, 200, 136, 152, 154, 218, 250, 122, 106, 110, 108, 109, 237, 233, 249, 185, 187, 171, 43, 41, 40, 56, 60, 28], f=98, g=29
[00:00:12:05:154] Expansion 10200000: state [255, 223, 207, 203, 75, 73, 72, 200, 136, 152, 154, 218, 250, 234, 170, 42, 46, 110, 108, 236, 172, 188, 189, 185, 249, 121], f=98, g=25
[00:00:12:12:009] Expansion 10300000: state [255, 223, 207, 203, 75, 73, 72, 200, 136, 152, 154, 218, 250, 248, 252, 236, 108, 110, 78, 94, 92, 28, 60, 56, 58, 42, 170, 171, 169, 233], f=98, g=29
[00:00:12:18:876] Expansion 10400000: state [255, 223, 207, 203, 75, 73, 72, 200, 136, 152, 154, 186, 58, 122, 90, 94, 78, 110, 46, 44, 172, 236, 252, 248, 249, 233, 169], f=98, g=26
[00:00:12:25:766] Expansion 10500000: state [255, 223, 207, 203, 75, 73, 72, 200, 136, 152, 154, 186, 170, 234, 238, 110, 108, 44, 45, 41, 169, 233, 249, 248, 252, 220, 92, 93], f=98, g=27
[00:00:12:32:643] Expansion 10600000: state [255, 223, 207, 203, 75, 73, 72, 200, 136, 152, 154, 186, 250, 122, 106, 110, 238, 236, 252, 124, 60, 56, 40, 41, 43, 171, 175, 173], f=98, g=27
[00:00:12:39:507] Expansion 10700000: state [255, 223, 207, 203, 75, 73, 72, 200, 136, 152, 154, 186, 190, 174, 46, 44, 40, 41, 169, 173, 237, 236, 252, 220, 92, 94, 90, 122], f=98, g=27
[00:00:12:46:412] Expansion 10800000: state [255, 223, 207, 203, 75, 73, 72, 200, 136, 152, 154, 186, 187, 171, 43, 42, 40, 56, 120, 248, 252, 236, 108, 109, 45], f=98, g=24
[00:00:12:53:389] Expansion 10900000: state [255, 223, 207, 203, 75, 73, 72, 200, 136, 152, 154, 186, 187, 185, 249, 248, 252, 236, 108, 44, 46, 42, 106, 122, 90, 94, 78], f=98, g=26
[00:00:13:00:258] Expansion 11000000: state [255, 223, 207, 203, 75, 73, 72, 200, 136, 152, 154, 158, 142, 174, 170, 171, 43, 41, 40, 56, 120, 248, 252, 188, 189, 173, 237, 109, 108, 110, 78, 94, 92, 28], f=98, g=33
[00:00:13:07:170] Expansion 11100000: state [255, 223, 207, 203, 75, 73, 72, 200, 136, 152, 154, 158, 142, 174, 238, 234, 106, 122, 90, 94, 92, 124, 60, 56, 40, 41, 169, 185], f=98, g=27
[00:00:13:14:067] Expansion 11200000: state [255, 223, 207, 203, 75, 73, 72, 200, 136, 152, 154, 158, 190, 174, 46, 44, 45, 41, 169, 185, 249, 248, 120], f=98, g=22
[00:00:13:20:908] Expansion 11300000: state [255, 223, 207, 203, 75, 73, 72, 200, 136, 152, 154, 158, 190, 174, 238, 110, 106, 122, 120, 124, 92, 28, 12, 44, 45, 41, 43, 171, 187, 185, 249, 233, 237], f=98, g=32
[00:00:13:27:793] Expansion 11400000: state [255, 223, 207, 203, 75, 73, 72, 200, 136, 152, 154, 158, 190, 188, 60, 56, 40, 41, 169, 171, 170, 234, 238, 110, 78, 94, 90, 122], f=98, g=27
[00:00:13:34:709] Expansion 11500000: state [255, 223, 207, 203, 75, 73, 72, 200, 136, 152, 154, 158, 190, 188, 252, 248, 249, 233, 169, 173, 45, 109, 108, 110, 106, 122, 90, 94, 92], f=98, g=28
[00:00:13:41:698] Expansion 11600000: state [255, 223, 207, 203, 75, 73, 72, 200, 136, 152, 154, 155, 187, 171, 169, 41, 40, 56, 60, 28, 92, 94, 78, 110, 106, 122, 250, 248, 252, 236, 172], f=98, g=30
[00:00:13:48:656] Expansion 11700000: state [255, 223, 207, 203, 75, 73, 72, 200, 136, 152, 154, 155, 187, 171, 170, 234, 238, 110, 108, 124, 252, 188, 189, 173, 237, 233, 249, 217], f=98, g=27
[00:00:13:55:650] Expansion 11800000: state [255, 223, 207, 203, 75, 73, 72, 200, 136, 152, 154, 155, 187, 185, 169, 233, 237, 109, 108, 44, 12, 28, 92, 94, 90, 122, 58, 42, 43], f=98, g=28
[00:00:14:02:619] Expansion 11900000: state [255, 223, 207, 203, 75, 73, 72, 200, 136, 152, 154, 155, 187, 185, 249, 233, 237, 236, 238, 234, 250, 122, 90, 94, 92, 28, 12, 44, 40, 42], f=98, g=29
[00:00:14:09:530] Expansion 12000000: state [255, 223, 207, 203, 75, 73, 72, 200, 136, 140, 12, 44, 40, 56, 184, 185, 187, 155, 154, 26, 90, 94, 78, 110, 238, 236, 237], f=98, g=26
[00:00:14:16:571] Expansion 12100000: state [255, 223, 207, 203, 75, 73, 72, 200, 136, 140, 12, 44, 40, 42, 106, 234, 238, 236, 237, 173, 189, 185, 187, 155, 154, 218, 90, 94, 92, 93], f=98, g=29
[00:00:14:23:746] Expansion 12200000: state [255, 223, 207, 203, 75, 73, 72, 200, 136, 140, 12, 44, 40, 41, 43, 171, 170, 234, 106, 110, 78, 94, 90, 218, 154, 158, 190, 188, 189, 173, 237, 236], f=98, g=31
[00:00:14:30:951] Expansion 12300000: state [255, 223, 207, 203, 75, 73, 72, 200, 136, 140, 12, 44, 108, 124, 92, 94, 90, 26, 10, 42, 170, 174, 190, 188, 189, 173, 237, 233], f=98, g=27
[00:00:14:38:237] Expansion 12400000: state [255, 223, 207, 203, 75, 73, 72, 200, 136, 140, 12, 44, 108, 110, 238, 174, 170, 171, 169, 185, 189, 188, 252, 220], f=98, g=23
[00:00:14:45:466] Expansion 12500000: state [255, 223, 207, 203, 75, 73, 72, 200, 136, 140, 12, 44, 60, 56, 120, 248, 250, 218, 90, 94, 78, 110, 238, 236, 237, 233, 169, 41, 43], f=98, g=28
[00:00:14:52:555] Expansion 12600000: state [255, 223, 207, 203, 75, 73, 72, 200, 136, 140, 12, 44, 60, 188, 189, 173, 237, 233, 249, 248, 250, 234, 170, 42, 58, 26, 90, 94, 78, 110], f=98, g=29
[00:00:14:59:731] Expansion 12700000: state [255, 223, 207, 203, 75, 73, 72, 200, 136, 140, 12, 44, 46, 42, 170, 186, 154, 26, 90, 122, 120, 248, 252, 236, 237, 173, 169, 41], f=98, g=27
[00:00:15:07:055] Expansion 12800000: state [255, 223, 207, 203, 75, 73, 72, 200, 136, 140, 12, 44, 46, 110, 78, 94, 92, 124, 120, 122, 250, 234, 170, 171, 169, 173, 189, 188, 190], f=98, g=28
[00:00:15:14:333] Expansion 12900000: state [255, 223, 207, 203, 75, 73, 72, 200, 136, 140, 12, 44, 45, 41, 43, 42, 10, 26, 154, 186, 184, 185, 249, 121, 120, 124, 92, 94, 78, 110, 238, 236, 237], f=98, g=32
[00:00:15:23:230] Expansion 13000000: state [255, 223, 207, 203, 75, 73, 72, 200, 136, 140, 12, 44, 45, 173, 237, 233, 249, 185, 184, 56, 58, 42, 170, 234, 238, 110, 78, 94, 92, 220], f=98, g=29
[00:00:15:30:518] Expansion 13100000: state [255, 223, 207, 203, 75, 73, 72, 200, 136, 140, 12, 44, 45, 109, 237, 233, 169, 185, 187, 155, 154, 158, 190, 188, 252, 124, 92, 94, 90, 122, 250, 234, 170, 42], f=98, g=33
[00:00:15:37:699] Expansion 13200000: state [255, 223, 207, 203, 75, 73, 72, 200, 136, 140, 12, 28, 92, 220, 252, 188, 184, 185, 169, 173, 175, 174, 238, 234, 250, 218, 154], f=98, g=26
[00:00:15:44:833] Expansion 13300000: state [255, 223, 207, 203, 75, 73, 72, 200, 136, 140, 12, 28, 92, 220, 252, 236, 238, 174, 190, 158, 154, 26, 10, 42, 40, 56, 120, 121, 249, 233, 169, 173, 45], f=98, g=32
[00:00:15:52:041] Expansion 13400000: state [255, 223, 207, 203, 75, 73, 72, 200, 136, 140, 12, 28, 92, 220, 252, 248, 249, 233, 237, 109, 45, 41, 43, 171, 175, 174, 46, 110, 78], f=98, g=28
[00:00:15:59:347] Expansion 13500000: state [255, 223, 207, 203, 75, 73, 72, 200, 136, 140, 12, 28, 92, 124, 108, 109, 45, 41, 40, 42, 46, 174, 190, 188, 189, 185, 187], f=98, g=26
[00:00:16:06:676] Expansion 13600000: state [255, 223, 207, 203, 75, 73, 72, 200, 136, 140, 12, 28, 92, 124, 120, 122, 58, 186, 170, 174, 238, 236, 237, 173, 169], f=98, g=24
[00:00:16:13:928] Expansion 13700000: state [255, 223, 207, 203, 75, 73, 72, 200, 136, 140, 12, 28, 92, 124, 252, 236, 237, 233, 169, 171, 43, 42, 58, 26, 154, 158, 190, 174], f=98, g=27
[00:00:16:21:199] Expansion 13800000: state [255, 223, 207, 203, 75, 73, 72, 200, 136, 140, 12, 28, 92, 94, 78, 110, 108, 236, 252, 188, 189, 185, 249, 121, 120, 122, 58, 42, 170, 234], f=98, g=29
[00:00:16:28:582] Expansion 13900000: state [255, 223, 207, 203, 75, 73, 72, 200, 136, 140, 12, 28, 92, 94, 78, 110, 238, 236, 237, 109, 45, 41, 43, 171, 170, 186, 184, 56, 120, 121, 249], f=98, g=30
[00:00:16:36:029] Expansion 14000000: state [255, 223, 207, 203, 75, 73, 72, 200, 136, 140, 12, 28, 92, 94, 90, 26, 58, 42, 46, 110, 108, 109, 45, 173, 169, 233, 249, 248, 184, 188], f=98, g=29
[00:00:16:43:201] Expansion 14100000: state [255, 223, 207, 203, 75, 73, 72, 200, 136, 140, 12, 28, 92, 94, 90, 218, 250, 234, 238, 174, 175, 171, 187, 185, 249, 121, 120], f=98, g=26
[00:00:16:50:452] Expansion 14200000: state [255, 223, 207, 203, 75, 73, 72, 200, 136, 140, 12, 28, 92, 94, 90, 122, 250, 248, 249, 185, 189, 173, 237, 109, 108, 110, 46, 42, 170], f=98, g=28
[00:00:16:57:796] Expansion 14300000: state [255, 223, 207, 203, 75, 73, 72, 200, 136, 140, 12, 28, 60, 56, 120, 248, 252, 236, 108, 110, 46, 42, 10, 26, 154, 186, 187, 185, 189, 173, 45, 41], f=98, g=31
[00:00:17:05:007] Expansion 14400000: state [255, 223, 207, 203, 75, 73, 72, 200, 136, 140, 12, 28, 60, 56, 58, 42, 43, 41, 169, 173, 237, 109, 108, 110, 238, 234, 250, 218, 90, 94], f=98, g=29
[00:00:17:11:975] Expansion 14500000: state [255, 223, 207, 203, 75, 73, 72, 200, 136, 140, 12, 28, 60, 188, 252, 236, 237, 233, 169, 41, 43, 42, 10, 26], f=98, g=23
[00:00:17:18:941] Expansion 14600000: state [255, 223, 207, 203, 75, 73, 72, 200, 136, 140, 12, 28, 60, 188, 190, 186, 187, 171, 169, 233, 237, 109, 108, 110, 106, 122, 120], f=98, g=26
[00:00:17:25:933] Expansion 14700000: state [255, 223, 207, 203, 75, 73, 72, 200, 136, 140, 12, 28, 60, 124, 108, 109, 45, 41, 169, 185, 184, 248, 250, 234, 170, 42, 46], f=98, g=26
[00:00:17:32:858] Expansion 14800000: state [255, 223, 207, 203, 75, 73, 72, 200, 136, 140, 12, 28, 60, 124, 252, 236, 238, 110, 46, 42, 170, 186, 187, 185, 169, 41, 45, 109], f=98, g=27
[00:00:17:39:893] Expansion 14900000: state [255, 223, 207, 203, 75, 73, 72, 200, 136, 140, 172, 44, 108, 110, 238, 234, 170, 171, 169, 185, 249, 248, 120, 122, 90, 26], f=98, g=25
[00:00:17:47:361] Expansion 15000000: state [255, 223, 207, 203, 75, 73, 72, 200, 136, 140, 172, 236, 108, 124, 120, 122, 250, 186, 184, 185, 169, 41, 43, 42, 46], f=98, g=24
[00:00:17:54:462] Expansion 15100000: state [255, 223, 207, 203, 75, 73, 72, 200, 136, 140, 172, 236, 238, 234, 170, 42, 40, 41, 169, 185, 184, 248, 120, 124, 92, 94, 90, 26], f=98, g=27
[00:00:18:01:532] Expansion 15200000: state [255, 223, 207, 203, 75, 73, 72, 200, 136, 140, 172, 188, 60, 124, 108, 110, 106, 42, 170, 171, 169, 233, 249, 248, 250, 218, 90], f=98, g=26
[00:00:18:08:719] Expansion 15300000: state [255, 223, 207, 203, 75, 73, 72, 200, 136, 140, 172, 188, 190, 158, 154, 26, 90, 122, 120, 121, 249, 233, 169, 41, 45, 109, 108, 110, 46, 42, 170], f=98, g=30
[00:00:18:16:128] Expansion 15400000: state [255, 223, 207, 203, 75, 73, 72, 200, 136, 140, 172, 174, 46, 110, 106, 122, 90, 218, 154, 155, 187, 171, 43, 41, 40, 56, 60, 28, 92], f=98, g=28
[00:00:18:23:591] Expansion 15500000: state [255, 223, 207, 203, 75, 73, 72, 200, 136, 140, 172, 174, 238, 234, 106, 42, 43, 41, 45, 109, 108, 124, 120, 248, 184, 186, 154, 26], f=98, g=27
[00:00:18:31:049] Expansion 15600000: state [255, 223, 207, 203, 75, 73, 72, 200, 136, 140, 172, 174, 175, 171, 187, 155, 154, 26, 90, 94, 92, 220, 252, 248, 120, 56, 40, 41, 45], f=98, g=28
[00:00:18:38:295] Expansion 15700000: state [255, 223, 207, 203, 75, 73, 72, 200, 136, 140, 172, 173, 169, 171, 43, 42, 46, 110, 238, 234, 250, 186, 154, 26, 90, 94, 92, 124, 120, 121, 249], f=98, g=30
[00:00:18:45:545] Expansion 15800000: state [255, 223, 207, 203, 75, 73, 72, 200, 136, 140, 172, 173, 175, 171, 187, 185, 249, 248, 250, 218, 90, 26, 10, 42, 40, 56, 60, 124, 108, 110], f=98, g=29
[00:00:18:54:762] Expansion 15900000: state [255, 223, 207, 203, 75, 73, 72, 200, 136, 140, 156, 28, 92, 124, 108, 109, 237, 233, 249, 248, 250, 218, 154, 26, 10, 42, 43, 171, 175, 174, 190], f=98, g=30
[00:00:19:01:731] Expansion 16000000: state [255, 223, 207, 203, 75, 73, 72, 200, 136, 140, 156, 28, 92, 124, 252, 236, 237, 109, 45, 41, 40, 56, 58, 26, 154, 155, 187, 185, 249, 217], f=98, g=29
[00:00:19:08:725] Expansion 16100000: state [255, 223, 207, 203, 75, 73, 72, 200, 136, 140, 156, 28, 92, 94, 78, 110, 108, 44, 45, 173, 189, 185, 249, 248, 250, 186, 58, 42, 43, 171], f=98, g=29
[00:00:19:15:808] Expansion 16200000: state [255, 223, 207, 203, 75, 73, 72, 200, 136, 140, 156, 28, 92, 94, 90, 26, 154, 186, 250, 248, 252, 236, 108, 109, 45, 41, 40], f=98, g=26
[00:00:19:22:930] Expansion 16300000: state [255, 223, 207, 203, 75, 73, 72, 200, 136, 140, 156, 28, 92, 94, 90, 218, 154, 155, 187, 185, 189, 173, 175, 174, 170, 234, 106, 110, 108, 44], f=98, g=29
[00:00:19:29:987] Expansion 16400000: state [255, 223, 207, 203, 75, 73, 72, 200, 136, 140, 156, 28, 92, 94, 90, 122, 250, 234, 170, 42, 40, 44, 45, 173, 237, 233, 249, 185, 187], f=98, g=28
[00:00:19:37:054] Expansion 16500000: state [255, 223, 207, 203, 75, 73, 72, 200, 136, 140, 156, 28, 60, 44, 46, 42, 58, 122, 250, 248, 184, 185, 187, 155, 154], f=98, g=24
[00:00:19:44:126] Expansion 16600000: state [255, 223, 207, 203, 75, 73, 72, 200, 136, 140, 156, 28, 60, 56, 40, 41, 169, 171, 187, 186, 250, 218, 90, 26, 10], f=98, g=24
[00:00:19:51:113] Expansion 16700000: state [255, 223, 207, 203, 75, 73, 72, 200, 136, 140, 156, 28, 60, 56, 120, 121, 249, 185, 187, 171, 175, 174, 46, 110, 108, 109, 237], f=98, g=26
[00:00:19:58:073] Expansion 16800000: state [255, 223, 207, 203, 75, 73, 72, 200, 136, 140, 156, 28, 60, 124, 108, 109, 237, 233, 249, 248, 250, 218, 90, 26, 10, 42, 46, 174, 175, 171, 187, 155], f=98, g=31
[00:00:20:05:000] Expansion 16900000: state [255, 223, 207, 203, 75, 73, 72, 200, 136, 140, 156, 28, 60, 124, 252, 248, 249, 185, 169, 41, 43, 42, 106, 122], f=98, g=23
[00:00:20:12:177] Expansion 17000000: state [255, 223, 207, 203, 75, 73, 72, 200, 136, 140, 156, 220, 92, 124, 108, 44, 45, 41, 43, 42, 170, 234, 250, 218, 154, 155, 187, 185, 184], f=98, g=28
[00:00:20:19:496] Expansion 17100000: state [255, 223, 207, 203, 75, 73, 72, 200, 136, 140, 156, 220, 92, 124, 120, 248, 184, 186, 170, 42, 43, 41, 169, 233], f=98, g=23
[00:00:20:26:736] Expansion 17200000: state [255, 223, 207, 203, 75, 73, 72, 200, 136, 140, 156, 220, 92, 94, 78, 110, 108, 44, 40, 56, 58, 26, 154, 155, 187, 171, 169, 173], f=98, g=27
[00:00:20:34:115] Expansion 17300000: state [255, 223, 207, 203, 75, 73, 72, 200, 136, 140, 156, 220, 92, 94, 90, 26, 154, 186, 170, 234, 106, 110, 108, 109], f=98, g=23
[00:00:20:41:600] Expansion 17400000: state [255, 223, 207, 203, 75, 73, 72, 200, 136, 140, 156, 220, 92, 94, 90, 218, 154, 155, 187, 185, 249, 121, 120, 56, 40, 42], f=98, g=25
[00:00:20:49:091] Expansion 17500000: state [255, 223, 207, 203, 75, 73, 72, 200, 136, 140, 156, 220, 92, 94, 90, 122, 250, 186, 184, 185, 169, 41, 40, 42, 46, 110], f=98, g=25
[00:00:20:56:517] Expansion 17600000: state [255, 223, 207, 203, 75, 73, 72, 200, 136, 140, 156, 220, 252, 124, 108, 109, 45, 41, 43, 171, 170, 234, 106, 122, 58, 26, 154, 155], f=98, g=27
[00:00:21:03:776] Expansion 17700000: state [255, 223, 207, 203, 75, 73, 72, 200, 136, 140, 156, 220, 252, 236, 108, 110, 46, 174, 190, 186, 250, 234], f=98, g=21
[00:00:21:10:971] Expansion 17800000: state [255, 223, 207, 203, 75, 73, 72, 200, 136, 140, 156, 220, 252, 236, 237, 173, 169, 185, 187, 155, 154, 26, 58, 42, 46, 44], f=98, g=25
[00:00:21:18:089] Expansion 17900000: state [255, 223, 207, 203, 75, 73, 72, 200, 136, 140, 156, 220, 252, 248, 250, 186, 154, 26, 90, 94, 78, 110, 46, 44, 40, 41, 43, 171, 175, 173, 189], f=98, g=30
[00:00:21:25:362] Expansion 18000000: state [255, 223, 207, 203, 75, 73, 72, 200, 136, 140, 156, 188, 60, 44, 108, 109, 237, 233, 249, 185, 187, 171, 170, 234, 106, 122, 58, 26, 154, 218], f=98, g=29
[00:00:21:32:391] Expansion 18100000: state [255, 223, 207, 203, 75, 73, 72, 200, 136, 140, 156, 188, 60, 56, 120, 121, 249, 185, 187, 155, 154, 26, 90, 94, 78, 110, 238, 174, 175, 173, 45, 41, 43, 42], f=98, g=33
[00:00:21:39:477] Expansion 18200000: state [255, 223, 207, 203, 75, 73, 72, 200, 136, 140, 156, 188, 60, 124, 120, 248, 249, 233, 169, 173, 175, 174, 238, 110, 78, 94, 90, 26, 10], f=98, g=28
[00:00:21:46:761] Expansion 18300000: state [255, 223, 207, 203, 75, 73, 72, 200, 136, 140, 156, 188, 184, 248, 250, 218, 90, 94, 92, 124, 108, 110, 106, 42, 43, 41, 169, 173, 175, 174], f=98, g=29
[00:00:21:54:251] Expansion 18400000: state [255, 223, 207, 203, 75, 73, 72, 200, 136, 140, 156, 188, 184, 185, 249, 233, 237, 173, 175, 171, 43, 41, 40, 44, 108, 110, 106, 122, 250, 218, 154, 26, 10], f=98, g=32
[00:00:22:01:784] Expansion 18500000: state [255, 223, 207, 203, 75, 73, 72, 200, 136, 140, 156, 188, 252, 124, 120, 121, 249, 185, 187, 171, 170, 42, 58, 26, 90], f=98, g=24
[00:00:22:11:762] Expansion 18600000: state [255, 223, 207, 203, 75, 73, 72, 200, 136, 140, 156, 188, 252, 248, 120, 122, 58, 186, 170, 171, 175, 173, 237, 109], f=98, g=23
[00:00:22:18:941] Expansion 18700000: state [255, 223, 207, 203, 75, 73, 72, 200, 136, 140, 156, 188, 190, 174, 170, 171, 43, 41, 40, 56, 120, 248, 250, 218, 154, 155], f=98, g=25
[00:00:22:26:123] Expansion 18800000: state [255, 223, 207, 203, 75, 73, 72, 200, 136, 140, 156, 188, 190, 186, 154, 26, 90, 94, 92, 124, 120, 56, 40, 42, 43, 171, 169, 173, 237, 236], f=98, g=29
[00:00:22:33:435] Expansion 18900000: state [255, 223, 207, 203, 75, 73, 72, 200, 136, 140, 156, 188, 189, 173, 169, 171, 187, 186, 250, 234, 238, 110, 78, 94, 92, 124], f=98, g=25
[00:00:22:40:712] Expansion 19000000: state [255, 223, 207, 203, 75, 73, 72, 200, 136, 140, 156, 188, 189, 185, 249, 233, 237, 236, 108, 44, 46, 42, 58, 26, 90, 218], f=98, g=25
[00:00:22:47:824] Expansion 19100000: state [255, 223, 207, 203, 75, 73, 72, 200, 136, 140, 156, 158, 154, 26, 90, 122, 106, 234, 238, 174, 175, 173, 169, 185, 184, 56, 60, 124, 108, 109], f=98, g=29
[00:00:22:54:876] Expansion 19200000: state [255, 223, 207, 203, 75, 73, 72, 200, 136, 140, 156, 158, 154, 26, 90, 94, 92, 124, 252, 236, 238, 234, 170, 171, 43, 41, 45, 44, 46], f=98, g=28
[00:00:23:01:914] Expansion 19300000: state [255, 223, 207, 203, 75, 73, 72, 200, 136, 140, 156, 158, 154, 218, 90, 122, 106, 42, 170, 171, 175, 173, 237, 109, 108, 44], f=98, g=25
[00:00:23:09:196] Expansion 19400000: state [255, 223, 207, 203, 75, 73, 72, 200, 136, 140, 156, 158, 154, 218, 250, 122, 58, 56, 184, 185, 249, 233, 237, 236, 238, 110, 78, 94, 92], f=98, g=28
[00:00:23:16:380] Expansion 19500000: state [255, 223, 207, 203, 75, 73, 72, 200, 136, 140, 156, 158, 154, 186, 58, 122, 90, 94, 78, 110, 108, 44, 40, 41, 43, 171, 175], f=98, g=26
[00:00:23:23:546] Expansion 19600000: state [255, 223, 207, 203, 75, 73, 72, 200, 136, 140, 156, 158, 154, 186, 187, 171, 43, 41, 45, 109, 108, 236, 252, 248, 120, 56, 60], f=98, g=26
[00:00:23:30:867] Expansion 19700000: state [255, 223, 207, 203, 75, 73, 72, 200, 136, 140, 156, 158, 154, 155, 187, 185, 169, 233, 237, 236, 108, 44, 46, 42, 106, 122, 90, 94, 78], f=98, g=28
[00:00:23:38:131] Expansion 19800000: state [255, 223, 207, 203, 75, 73, 72, 200, 136, 140, 156, 158, 190, 174, 170, 42, 106, 122, 120, 56, 60, 44, 45, 173, 237, 233, 249, 185], f=98, g=27
[00:00:23:46:556] Expansion 19900000: state [255, 223, 207, 203, 75, 73, 72, 200, 136, 140, 156, 158, 190, 174, 238, 236, 108, 109, 45, 41, 40, 42, 58, 122, 120, 248, 249, 233], f=98, g=27
[00:00:23:53:728] Expansion 20000000: state [255, 223, 207, 203, 75, 73, 72, 200, 136, 140, 156, 158, 190, 186, 170, 234, 238, 110, 108, 44, 60, 56, 120, 248, 249, 233, 237, 173, 189], f=98, g=28
[00:00:24:00:960] Expansion 20100000: state [255, 223, 207, 203, 75, 73, 72, 200, 136, 140, 156, 158, 190, 186, 187, 185, 249, 233, 237, 173, 45, 44, 60, 124, 92, 94], f=98, g=25
[00:00:24:08:244] Expansion 20200000: state [255, 223, 207, 203, 75, 73, 72, 200, 136, 140, 156, 157, 189, 173, 169, 233, 249, 121, 120, 56, 184, 186, 170, 174, 238, 110, 108], f=98, g=26
[00:00:24:15:506] Expansion 20300000: state [255, 223, 207, 203, 75, 73, 72, 200, 136, 140, 156, 157, 189, 173, 237, 233, 249, 248, 250, 234, 170, 174, 46, 110, 78, 94, 92, 124, 60, 56, 58, 26, 154, 155, 187], f=98, g=34
[00:00:24:22:742] Expansion 20400000: state [255, 223, 207, 203, 75, 73, 72, 200, 136, 140, 156, 157, 189, 185, 169, 41, 45, 44, 108, 236, 252, 248, 250, 122, 106, 42, 10, 26, 154, 155], f=98, g=29
[00:00:24:29:983] Expansion 20500000: state [255, 223, 207, 203, 75, 73, 72, 200, 136, 140, 156, 157, 189, 185, 184, 186, 154, 26, 90, 94, 92, 124, 108, 236, 238, 174, 175, 171, 43, 41], f=98, g=29
[00:00:24:37:103] Expansion 20600000: state [255, 223, 207, 203, 75, 73, 72, 200, 136, 140, 156, 157, 189, 185, 187, 155, 154, 26, 58, 56, 40, 44, 46, 110, 78, 94, 92, 124, 252, 248, 250, 234], f=98, g=31
[00:00:24:47:516] Expansion 20700000: state [255, 223, 207, 203, 75, 73, 72, 200, 136, 140, 142, 174, 46, 42, 106, 122, 90, 26, 154, 186, 184, 248, 252, 124, 108, 109, 45, 41, 169, 171], f=98, g=29
[00:00:24:55:182] Expansion 20800000: state [255, 223, 207, 203, 75, 73, 72, 200, 136, 140, 142, 174, 46, 44, 45, 173, 169, 171, 187, 186, 58, 56, 120, 248, 252, 220, 92, 94, 90], f=98, g=28
[00:00:25:02:752] Expansion 20900000: state [255, 223, 207, 203, 75, 73, 72, 200, 136, 140, 142, 174, 46, 110, 108, 109, 237, 173, 169, 185, 187, 155, 154, 218, 250, 248, 252, 220], f=98, g=27
[00:00:25:10:349] Expansion 21000000: state [255, 223, 207, 203, 75, 73, 72, 200, 136, 140, 142, 174, 170, 42, 43, 41, 45, 173, 189, 185, 249, 248, 252, 124, 92, 94, 90, 122], f=98, g=27
[00:00:25:17:734] Expansion 21100000: state [255, 223, 207, 203, 75, 73, 72, 200, 136, 140, 142, 174, 170, 186, 250, 122, 90, 94, 92, 28, 60, 188, 252, 236, 108, 109], f=98, g=25
[00:00:25:25:135] Expansion 21200000: state [255, 223, 207, 203, 75, 73, 72, 200, 136, 140, 142, 174, 238, 110, 78, 94, 90, 218, 154, 186, 58, 42, 43, 41, 45, 44, 60, 124, 252, 248, 249, 233, 237], f=98, g=32
[00:00:25:32:713] Expansion 21300000: state [255, 223, 207, 203, 75, 73, 72, 200, 136, 140, 142, 174, 238, 110, 106, 122, 120, 248, 252, 188, 60, 44, 40, 41, 169, 185, 187, 186, 154, 26], f=98, g=29
[00:00:25:40:350] Expansion 21400000: state [255, 223, 207, 203, 75, 73, 72, 200, 136, 140, 142, 174, 238, 234, 106, 42, 40, 41, 169, 233, 249, 121, 120, 124, 252], f=98, g=24
[00:00:25:47:911] Expansion 21500000: state [255, 223, 207, 203, 75, 73, 72, 200, 136, 140, 142, 174, 238, 234, 250, 248, 184, 188, 60, 44, 40, 41, 43, 171, 187, 155, 154, 26], f=98, g=27
[00:00:25:55:436] Expansion 21600000: state [255, 223, 207, 203, 75, 73, 72, 200, 136, 140, 142, 174, 238, 236, 237, 109, 45, 41, 43, 42, 106, 122, 90, 26, 154, 186, 184, 56, 60, 124, 92, 220], f=98, g=31
[00:00:26:02:972] Expansion 21700000: state [255, 223, 207, 203, 75, 73, 72, 200, 136, 140, 142, 174, 190, 186, 184, 56, 60, 124, 108, 236, 237, 233, 169, 41, 43, 42, 10, 26, 90, 94, 78], f=98, g=30
[00:00:26:10:285] Expansion 21800000: state [255, 223, 207, 203, 75, 73, 72, 200, 136, 140, 142, 174, 190, 188, 184, 56, 40, 41, 169, 233, 237, 109, 108, 110, 78, 94, 90, 122, 250], f=98, g=28
[00:00:26:17:570] Expansion 21900000: state [255, 223, 207, 203, 75, 73, 72, 200, 136, 140, 142, 174, 175, 171, 43, 41, 40, 44, 60, 28, 92, 94, 90, 26, 58, 186, 184, 248, 120, 121], f=98, g=29
[00:00:26:24:857] Expansion 22000000: state [255, 223, 207, 203, 75, 73, 72, 200, 136, 140, 142, 174, 175, 171, 187, 155, 154, 26, 10, 42, 40, 56, 120, 124, 108, 236, 237, 233, 249], f=98, g=28
[00:00:26:32:101] Expansion 22100000: state [255, 223, 207, 203, 75, 73, 72, 200, 136, 140, 142, 174, 175, 173, 169, 41, 40, 44, 60, 124, 92, 94, 78, 110, 106, 122, 250, 186, 154, 26], f=98, g=29
[00:00:26:39:676] Expansion 22200000: state [255, 223, 207, 203, 75, 73, 72, 200, 136, 140, 142, 158, 154, 26, 10, 42, 40, 56, 120, 122, 250, 234, 238, 110, 78, 94, 92, 220, 252, 188, 189, 185, 169, 171, 175], f=98, g=34
[00:00:26:46:905] Expansion 22300000: state [255, 223, 207, 203, 75, 73, 72, 200, 136, 140, 142, 158, 154, 26, 90, 122, 106, 110, 238, 236, 237, 173, 189, 188, 60, 124, 92], f=98, g=26
[00:00:26:53:950] Expansion 22400000: state [255, 223, 207, 203, 75, 73, 72, 200, 136, 140, 142, 158, 154, 26, 90, 94, 92, 28, 60, 56, 120, 121, 249, 185, 189, 173, 175, 171, 43, 42, 46, 110, 108, 236, 252], f=98, g=34
[00:00:27:00:978] Expansion 22500000: state [255, 223, 207, 203, 75, 73, 72, 200, 136, 140, 142, 158, 154, 26, 58, 56, 184, 248, 250, 234, 106, 110, 108, 109, 45, 173, 169, 171, 187], f=98, g=28
[00:00:27:08:145] Expansion 22600000: state [255, 223, 207, 203, 75, 73, 72, 200, 136, 140, 142, 158, 154, 218, 90, 122, 106, 110, 108, 109, 45, 41, 43, 171, 187, 185, 184, 188, 60, 28, 92], f=98, g=30
[00:00:27:15:738] Expansion 22700000: state [255, 223, 207, 203, 75, 73, 72, 200, 136, 140, 142, 158, 154, 218, 90, 94, 92, 220, 252, 248, 184, 185, 169, 173, 45, 44], f=98, g=25
[00:00:27:23:149] Expansion 22800000: state [255, 223, 207, 203, 75, 73, 72, 200, 136, 140, 142, 158, 154, 218, 250, 234, 170, 42, 46, 110, 78, 94, 92, 124, 120, 56, 184, 188, 189, 173, 237, 236], f=98, g=31
[00:00:27:30:360] Expansion 22900000: state [255, 223, 207, 203, 75, 73, 72, 200, 136, 140, 142, 158, 154, 186, 170, 42, 40, 56, 60, 124, 108, 109, 237, 233, 169, 185, 189, 157], f=98, g=27
[00:00:27:37:657] Expansion 23000000: state [255, 223, 207, 203, 75, 73, 72, 200, 136, 140, 142, 158, 154, 186, 250, 122, 90, 94, 92, 124, 60, 188, 189, 173, 237, 236, 238, 110, 46, 42, 43], f=98, g=30
[00:00:27:45:307] Expansion 23100000: state [255, 223, 207, 203, 75, 73, 72, 200, 136, 140, 142, 158, 154, 155, 187, 171, 43, 41, 40, 44, 108, 109, 237, 233, 249, 121, 120, 122, 106], f=98, g=28
[00:00:27:53:078] Expansion 23200000: state [255, 223, 207, 203, 75, 73, 72, 200, 136, 140, 142, 158, 154, 155, 187, 171, 175, 173, 237, 109, 108, 124, 60, 56, 40, 42, 106, 122, 90, 94], f=98, g=29
[00:00:28:04:185] Expansion 23300000: state [255, 223, 207, 203, 75, 73, 72, 200, 136, 140, 142, 158, 190, 186, 58, 42, 106, 110, 108, 124, 120, 121, 249, 233, 169, 171, 175], f=98, g=26
[00:00:28:11:490] Expansion 23400000: state [255, 223, 207, 203, 75, 73, 72, 200, 136, 140, 142, 158, 190, 186, 184, 185, 249, 233, 237, 173, 45, 44, 40, 42, 10, 26, 90, 94, 78, 110], f=98, g=29
[00:00:28:18:833] Expansion 23500000: state [255, 223, 207, 203, 75, 73, 72, 200, 136, 140, 142, 158, 190, 186, 187, 185, 249, 121, 120, 56, 40, 41, 45, 109, 237, 236, 238, 110, 78, 94, 92, 93], f=98, g=31
[00:00:28:25:941] Expansion 23600000: state [255, 223, 207, 203, 75, 73, 72, 200, 136, 140, 142, 158, 190, 188, 184, 56, 120, 122, 106, 110, 108, 109, 45, 41, 169, 233, 249], f=98, g=26
[00:00:28:33:228] Expansion 23700000: state [255, 223, 207, 203, 75, 73, 72, 200, 136, 140, 142, 158, 190, 188, 252, 236, 237, 173, 45, 41, 40, 42, 106], f=98, g=22
[00:00:28:40:580] Expansion 23800000: state [255, 223, 207, 203, 75, 73, 72, 200, 136, 140, 141, 173, 45, 41, 40, 56, 58, 186, 250, 218, 90, 94, 92, 220, 252, 236, 108, 110], f=98, g=27
[00:00:28:47:943] Expansion 23900000: state [255, 223, 207, 203, 75, 73, 72, 200, 136, 140, 141, 173, 45, 41, 43, 171, 187, 155, 154, 26, 90, 94, 92, 124, 108, 110, 46, 174], f=98, g=27
[00:00:28:55:244] Expansion 24000000: state [255, 223, 207, 203, 75, 73, 72, 200, 136, 140, 141, 173, 45, 44, 60, 188, 252, 236, 238, 110, 78, 94, 90, 26, 58, 186, 187], f=98, g=26
[00:00:29:02:586] Expansion 24100000: state [255, 223, 207, 203, 75, 73, 72, 200, 136, 140, 141, 173, 45, 109, 108, 110, 78, 94, 92, 28, 60, 188, 190, 158, 154, 218, 250, 122], f=98, g=27
[00:00:29:09:960] Expansion 24200000: state [255, 223, 207, 203, 75, 73, 72, 200, 136, 140, 141, 173, 169, 41, 43, 42, 46, 110, 78, 94, 90, 218, 250, 248, 120, 56, 60, 188], f=98, g=27
[00:00:29:17:245] Expansion 24300000: state [255, 223, 207, 203, 75, 73, 72, 200, 136, 140, 141, 173, 169, 185, 249, 121, 120, 56, 40, 42, 46, 174, 238, 234, 250, 186, 154, 26, 90, 94, 92, 93], f=98, g=31
[00:00:29:24:549] Expansion 24400000: state [255, 223, 207, 203, 75, 73, 72, 200, 136, 140, 141, 173, 169, 171, 43, 42, 40, 44, 108, 236, 238, 174, 190, 188, 184, 248, 120, 122, 90, 94, 78], f=98, g=30
[00:00:29:31:894] Expansion 24500000: state [255, 223, 207, 203, 75, 73, 72, 200, 136, 140, 141, 173, 169, 171, 187, 186, 190, 188, 60, 44, 46, 42, 106, 122, 90, 94, 92, 93], f=98, g=27
[00:00:29:39:173] Expansion 24600000: state [255, 223, 207, 203, 75, 73, 72, 200, 136, 140, 141, 173, 237, 233, 249, 121, 120, 56, 60, 188, 190, 158, 154, 26, 10, 42, 43, 171], f=98, g=27
[00:00:29:46:465] Expansion 24700000: state [255, 223, 207, 203, 75, 73, 72, 200, 136, 140, 141, 173, 237, 233, 249, 248, 252, 124, 92, 94, 90, 26, 58, 56, 40, 44, 46, 110, 238, 234], f=98, g=29
[00:00:29:53:653] Expansion 24800000: state [255, 223, 207, 203, 75, 73, 72, 200, 136, 140, 141, 173, 237, 236, 252, 220, 92, 28, 60, 56, 120, 121, 249, 185, 187, 186, 250, 218, 90, 26, 10], f=98, g=30
[00:00:30:00:816] Expansion 24900000: state [255, 223, 207, 203, 75, 73, 72, 200, 136, 140, 141, 173, 189, 185, 184, 186, 250, 122, 106, 110, 46, 44, 60, 124, 92], f=98, g=24
[00:00:30:08:152] Expansion 25000000: state [255, 223, 207, 203, 75, 73, 72, 200, 136, 140, 141, 173, 189, 185, 187, 186, 190, 174, 238, 110, 106, 122, 120, 56, 60, 28, 92, 220], f=98, g=27
[00:00:30:15:444] Expansion 25100000: state [255, 223, 207, 203, 75, 73, 72, 200, 136, 140, 141, 173, 175, 171, 43, 42, 58, 26, 154, 218, 250, 234, 238, 236, 108, 124, 60, 188, 184, 185, 249, 121], f=98, g=31
[00:00:30:22:761] Expansion 25200000: state [255, 223, 207, 203, 75, 73, 72, 200, 136, 140, 141, 173, 175, 174, 46, 42, 58, 122, 120, 248, 249, 233], f=98, g=21
[00:00:30:29:997] Expansion 25300000: state [255, 223, 207, 203, 75, 73, 72, 200, 136, 140, 141, 157, 189, 185, 169, 41, 40, 42, 10, 26, 154, 218, 250, 248, 252, 236, 108, 110, 78, 94, 92], f=98, g=30
[00:00:30:37:335] Expansion 25400000: state [255, 223, 207, 203, 75, 73, 72, 200, 136, 140, 141, 157, 189, 185, 169, 171, 43, 42, 40, 56, 120, 248, 252, 236, 108, 110, 78, 94, 92, 93], f=98, g=29
[00:00:30:44:577] Expansion 25500000: state [255, 223, 207, 203, 75, 73, 72, 200, 136, 140, 141, 157, 189, 185, 184, 248, 250, 218, 154, 158, 190, 174, 238, 236, 108, 44, 45], f=98, g=26
[00:00:30:51:790] Expansion 25600000: state [255, 223, 207, 203, 75, 73, 72, 200, 136, 140, 141, 157, 189, 185, 249, 233, 237, 236, 252, 124, 92, 94, 90, 122, 58, 56, 40, 44, 46, 174, 170, 171, 43], f=98, g=32
[00:00:30:58:906] Expansion 25700000: state [255, 223, 207, 203, 75, 73, 72, 200, 136, 140, 141, 157, 189, 185, 187, 155, 154, 218, 90, 94, 92, 28, 60, 56, 120, 248, 252, 236, 238, 234, 170, 42, 43, 41, 45, 109], f=98, g=35
[00:00:31:06:189] Expansion 25800000: state [255, 223, 207, 203, 75, 73, 72, 200, 136, 140, 141, 157, 189, 185, 187, 186, 250, 234, 238, 174, 46, 42, 43, 41, 45, 109, 108], f=98, g=26
[00:00:31:13:302] Expansion 25900000: state [255, 223, 207, 203, 75, 73, 72, 200, 136, 140, 141, 157, 189, 188, 60, 124, 92, 94, 90, 26, 58, 186, 250, 234, 238, 174, 175, 171, 43, 41, 45, 109, 237], f=98, g=32
[00:00:31:25:089] Expansion 26000000: state [255, 223, 207, 203, 75, 73, 72, 200, 136, 140, 141, 157, 189, 188, 184, 186, 154, 218, 90, 122, 106, 42, 43, 171, 169, 233, 237], f=98, g=26
[00:00:31:32:357] Expansion 26100000: state [255, 223, 207, 203, 75, 73, 72, 200, 136, 140, 141, 157, 189, 188, 252, 236, 237, 109, 45, 44, 40, 56, 58, 186, 250, 234, 106, 110, 78, 94, 92, 28], f=98, g=31
[00:00:31:39:604] Expansion 26200000: state [255, 223, 207, 203, 75, 73, 72, 200, 136, 140, 141, 157, 189, 188, 190, 174, 238, 110, 78, 94, 92, 124, 120, 248, 249, 233, 169, 171, 43, 42], f=98, g=29
[00:00:31:46:792] Expansion 26300000: state [255, 223, 207, 203, 75, 73, 72, 200, 136, 138, 10, 42, 40, 56, 120, 124, 252, 236, 238, 234, 250, 186, 190, 158, 156, 28], f=98, g=25
[00:00:31:53:852] Expansion 26400000: state [255, 223, 207, 203, 75, 73, 72, 200, 136, 138, 10, 42, 40, 44, 108, 236, 237, 233, 169, 185, 189, 157, 156, 220, 92, 94, 90, 122], f=98, g=27
[00:00:32:01:052] Expansion 26500000: state [255, 223, 207, 203, 75, 73, 72, 200, 136, 138, 10, 42, 40, 41, 169, 185, 249, 121, 120, 122, 250, 234, 238, 236, 252, 188, 60], f=98, g=26
[00:00:32:08:295] Expansion 26600000: state [255, 223, 207, 203, 75, 73, 72, 200, 136, 138, 10, 42, 106, 234, 250, 186, 187, 171, 169, 233, 249, 121, 120, 56, 60, 44, 12], f=98, g=26
[00:00:32:15:524] Expansion 26700000: state [255, 223, 207, 203, 75, 73, 72, 200, 136, 138, 10, 42, 106, 122, 90, 94, 92, 124, 108, 236, 172, 174, 175, 171, 169, 185, 184, 56], f=98, g=27
[00:00:32:22:739] Expansion 26800000: state [255, 223, 207, 203, 75, 73, 72, 200, 136, 138, 10, 42, 106, 110, 78, 94, 92, 220, 156, 188, 172, 44, 45, 41, 169, 185, 249, 121, 120, 56], f=98, g=29
[00:00:32:30:036] Expansion 26900000: state [255, 223, 207, 203, 75, 73, 72, 200, 136, 138, 10, 42, 106, 110, 238, 236, 237, 233, 249, 185, 184, 188, 60, 124, 92, 220], f=98, g=25
[00:00:32:37:090] Expansion 27000000: state [255, 223, 207, 203, 75, 73, 72, 200, 136, 138, 10, 42, 58, 186, 250, 218, 90, 94, 92, 124, 108, 109, 237, 233, 249, 185, 189, 157], f=98, g=27
[00:00:32:44:223] Expansion 27100000: state [255, 223, 207, 203, 75, 73, 72, 200, 136, 138, 10, 42, 58, 122, 120, 248, 249, 233, 169, 173, 45, 44, 12, 28, 156], f=98, g=24
[00:00:32:51:374] Expansion 27200000: state [255, 223, 207, 203, 75, 73, 72, 200, 136, 138, 10, 42, 46, 44, 60, 188, 156, 157, 141, 173, 237, 233, 249, 121, 120, 122, 90, 218], f=98, g=27
[00:00:32:58:646] Expansion 27300000: state [255, 223, 207, 203, 75, 73, 72, 200, 136, 138, 10, 42, 46, 110, 78, 94, 90, 122, 120, 248, 184, 185, 189, 157, 156], f=98, g=24
[00:00:33:05:886] Expansion 27400000: state [255, 223, 207, 203, 75, 73, 72, 200, 136, 138, 10, 42, 43, 41, 169, 233, 237, 236, 172, 174, 190, 158, 156, 220, 92, 94, 90, 122, 250, 248, 184, 56], f=98, g=31
[00:00:33:13:159] Expansion 27500000: state [255, 223, 207, 203, 75, 73, 72, 200, 136, 138, 10, 42, 43, 41, 45, 173, 237, 236, 108, 110, 78, 94, 92, 220, 156, 158, 190, 186, 250, 218], f=98, g=29
[00:00:33:20:414] Expansion 27600000: state [255, 223, 207, 203, 75, 73, 72, 200, 136, 138, 10, 42, 43, 171, 169, 173, 141, 157, 156, 188, 60, 56, 120, 122, 250, 234, 238, 110, 78, 94], f=98, g=29
[00:00:33:27:679] Expansion 27700000: state [255, 223, 207, 203, 75, 73, 72, 200, 136, 138, 10, 42, 43, 171, 175, 173, 45, 109, 108, 110, 78, 94, 90, 122, 250, 186, 190, 188], f=98, g=27
[00:00:33:34:803] Expansion 27800000: state [255, 223, 207, 203, 75, 73, 72, 200, 136, 138, 10, 26, 90, 218, 250, 186, 187, 171, 43, 41, 40, 56, 120, 124, 92, 28, 156, 157, 189, 173, 172, 236], f=98, g=31
[00:00:33:41:783] Expansion 27900000: state [255, 223, 207, 203, 75, 73, 72, 200, 136, 138, 10, 26, 90, 218, 250, 234, 238, 236, 237, 109, 45, 41, 43, 171, 187, 185, 249, 121, 120, 124, 92, 93], f=98, g=31
[00:00:33:48:712] Expansion 28000000: state [255, 223, 207, 203, 75, 73, 72, 200, 136, 138, 10, 26, 90, 122, 106, 234, 238, 236, 252, 248, 249, 185, 189, 173, 175, 171, 43, 41, 40, 44], f=98, g=29
[00:00:33:55:663] Expansion 28100000: state [255, 223, 207, 203, 75, 73, 72, 200, 136, 138, 10, 26, 90, 122, 120, 56, 60, 28, 156, 157, 189, 185, 169, 171, 175], f=98, g=24
[00:00:34:02:602] Expansion 28200000: state [255, 223, 207, 203, 75, 73, 72, 200, 136, 138, 10, 26, 90, 122, 250, 186, 190, 158, 156, 220, 252, 124, 60, 56, 40, 41, 43, 171, 175, 173, 237, 233, 249], f=98, g=32
[00:00:34:09:511] Expansion 28300000: state [255, 223, 207, 203, 75, 73, 72, 200, 136, 138, 10, 26, 90, 94, 78, 110, 46, 44, 40, 41, 43, 171, 175, 173, 189, 188, 184, 186, 250, 234], f=98, g=29
[00:00:34:16:494] Expansion 28400000: state [255, 223, 207, 203, 75, 73, 72, 200, 136, 138, 10, 26, 90, 94, 78, 110, 238, 174, 190, 188, 184, 56, 120, 121, 249, 233, 237, 109, 45, 41, 43, 171], f=98, g=31
[00:00:34:23:546] Expansion 28500000: state [255, 223, 207, 203, 75, 73, 72, 200, 136, 138, 10, 26, 90, 94, 92, 28, 156, 157, 189, 185, 169, 171, 175, 174, 190, 186, 250, 234, 106, 110, 108, 44, 45], f=98, g=32
[00:00:34:30:602] Expansion 28600000: state [255, 223, 207, 203, 75, 73, 72, 200, 136, 138, 10, 26, 90, 94, 92, 220, 252, 248, 184, 56, 60, 44, 46, 174, 175, 173, 189], f=98, g=26
[00:00:34:37:653] Expansion 28700000: state [255, 223, 207, 203, 75, 73, 72, 200, 136, 138, 10, 26, 58, 56, 40, 41, 43, 171, 187, 185, 249, 248, 252, 124, 108, 109, 237, 173, 172, 174, 190, 158, 156, 28, 12], f=98, g=34
[00:00:34:44:643] Expansion 28800000: state [255, 223, 207, 203, 75, 73, 72, 200, 136, 138, 10, 26, 58, 56, 60, 44, 45, 173, 169, 233, 249, 248, 250, 234, 106], f=98, g=24
[00:00:34:51:613] Expansion 28900000: state [255, 223, 207, 203, 75, 73, 72, 200, 136, 138, 10, 26, 58, 186, 190, 158, 156, 157, 189, 173, 237, 233, 249, 121, 120, 124, 60, 44, 46, 110, 238], f=98, g=30
[00:00:34:58:624] Expansion 29000000: state [255, 223, 207, 203, 75, 73, 72, 200, 136, 138, 10, 26, 58, 122, 106, 110, 78, 94, 92, 28, 60, 44, 45, 41, 169, 185, 187], f=98, g=26
[00:00:35:05:545] Expansion 29100000: state [255, 223, 207, 203, 75, 73, 72, 200, 136, 138, 10, 26, 58, 122, 120, 121, 249, 233, 237, 109, 45, 44], f=98, g=21
[00:00:35:12:501] Expansion 29200000: state [255, 223, 207, 203, 75, 73, 72, 200, 136, 138, 170, 42, 40, 44, 60, 28, 92, 220, 252, 248, 120, 122, 90, 218], f=98, g=23
[00:00:35:19:789] Expansion 29300000: state [255, 223, 207, 203, 75, 73, 72, 200, 136, 138, 170, 42, 58, 56, 120, 248, 250, 218, 90, 94, 78, 110, 108, 44, 45, 41, 169, 185], f=98, g=27
[00:00:35:27:109] Expansion 29400000: state [255, 223, 207, 203, 75, 73, 72, 200, 136, 138, 170, 42, 43, 41, 169, 185, 249, 248, 120, 122, 90, 94, 78, 110, 108, 44, 172, 188, 156], f=98, g=28
[00:00:35:34:312] Expansion 29500000: state [255, 223, 207, 203, 75, 73, 72, 200, 136, 138, 170, 234, 106, 110, 108, 124, 120, 121, 249, 233, 169, 41, 45], f=98, g=22
[00:00:35:41:404] Expansion 29600000: state [255, 223, 207, 203, 75, 73, 72, 200, 136, 138, 170, 234, 238, 110, 46, 44, 172, 188, 189, 185, 249, 121, 120, 122, 90, 94, 92, 28], f=98, g=27
[00:00:35:48:710] Expansion 29700000: state [255, 223, 207, 203, 75, 73, 72, 200, 136, 138, 170, 186, 58, 56, 120, 248, 249, 233, 237, 173, 172, 188, 156, 220, 92, 94, 78, 110, 108], f=98, g=28
[00:00:35:55:876] Expansion 29800000: state [255, 223, 207, 203, 75, 73, 72, 200, 136, 138, 170, 186, 250, 122, 120, 56, 40, 44, 46, 110, 78, 94, 92, 220, 156, 157, 189], f=98, g=26
[00:00:36:03:126] Expansion 29900000: state [255, 223, 207, 203, 75, 73, 72, 200, 136, 138, 170, 186, 187, 185, 169, 233, 237, 236, 108, 110, 78, 94, 92, 28, 156, 158], f=98, g=25
[00:00:36:10:405] Expansion 30000000: state [255, 223, 207, 203, 75, 73, 72, 200, 136, 138, 170, 174, 46, 110, 108, 109, 237, 233, 249, 185, 189, 188, 252, 220, 92, 28], f=98, g=25
[00:00:36:17:647] Expansion 30100000: state [255, 223, 207, 203, 75, 73, 72, 200, 136, 138, 170, 174, 238, 236, 108, 109, 45, 173, 169, 185, 249, 121, 120, 56, 58, 26, 90, 94, 92, 28, 156, 188], f=98, g=31
[00:00:36:24:889] Expansion 30200000: state [255, 223, 207, 203, 75, 73, 72, 200, 136, 138, 170, 174, 175, 173, 45, 41, 40, 56, 120, 122, 106, 110, 108, 236, 252, 220, 92], f=98, g=26
[00:00:36:32:221] Expansion 30300000: state [255, 223, 207, 203, 75, 73, 72, 200, 136, 138, 170, 171, 43, 41, 45, 109, 108, 110, 78, 94, 92, 220, 156, 188, 184, 56, 58, 122, 250], f=98, g=28
[00:00:36:39:514] Expansion 30400000: state [255, 223, 207, 203, 75, 73, 72, 200, 136, 138, 170, 171, 187, 185, 184, 248, 120, 122, 106, 110, 46, 44, 172, 173, 237, 109], f=98, g=25
[00:00:36:46:825] Expansion 30500000: state [255, 223, 207, 203, 75, 73, 72, 200, 136, 138, 154, 26, 90, 122, 106, 42, 40, 56, 60, 28, 156, 157, 189, 185, 169, 171, 175, 174, 238, 236, 237, 109], f=98, g=31
[00:00:36:53:847] Expansion 30600000: state [255, 223, 207, 203, 75, 73, 72, 200, 136, 138, 154, 26, 90, 122, 106, 110, 238, 236, 237, 233, 169, 171, 175], f=98, g=22
[00:00:37:00:850] Expansion 30700000: state [255, 223, 207, 203, 75, 73, 72, 200, 136, 138, 154, 26, 90, 122, 250, 234, 238, 174, 172, 173, 141, 157, 156, 28, 60, 56, 40, 41, 43, 171, 187], f=98, g=30
[00:00:37:07:845] Expansion 30800000: state [255, 223, 207, 203, 75, 73, 72, 200, 136, 138, 154, 26, 90, 94, 78, 110, 106, 42, 43, 171, 169, 185, 184, 56, 60, 44, 45, 109, 237, 236, 252, 220], f=98, g=31
[00:00:37:14:894] Expansion 30900000: state [255, 223, 207, 203, 75, 73, 72, 200, 136, 138, 154, 26, 90, 94, 92, 28, 156, 157, 141, 173, 237, 236, 238, 110, 106, 42, 40, 44], f=98, g=27
[00:00:37:21:986] Expansion 31000000: state [255, 223, 207, 203, 75, 73, 72, 200, 136, 138, 154, 26, 90, 94, 92, 220, 252, 248, 120, 56, 60, 44, 45, 173, 175, 171], f=98, g=25
[00:00:37:29:086] Expansion 31100000: state [255, 223, 207, 203, 75, 73, 72, 200, 136, 138, 154, 26, 58, 42, 40, 41, 45, 109, 108, 124, 120, 248, 249, 185, 189, 188, 190, 174, 175, 171], f=98, g=29
[00:00:37:36:375] Expansion 31200000: state [255, 223, 207, 203, 75, 73, 72, 200, 136, 138, 154, 26, 58, 42, 43, 41, 45, 173, 175, 174, 190, 188, 156, 28, 92, 93], f=98, g=25
[00:00:37:43:676] Expansion 31300000: state [255, 223, 207, 203, 75, 73, 72, 200, 136, 138, 154, 26, 58, 56, 120, 248, 249, 185, 187, 171, 43, 41, 45, 173, 237, 236, 238], f=98, g=26
[00:00:37:50:709] Expansion 31400000: state [255, 223, 207, 203, 75, 73, 72, 200, 136, 138, 154, 26, 58, 122, 120, 248, 184, 185, 169, 173, 237, 236, 108, 110, 78, 94, 92, 220], f=98, g=27
[00:00:37:57:619] Expansion 31500000: state [255, 223, 207, 203, 75, 73, 72, 200, 136, 138, 154, 26, 58, 122, 250, 248, 249, 185, 189, 188, 190, 174, 238, 110, 108, 44, 12, 28, 92, 94], f=98, g=29
[00:00:38:04:827] Expansion 31600000: state [255, 223, 207, 203, 75, 73, 72, 200, 136, 138, 154, 218, 90, 122, 106, 42, 40, 41, 45, 173, 237, 236, 252, 124, 60], f=98, g=24
[00:00:38:12:458] Expansion 31700000: state [255, 223, 207, 203, 75, 73, 72, 200, 136, 138, 154, 218, 90, 122, 120, 56, 184, 188, 190, 174, 175, 171, 169, 233, 237, 236, 108, 44, 12], f=98, g=28
[00:00:38:20:009] Expansion 31800000: state [255, 223, 207, 203, 75, 73, 72, 200, 136, 138, 154, 218, 90, 94, 78, 110, 106, 42, 40, 44, 12, 28, 156, 220, 252, 124, 120, 121, 249, 233], f=98, g=29
[00:00:38:27:548] Expansion 31900000: state [255, 223, 207, 203, 75, 73, 72, 200, 136, 138, 154, 218, 90, 94, 92, 28, 156, 188, 190, 174, 238, 234, 106, 42, 43, 171, 187, 185, 249, 233, 237, 109, 108, 44], f=98, g=33
[00:00:38:34:819] Expansion 32000000: state [255, 223, 207, 203, 75, 73, 72, 200, 136, 138, 154, 218, 90, 94, 92, 220, 252, 236, 237, 173, 175, 171, 187, 185, 184, 56], f=98, g=25
[00:00:38:42:054] Expansion 32100000: state [255, 223, 207, 203, 75, 73, 72, 200, 136, 138, 154, 218, 250, 122, 58, 42, 43, 171, 175, 173, 45, 44, 12, 28, 92, 94, 78, 110, 238, 236, 252, 188, 184, 185], f=98, g=33
[00:00:38:49:246] Expansion 32200000: state [255, 223, 207, 203, 75, 73, 72, 200, 136, 138, 154, 218, 250, 122, 106, 110, 238, 236, 237, 173, 189, 188, 60, 56, 40], f=98, g=24
[00:00:39:02:314] Expansion 32300000: state [255, 223, 207, 203, 75, 73, 72, 200, 136, 138, 154, 218, 250, 234, 106, 42, 58, 56, 184, 185, 187, 171, 175, 173, 237, 109, 108, 124], f=98, g=27
[00:00:39:09:538] Expansion 32400000: state [255, 223, 207, 203, 75, 73, 72, 200, 136, 138, 154, 218, 250, 234, 238, 110, 108, 44, 45, 173, 237, 233, 249, 121, 120, 56, 58, 42, 43], f=98, g=28
[00:00:39:16:637] Expansion 32500000: state [255, 223, 207, 203, 75, 73, 72, 200, 136, 138, 154, 218, 250, 248, 120, 124, 108, 44, 40, 42, 43, 171, 175, 174, 190, 188, 156, 157, 141], f=98, g=28
[00:00:39:23:870] Expansion 32600000: state [255, 223, 207, 203, 75, 73, 72, 200, 136, 138, 154, 218, 250, 248, 249, 233, 237, 109, 45, 44, 172, 188, 156, 220, 92, 94, 78, 110, 106, 42, 58], f=98, g=30
[00:00:39:31:073] Expansion 32700000: state [255, 223, 207, 203, 75, 73, 72, 200, 136, 138, 154, 186, 58, 56, 120, 124, 92, 28, 156, 157, 141, 173, 172, 174, 238, 234], f=98, g=25
[00:00:39:38:217] Expansion 32800000: state [255, 223, 207, 203, 75, 73, 72, 200, 136, 138, 154, 186, 184, 56, 40, 42, 106, 110, 108, 236, 252, 220, 156, 157, 189, 173, 169, 171], f=98, g=27
[00:00:39:45:346] Expansion 32900000: state [255, 223, 207, 203, 75, 73, 72, 200, 136, 138, 154, 186, 184, 188, 172, 173, 169, 41, 40, 42, 106, 122], f=98, g=21
[00:00:39:52:825] Expansion 33000000: state [255, 223, 207, 203, 75, 73, 72, 200, 136, 138, 154, 186, 250, 122, 106, 42, 43, 41, 45, 173, 189, 157, 156, 28, 92, 124, 252], f=98, g=26
[00:00:40:00:066] Expansion 33100000: state [255, 223, 207, 203, 75, 73, 72, 200, 136, 138, 154, 186, 250, 234, 238, 110, 46, 42, 40, 56, 60, 124, 92, 220, 156, 157, 189, 185, 249, 217], f=98, g=29
[00:00:40:07:291] Expansion 33200000: state [255, 223, 207, 203, 75, 73, 72, 200, 136, 138, 154, 186, 250, 248, 249, 233, 237, 236, 108, 124, 92, 28, 156, 157, 141], f=98, g=24
[00:00:40:14:573] Expansion 33300000: state [255, 223, 207, 203, 75, 73, 72, 200, 136, 138, 154, 186, 190, 174, 175, 173, 169, 233, 249, 248, 120, 122, 106, 110, 108, 44, 60, 28, 92, 93], f=98, g=29
[00:00:40:21:800] Expansion 33400000: state [255, 223, 207, 203, 75, 73, 72, 200, 136, 138, 154, 186, 187, 171, 43, 42, 106, 110, 78, 94, 92, 220, 156, 157, 141, 173, 45, 44, 60, 56, 120, 121, 249, 233], f=98, g=33
[00:00:40:29:148] Expansion 33500000: state [255, 223, 207, 203, 75, 73, 72, 200, 136, 138, 154, 186, 187, 185, 169, 233, 237, 109, 45, 44, 12, 28, 156, 188, 252, 248, 120, 122, 106, 110, 78], f=98, g=30
[00:00:40:36:378] Expansion 33600000: state [255, 223, 207, 203, 75, 73, 72, 200, 136, 138, 154, 158, 156, 28, 12, 44, 172, 236, 238, 110, 106, 122, 120, 248, 249, 185, 169, 171, 43], f=98, g=28
[00:00:40:43:606] Expansion 33700000: state [255, 223, 207, 203, 75, 73, 72, 200, 136, 138, 154, 158, 156, 28, 92, 94, 90, 122, 58, 42, 43, 41, 45, 44, 172, 236, 252, 248, 249, 217], f=98, g=29
[00:00:40:50:682] Expansion 33800000: state [255, 223, 207, 203, 75, 73, 72, 200, 136, 138, 154, 158, 156, 28, 60, 124, 252, 248, 249, 185, 187, 171, 43, 42, 106, 110, 238, 174, 172], f=98, g=28
[00:00:40:57:926] Expansion 33900000: state [255, 223, 207, 203, 75, 73, 72, 200, 136, 138, 154, 158, 156, 220, 92, 94, 90, 122, 250, 234, 238, 236, 237, 173, 175, 171, 43, 42, 46, 44, 60, 56, 184, 185, 249, 217], f=98, g=35
[00:00:41:05:076] Expansion 34000000: state [255, 223, 207, 203, 75, 73, 72, 200, 136, 138, 154, 158, 156, 188, 172, 44, 108, 109, 237, 233, 169, 41, 43], f=98, g=22
[00:00:41:12:216] Expansion 34100000: state [255, 223, 207, 203, 75, 73, 72, 200, 136, 138, 154, 158, 156, 188, 189, 185, 249, 233, 237, 109, 45, 44, 46, 42, 106, 122, 250], f=98, g=26
[00:00:41:19:454] Expansion 34200000: state [255, 223, 207, 203, 75, 73, 72, 200, 136, 138, 154, 158, 156, 157, 189, 185, 169, 41, 45, 109, 237, 236, 238, 110, 78, 94, 92, 124, 120, 248, 250], f=98, g=30
[00:00:41:26:656] Expansion 34300000: state [255, 223, 207, 203, 75, 73, 72, 200, 136, 138, 154, 158, 190, 174, 172, 236, 237, 109, 45, 41, 43, 171, 187, 185, 249, 248, 250], f=98, g=26
[00:00:41:33:872] Expansion 34400000: state [255, 223, 207, 203, 75, 73, 72, 200, 136, 138, 154, 158, 190, 174, 175, 171, 169, 41, 45, 109, 237, 236, 252, 220, 92, 94, 78, 110, 106, 122, 120, 121, 249, 217], f=98, g=33
[00:00:41:41:077] Expansion 34500000: state [255, 223, 207, 203, 75, 73, 72, 200, 136, 138, 154, 158, 190, 188, 184, 248, 249, 233, 237, 173, 45, 41, 43, 42, 46, 110, 108, 124, 92, 28, 12], f=98, g=30
[00:00:41:48:331] Expansion 34600000: state [255, 223, 207, 203, 75, 73, 72, 200, 136, 138, 154, 155, 187, 171, 43, 41, 40, 44, 46, 110, 78, 94, 90, 122, 120, 121, 249, 233, 237, 173, 141, 157, 156, 188, 252], f=98, g=34
[00:00:41:55:630] Expansion 34700000: state [255, 223, 207, 203, 75, 73, 72, 200, 136, 138, 154, 155, 187, 171, 43, 42, 58, 122, 250, 248, 252, 220, 156, 157, 189, 173, 172, 44], f=98, g=27
[00:00:42:02:907] Expansion 34800000: state [255, 223, 207, 203, 75, 73, 72, 200, 136, 138, 154, 155, 187, 171, 169, 233, 237, 236, 108, 110, 46, 42, 58, 122, 90, 94, 92, 28, 156, 188], f=98, g=29
[00:00:42:10:231] Expansion 34900000: state [255, 223, 207, 203, 75, 73, 72, 200, 136, 138, 154, 155, 187, 171, 175, 173, 141, 157, 156, 220, 252, 248, 250, 234, 238, 110, 46, 42, 40, 41], f=98, g=29
[00:00:42:17:510] Expansion 35000000: state [255, 223, 207, 203, 75, 73, 72, 200, 136, 138, 154, 155, 187, 185, 169, 41, 45, 44, 60, 56, 58, 122, 106, 110, 238, 236, 252, 220, 156, 157], f=98, g=29
[00:00:42:24:822] Expansion 35100000: state [255, 223, 207, 203, 75, 73, 72, 200, 136, 138, 154, 155, 187, 185, 184, 248, 120, 122, 90, 94, 78, 110, 238, 236, 237, 173, 141, 157], f=98, g=27
[00:00:42:32:022] Expansion 35200000: state [255, 223, 207, 203, 75, 73, 72, 200, 136, 138, 154, 155, 187, 185, 249, 233, 237, 236, 238, 174, 190, 188, 156, 28, 92, 124, 120, 122, 106, 42, 40, 41], f=98, g=31
[00:00:42:39:230] Expansion 35300000: state [255, 223, 207, 203, 75, 73, 72, 200, 136, 138, 154, 155, 187, 185, 189, 188, 156, 28, 92, 124, 120, 122, 250, 234, 238, 236, 237], f=98, g=26
[00:00:42:46:545] Expansion 35400000: state [255, 223, 207, 203, 75, 73, 72, 200, 136, 138, 142, 174, 46, 42, 43, 171, 187, 185, 184, 248, 250, 218, 90, 94, 92, 124, 108], f=98, g=26
[00:00:42:53:859] Expansion 35500000: state [255, 223, 207, 203, 75, 73, 72, 200, 136, 138, 142, 174, 46, 110, 78, 94, 92, 28, 60, 56, 184, 248, 249, 233, 169, 173, 189], f=98, g=26
[00:00:43:01:068] Expansion 35600000: state [255, 223, 207, 203, 75, 73, 72, 200, 136, 138, 142, 174, 172, 44, 40, 42, 106], f=98, g=16
[00:00:43:08:375] Expansion 35700000: state [255, 223, 207, 203, 75, 73, 72, 200, 136, 138, 142, 174, 172, 188, 156, 28, 92, 94, 78, 110, 106, 234, 250, 186, 58, 56, 120, 121, 249, 233], f=98, g=29
[00:00:43:15:903] Expansion 35800000: state [255, 223, 207, 203, 75, 73, 72, 200, 136, 138, 142, 174, 238, 110, 78, 94, 90, 218, 250, 186, 187, 185, 189, 157, 156, 220, 252, 124, 60, 56, 40, 41], f=98, g=31
[00:00:43:23:335] Expansion 35900000: state [255, 223, 207, 203, 75, 73, 72, 200, 136, 138, 142, 174, 238, 110, 106, 42, 43, 171, 187, 186, 184, 188, 60, 28, 92, 94], f=98, g=25
[00:00:43:30:929] Expansion 36000000: state [255, 223, 207, 203, 75, 73, 72, 200, 136, 138, 142, 174, 238, 110, 108, 109, 237, 173, 169, 41, 43, 42, 58, 186, 250, 248, 120], f=98, g=26
[00:00:43:38:392] Expansion 36100000: state [255, 223, 207, 203, 75, 73, 72, 200, 136, 138, 142, 174, 238, 234, 250, 122, 120, 124, 108, 109, 237, 173, 141, 157, 156, 188, 184, 185, 187, 155], f=98, g=29
[00:00:43:45:644] Expansion 36200000: state [255, 223, 207, 203, 75, 73, 72, 200, 136, 138, 142, 174, 238, 236, 108, 124, 92, 220, 156, 157, 189, 173, 169, 171, 43, 42, 58, 56, 184, 248, 249, 121], f=98, g=31
[00:00:43:55:580] Expansion 36300000: state [255, 223, 207, 203, 75, 73, 72, 200, 136, 138, 142, 174, 238, 236, 237, 173, 189, 157, 156, 220, 92, 94, 90, 26, 58, 56, 60, 44], f=98, g=27
[00:00:44:02:731] Expansion 36400000: state [255, 223, 207, 203, 75, 73, 72, 200, 136, 138, 142, 174, 190, 186, 250, 218, 90, 94, 78, 110, 106, 42, 40, 44, 60, 124, 252, 236, 237, 233, 249, 185, 189, 157, 141], f=98, g=34
[00:00:44:09:954] Expansion 36500000: state [255, 223, 207, 203, 75, 73, 72, 200, 136, 138, 142, 174, 190, 188, 156, 28, 92, 94, 90, 122, 58, 56, 40, 44, 45, 173, 237, 233, 249, 217], f=98, g=29
[00:00:44:17:236] Expansion 36600000: state [255, 223, 207, 203, 75, 73, 72, 200, 136, 138, 142, 174, 175, 171, 43, 41, 45, 44, 60, 28, 92, 220, 252, 248, 250, 122, 90, 26], f=98, g=27
[00:00:44:24:489] Expansion 36700000: state [255, 223, 207, 203, 75, 73, 72, 200, 136, 138, 142, 174, 175, 171, 169, 185, 249, 248, 250, 122, 90, 94, 92, 124, 60, 44, 45, 109, 237, 236], f=98, g=29
[00:00:44:31:740] Expansion 36800000: state [255, 223, 207, 203, 75, 73, 72, 200, 136, 138, 142, 174, 175, 173, 169, 41, 40, 56, 184, 188, 156], f=98, g=20
[00:00:44:39:012] Expansion 36900000: state [255, 223, 207, 203, 75, 73, 72, 200, 136, 138, 142, 158, 156, 28, 12, 44, 40, 41, 43, 171, 175, 173, 189, 185, 184, 248, 252, 236], f=98, g=27
[00:00:44:46:082] Expansion 37000000: state [255, 223, 207, 203, 75, 73, 72, 200, 136, 138, 142, 158, 156, 28, 92, 124, 252, 236, 238, 234, 250, 218, 90, 26, 58, 56, 184, 185, 169, 173], f=98, g=29
[00:00:44:53:135] Expansion 37100000: state [255, 223, 207, 203, 75, 73, 72, 200, 136, 138, 142, 158, 156, 28, 92, 94, 90, 122, 106, 110, 108, 236, 172, 173, 169], f=98, g=24
[00:00:45:00:135] Expansion 37200000: state [255, 223, 207, 203, 75, 73, 72, 200, 136, 138, 142, 158, 156, 28, 60, 124, 108, 109, 237, 173, 169, 171, 187, 186, 58, 122], f=98, g=25
[00:00:45:07:355] Expansion 37300000: state [255, 223, 207, 203, 75, 73, 72, 200, 136, 138, 142, 158, 156, 220, 92, 94, 78, 110, 108, 44, 40, 56, 120, 122, 250, 186], f=98, g=25
[00:00:45:14:567] Expansion 37400000: state [255, 223, 207, 203, 75, 73, 72, 200, 136, 138, 142, 158, 156, 220, 252, 124, 108, 44, 45, 173, 237, 233, 249, 185, 187, 171, 43, 42, 58, 26, 90, 94], f=98, g=31
[00:00:45:21:793] Expansion 37500000: state [255, 223, 207, 203, 75, 73, 72, 200, 136, 138, 142, 158, 156, 188, 60, 44, 45, 173, 175, 171, 187, 185, 249, 248, 120, 122, 106, 110, 78, 94], f=98, g=29
[00:00:45:28:935] Expansion 37600000: state [255, 223, 207, 203, 75, 73, 72, 200, 136, 138, 142, 158, 156, 188, 184, 186, 58, 42, 46, 110, 108, 124, 120, 121, 249, 233, 169], f=98, g=26
[00:00:45:43:327] Expansion 37700000: state [255, 223, 207, 203, 75, 73, 72, 200, 136, 138, 142, 158, 156, 188, 189, 185, 169, 171, 43, 42, 58, 122, 120, 124, 108, 109, 237], f=98, g=26
[00:00:45:50:521] Expansion 37800000: state [255, 223, 207, 203, 75, 73, 72, 200, 136, 138, 142, 158, 156, 157, 141, 173, 237, 236, 252, 124, 92, 94, 90, 122, 106, 42, 46, 44], f=98, g=27
[00:00:45:57:744] Expansion 37900000: state [255, 223, 207, 203, 75, 73, 72, 200, 136, 138, 142, 158, 156, 157, 189, 185, 169, 41, 43, 42, 58, 186, 250, 218, 90, 94, 78, 110, 238, 236, 252, 124, 60, 44, 12], f=98, g=34
[00:00:46:04:867] Expansion 38000000: state [255, 223, 207, 203, 75, 73, 72, 200, 136, 138, 142, 158, 190, 186, 184, 56, 40, 42, 43, 171, 169, 173, 45, 109, 108, 124, 92], f=98, g=26
[00:00:46:12:037] Expansion 38100000: state [255, 223, 207, 203, 75, 73, 72, 200, 136, 138, 142, 158, 190, 186, 250, 248, 252, 220, 92, 28, 60, 56, 40, 42, 43, 171, 169, 233], f=98, g=27
[00:00:46:19:334] Expansion 38200000: state [255, 223, 207, 203, 75, 73, 72, 200, 136, 138, 142, 158, 190, 188, 60, 56, 58, 42, 46, 110, 238, 236, 237, 233, 249, 185, 187, 171, 175], f=98, g=28
[00:00:46:26:769] Expansion 38300000: state [255, 223, 207, 203, 75, 73, 72, 200, 136, 138, 142, 158, 190, 188, 252, 124, 120, 121, 249, 185, 187, 171, 43, 41, 40, 44, 46, 110, 238, 234, 250, 218, 90], f=98, g=32
[00:00:46:34:262] Expansion 38400000: state [255, 223, 207, 203, 75, 73, 72, 200, 136, 137, 169, 41, 40, 56, 120, 122, 90, 26, 154, 186, 190, 174, 238, 236, 252, 220, 92, 93], f=98, g=27
