--------------------------
date: cubes
number_of_graphs: 1
graph_type: cube
size_of_graphs: [8, 8]
heuristic: heuristic0
snake: True
run_uni: True
run_bi: False
run_multi: False
cube_first_dims: 8
cube_buffer_dim: 3
backward_sym_generation: False

---------- cubes/8d_cube ----------
[00:00:00:06:703] Expansion 100000: state [255, 223, 207, 203, 75, 73, 72, 200, 136, 168, 40, 56, 24, 26, 90, 94, 92, 124, 108, 110, 238, 234, 250, 186, 190, 188, 189, 173, 237, 233, 249, 217, 153, 155], f=101, g=33
[00:00:00:13:421] Expansion 200000: state [255, 223, 207, 203, 75, 73, 72, 200, 136, 168, 40, 56, 120, 248, 250, 186, 154, 158, 156, 157, 189, 173, 175], f=101, g=22
[00:00:00:20:590] Expansion 300000: state [255, 223, 207, 203, 75, 73, 72, 200, 136, 168, 40, 56, 120, 122, 250, 218, 154, 155, 153, 185, 249, 233, 237, 236, 108, 110, 46, 174, 175, 171], f=101, g=29
[00:00:00:27:716] Expansion 400000: state [255, 223, 207, 203, 75, 73, 72, 200, 136, 168, 40, 56, 60, 124, 92, 220, 156, 157, 153, 217, 249, 233, 237, 236, 238, 234, 106, 122, 90, 26, 154, 186, 187, 171], f=101, g=33
[00:00:00:34:808] Expansion 500000: state [255, 223, 207, 203, 75, 73, 72, 200, 136, 168, 40, 56, 58, 26, 90, 94, 78, 110, 108, 109, 45, 173, 141, 157, 156, 188, 252, 248, 249, 185], f=101, g=29
[00:00:00:42:113] Expansion 600000: state [255, 223, 207, 203, 75, 73, 72, 200, 136, 168, 40, 56, 58, 122, 250, 248, 249, 185, 189, 173, 237, 109, 108, 124, 92], f=101, g=24
[00:00:00:49:412] Expansion 700000: state [255, 223, 207, 203, 75, 73, 72, 200, 136, 168, 40, 56, 57, 185, 153, 155, 154, 158, 156, 188, 252, 236, 108, 109, 45, 173, 141], f=101, g=26
[00:00:00:56:842] Expansion 800000: state [255, 223, 207, 203, 75, 73, 72, 200, 136, 168, 40, 56, 57, 121, 249, 233, 237, 173, 189, 157, 156, 158, 190, 174, 238, 234, 106, 122, 90, 94, 78], f=101, g=30
[00:00:01:04:058] Expansion 900000: state [255, 223, 207, 203, 75, 73, 72, 200, 136, 168, 40, 44, 108, 124, 92, 220, 156, 188, 189, 173, 175, 174, 238, 234, 250, 186, 58, 26, 24, 25, 153, 217], f=101, g=31
[00:00:01:11:481] Expansion 1000000: state [255, 223, 207, 203, 75, 73, 72, 200, 136, 168, 40, 44, 108, 110, 106, 122, 90, 218, 154, 155, 153, 217, 249, 233, 237, 173, 189, 188, 252, 220], f=101, g=29
[00:00:01:18:889] Expansion 1100000: state [255, 223, 207, 203, 75, 73, 72, 200, 136, 168, 40, 44, 60, 188, 156, 158, 142, 174, 175, 173, 237, 233, 249, 121, 57, 25, 153, 155, 187, 186, 250, 234, 106, 110, 78, 94, 90], f=101, g=36
[00:00:01:25:875] Expansion 1200000: state [255, 223, 207, 203, 75, 73, 72, 200, 136, 168, 40, 44, 60, 124, 92, 94, 90, 26, 58, 186, 187, 171, 175, 174, 238, 236, 237, 233, 249, 121], f=101, g=29
[00:00:01:32:903] Expansion 1300000: state [255, 223, 207, 203, 75, 73, 72, 200, 136, 168, 40, 44, 46, 174, 238, 234, 250, 186, 154, 26, 24, 25, 153, 217, 249, 233, 237, 173, 189, 188, 156, 220, 92, 93], f=101, g=33
[00:00:01:40:491] Expansion 1400000: state [255, 223, 207, 203, 75, 73, 72, 200, 136, 168, 40, 44, 46, 110, 78, 94, 92, 220, 252, 236, 237, 173, 175, 171, 187, 186, 58, 26, 24], f=101, g=28
[00:00:01:47:770] Expansion 1500000: state [255, 223, 207, 203, 75, 73, 72, 200, 136, 168, 40, 44, 45, 173, 141, 157, 153, 217, 249, 248, 252, 220, 92, 94, 90, 26, 58, 186, 190, 174, 238, 110, 106], f=101, g=32
[00:00:01:55:019] Expansion 1600000: state [255, 223, 207, 203, 75, 73, 72, 200, 136, 168, 40, 44, 45, 173, 189, 185, 249, 248, 252, 236, 238, 174, 190, 158, 154, 26, 90, 94, 78], f=101, g=28
[00:00:02:02:589] Expansion 1700000: state [255, 223, 207, 203, 75, 73, 72, 200, 136, 168, 40, 44, 45, 109, 237, 233, 249, 217, 153, 155, 187, 171, 175, 174, 190, 188, 156, 220, 92, 124, 120, 122, 58, 26], f=101, g=33
[00:00:02:09:739] Expansion 1800000: state [255, 223, 207, 203, 75, 73, 72, 200, 136, 168, 40, 42, 10, 26, 24, 25, 57, 121, 249, 248, 250, 186, 190, 188, 156, 157, 141, 173, 237, 236, 108, 124, 92, 94], f=101, g=33
[00:00:02:17:109] Expansion 1900000: state [255, 223, 207, 203, 75, 73, 72, 200, 136, 168, 40, 42, 10, 26, 90, 122, 120, 121, 57, 185, 187, 171, 175, 174, 238, 236, 252, 188, 156, 158], f=101, g=29
[00:00:02:24:401] Expansion 2000000: state [255, 223, 207, 203, 75, 73, 72, 200, 136, 168, 40, 42, 106, 234, 238, 174, 142, 158, 154, 26, 90, 94, 92, 220, 252, 188, 189, 157, 153, 217, 249, 233, 237, 109, 108], f=101, g=34
[00:00:02:32:291] Expansion 2100000: state [255, 223, 207, 203, 75, 73, 72, 200, 136, 168, 40, 42, 106, 122, 120, 121, 249, 217, 153, 25, 24, 26, 154, 158, 190, 174], f=101, g=25
[00:00:02:39:563] Expansion 2200000: state [255, 223, 207, 203, 75, 73, 72, 200, 136, 168, 40, 42, 106, 110, 108, 109, 45, 173, 175], f=101, g=18
[00:00:02:46:771] Expansion 2300000: state [255, 223, 207, 203, 75, 73, 72, 200, 136, 168, 40, 42, 58, 26, 154, 158, 190, 188, 189, 157, 153, 217, 249, 248, 120, 124, 108, 236], f=101, g=27
[00:00:02:54:068] Expansion 2400000: state [255, 223, 207, 203, 75, 73, 72, 200, 136, 168, 40, 42, 58, 122, 90, 218, 154, 158, 156, 188, 252, 124, 108], f=101, g=22
[00:00:03:02:019] Expansion 2500000: state [255, 223, 207, 203, 75, 73, 72, 200, 136, 168, 40, 42, 46, 174, 238, 234, 250, 186, 154, 26, 90, 94, 92, 124, 252, 188, 156, 157, 153, 25], f=101, g=29
[00:00:03:09:400] Expansion 2600000: state [255, 223, 207, 203, 75, 73, 72, 200, 136, 168, 40, 42, 46, 174, 175, 173, 189, 157, 156, 220, 92, 124, 120, 248, 250, 186, 154, 26], f=101, g=27
[00:00:03:16:771] Expansion 2700000: state [255, 223, 207, 203, 75, 73, 72, 200, 136, 168, 40, 42, 46, 110, 238, 234, 250, 186, 190, 188, 156, 157, 153, 217, 249, 121, 120, 124, 92, 94, 90], f=101, g=30
[00:00:03:24:139] Expansion 2800000: state [255, 223, 207, 203, 75, 73, 72, 200, 136, 168, 40, 42, 43, 171, 187, 186, 154, 26, 24, 25, 153, 217, 249, 233, 237, 236, 238, 110, 78, 94, 92, 124, 60, 188, 156], f=101, g=34
[00:00:03:31:524] Expansion 2900000: state [255, 223, 207, 203, 75, 73, 72, 200, 136, 168, 40, 42, 43, 171, 175, 173, 189, 188, 60, 124, 108, 110, 238, 234, 250, 218, 154, 26, 24, 25, 153], f=101, g=30
[00:00:03:38:780] Expansion 3000000: state [255, 223, 207, 203, 75, 73, 72, 200, 136, 168, 40, 41, 57, 25, 24, 26, 90, 94, 92, 124, 108, 236, 238, 234, 250, 186, 190, 188, 189, 173, 175, 171], f=101, g=31
[00:00:03:46:654] Expansion 3100000: state [255, 223, 207, 203, 75, 73, 72, 200, 136, 168, 40, 41, 57, 25, 153, 157, 189, 173, 175, 174, 190, 186, 250, 234, 106], f=101, g=24
[00:00:03:54:071] Expansion 3200000: state [255, 223, 207, 203, 75, 73, 72, 200, 136, 168, 40, 41, 57, 185, 249, 248, 120, 124, 92, 94, 90, 26, 154, 158, 190, 174, 175, 173], f=101, g=27
[00:00:04:01:479] Expansion 3300000: state [255, 223, 207, 203, 75, 73, 72, 200, 136, 168, 40, 41, 57, 121, 120, 124, 108, 110, 238, 234, 250, 218, 154, 155, 153, 157, 141], f=101, g=26
[00:00:04:08:857] Expansion 3400000: state [255, 223, 207, 203, 75, 73, 72, 200, 136, 168, 40, 41, 57, 121, 249, 233, 237, 236, 108, 110, 106, 122, 250, 186, 190, 158], f=101, g=25
[00:00:04:16:151] Expansion 3500000: state [255, 223, 207, 203, 75, 73, 72, 200, 136, 168, 40, 41, 45, 173, 237, 233, 249, 185, 153, 155, 154, 186, 190, 174, 238, 234, 106, 122, 90, 94, 92, 124, 252], f=101, g=32
[00:00:04:23:493] Expansion 3600000: state [255, 223, 207, 203, 75, 73, 72, 200, 136, 168, 40, 41, 45, 173, 189, 185, 187, 155, 154, 26, 90, 94, 92, 124, 120, 248, 250, 234, 238, 174, 190], f=101, g=30
[00:00:04:31:669] Expansion 3700000: state [255, 223, 207, 203, 75, 73, 72, 200, 136, 168, 40, 41, 45, 109, 108, 236, 252, 188, 189, 157, 153, 217, 249, 121, 120, 122, 58, 26, 154, 218], f=101, g=29
[00:00:04:38:956] Expansion 3800000: state [255, 223, 207, 203, 75, 73, 72, 200, 136, 168, 40, 41, 45, 109, 237, 233, 249, 217, 153, 25, 24, 26, 90, 218, 250, 186, 187], f=101, g=26
[00:00:04:46:416] Expansion 3900000: state [255, 223, 207, 203, 75, 73, 72, 200, 136, 168, 40, 41, 43, 171, 187, 155, 153, 157, 189, 173, 237, 233, 249, 248, 252, 220, 92, 94, 90, 122, 106, 110, 238, 174], f=101, g=33
[00:00:04:53:756] Expansion 4000000: state [255, 223, 207, 203, 75, 73, 72, 200, 136, 168, 40, 41, 43, 171, 187, 186, 250, 234, 106, 110, 108, 236, 252, 188, 189, 157, 153, 217, 249, 121, 120], f=101, g=30
[00:00:05:01:060] Expansion 4100000: state [255, 223, 207, 203, 75, 73, 72, 200, 136, 168, 40, 41, 43, 171, 175, 174, 46, 110, 78, 94, 90, 122, 120, 248, 252, 188, 156, 157, 153], f=101, g=28
[00:00:05:08:388] Expansion 4200000: state [255, 223, 207, 203, 75, 73, 72, 200, 136, 168, 184, 56, 24, 26, 10, 42, 43, 171, 187, 155, 153, 157, 189, 173, 45, 109, 108, 110, 238, 234, 250], f=101, g=30
[00:00:05:15:438] Expansion 4300000: state [255, 223, 207, 203, 75, 73, 72, 200, 136, 168, 184, 56, 120, 124, 108, 110, 78, 94, 90, 26, 154, 155, 187, 171, 175, 173, 237, 233], f=101, g=27
[00:00:05:22:672] Expansion 4400000: state [255, 223, 207, 203, 75, 73, 72, 200, 136, 168, 184, 56, 60, 44, 46, 110, 106, 122, 90, 218, 154, 155, 153, 157, 189, 173, 237, 109], f=101, g=27
[00:00:05:29:792] Expansion 4500000: state [255, 223, 207, 203, 75, 73, 72, 200, 136, 168, 184, 56, 58, 42, 43, 171, 175, 173, 45, 44, 108, 236, 238, 234, 250, 218, 90, 94, 92, 220, 156, 158, 190], f=101, g=32
[00:00:05:37:071] Expansion 4600000: state [255, 223, 207, 203, 75, 73, 72, 200, 136, 168, 184, 56, 57, 41, 43, 42, 10, 26, 154, 218, 250, 234, 238, 110, 108, 109, 237, 173, 189], f=101, g=28
[00:00:05:45:274] Expansion 4700000: state [255, 223, 207, 203, 75, 73, 72, 200, 136, 168, 184, 248, 120, 124, 92, 94, 78, 110, 106, 42, 43, 41, 45, 173, 189, 157, 153, 155, 154, 26], f=101, g=29
[00:00:05:52:474] Expansion 4800000: state [255, 223, 207, 203, 75, 73, 72, 200, 136, 168, 184, 248, 252, 124, 92, 94, 90, 218, 154, 158, 156, 157, 141, 173, 175, 174, 238, 234, 106, 42, 43, 41, 57, 25], f=101, g=33
[00:00:05:59:600] Expansion 4900000: state [255, 223, 207, 203, 75, 73, 72, 200, 136, 168, 184, 248, 250, 122, 90, 26, 154, 155, 153, 25, 57, 41, 43, 171, 175, 174, 238, 110, 108, 124, 92, 93], f=101, g=31
[00:00:06:06:775] Expansion 5000000: state [255, 223, 207, 203, 75, 73, 72, 200, 136, 168, 184, 248, 249, 121, 57, 25, 24, 26, 90, 122, 106, 234, 238, 174, 46, 44, 108, 109, 237, 173], f=101, g=29
[00:00:06:14:067] Expansion 5100000: state [255, 223, 207, 203, 75, 73, 72, 200, 136, 168, 184, 248, 249, 217, 153, 157, 189, 173, 237, 236, 238, 174, 190], f=101, g=22
[00:00:06:21:271] Expansion 5200000: state [255, 223, 207, 203, 75, 73, 72, 200, 136, 168, 184, 188, 60, 44, 45, 41, 43, 42, 58, 26, 154, 155, 153, 217, 249, 121], f=101, g=25
[00:00:06:28:344] Expansion 5300000: state [255, 223, 207, 203, 75, 73, 72, 200, 136, 168, 184, 188, 156, 220, 92, 124, 120, 121, 249, 233, 237, 109, 45, 41, 43, 171, 175, 174, 238, 234, 250, 218, 154, 155, 153, 25], f=101, g=35
[00:00:06:35:395] Expansion 5400000: state [255, 223, 207, 203, 75, 73, 72, 200, 136, 168, 184, 188, 156, 157, 141, 173, 175, 171, 43, 42, 106, 122, 120, 121, 249], f=101, g=24
[00:00:06:42:521] Expansion 5500000: state [255, 223, 207, 203, 75, 73, 72, 200, 136, 168, 184, 188, 252, 124, 120, 122, 250, 234, 238, 174, 46, 42, 43, 41, 45, 109], f=101, g=25
[00:00:06:49:805] Expansion 5600000: state [255, 223, 207, 203, 75, 73, 72, 200, 136, 168, 184, 188, 190, 158, 154, 218, 250, 234, 106, 42, 43, 41, 45, 109, 237, 233, 249, 121, 120, 124, 92, 94], f=101, g=31
[00:00:06:57:256] Expansion 5700000: state [255, 223, 207, 203, 75, 73, 72, 200, 136, 168, 184, 188, 189, 157, 153, 155, 154, 218, 250, 234, 106, 110, 78, 94, 92, 124, 120, 121, 249, 233, 237, 236], f=101, g=31
[00:00:07:04:658] Expansion 5800000: state [255, 223, 207, 203, 75, 73, 72, 200, 136, 168, 184, 186, 58, 122, 106, 234, 238, 174, 175, 171, 43, 41, 57, 25, 153, 217, 249, 233, 237, 109, 108, 124, 92, 220], f=101, g=33
[00:00:07:13:242] Expansion 5900000: state [255, 223, 207, 203, 75, 73, 72, 200, 136, 168, 184, 186, 154, 158, 156, 220, 92, 94, 90, 122, 120, 121, 249, 233, 237, 236, 108, 110, 46, 174, 175, 171, 43, 41, 45], f=101, g=34
[00:00:07:20:471] Expansion 6000000: state [255, 223, 207, 203, 75, 73, 72, 200, 136, 168, 184, 186, 250, 218, 90, 26, 24, 25, 57, 41, 45, 173, 189, 157, 156, 220, 252, 236, 238, 110, 106, 42], f=101, g=31
[00:00:07:27:584] Expansion 6100000: state [255, 223, 207, 203, 75, 73, 72, 200, 136, 168, 184, 186, 190, 174, 238, 110, 78, 94, 92, 220, 156, 157, 189, 173, 45, 109], f=101, g=25
[00:00:07:34:889] Expansion 6200000: state [255, 223, 207, 203, 75, 73, 72, 200, 136, 168, 184, 186, 187, 171, 43, 42, 46, 110, 108, 236, 237, 233, 249, 121, 120, 122, 90, 94, 92, 220], f=101, g=29
[00:00:07:42:180] Expansion 6300000: state [255, 223, 207, 203, 75, 73, 72, 200, 136, 168, 184, 185, 57, 121, 120, 122, 58, 26, 154, 158, 156, 157, 141, 173, 237, 236, 108, 110, 78, 94, 92, 93], f=101, g=31
[00:00:07:49:427] Expansion 6400000: state [255, 223, 207, 203, 75, 73, 72, 200, 136, 168, 184, 185, 153, 155, 154, 158, 190, 174, 238, 234, 106, 122, 120, 124, 92], f=101, g=24
[00:00:07:56:651] Expansion 6500000: state [255, 223, 207, 203, 75, 73, 72, 200, 136, 168, 184, 185, 189, 173, 237, 236, 238, 110, 106, 42, 10, 26, 154, 158, 156, 220], f=101, g=25
[00:00:08:03:975] Expansion 6600000: state [255, 223, 207, 203, 75, 73, 72, 200, 136, 168, 172, 44, 108, 124, 252, 248, 250, 122, 90, 26, 24, 25, 57, 185, 187, 171], f=101, g=25
[00:00:08:11:125] Expansion 6700000: state [255, 223, 207, 203, 75, 73, 72, 200, 136, 168, 172, 44, 60, 124, 92, 94, 90, 122, 250, 248, 249, 121, 57, 41, 43, 171, 187, 155, 153, 157, 156, 158, 190], f=101, g=32
[00:00:08:18:298] Expansion 6800000: state [255, 223, 207, 203, 75, 73, 72, 200, 136, 168, 172, 44, 45, 41, 57, 56, 58, 186, 190, 158, 156, 157], f=101, g=21
[00:00:08:25:555] Expansion 6900000: state [255, 223, 207, 203, 75, 73, 72, 200, 136, 168, 172, 236, 108, 110, 78, 94, 90, 26, 24, 56, 57, 41, 43, 171, 187, 155, 153, 217], f=101, g=27
[00:00:08:32:761] Expansion 7000000: state [255, 223, 207, 203, 75, 73, 72, 200, 136, 168, 172, 236, 238, 110, 46, 42, 58, 186, 250, 218, 90, 94, 92, 220, 156, 157, 153, 25, 57, 41], f=101, g=29
[00:00:08:40:063] Expansion 7100000: state [255, 223, 207, 203, 75, 73, 72, 200, 136, 168, 172, 236, 237, 109, 45, 41, 43, 171, 187, 185, 153, 25, 24, 56, 120, 124, 92, 220, 156, 158, 142], f=101, g=30
[00:00:08:47:069] Expansion 7200000: state [255, 223, 207, 203, 75, 73, 72, 200, 136, 168, 172, 188, 156, 220, 92, 124, 108, 110, 106, 122, 90, 218, 154, 155, 187, 171, 43, 41, 57, 121, 249], f=101, g=30
[00:00:08:54:106] Expansion 7300000: state [255, 223, 207, 203, 75, 73, 72, 200, 136, 168, 172, 188, 156, 157, 153, 185, 187, 186, 58, 122, 120, 124, 92, 94, 78], f=101, g=24
[00:00:09:01:272] Expansion 7400000: state [255, 223, 207, 203, 75, 73, 72, 200, 136, 168, 172, 188, 190, 158, 154, 155, 153, 217, 249, 233, 237, 109, 108, 110, 46, 42, 43, 41, 57], f=101, g=28
[00:00:09:10:339] Expansion 7500000: state [255, 223, 207, 203, 75, 73, 72, 200, 136, 168, 172, 174, 46, 42, 106, 234, 250, 248, 120, 124, 92, 220, 156, 158, 154, 26, 24, 25, 57, 41], f=101, g=29
[00:00:09:17:605] Expansion 7600000: state [255, 223, 207, 203, 75, 73, 72, 200, 136, 168, 172, 174, 46, 110, 108, 109, 45, 41, 57, 56, 58, 122], f=101, g=21
[00:00:09:25:423] Expansion 7700000: state [255, 223, 207, 203, 75, 73, 72, 200, 136, 168, 172, 174, 142, 158, 156, 157, 153, 155, 187, 186, 250, 248, 252, 124, 60, 56], f=101, g=25
[00:00:09:32:624] Expansion 7800000: state [255, 223, 207, 203, 75, 73, 72, 200, 136, 168, 172, 174, 238, 110, 108, 109, 237, 233, 249, 248, 252, 220, 156, 158, 154, 186, 58, 42, 10], f=101, g=28
[00:00:09:39:829] Expansion 7900000: state [255, 223, 207, 203, 75, 73, 72, 200, 136, 168, 172, 174, 190, 158, 156, 220, 92, 124, 120, 121, 57, 41, 43, 42, 106, 110], f=101, g=25
[00:00:09:46:979] Expansion 8000000: state [255, 223, 207, 203, 75, 73, 72, 200, 136, 168, 172, 174, 175, 171, 43, 41, 57, 121, 249, 217, 153, 157, 156, 158, 154, 218, 90, 122, 106, 110, 108, 124, 252], f=101, g=32
[00:00:09:54:250] Expansion 8100000: state [255, 223, 207, 203, 75, 73, 72, 200, 136, 168, 172, 173, 45, 41, 57, 25, 153, 217, 249, 248, 252, 124, 108, 110, 106, 122, 90, 26, 154], f=101, g=28
[00:00:10:01:522] Expansion 8200000: state [255, 223, 207, 203, 75, 73, 72, 200, 136, 168, 172, 173, 45, 109, 108, 110, 46, 42, 10, 26, 24, 56, 57, 185, 187, 186, 190, 158, 156, 220], f=101, g=29
[00:00:10:08:736] Expansion 8300000: state [255, 223, 207, 203, 75, 73, 72, 200, 136, 168, 172, 173, 141, 157, 156, 220, 252, 248, 249, 121, 57, 41, 43, 42, 58, 186, 187, 155], f=101, g=27
[00:00:10:15:978] Expansion 8400000: state [255, 223, 207, 203, 75, 73, 72, 200, 136, 168, 172, 173, 237, 233, 249, 121, 57, 56, 24, 26, 10, 42, 43, 171, 187, 186, 190, 158, 156, 220, 92, 94, 78, 110, 238, 234], f=101, g=35
[00:00:10:23:126] Expansion 8500000: state [255, 223, 207, 203, 75, 73, 72, 200, 136, 168, 172, 173, 189, 157, 153, 155, 154, 218, 90, 122, 106, 42, 43, 41, 57, 121, 249, 248, 252], f=101, g=28
[00:00:10:30:336] Expansion 8600000: state [255, 223, 207, 203, 75, 73, 72, 200, 136, 168, 172, 173, 175, 171, 43, 42, 106, 122, 250, 248, 249, 217, 153, 25, 24, 56, 60, 124, 92, 94, 78], f=101, g=30
[00:00:10:37:599] Expansion 8700000: state [255, 223, 207, 203, 75, 73, 72, 200, 136, 168, 170, 42, 10, 26, 154, 158, 156, 220, 252, 236], f=101, g=19
[00:00:10:44:904] Expansion 8800000: state [255, 223, 207, 203, 75, 73, 72, 200, 136, 168, 170, 42, 106, 122, 120, 248, 249, 217, 153, 25, 24, 26, 154, 158, 156, 188, 189, 173, 237, 109, 108, 44, 12], f=101, g=32
[00:00:10:52:215] Expansion 8900000: state [255, 223, 207, 203, 75, 73, 72, 200, 136, 168, 170, 42, 106, 110, 108, 124, 120, 248, 250, 218, 154, 155, 153, 185, 57, 41, 45, 173, 175], f=101, g=28
[00:00:10:59:675] Expansion 9000000: state [255, 223, 207, 203, 75, 73, 72, 200, 136, 168, 170, 42, 58, 56, 120, 121, 249, 185, 153, 157, 141, 173, 45, 109, 108, 110, 78, 94, 90, 218], f=101, g=29
[00:00:11:07:355] Expansion 9100000: state [255, 223, 207, 203, 75, 73, 72, 200, 136, 168, 170, 42, 46, 44, 108, 109, 237, 173, 189, 157, 153, 25, 57, 121, 120, 248, 252, 220, 92, 94, 90, 26, 154, 158], f=101, g=33
[00:00:11:15:002] Expansion 9200000: state [255, 223, 207, 203, 75, 73, 72, 200, 136, 168, 170, 42, 46, 110, 108, 236, 237, 173, 189, 185, 153, 25, 24, 56, 120, 122, 90, 218, 154, 158, 156, 220, 92], f=101, g=32
[00:00:11:24:607] Expansion 9300000: state [255, 223, 207, 203, 75, 73, 72, 200, 136, 168, 170, 42, 43, 41, 57, 185, 249, 248, 252, 124, 108, 109, 237, 173, 141, 157], f=101, g=25
[00:00:11:32:033] Expansion 9400000: state [255, 223, 207, 203, 75, 73, 72, 200, 136, 168, 170, 234, 106, 122, 58, 56, 57, 41, 45, 44, 108, 124, 252, 220, 156, 157, 141], f=101, g=26
[00:00:11:39:336] Expansion 9500000: state [255, 223, 207, 203, 75, 73, 72, 200, 136, 168, 170, 234, 106, 110, 78, 94, 90, 26, 58, 56, 120, 248, 249, 185, 189, 157], f=101, g=25
[00:00:11:46:541] Expansion 9600000: state [255, 223, 207, 203, 75, 73, 72, 200, 136, 168, 170, 234, 250, 122, 90, 26, 24, 25, 57, 185, 249, 233, 237, 236, 108], f=101, g=24
[00:00:11:53:747] Expansion 9700000: state [255, 223, 207, 203, 75, 73, 72, 200, 136, 168, 170, 234, 250, 218, 154, 158, 190, 188, 252, 236, 237, 109, 45, 44], f=101, g=23
[00:00:12:00:963] Expansion 9800000: state [255, 223, 207, 203, 75, 73, 72, 200, 136, 168, 170, 234, 238, 110, 78, 94, 90, 26, 24, 25, 57, 185, 189, 173, 45, 44, 60, 124, 252, 220, 156, 158, 190], f=101, g=32
[00:00:12:08:186] Expansion 9900000: state [255, 223, 207, 203, 75, 73, 72, 200, 136, 168, 170, 234, 238, 236, 108, 124, 120, 248, 249, 185, 57, 25, 24, 26, 154, 158, 190, 188], f=101, g=27
[00:00:12:15:415] Expansion 10000000: state [255, 223, 207, 203, 75, 73, 72, 200, 136, 168, 170, 186, 58, 122, 106, 110, 108, 124, 60, 188, 156, 157, 141, 173, 45, 41], f=101, g=25
[00:00:12:22:772] Expansion 10100000: state [255, 223, 207, 203, 75, 73, 72, 200, 136, 168, 170, 186, 154, 158, 156, 220, 92, 124, 108, 109, 237, 173], f=101, g=21
[00:00:12:30:020] Expansion 10200000: state [255, 223, 207, 203, 75, 73, 72, 200, 136, 168, 170, 186, 250, 218, 90, 26, 24, 25, 153, 185, 189, 173, 45, 44, 46, 110, 106], f=101, g=26
[00:00:12:37:167] Expansion 10300000: state [255, 223, 207, 203, 75, 73, 72, 200, 136, 168, 170, 186, 190, 188, 252, 236, 238, 110, 106, 122, 120, 56, 57, 25, 153, 217, 249], f=101, g=26
[00:00:12:44:517] Expansion 10400000: state [255, 223, 207, 203, 75, 73, 72, 200, 136, 168, 170, 174, 46, 44, 108, 109, 237, 233, 249, 185, 153, 25, 24, 56, 58, 122, 250], f=101, g=26
[00:00:12:51:862] Expansion 10500000: state [255, 223, 207, 203, 75, 73, 72, 200, 136, 168, 170, 174, 46, 110, 78, 94, 92, 124, 252, 248, 249, 121, 57, 41, 45, 173, 237], f=101, g=26
[00:00:12:59:255] Expansion 10600000: state [255, 223, 207, 203, 75, 73, 72, 200, 136, 168, 170, 174, 142, 158, 154, 26, 24, 25, 57, 121, 249, 248, 252, 188, 189, 173, 237, 109, 108, 110], f=101, g=29
[00:00:13:06:728] Expansion 10700000: state [255, 223, 207, 203, 75, 73, 72, 200, 136, 168, 170, 174, 142, 158, 156, 188, 60, 56, 24, 26, 90, 94, 78, 110, 108, 109, 45, 41], f=101, g=27
[00:00:13:13:880] Expansion 10800000: state [255, 223, 207, 203, 75, 73, 72, 200, 136, 168, 170, 174, 238, 110, 106, 122, 90, 218, 154, 155, 153, 217, 249, 233, 237, 173, 45, 41, 57], f=101, g=28
[00:00:13:21:213] Expansion 10900000: state [255, 223, 207, 203, 75, 73, 72, 200, 136, 168, 170, 174, 238, 236, 108, 109, 45, 41, 57, 56, 60, 188, 156, 158, 154, 26, 90, 122, 250, 248, 249], f=101, g=30
[00:00:13:28:599] Expansion 11000000: state [255, 223, 207, 203, 75, 73, 72, 200, 136, 168, 170, 174, 190, 158, 154, 218, 250, 248, 120, 121, 57, 185, 189, 173, 237, 236, 108, 44, 60], f=101, g=28
[00:00:13:35:747] Expansion 11100000: state [255, 223, 207, 203, 75, 73, 72, 200, 136, 168, 170, 174, 190, 188, 156, 157, 141, 173, 237, 109, 108, 110, 106, 122, 90, 26, 154, 155, 187, 185, 57, 56], f=101, g=31
[00:00:13:43:123] Expansion 11200000: state [255, 223, 207, 203, 75, 73, 72, 200, 136, 168, 170, 174, 175, 173, 45, 109, 108, 110, 106, 122, 90, 218, 154, 158, 156, 188, 60, 56, 24, 25, 153], f=101, g=30
[00:00:13:50:469] Expansion 11300000: state [255, 223, 207, 203, 75, 73, 72, 200, 136, 168, 170, 171, 43, 41, 57, 25, 24, 26, 154, 158, 190, 188, 60, 44, 46], f=101, g=24
[00:00:13:57:833] Expansion 11400000: state [255, 223, 207, 203, 75, 73, 72, 200, 136, 168, 170, 171, 43, 41, 57, 121, 249, 248, 250, 122, 90, 26, 154, 158, 156, 157, 189, 173, 237, 236, 238, 110, 46, 44, 12], f=101, g=34
[00:00:14:05:164] Expansion 11500000: state [255, 223, 207, 203, 75, 73, 72, 200, 136, 168, 170, 171, 43, 41, 45, 109, 108, 124, 252, 220, 156, 157, 153, 25, 24, 56, 58, 122, 90, 218, 154], f=101, g=30
[00:00:14:12:436] Expansion 11600000: state [255, 223, 207, 203, 75, 73, 72, 200, 136, 168, 170, 171, 187, 155, 153, 157, 189, 188, 252, 124, 108, 110, 78, 94, 90, 26], f=101, g=25
[00:00:14:19:713] Expansion 11700000: state [255, 223, 207, 203, 75, 73, 72, 200, 136, 168, 170, 171, 187, 185, 153, 25, 24, 56, 120, 122, 90, 94, 78, 110, 108, 236, 237, 233], f=101, g=27
[00:00:14:29:837] Expansion 11800000: state [255, 223, 207, 203, 75, 73, 72, 200, 136, 168, 170, 171, 175, 173, 45, 44, 60, 188, 252, 236, 238, 110, 106, 122, 90, 218, 154, 155, 153, 185, 249, 121], f=101, g=31
[00:00:14:37:079] Expansion 11900000: state [255, 223, 207, 203, 75, 73, 72, 200, 136, 168, 170, 171, 175, 173, 237, 233, 249, 217, 153, 157, 156, 158, 154, 26, 24, 56, 60, 44, 108, 110, 106], f=101, g=30
[00:00:14:44:257] Expansion 12000000: state [255, 223, 207, 203, 75, 73, 72, 200, 136, 168, 169, 41, 57, 25, 24, 26, 58, 122, 250, 248, 252, 188, 156, 158, 142, 174, 46, 110, 108, 109, 237], f=101, g=30
[00:00:14:51:584] Expansion 12100000: state [255, 223, 207, 203, 75, 73, 72, 200, 136, 168, 169, 41, 57, 56, 120, 248, 249, 217, 153, 155, 154, 158, 190, 174, 238, 110, 108], f=101, g=26
[00:00:14:58:860] Expansion 12200000: state [255, 223, 207, 203, 75, 73, 72, 200, 136, 168, 169, 41, 57, 121, 249, 217, 153, 157, 156, 158, 142, 174, 238, 110, 108], f=101, g=24
[00:00:15:06:213] Expansion 12300000: state [255, 223, 207, 203, 75, 73, 72, 200, 136, 168, 169, 41, 45, 44, 60, 56, 120, 248, 250, 234, 106, 42, 10, 26, 154, 158, 156, 220], f=101, g=27
[00:00:15:13:499] Expansion 12400000: state [255, 223, 207, 203, 75, 73, 72, 200, 136, 168, 169, 41, 45, 109, 108, 124, 60, 56, 24, 26, 154, 158, 190, 174, 46, 42, 106, 234, 250], f=101, g=28
[00:00:15:20:767] Expansion 12500000: state [255, 223, 207, 203, 75, 73, 72, 200, 136, 168, 169, 41, 45, 109, 237, 236, 238, 174, 46, 42, 58, 122, 250, 218, 154, 155, 153, 157, 156, 188], f=101, g=29
[00:00:15:28:080] Expansion 12600000: state [255, 223, 207, 203, 75, 73, 72, 200, 136, 168, 169, 41, 43, 42, 58, 186, 187, 155, 153, 217, 249, 121, 120, 124, 108], f=101, g=24
[00:00:15:35:353] Expansion 12700000: state [255, 223, 207, 203, 75, 73, 72, 200, 136, 168, 169, 233, 249, 121, 57, 25, 153, 155, 187, 186, 58, 122, 106, 110, 46, 44, 60, 124, 92, 220, 156, 158, 142], f=101, g=32
[00:00:15:42:584] Expansion 12800000: state [255, 223, 207, 203, 75, 73, 72, 200, 136, 168, 169, 233, 249, 217, 153, 25, 24, 56, 60, 124, 252, 236, 238, 174, 190, 158, 154], f=101, g=26
[00:00:15:49:940] Expansion 12900000: state [255, 223, 207, 203, 75, 73, 72, 200, 136, 168, 169, 233, 249, 217, 153, 155, 154, 158, 190, 188, 60, 56, 58, 42, 46, 110, 108, 236], f=101, g=27
[00:00:15:57:064] Expansion 13000000: state [255, 223, 207, 203, 75, 73, 72, 200, 136, 168, 169, 233, 237, 109, 45, 44, 60, 56, 120, 248, 250, 218, 154, 26, 10, 42, 106, 110, 78, 94, 92, 220, 156, 157, 153, 25], f=101, g=35
[00:00:16:04:248] Expansion 13100000: state [255, 223, 207, 203, 75, 73, 72, 200, 136, 168, 169, 233, 237, 109, 108, 124, 252, 220, 156, 158, 154, 26, 90, 122, 106, 42, 46], f=101, g=26
[00:00:16:11:458] Expansion 13200000: state [255, 223, 207, 203, 75, 73, 72, 200, 136, 168, 169, 233, 237, 236, 252, 248, 120, 122, 90, 26, 154], f=101, g=20
[00:00:16:18:623] Expansion 13300000: state [255, 223, 207, 203, 75, 73, 72, 200, 136, 168, 169, 185, 57, 56, 60, 188, 252, 236, 238, 110, 106, 42, 10, 26, 90], f=101, g=24
[00:00:16:25:818] Expansion 13400000: state [255, 223, 207, 203, 75, 73, 72, 200, 136, 168, 169, 185, 153, 157, 156, 188, 252, 236, 238, 110, 78, 94, 90, 122, 250, 186, 154], f=101, g=26
[00:00:16:33:138] Expansion 13500000: state [255, 223, 207, 203, 75, 73, 72, 200, 136, 168, 169, 185, 249, 248, 252, 236, 108, 44, 60, 56, 58, 26, 90, 94, 78], f=101, g=24
[00:00:16:40:432] Expansion 13600000: state [255, 223, 207, 203, 75, 73, 72, 200, 136, 168, 169, 185, 187, 155, 154, 158, 142, 174, 238, 110, 106, 122, 250, 248, 252, 188, 60, 44, 45, 109], f=101, g=29
[00:00:16:47:762] Expansion 13700000: state [255, 223, 207, 203, 75, 73, 72, 200, 136, 168, 169, 173, 45, 44, 60, 56, 120, 122, 106, 110, 238, 174, 190, 186, 154, 155, 153, 25], f=101, g=27
[00:00:16:55:001] Expansion 13800000: state [255, 223, 207, 203, 75, 73, 72, 200, 136, 168, 169, 173, 45, 44, 46, 110, 238, 236, 252, 220, 92, 94, 90, 122, 120, 121, 249, 217, 153, 155, 187], f=101, g=30
[00:00:17:02:312] Expansion 13900000: state [255, 223, 207, 203, 75, 73, 72, 200, 136, 168, 169, 173, 45, 109, 108, 110, 238, 174, 190, 186, 154, 155, 153, 25, 57, 56, 120, 248, 249], f=101, g=28
[00:00:17:09:657] Expansion 14000000: state [255, 223, 207, 203, 75, 73, 72, 200, 136, 168, 169, 173, 141, 157, 153, 155, 154, 26, 58, 56, 120, 124, 252, 236, 238, 174, 190], f=101, g=26
[00:00:17:16:825] Expansion 14100000: state [255, 223, 207, 203, 75, 73, 72, 200, 136, 168, 169, 173, 237, 109, 108, 44, 60, 188, 252, 248, 120, 122, 58, 26, 154, 158, 142, 174], f=101, g=27
[00:00:17:24:070] Expansion 14200000: state [255, 223, 207, 203, 75, 73, 72, 200, 136, 168, 169, 173, 237, 236, 108, 44, 60, 56, 57, 121, 249, 217, 153, 155, 154, 26, 90, 122], f=101, g=27
[00:00:17:31:260] Expansion 14300000: state [255, 223, 207, 203, 75, 73, 72, 200, 136, 168, 169, 173, 237, 236, 238, 110, 46, 44, 60, 188, 156, 220, 92, 94, 90, 26, 154, 186, 250, 248], f=101, g=29
[00:00:17:38:491] Expansion 14400000: state [255, 223, 207, 203, 75, 73, 72, 200, 136, 168, 169, 173, 189, 157, 153, 217, 249, 121, 120, 124, 92, 94, 90, 218, 154, 158, 142, 174, 46, 42], f=101, g=29
[00:00:17:45:670] Expansion 14500000: state [255, 223, 207, 203, 75, 73, 72, 200, 136, 168, 169, 173, 189, 188, 60, 124, 120, 248, 250, 186, 58, 26, 90, 94, 78, 110, 106], f=101, g=26
[00:00:17:52:941] Expansion 14600000: state [255, 223, 207, 203, 75, 73, 72, 200, 136, 168, 169, 173, 175, 174, 46, 110, 78, 94, 90, 26, 154, 186, 250, 248], f=101, g=23
[00:00:18:00:292] Expansion 14700000: state [255, 223, 207, 203, 75, 73, 72, 200, 136, 168, 169, 173, 175, 174, 238, 236, 108, 124, 120, 248, 250, 218, 154, 158, 156, 157], f=101, g=25
[00:00:18:08:019] Expansion 14800000: state [255, 223, 207, 203, 75, 73, 72, 200, 136, 168, 169, 171, 43, 42, 106, 234, 238, 174, 142, 158, 154, 218, 90, 94, 92, 124, 252, 248, 249], f=101, g=28
[00:00:18:15:366] Expansion 14900000: state [255, 223, 207, 203, 75, 73, 72, 200, 136, 168, 169, 171, 43, 42, 58, 122, 250, 248, 249, 121, 57, 25, 153, 155, 154, 158, 142, 174, 238, 236, 237, 109, 45, 44, 60, 124, 92, 94, 78], f=101, g=38
[00:00:18:22:689] Expansion 15000000: state [255, 223, 207, 203, 75, 73, 72, 200, 136, 168, 169, 171, 187, 155, 153, 25, 57, 121, 120, 248, 252, 220, 156, 158, 190, 174, 238, 234, 106, 42, 10], f=101, g=30
[00:00:18:30:019] Expansion 15100000: state [255, 223, 207, 203, 75, 73, 72, 200, 136, 168, 169, 171, 187, 155, 154, 158, 142, 174, 238, 110, 78, 94, 92, 124, 252, 248, 249, 121, 57, 56, 58, 42, 10], f=101, g=32
[00:00:18:37:330] Expansion 15200000: state [255, 223, 207, 203, 75, 73, 72, 200, 136, 168, 169, 171, 187, 186, 190, 158, 156, 220, 92, 94, 90, 26, 10, 42, 46, 44, 60, 56, 57, 25, 153, 217, 249, 248], f=101, g=33
[00:00:18:49:026] Expansion 15300000: state [255, 223, 207, 203, 75, 73, 72, 200, 136, 168, 169, 171, 175, 174, 142, 158, 154, 218, 250, 234, 106, 42, 58, 56, 120, 124, 252, 236], f=101, g=27
[00:00:18:56:435] Expansion 15400000: state [255, 223, 207, 203, 75, 73, 72, 200, 136, 168, 169, 171, 175, 174, 190, 158, 154, 155, 153, 217, 249, 248, 250, 122, 90, 94, 92, 124, 60, 44, 45], f=101, g=30
[00:00:19:03:810] Expansion 15500000: state [255, 223, 207, 203, 75, 73, 72, 200, 136, 152, 24, 56, 40, 42, 106, 234, 238, 174, 190, 188, 189, 185, 249, 248], f=101, g=23
[00:00:19:11:051] Expansion 15600000: state [255, 223, 207, 203, 75, 73, 72, 200, 136, 152, 24, 56, 120, 248, 252, 188, 189, 185, 187, 171, 43, 42, 106, 110, 108, 109], f=101, g=25
[00:00:19:18:297] Expansion 15700000: state [255, 223, 207, 203, 75, 73, 72, 200, 136, 152, 24, 56, 120, 122, 106, 110, 46, 174, 190, 186, 187, 171, 43, 41, 45, 173, 141], f=101, g=26
[00:00:19:25:506] Expansion 15800000: state [255, 223, 207, 203, 75, 73, 72, 200, 136, 152, 24, 56, 60, 44, 45, 173, 175, 171, 187, 186, 250, 218, 90, 94, 78, 110, 238, 236], f=101, g=27
[00:00:19:32:656] Expansion 15900000: state [255, 223, 207, 203, 75, 73, 72, 200, 136, 152, 24, 56, 58, 42, 170, 174, 172, 173, 169, 185, 249, 248, 250, 218, 90, 94, 92, 124, 108], f=101, g=28
[00:00:19:41:960] Expansion 16000000: state [255, 223, 207, 203, 75, 73, 72, 200, 136, 152, 24, 56, 58, 122, 250, 234, 170, 174, 172, 188, 252, 124, 108, 109, 45], f=101, g=24
[00:00:19:49:070] Expansion 16100000: state [255, 223, 207, 203, 75, 73, 72, 200, 136, 152, 24, 56, 57, 185, 169, 173, 237, 236, 252, 188, 190, 174, 170, 42, 106, 110, 78, 94, 90, 218], f=101, g=29
[00:00:19:56:146] Expansion 16200000: state [255, 223, 207, 203, 75, 73, 72, 200, 136, 152, 24, 56, 57, 121, 249, 248, 252, 220, 92, 94, 90, 122, 106, 110, 108, 109, 45, 173, 172, 174, 170, 186], f=101, g=31
[00:00:20:03:272] Expansion 16300000: state [255, 223, 207, 203, 75, 73, 72, 200, 136, 152, 24, 26, 10, 42, 106, 234, 250, 186, 187, 185, 249, 121, 120, 124, 252, 188, 172], f=101, g=26
[00:00:20:10:413] Expansion 16400000: state [255, 223, 207, 203, 75, 73, 72, 200, 136, 152, 24, 26, 10, 42, 43, 41, 57, 185, 189, 173, 175, 174, 238, 234, 250, 122], f=101, g=25
[00:00:20:17:605] Expansion 16500000: state [255, 223, 207, 203, 75, 73, 72, 200, 136, 152, 24, 26, 90, 218, 250, 234, 106, 110, 108, 44, 40, 41, 57, 121, 249, 233], f=101, g=25
[00:00:20:24:784] Expansion 16600000: state [255, 223, 207, 203, 75, 73, 72, 200, 136, 152, 24, 26, 90, 122, 106, 42, 43, 41, 169, 173, 172, 44, 108, 124, 92, 93], f=101, g=25
[00:00:20:31:897] Expansion 16700000: state [255, 223, 207, 203, 75, 73, 72, 200, 136, 152, 24, 26, 90, 122, 120, 121, 57, 41, 43, 171, 170, 234, 238, 110, 108, 109, 237, 173, 189, 188, 252], f=101, g=30
[00:00:20:39:000] Expansion 16800000: state [255, 223, 207, 203, 75, 73, 72, 200, 136, 152, 24, 26, 90, 94, 78, 110, 46, 42, 43, 41, 169, 173, 172, 188, 252, 248, 250, 186], f=101, g=27
[00:00:20:46:148] Expansion 16900000: state [255, 223, 207, 203, 75, 73, 72, 200, 136, 152, 24, 26, 90, 94, 78, 110, 238, 236, 172, 188, 189, 185, 57, 41, 43, 171, 175], f=101, g=26
[00:00:20:53:254] Expansion 17000000: state [255, 223, 207, 203, 75, 73, 72, 200, 136, 152, 24, 26, 90, 94, 92, 124, 108, 110, 46, 174, 170, 234, 250, 248, 249, 185, 169, 173, 141, 157], f=101, g=29
[00:00:21:00:358] Expansion 17100000: state [255, 223, 207, 203, 75, 73, 72, 200, 136, 152, 24, 26, 58, 42, 170, 234, 238, 110, 108, 109, 45, 173, 189, 188, 252, 248, 120, 121, 57], f=101, g=28
[00:00:21:07:529] Expansion 17200000: state [255, 223, 207, 203, 75, 73, 72, 200, 136, 152, 24, 26, 58, 186, 170, 174, 238, 110, 108, 124, 252, 188, 189, 185, 57, 41, 45], f=101, g=26
[00:00:21:14:780] Expansion 17300000: state [255, 223, 207, 203, 75, 73, 72, 200, 136, 152, 24, 26, 58, 122, 106, 110, 46, 174, 190, 188, 189, 185, 169, 41, 45], f=101, g=24
[00:00:21:21:955] Expansion 17400000: state [255, 223, 207, 203, 75, 73, 72, 200, 136, 152, 24, 25, 57, 41, 40, 44, 108, 124, 92, 94, 90, 122, 250, 234, 238, 174, 142, 158], f=101, g=27
[00:00:21:29:193] Expansion 17500000: state [255, 223, 207, 203, 75, 73, 72, 200, 136, 152, 24, 25, 57, 41, 169, 171, 187, 186, 250, 248, 120, 124, 60, 44, 172, 174, 238, 110, 78], f=101, g=28
[00:00:21:36:395] Expansion 17600000: state [255, 223, 207, 203, 75, 73, 72, 200, 136, 152, 24, 25, 57, 41, 43, 171, 187, 186, 58, 122, 120, 248, 249, 233, 237, 173, 172, 44, 12], f=101, g=28
[00:00:21:43:555] Expansion 17700000: state [255, 223, 207, 203, 75, 73, 72, 200, 136, 152, 24, 25, 57, 185, 249, 233, 237, 173, 45, 44, 108, 124, 120, 122, 250, 186, 190, 174, 142], f=101, g=28
[00:00:21:50:667] Expansion 17800000: state [255, 223, 207, 203, 75, 73, 72, 200, 136, 152, 24, 25, 57, 185, 187, 171, 170, 42, 58, 122, 90, 94, 78, 110, 108, 236, 252, 248], f=101, g=27
[00:00:21:57:761] Expansion 17900000: state [255, 223, 207, 203, 75, 73, 72, 200, 136, 152, 24, 25, 57, 121, 120, 122, 90, 94, 92, 220, 252, 236, 238, 174, 175, 171, 43, 42], f=101, g=27
[00:00:22:04:834] Expansion 18000000: state [255, 223, 207, 203, 75, 73, 72, 200, 136, 152, 24, 25, 57, 121, 249, 248, 252, 188, 172, 174, 175, 171, 43, 42, 106, 110, 108, 109, 45], f=101, g=28
[00:00:22:12:359] Expansion 18100000: state [255, 223, 207, 203, 75, 73, 72, 200, 136, 152, 184, 56, 60, 124, 108, 109, 237, 173, 172, 174, 238, 234, 106, 42, 10, 26, 90, 94, 78], f=101, g=28
[00:00:22:19:982] Expansion 18200000: state [255, 223, 207, 203, 75, 73, 72, 200, 136, 152, 184, 248, 252, 220, 92, 94, 90, 122, 58, 42, 40, 41, 169, 173, 237, 109, 108], f=101, g=26
[00:00:22:27:425] Expansion 18300000: state [255, 223, 207, 203, 75, 73, 72, 200, 136, 152, 184, 188, 60, 124, 92, 94, 90, 122, 106, 110, 238, 174, 175, 173, 237, 233, 249], f=101, g=26
[00:00:22:34:715] Expansion 18400000: state [255, 223, 207, 203, 75, 73, 72, 200, 136, 152, 184, 188, 190, 174, 170, 42, 40, 41, 57, 121, 249, 233, 237, 236, 108, 110, 78, 94], f=101, g=27
[00:00:22:42:243] Expansion 18500000: state [255, 223, 207, 203, 75, 73, 72, 200, 136, 152, 184, 186, 250, 122, 90, 26, 10, 42, 43, 41, 169, 173, 172, 236, 108, 109], f=101, g=25
[00:00:22:49:701] Expansion 18600000: state [255, 223, 207, 203, 75, 73, 72, 200, 136, 152, 184, 185, 57, 41, 40, 42, 10, 26, 90, 94, 92, 124, 108, 109, 237, 173], f=101, g=25
[00:00:22:57:205] Expansion 18700000: state [255, 223, 207, 203, 75, 73, 72, 200, 136, 152, 184, 185, 249, 233, 237, 173, 175, 171, 43, 41, 40, 44, 60, 124, 120, 122, 90, 94, 78, 110, 238, 234], f=101, g=31
[00:00:23:04:543] Expansion 18800000: state [255, 223, 207, 203, 75, 73, 72, 200, 136, 152, 156, 220, 92, 124, 60, 56, 57, 41, 169, 173, 237, 236, 238, 234, 170, 42, 10, 26, 90, 218], f=101, g=29
[00:00:23:11:706] Expansion 18900000: state [255, 223, 207, 203, 75, 73, 72, 200, 136, 152, 156, 220, 92, 124, 120, 56, 40, 44, 46, 110, 106, 234, 170, 171, 175, 173, 189, 185, 249, 233], f=101, g=29
[00:00:23:18:828] Expansion 19000000: state [255, 223, 207, 203, 75, 73, 72, 200, 136, 152, 156, 220, 92, 94, 78, 110, 46, 44, 45, 109, 237, 233, 249, 248, 120, 56, 58, 186, 170, 171, 175], f=101, g=30
[00:00:23:26:043] Expansion 19100000: state [255, 223, 207, 203, 75, 73, 72, 200, 136, 152, 156, 220, 92, 94, 78, 110, 238, 236, 172, 44, 60, 56, 58, 186, 250, 248, 249, 233, 169], f=101, g=28
[00:00:23:33:515] Expansion 19200000: state [255, 223, 207, 203, 75, 73, 72, 200, 136, 152, 156, 220, 92, 94, 90, 26, 58, 186, 187, 185, 169, 173, 172, 44, 108, 110, 106], f=101, g=26
[00:00:23:40:906] Expansion 19300000: state [255, 223, 207, 203, 75, 73, 72, 200, 136, 152, 156, 220, 92, 94, 90, 122, 106, 42, 170, 174, 172, 236, 237, 109], f=101, g=23
[00:00:23:48:146] Expansion 19400000: state [255, 223, 207, 203, 75, 73, 72, 200, 136, 152, 156, 220, 252, 124, 60, 56, 40, 42, 46, 174, 190, 186, 187, 185, 169], f=101, g=24
[00:00:23:55:318] Expansion 19500000: state [255, 223, 207, 203, 75, 73, 72, 200, 136, 152, 156, 220, 252, 124, 120, 122, 250, 186, 170, 174, 46], f=101, g=20
[00:00:24:02:438] Expansion 19600000: state [255, 223, 207, 203, 75, 73, 72, 200, 136, 152, 156, 220, 252, 236, 238, 110, 106, 42, 10, 26, 90, 218, 250, 186, 187, 185, 169, 41, 45, 44, 60, 56, 120], f=101, g=32
[00:00:24:09:477] Expansion 19700000: state [255, 223, 207, 203, 75, 73, 72, 200, 136, 152, 156, 220, 252, 248, 120, 121, 57, 185, 169, 173], f=101, g=19
[00:00:24:16:445] Expansion 19800000: state [255, 223, 207, 203, 75, 73, 72, 200, 136, 152, 156, 220, 252, 248, 249, 233, 237, 109, 108, 110, 238, 234, 170, 171, 43, 41, 40, 56, 58, 122, 90, 94], f=101, g=31
[00:00:24:23:490] Expansion 19900000: state [255, 223, 207, 203, 75, 73, 72, 200, 136, 152, 156, 188, 60, 56, 120, 122, 90, 94, 78, 110, 108, 236, 237, 173, 175, 174, 170], f=101, g=26
[00:00:24:30:565] Expansion 20000000: state [255, 223, 207, 203, 75, 73, 72, 200, 136, 152, 156, 188, 60, 124, 108, 109, 45, 173, 175, 174, 46, 42, 58, 186, 250], f=101, g=24
[00:00:24:37:669] Expansion 20100000: state [255, 223, 207, 203, 75, 73, 72, 200, 136, 152, 156, 188, 172, 236, 238, 110, 106, 42, 40, 56, 57, 185, 249, 248, 250, 218, 90, 94], f=101, g=27
[00:00:24:44:786] Expansion 20200000: state [255, 223, 207, 203, 75, 73, 72, 200, 136, 152, 156, 188, 172, 173, 169, 185, 249, 121, 120, 56, 58, 26, 90, 218, 250, 234, 238, 110, 46], f=101, g=28
[00:00:24:51:962] Expansion 20300000: state [255, 223, 207, 203, 75, 73, 72, 200, 136, 152, 156, 188, 252, 124, 120, 122, 58, 42, 40, 41, 45, 173, 175, 171, 187], f=101, g=24
[00:00:24:59:050] Expansion 20400000: state [255, 223, 207, 203, 75, 73, 72, 200, 136, 152, 156, 188, 252, 248, 120, 56, 57, 41, 45, 173, 175, 171, 170, 234, 238, 110, 78, 94, 92], f=101, g=28
[00:00:25:06:113] Expansion 20500000: state [255, 223, 207, 203, 75, 73, 72, 200, 136, 152, 156, 188, 190, 174, 170, 234, 106, 110, 108, 44, 40, 41, 169, 233], f=101, g=23
[00:00:25:13:221] Expansion 20600000: state [255, 223, 207, 203, 75, 73, 72, 200, 136, 152, 156, 188, 190, 186, 170, 42, 40, 41, 169, 233, 249, 248, 120, 122, 90, 94, 78, 110, 238, 236], f=101, g=29
[00:00:25:20:327] Expansion 20700000: state [255, 223, 207, 203, 75, 73, 72, 200, 136, 152, 156, 188, 189, 173, 169, 41, 57, 121, 120, 122, 90, 26, 10, 42, 46, 110, 78], f=101, g=26
[00:00:25:27:437] Expansion 20800000: state [255, 223, 207, 203, 75, 73, 72, 200, 136, 152, 156, 188, 189, 185, 169, 171, 43, 42, 46, 110, 238, 234, 250, 122, 90, 94, 92, 124], f=101, g=27
[00:00:25:34:582] Expansion 20900000: state [255, 223, 207, 203, 75, 73, 72, 200, 136, 152, 156, 158, 142, 174, 46, 110, 108, 236, 252, 248, 120], f=101, g=20
[00:00:25:41:804] Expansion 21000000: state [255, 223, 207, 203, 75, 73, 72, 200, 136, 152, 156, 158, 142, 174, 170, 171, 187, 185, 189, 173, 45, 44, 108, 110, 106], f=101, g=24
[00:00:25:48:973] Expansion 21100000: state [255, 223, 207, 203, 75, 73, 72, 200, 136, 152, 156, 158, 142, 174, 238, 110, 106, 42, 58, 26, 90, 94, 92, 124, 120, 248, 250], f=101, g=26
[00:00:25:56:151] Expansion 21200000: state [255, 223, 207, 203, 75, 73, 72, 200, 136, 152, 156, 158, 142, 174, 175, 171, 43, 41, 57, 121, 249, 233, 237, 236, 108, 110, 78, 94, 90, 122, 250], f=101, g=30
[00:00:26:03:247] Expansion 21300000: state [255, 223, 207, 203, 75, 73, 72, 200, 136, 152, 156, 158, 190, 174, 46, 42, 43, 41, 57, 185, 189, 173, 237, 236, 252, 248, 250, 218, 90, 94, 78], f=101, g=30
[00:00:26:10:314] Expansion 21400000: state [255, 223, 207, 203, 75, 73, 72, 200, 136, 152, 156, 158, 190, 174, 172, 44, 108, 124, 252, 248, 249, 185, 187, 171, 43, 42, 10, 26, 90, 218], f=101, g=29
[00:00:26:17:355] Expansion 21500000: state [255, 223, 207, 203, 75, 73, 72, 200, 136, 152, 156, 158, 190, 174, 238, 234, 250, 248, 249, 185, 189, 173, 237, 109, 108, 44, 40, 42, 10, 26, 90, 94, 78], f=101, g=32
[00:00:26:24:431] Expansion 21600000: state [255, 223, 207, 203, 75, 73, 72, 200, 136, 152, 156, 158, 190, 186, 58, 42, 106, 234, 238, 236, 172, 44, 45, 41, 57, 185, 249, 248, 120, 124, 92, 94, 78], f=101, g=32
[00:00:26:31:678] Expansion 21700000: state [255, 223, 207, 203, 75, 73, 72, 200, 136, 152, 156, 158, 190, 186, 250, 122, 90, 26, 10, 42, 46, 44, 60, 56, 57, 185, 189, 173], f=101, g=27
[00:00:26:38:837] Expansion 21800000: state [255, 223, 207, 203, 75, 73, 72, 200, 136, 152, 156, 158, 190, 186, 187, 171, 43, 42, 106, 122, 90, 94, 92, 124, 108, 236, 237, 233, 249, 217], f=101, g=29
[00:00:26:46:030] Expansion 21900000: state [255, 223, 207, 203, 75, 73, 72, 200, 136, 152, 156, 157, 141, 173, 45, 44, 108, 110, 78, 94, 90, 26, 10, 42, 43, 171, 187, 186, 250, 248, 249, 121, 57, 25], f=101, g=33
[00:00:26:53:249] Expansion 22000000: state [255, 223, 207, 203, 75, 73, 72, 200, 136, 152, 156, 157, 141, 173, 169, 185, 187, 186, 250, 234, 238, 236, 108, 124, 120, 56, 40, 42, 10, 26, 90, 94, 78], f=101, g=32
[00:00:27:00:410] Expansion 22100000: state [255, 223, 207, 203, 75, 73, 72, 200, 136, 152, 156, 157, 141, 173, 237, 109, 108, 124, 92, 94, 90, 122, 250, 248, 249, 121, 57, 41, 40, 42, 46, 174, 238], f=101, g=32
[00:00:27:07:431] Expansion 22200000: state [255, 223, 207, 203, 75, 73, 72, 200, 136, 152, 156, 157, 141, 173, 175, 171, 43, 41, 40, 56, 58, 186, 250, 234, 238, 236, 252], f=101, g=26
[00:00:27:14:533] Expansion 22300000: state [255, 223, 207, 203, 75, 73, 72, 200, 136, 152, 156, 157, 189, 173, 45, 44, 46, 174, 170, 186, 58, 56, 57, 121, 249, 233], f=101, g=25
[00:00:27:21:685] Expansion 22400000: state [255, 223, 207, 203, 75, 73, 72, 200, 136, 152, 156, 157, 189, 173, 172, 174, 170, 171, 43, 41, 40, 56, 60, 124, 108, 110, 78, 94], f=101, g=27
[00:00:27:28:773] Expansion 22500000: state [255, 223, 207, 203, 75, 73, 72, 200, 136, 152, 156, 157, 189, 173, 175, 174, 238, 110, 78, 94, 90, 122, 58, 56, 57, 121, 249], f=101, g=26
[00:00:27:35:928] Expansion 22600000: state [255, 223, 207, 203, 75, 73, 72, 200, 136, 152, 156, 157, 189, 185, 169, 233, 237, 109, 45, 44, 40, 42, 106, 110, 78, 94, 92, 124, 252, 248, 250, 186], f=101, g=31
[00:00:27:43:037] Expansion 22700000: state [255, 223, 207, 203, 75, 73, 72, 200, 136, 152, 156, 157, 189, 185, 249, 248, 252, 124, 92, 94, 90, 122, 58, 56, 40, 41, 43, 171], f=101, g=27
[00:00:27:50:262] Expansion 22800000: state [255, 223, 207, 203, 75, 73, 72, 200, 136, 152, 154, 26, 10, 42, 170, 234, 250, 122, 120, 121, 57, 185, 169, 233, 237, 236, 172, 44, 45], f=101, g=28
[00:00:27:57:896] Expansion 22900000: state [255, 223, 207, 203, 75, 73, 72, 200, 136, 152, 154, 26, 10, 42, 46, 174, 175, 173, 169, 233, 249, 121, 120, 56, 60, 188, 252, 220, 92, 94], f=101, g=29
[00:00:28:05:536] Expansion 23000000: state [255, 223, 207, 203, 75, 73, 72, 200, 136, 152, 154, 26, 90, 122, 106, 110, 108, 44, 40, 41, 57, 185, 189, 188, 190, 174, 142], f=101, g=26
[00:00:28:13:043] Expansion 23100000: state [255, 223, 207, 203, 75, 73, 72, 200, 136, 152, 154, 26, 90, 122, 250, 234, 238, 110, 108, 44, 40, 42, 43, 171, 175, 173, 189, 185, 57, 121], f=101, g=29
[00:00:28:20:523] Expansion 23200000: state [255, 223, 207, 203, 75, 73, 72, 200, 136, 152, 154, 26, 90, 94, 78, 110, 106, 234, 250, 248, 249, 185, 189, 173, 175, 171, 43, 41, 40, 44, 60], f=101, g=30
[00:00:28:27:864] Expansion 23300000: state [255, 223, 207, 203, 75, 73, 72, 200, 136, 152, 154, 26, 90, 94, 92, 220, 252, 248, 250, 234, 170, 42, 43, 41, 57, 56, 60, 44, 172, 173, 141, 157], f=101, g=31
[00:00:28:35:081] Expansion 23400000: state [255, 223, 207, 203, 75, 73, 72, 200, 136, 152, 154, 26, 58, 42, 40, 44, 45, 173, 237, 236, 238, 110], f=101, g=21
[00:00:28:42:670] Expansion 23500000: state [255, 223, 207, 203, 75, 73, 72, 200, 136, 152, 154, 26, 58, 56, 40, 41, 169, 185, 249, 248, 252, 236, 172, 174, 46, 110, 78, 94, 92, 93], f=101, g=29
[00:00:28:50:481] Expansion 23600000: state [255, 223, 207, 203, 75, 73, 72, 200, 136, 152, 154, 26, 58, 122, 106, 110, 78, 94, 92, 220, 252, 236, 172, 173, 189, 185, 187, 171, 43, 41, 40], f=101, g=30
[00:00:28:58:392] Expansion 23700000: state [255, 223, 207, 203, 75, 73, 72, 200, 136, 152, 154, 218, 90, 122, 58, 42, 170, 171, 169, 173, 237, 109, 108, 110], f=101, g=23
[00:00:29:06:492] Expansion 23800000: state [255, 223, 207, 203, 75, 73, 72, 200, 136, 152, 154, 218, 90, 122, 106, 110, 238, 174, 190, 188, 60, 56, 40, 41, 43, 171], f=101, g=25
[00:00:29:14:302] Expansion 23900000: state [255, 223, 207, 203, 75, 73, 72, 200, 136, 152, 154, 218, 90, 94, 78, 110, 106, 42, 170, 174, 172, 44, 45, 41, 57, 121, 249, 248, 252, 124], f=101, g=29
[00:00:29:21:743] Expansion 24000000: state [255, 223, 207, 203, 75, 73, 72, 200, 136, 152, 154, 218, 90, 94, 92, 220, 252, 188, 190, 174, 175, 171, 43, 42, 58, 56, 120, 121, 249, 217], f=101, g=29
[00:00:29:29:023] Expansion 24100000: state [255, 223, 207, 203, 75, 73, 72, 200, 136, 152, 154, 218, 90, 94, 92, 124, 120, 121, 249, 233, 169, 171, 175, 174, 238, 110, 106, 42, 40], f=101, g=28
[00:00:29:36:862] Expansion 24200000: state [255, 223, 207, 203, 75, 73, 72, 200, 136, 152, 154, 218, 250, 122, 106, 110, 108, 124, 252, 188, 190, 174, 170, 171, 43, 41, 45, 173, 237, 233, 249, 217], f=101, g=31
[00:00:29:44:772] Expansion 24300000: state [255, 223, 207, 203, 75, 73, 72, 200, 136, 152, 154, 218, 250, 234, 106, 110, 46, 174, 175, 173, 189, 185, 57, 56, 60, 124, 92], f=101, g=26
[00:00:29:52:567] Expansion 24400000: state [255, 223, 207, 203, 75, 73, 72, 200, 136, 152, 154, 218, 250, 248, 120, 56, 60, 188, 189, 185, 169, 233, 237, 109, 45], f=101, g=24
[00:00:30:05:676] Expansion 24500000: state [255, 223, 207, 203, 75, 73, 72, 200, 136, 152, 154, 218, 250, 248, 249, 233, 237, 109, 108, 124, 60, 56, 57, 41, 43, 171, 175, 174, 190], f=101, g=28
[00:00:30:13:210] Expansion 24600000: state [255, 223, 207, 203, 75, 73, 72, 200, 136, 152, 154, 186, 58, 122, 106, 110, 108, 109, 45, 173, 189, 157], f=101, g=21
[00:00:30:20:961] Expansion 24700000: state [255, 223, 207, 203, 75, 73, 72, 200, 136, 152, 154, 186, 170, 234, 238, 236, 252, 188, 189, 185, 249, 121, 120, 122], f=101, g=23
[00:00:30:28:581] Expansion 24800000: state [255, 223, 207, 203, 75, 73, 72, 200, 136, 152, 154, 186, 250, 122, 90, 94, 92, 124, 108, 109, 237, 233, 249, 121, 57, 41, 43, 42, 46, 174, 172, 188, 189, 157], f=101, g=33
[00:00:30:36:130] Expansion 24900000: state [255, 223, 207, 203, 75, 73, 72, 200, 136, 152, 154, 186, 250, 234, 238, 236, 237, 173, 169, 185, 57, 56, 60, 188], f=101, g=23
[00:00:30:43:642] Expansion 25000000: state [255, 223, 207, 203, 75, 73, 72, 200, 136, 152, 154, 186, 190, 174, 175, 171, 169, 233, 249, 121, 57, 56, 40, 42, 106, 122, 90, 94, 78], f=101, g=28
[00:00:30:51:107] Expansion 25100000: state [255, 223, 207, 203, 75, 73, 72, 200, 136, 152, 154, 186, 187, 171, 169, 233, 249, 248, 252, 124, 92, 94, 78, 110, 238, 174, 172, 44, 40, 56, 57, 25], f=101, g=31
[00:00:30:58:636] Expansion 25200000: state [255, 223, 207, 203, 75, 73, 72, 200, 136, 152, 154, 158, 142, 174, 46, 42, 106, 122, 250, 248, 252, 124, 108, 109, 45, 41, 57, 121], f=101, g=27
[00:00:31:06:196] Expansion 25300000: state [255, 223, 207, 203, 75, 73, 72, 200, 136, 152, 154, 158, 142, 174, 170, 171, 43, 41, 57, 56, 58, 122, 250], f=101, g=22
[00:00:31:13:612] Expansion 25400000: state [255, 223, 207, 203, 75, 73, 72, 200, 136, 152, 154, 158, 142, 174, 238, 234, 106, 42, 58, 56, 60, 124, 108, 109, 237, 173, 141, 157], f=101, g=27
[00:00:31:21:093] Expansion 25500000: state [255, 223, 207, 203, 75, 73, 72, 200, 136, 152, 154, 158, 190, 174, 46, 42, 40, 56, 60, 124, 252, 248, 249, 233, 169, 173, 189, 157], f=101, g=27
[00:00:31:28:563] Expansion 25600000: state [255, 223, 207, 203, 75, 73, 72, 200, 136, 152, 154, 158, 190, 174, 172, 236, 108, 110, 106, 42, 40, 41, 169, 233, 249, 248, 250], f=101, g=26
[00:00:31:36:069] Expansion 25700000: state [255, 223, 207, 203, 75, 73, 72, 200, 136, 152, 154, 158, 190, 174, 175, 173, 169, 41, 57, 121, 120, 122, 106, 110, 108, 236, 252, 220], f=101, g=27
[00:00:31:43:475] Expansion 25800000: state [255, 223, 207, 203, 75, 73, 72, 200, 136, 152, 154, 158, 190, 188, 172, 173, 169, 41, 57, 121, 249, 248, 250, 122, 58, 42, 46, 110, 108, 109], f=101, g=29
[00:00:31:50:989] Expansion 25900000: state [255, 223, 207, 203, 75, 73, 72, 200, 136, 152, 154, 158, 190, 188, 189, 173, 237, 233, 249, 248, 250, 234, 238, 110, 108, 44, 40, 41], f=101, g=27
[00:00:31:58:590] Expansion 26000000: state [255, 223, 207, 203, 75, 73, 72, 200, 136, 152, 154, 155, 187, 171, 169, 41, 57, 121, 120, 248, 250, 234, 106, 110, 108, 236, 172, 188, 189, 157], f=101, g=29
[00:00:32:06:045] Expansion 26100000: state [255, 223, 207, 203, 75, 73, 72, 200, 136, 152, 154, 155, 187, 171, 170, 234, 238, 236, 252, 124, 120, 122, 58], f=101, g=22
[00:00:32:13:512] Expansion 26200000: state [255, 223, 207, 203, 75, 73, 72, 200, 136, 152, 154, 155, 187, 185, 57, 41, 43, 42, 58, 122, 90, 94, 78, 110, 238, 236, 172, 188, 60], f=101, g=28
[00:00:32:21:057] Expansion 26300000: state [255, 223, 207, 203, 75, 73, 72, 200, 136, 152, 154, 155, 187, 185, 249, 121, 120, 124, 108, 109, 45, 173, 175, 174, 238], f=101, g=24
[00:00:32:28:740] Expansion 26400000: state [255, 223, 207, 203, 75, 73, 72, 200, 136, 152, 153, 25, 57, 41, 40, 44, 108, 124, 120, 122, 250, 186, 170, 174, 142], f=101, g=24
[00:00:32:36:589] Expansion 26500000: state [255, 223, 207, 203, 75, 73, 72, 200, 136, 152, 153, 25, 57, 41, 169, 173, 189, 188, 60, 124, 108, 236, 238, 234, 170, 186, 58, 26, 90, 218], f=101, g=29
[00:00:32:44:293] Expansion 26600000: state [255, 223, 207, 203, 75, 73, 72, 200, 136, 152, 153, 25, 57, 41, 45, 109, 237, 236, 172, 188, 190, 186, 58, 122, 106, 234], f=101, g=25
[00:00:32:51:843] Expansion 26700000: state [255, 223, 207, 203, 75, 73, 72, 200, 136, 152, 153, 25, 57, 56, 40, 42, 10, 26, 90, 122, 250, 248, 249, 233, 169, 173, 189, 188, 190, 174, 238, 236, 108, 124, 92], f=101, g=34
[00:00:32:59:240] Expansion 26800000: state [255, 223, 207, 203, 75, 73, 72, 200, 136, 152, 153, 25, 57, 56, 60, 44, 46, 110, 106, 234, 250, 248, 252, 220, 92], f=101, g=24
[00:00:33:06:560] Expansion 26900000: state [255, 223, 207, 203, 75, 73, 72, 200, 136, 152, 153, 25, 57, 56, 58, 122, 250, 234, 238, 236, 237, 173, 189, 188, 190], f=101, g=24
[00:00:33:13:972] Expansion 27000000: state [255, 223, 207, 203, 75, 73, 72, 200, 136, 152, 153, 25, 57, 121, 120, 122, 250, 186, 170, 174, 46, 44, 60, 188, 252, 236], f=101, g=25
[00:00:33:21:395] Expansion 27100000: state [255, 223, 207, 203, 75, 73, 72, 200, 136, 152, 153, 25, 57, 121, 249, 233, 237, 236, 172, 44, 46, 110, 78, 94, 90, 218, 250, 186, 190, 158, 142], f=101, g=30
[00:00:33:28:774] Expansion 27200000: state [255, 223, 207, 203, 75, 73, 72, 200, 136, 152, 153, 217, 249, 121, 57, 41, 169, 173, 172, 44, 46, 42, 170, 186, 250, 122, 90, 94], f=101, g=27
[00:00:33:42:059] Expansion 27300000: state [255, 223, 207, 203, 75, 73, 72, 200, 136, 152, 153, 217, 249, 121, 57, 56, 40, 44, 172, 173, 175, 171, 187, 186, 250, 234, 238, 110, 78, 94, 90], f=101, g=30
[00:00:33:49:398] Expansion 27400000: state [255, 223, 207, 203, 75, 73, 72, 200, 136, 152, 153, 217, 249, 121, 120, 56, 40, 41, 45, 173, 237, 236, 252, 188, 190, 186, 170, 171], f=101, g=27
[00:00:33:56:637] Expansion 27500000: state [255, 223, 207, 203, 75, 73, 72, 200, 136, 152, 153, 217, 249, 121, 120, 122, 58, 42, 40, 41, 169, 173, 237, 109, 108, 110, 78, 94, 92, 220, 252, 188, 190, 158, 142], f=101, g=34
[00:00:34:04:219] Expansion 27600000: state [255, 223, 207, 203, 75, 73, 72, 200, 136, 152, 153, 217, 249, 233, 169, 41, 43, 42, 106, 110, 108, 44, 172, 188, 190, 186, 250, 218, 90], f=101, g=28
[00:00:34:11:735] Expansion 27700000: state [255, 223, 207, 203, 75, 73, 72, 200, 136, 152, 153, 217, 249, 233, 237, 109, 45, 41, 40, 42, 10, 26, 90, 122, 250, 186, 190], f=101, g=26
[00:00:34:19:025] Expansion 27800000: state [255, 223, 207, 203, 75, 73, 72, 200, 136, 152, 153, 217, 249, 233, 237, 173, 189, 188, 190, 186, 187, 171, 43, 42, 46, 44, 108, 124, 92, 94, 78], f=101, g=30
[00:00:34:26:284] Expansion 27900000: state [255, 223, 207, 203, 75, 73, 72, 200, 136, 152, 153, 217, 249, 248, 120, 124, 92, 94, 90, 26, 58, 42, 43, 41, 169, 173, 189, 188, 190], f=101, g=28
[00:00:34:33:496] Expansion 28000000: state [255, 223, 207, 203, 75, 73, 72, 200, 136, 152, 153, 217, 249, 248, 252, 236, 108, 110, 78, 94, 90, 122, 58, 186, 170, 171, 169, 41, 40], f=101, g=28
[00:00:34:40:928] Expansion 28100000: state [255, 223, 207, 203, 75, 73, 72, 200, 136, 152, 153, 217, 249, 248, 250, 234, 106, 42, 46, 174, 175, 173, 169, 41], f=101, g=23
[00:00:34:48:426] Expansion 28200000: state [255, 223, 207, 203, 75, 73, 72, 200, 136, 152, 153, 185, 57, 41, 43, 42, 58, 26, 90, 218, 250, 248, 252, 188, 60, 44, 12], f=101, g=26
[00:00:34:55:842] Expansion 28300000: state [255, 223, 207, 203, 75, 73, 72, 200, 136, 152, 153, 185, 57, 121, 120, 248, 252, 188, 190, 186, 170, 234, 238, 110, 46, 44, 45, 173, 175], f=101, g=28
[00:00:35:03:330] Expansion 28400000: state [255, 223, 207, 203, 75, 73, 72, 200, 136, 152, 153, 185, 169, 41, 43, 42, 170, 174, 190, 188, 252, 220, 92, 94, 78, 110, 108, 109, 237], f=101, g=28
[00:00:35:10:811] Expansion 28500000: state [255, 223, 207, 203, 75, 73, 72, 200, 136, 152, 153, 185, 169, 173, 237, 236, 108, 44, 60, 56, 120, 248, 250, 218, 90, 26, 10, 42, 170, 174, 142, 158], f=101, g=31
[00:00:35:18:280] Expansion 28600000: state [255, 223, 207, 203, 75, 73, 72, 200, 136, 152, 153, 185, 249, 121, 120, 56, 58, 42, 43, 41, 45, 173, 237, 236, 238, 110, 78], f=101, g=26
[00:00:35:25:605] Expansion 28700000: state [255, 223, 207, 203, 75, 73, 72, 200, 136, 152, 153, 185, 249, 233, 237, 173, 172, 188, 190, 186, 250, 218, 90, 94, 78, 110, 108, 124, 120, 56, 40, 41, 43, 171], f=101, g=33
[00:00:35:32:865] Expansion 28800000: state [255, 223, 207, 203, 75, 73, 72, 200, 136, 152, 153, 185, 249, 248, 252, 236, 237, 173, 175, 174, 46, 44, 40, 56, 58, 122], f=101, g=25
[00:00:35:40:309] Expansion 28900000: state [255, 223, 207, 203, 75, 73, 72, 200, 136, 152, 153, 185, 189, 173, 237, 236, 238, 110, 78, 94, 92, 124, 120, 122, 58, 26, 10], f=101, g=26
[00:00:35:47:946] Expansion 29000000: state [255, 223, 207, 203, 75, 73, 72, 200, 136, 152, 153, 185, 187, 171, 43, 42, 10, 26, 90, 94, 92, 220, 252, 248, 120, 56, 60, 44, 108], f=101, g=28
[00:00:35:55:439] Expansion 29100000: state [255, 223, 207, 203, 75, 73, 72, 200, 136, 152, 153, 185, 187, 186, 170, 174, 172, 44, 60, 124, 92, 220], f=101, g=21
[00:00:36:02:893] Expansion 29200000: state [255, 223, 207, 203, 75, 73, 72, 200, 136, 152, 153, 157, 141, 173, 45, 44, 60, 188, 190, 186, 187, 171, 43, 42, 10, 26, 90, 94, 92, 220], f=101, g=29
[00:00:36:10:438] Expansion 29300000: state [255, 223, 207, 203, 75, 73, 72, 200, 136, 152, 153, 157, 141, 173, 169, 171, 43, 42, 10, 26, 90, 218, 250, 248, 252, 220, 92, 93], f=101, g=27
[00:00:36:17:859] Expansion 29400000: state [255, 223, 207, 203, 75, 73, 72, 200, 136, 152, 153, 157, 141, 173, 237, 109, 108, 124, 252, 248, 249, 121, 57, 56, 58, 186, 170, 234, 106], f=101, g=28
[00:00:36:25:251] Expansion 29500000: state [255, 223, 207, 203, 75, 73, 72, 200, 136, 152, 153, 157, 141, 173, 175, 171, 43, 42, 10, 26, 90, 218, 250, 234, 238, 110, 108, 124, 92, 220], f=101, g=29
[00:00:36:32:741] Expansion 29600000: state [255, 223, 207, 203, 75, 73, 72, 200, 136, 152, 153, 157, 189, 173, 45, 44, 46, 110, 238, 236, 252, 248, 250, 122, 90, 26], f=101, g=25
[00:00:36:40:580] Expansion 29700000: state [255, 223, 207, 203, 75, 73, 72, 200, 136, 152, 153, 157, 189, 173, 172, 236, 108, 110, 106, 234, 250, 186, 187, 171, 43, 41, 57, 56], f=101, g=27
[00:00:36:48:082] Expansion 29800000: state [255, 223, 207, 203, 75, 73, 72, 200, 136, 152, 153, 157, 189, 173, 175, 171, 43, 42, 10, 26, 90, 122, 250, 248, 249, 121, 57, 56, 60, 124, 108, 236, 238], f=101, g=32
[00:00:36:55:331] Expansion 29900000: state [255, 223, 207, 203, 75, 73, 72, 200, 136, 152, 153, 157, 189, 188, 60, 124, 108, 110, 78, 94, 90, 122, 250, 186, 170, 171, 43, 41, 40], f=101, g=28
[00:00:37:02:679] Expansion 30000000: state [255, 223, 207, 203, 75, 73, 72, 200, 136, 152, 153, 157, 189, 188, 252, 124, 108, 44, 40, 42, 58, 186, 187], f=101, g=22
[00:00:37:10:076] Expansion 30100000: state [255, 223, 207, 203, 75, 73, 72, 200, 136, 152, 153, 157, 189, 188, 190, 174, 170, 234, 250, 218, 90, 94, 78, 110, 108, 44, 45, 41, 57, 121, 249, 233], f=101, g=31
[00:00:37:17:557] Expansion 30200000: state [255, 223, 207, 203, 75, 73, 72, 200, 136, 152, 153, 155, 187, 171, 43, 41, 45, 173, 237, 236, 252, 188, 190, 174, 46, 110, 78, 94, 90, 26], f=101, g=29
[00:00:37:25:348] Expansion 30300000: state [255, 223, 207, 203, 75, 73, 72, 200, 136, 152, 153, 155, 187, 171, 169, 233, 249, 121, 120, 56, 40, 44, 46, 110, 78, 94, 92, 220], f=101, g=27
[00:00:37:32:722] Expansion 30400000: state [255, 223, 207, 203, 75, 73, 72, 200, 136, 152, 153, 155, 187, 171, 170, 42, 58, 56, 60, 44, 45, 109, 237, 236, 252, 220, 92, 94, 90, 218, 250], f=101, g=30
[00:00:37:40:107] Expansion 30500000: state [255, 223, 207, 203, 75, 73, 72, 200, 136, 152, 153, 155, 187, 171, 175, 173, 237, 109, 108, 124, 60, 56, 58, 26, 10], f=101, g=24
[00:00:37:47:489] Expansion 30600000: state [255, 223, 207, 203, 75, 73, 72, 200, 136, 152, 153, 155, 187, 186, 58, 56, 57, 41, 45, 173, 237, 236, 252, 124, 92, 94, 78, 110, 106, 234], f=101, g=29
[00:00:37:54:968] Expansion 30700000: state [255, 223, 207, 203, 75, 73, 72, 200, 136, 152, 153, 155, 187, 186, 250, 122, 90, 94, 92, 220, 252, 236, 237, 173, 45, 41, 57], f=101, g=26
[00:00:38:02:616] Expansion 30800000: state [255, 223, 207, 203, 75, 73, 72, 200, 136, 152, 153, 155, 187, 186, 250, 248, 249, 233, 237, 173, 175, 174, 238, 110, 106, 42, 43, 41, 57, 56, 60, 124, 92, 220], f=101, g=33
[00:00:38:10:390] Expansion 30900000: state [255, 223, 207, 203, 75, 73, 72, 200, 136, 140, 12, 44, 40, 56, 24, 26, 90, 94, 92, 124, 252, 236, 237, 233, 169, 171, 170, 186, 190, 158], f=101, g=29
[00:00:38:17:994] Expansion 31000000: state [255, 223, 207, 203, 75, 73, 72, 200, 136, 140, 12, 44, 40, 56, 120, 122, 250, 234, 170, 174, 190, 188, 189, 157, 153, 217, 249], f=101, g=26
[00:00:38:25:184] Expansion 31100000: state [255, 223, 207, 203, 75, 73, 72, 200, 136, 140, 12, 44, 40, 56, 57, 185, 187, 155, 154, 158, 190, 174, 170, 234, 106, 110, 78, 94, 92, 124, 252, 236, 237, 109], f=101, g=33
[00:00:38:32:385] Expansion 31200000: state [255, 223, 207, 203, 75, 73, 72, 200, 136, 140, 12, 44, 40, 42, 170, 234, 238, 236, 237, 233, 169, 185, 57, 121, 120, 122, 90, 94, 92, 220], f=101, g=29
[00:00:38:39:607] Expansion 31300000: state [255, 223, 207, 203, 75, 73, 72, 200, 136, 140, 12, 44, 40, 42, 106, 122, 120, 248, 184, 186, 187, 171, 169, 173, 189, 157, 153], f=101, g=26
[00:00:38:46:830] Expansion 31400000: state [255, 223, 207, 203, 75, 73, 72, 200, 136, 140, 12, 44, 40, 42, 58, 122, 90, 218, 154, 155, 187, 171, 169, 233, 249, 248, 184, 188, 190], f=101, g=28
[00:00:38:54:044] Expansion 31500000: state [255, 223, 207, 203, 75, 73, 72, 200, 136, 140, 12, 44, 40, 41, 169, 233, 249, 248, 250, 122, 106, 110, 238, 174, 190, 188, 189, 157, 153, 155, 154, 26, 10], f=101, g=32
[00:00:39:01:284] Expansion 31600000: state [255, 223, 207, 203, 75, 73, 72, 200, 136, 140, 12, 44, 40, 41, 57, 25, 153, 217, 249, 248, 184, 186, 154, 26, 90, 122, 106, 234, 238, 174, 175, 173, 189], f=101, g=32
[00:00:39:08:426] Expansion 31700000: state [255, 223, 207, 203, 75, 73, 72, 200, 136, 140, 12, 44, 40, 41, 57, 121, 249, 248, 250, 234, 238, 110, 78, 94, 90, 26, 10], f=101, g=26
[00:00:39:15:598] Expansion 31800000: state [255, 223, 207, 203, 75, 73, 72, 200, 136, 140, 12, 44, 108, 236, 252, 188, 184, 185, 169, 171, 43, 42, 106, 122, 250, 218, 154, 26, 24, 25], f=101, g=29
[00:00:39:22:711] Expansion 31900000: state [255, 223, 207, 203, 75, 73, 72, 200, 136, 140, 12, 44, 108, 236, 252, 248, 249, 121, 57, 41, 169, 173, 175, 174, 170, 234, 106, 122, 90, 218, 154, 155], f=101, g=31
[00:00:39:29:828] Expansion 32000000: state [255, 223, 207, 203, 75, 73, 72, 200, 136, 140, 12, 44, 108, 236, 238, 234, 106, 122, 120, 121, 249, 233, 169, 173, 189, 157, 153, 155, 187], f=101, g=28
[00:00:39:36:927] Expansion 32100000: state [255, 223, 207, 203, 75, 73, 72, 200, 136, 140, 12, 44, 108, 236, 237, 173, 175, 174, 170, 234, 250, 218, 90, 26, 24, 56, 57, 121, 249], f=101, g=28
[00:00:39:44:033] Expansion 32200000: state [255, 223, 207, 203, 75, 73, 72, 200, 136, 140, 12, 44, 108, 124, 92, 94, 90, 218, 154, 155, 187, 171, 169, 173, 189, 188, 190], f=101, g=26
[00:00:39:51:424] Expansion 32300000: state [255, 223, 207, 203, 75, 73, 72, 200, 136, 140, 12, 44, 108, 124, 120, 121, 57, 25, 153, 157, 189, 173, 169, 171, 187, 186, 250, 234, 238, 174], f=101, g=29
[00:00:39:58:910] Expansion 32400000: state [255, 223, 207, 203, 75, 73, 72, 200, 136, 140, 12, 44, 108, 124, 252, 248, 249, 121, 57, 56, 58, 122, 90, 218, 154, 155, 187, 171, 170, 234], f=101, g=29
[00:00:40:06:439] Expansion 32500000: state [255, 223, 207, 203, 75, 73, 72, 200, 136, 140, 12, 44, 108, 110, 78, 94, 92, 220, 252, 188, 190, 158, 154, 218, 250, 122, 120, 121, 249, 185, 169, 173, 237], f=101, g=32
[00:00:40:13:982] Expansion 32600000: state [255, 223, 207, 203, 75, 73, 72, 200, 136, 140, 12, 44, 108, 110, 106, 42, 43, 171, 169, 173, 189, 188, 190, 186, 154, 26, 24, 25, 57, 121, 249, 217], f=101, g=31
[00:00:40:21:223] Expansion 32700000: state [255, 223, 207, 203, 75, 73, 72, 200, 136, 140, 12, 44, 108, 110, 238, 174, 170, 42, 58, 56, 120, 121, 249, 233, 169, 173, 189, 157, 153, 25], f=101, g=29
