--------------------------
date: cubes
number_of_graphs: 1
graph_type: cube
size_of_graphs: [8, 8]
heuristic: heuristic0
snake: True
run_uni: True
run_bi: False
run_multi: False
cube_first_dims: 8
cube_buffer_dim: 3
backward_sym_generation: False

---------- cubes/8d_cube ----------
[00:00:00:06:678] Expansion 100000: state [255, 223, 207, 203, 75, 73, 72, 200, 136, 168, 40, 56, 24, 26, 154, 218, 250, 122, 106, 110, 46, 174, 175, 171, 187, 185, 153, 157, 156, 188, 252, 124, 92], f=102, g=32
[00:00:00:13:382] Expansion 200000: state [255, 223, 207, 203, 75, 73, 72, 200, 136, 168, 40, 56, 24, 26, 90, 94, 92, 124, 108, 110, 238, 234, 250, 248, 249, 185, 189, 188, 190, 158, 142], f=102, g=30
[00:00:00:20:099] Expansion 300000: state [255, 223, 207, 203, 75, 73, 72, 200, 136, 168, 40, 56, 120, 248, 252, 236, 237, 173, 189, 157, 156, 28, 92, 94, 90, 218, 154, 186, 190, 174, 46], f=102, g=30
[00:00:00:27:262] Expansion 400000: state [255, 223, 207, 203, 75, 73, 72, 200, 136, 168, 40, 56, 120, 122, 106, 110, 46, 174, 142, 158, 156, 220, 252, 236, 237, 233], f=102, g=25
[00:00:00:34:481] Expansion 500000: state [255, 223, 207, 203, 75, 73, 72, 200, 136, 168, 40, 56, 60, 28, 156, 157, 153, 217, 249, 248, 252, 236, 108, 110, 78, 94, 90, 218, 154, 186, 190, 174, 175], f=102, g=32
[00:00:00:41:506] Expansion 600000: state [255, 223, 207, 203, 75, 73, 72, 200, 136, 168, 40, 56, 60, 188, 189, 185, 249, 233, 237, 109, 108, 110, 238, 174, 142, 158, 154, 218], f=102, g=27
[00:00:00:48:755] Expansion 700000: state [255, 223, 207, 203, 75, 73, 72, 200, 136, 168, 40, 56, 58, 26, 90, 218, 250, 234, 106, 110, 46, 174, 190, 158, 156, 28, 92, 124, 252, 236, 237], f=102, g=30
[00:00:00:56:202] Expansion 800000: state [255, 223, 207, 203, 75, 73, 72, 200, 136, 168, 40, 56, 58, 122, 106, 234, 238, 174, 190, 158, 156, 157, 153, 185, 249, 233, 237, 109, 108], f=102, g=28
[00:00:01:03:579] Expansion 900000: state [255, 223, 207, 203, 75, 73, 72, 200, 136, 168, 40, 56, 57, 25, 153, 157, 189, 173, 237, 233, 249, 248, 252, 124, 92, 94, 78, 110, 238, 174, 190], f=102, g=30
[00:00:01:10:993] Expansion 1000000: state [255, 223, 207, 203, 75, 73, 72, 200, 136, 168, 40, 56, 57, 185, 189, 188, 156, 28, 92, 94, 90, 26, 154, 186, 250, 234, 106, 110, 46, 174, 175, 171, 43], f=102, g=32
[00:00:01:18:221] Expansion 1100000: state [255, 223, 207, 203, 75, 73, 72, 200, 136, 168, 40, 56, 57, 121, 249, 233, 237, 236, 252, 188, 189, 157, 153, 155, 154, 218, 90, 94, 78, 110, 46, 174, 175, 171], f=102, g=33
[00:00:01:25:490] Expansion 1200000: state [255, 223, 207, 203, 75, 73, 72, 200, 136, 168, 40, 44, 108, 236, 238, 234, 250, 248, 249, 121, 57, 25, 153, 155, 187, 171], f=102, g=25
[00:00:01:32:537] Expansion 1300000: state [255, 223, 207, 203, 75, 73, 72, 200, 136, 168, 40, 44, 108, 124, 252, 220, 156, 28, 24, 25, 153, 155, 187, 186, 190, 174, 142], f=102, g=26
[00:00:01:39:575] Expansion 1400000: state [255, 223, 207, 203, 75, 73, 72, 200, 136, 168, 40, 44, 108, 110, 106, 122, 250, 186, 190, 174, 175, 173, 189, 157, 153, 25, 57], f=102, g=26
[00:00:01:46:640] Expansion 1500000: state [255, 223, 207, 203, 75, 73, 72, 200, 136, 168, 40, 44, 108, 109, 237, 173, 175, 174, 190, 158, 154, 26, 90, 122, 120, 248, 249, 185, 153, 157], f=102, g=29
[00:00:01:53:735] Expansion 1600000: state [255, 223, 207, 203, 75, 73, 72, 200, 136, 168, 40, 44, 60, 28, 92, 220, 252, 236, 238, 174, 190, 186, 250, 122, 120], f=102, g=24
[00:00:02:00:806] Expansion 1700000: state [255, 223, 207, 203, 75, 73, 72, 200, 136, 168, 40, 44, 60, 188, 190, 186, 154, 155, 153, 157, 141, 173, 237, 233], f=102, g=23
[00:00:02:07:887] Expansion 1800000: state [255, 223, 207, 203, 75, 73, 72, 200, 136, 168, 40, 44, 60, 124, 252, 220, 156, 157, 189, 185, 57, 25, 24, 26, 58, 122, 250, 234, 238, 174, 175, 171], f=102, g=31
[00:00:02:14:950] Expansion 1900000: state [255, 223, 207, 203, 75, 73, 72, 200, 136, 168, 40, 44, 46, 174, 190, 158, 154, 218, 90, 122, 120, 124, 252, 236, 237, 109], f=102, g=25
[00:00:02:22:078] Expansion 2000000: state [255, 223, 207, 203, 75, 73, 72, 200, 136, 168, 40, 44, 46, 110, 78, 94, 90, 122, 120, 248, 252, 236, 237, 173, 175, 171, 187, 185, 153, 157], f=102, g=29
[00:00:02:29:168] Expansion 2100000: state [255, 223, 207, 203, 75, 73, 72, 200, 136, 168, 40, 44, 46, 110, 238, 234, 250, 122, 58, 26, 24, 25, 153, 157, 141, 173, 237], f=102, g=26
[00:00:02:36:217] Expansion 2200000: state [255, 223, 207, 203, 75, 73, 72, 200, 136, 168, 40, 44, 45, 173, 141, 157, 156, 220, 252, 236, 238, 110, 78, 94, 90, 122, 120, 121, 57, 25, 24], f=102, g=30
[00:00:02:43:274] Expansion 2300000: state [255, 223, 207, 203, 75, 73, 72, 200, 136, 168, 40, 44, 45, 173, 189, 157, 153, 25, 24, 26, 90, 94, 92, 124, 252, 248, 250, 186, 190, 174, 238, 110, 106], f=102, g=32
[00:00:02:50:391] Expansion 2400000: state [255, 223, 207, 203, 75, 73, 72, 200, 136, 168, 40, 44, 45, 173, 175, 174, 238, 110, 78, 94, 92, 124, 120, 122, 250, 186, 187, 185, 153, 25, 24, 26, 10], f=102, g=32
[00:00:02:57:463] Expansion 2500000: state [255, 223, 207, 203, 75, 73, 72, 200, 136, 168, 40, 44, 45, 109, 237, 233, 249, 248, 252, 124, 92, 28, 156, 158, 154, 186, 58, 122, 106, 110, 238, 174, 175], f=102, g=32
[00:00:03:04:479] Expansion 2600000: state [255, 223, 207, 203, 75, 73, 72, 200, 136, 168, 40, 42, 10, 26, 24, 28, 156, 157, 153, 185, 249, 233, 237, 236, 108, 124, 120, 122, 250, 234], f=102, g=29
[00:00:03:11:803] Expansion 2700000: state [255, 223, 207, 203, 75, 73, 72, 200, 136, 168, 40, 42, 10, 26, 154, 186, 250, 248, 249, 121, 57, 25, 153, 157, 189, 188, 60, 124, 92, 220], f=102, g=29
[00:00:03:19:015] Expansion 2800000: state [255, 223, 207, 203, 75, 73, 72, 200, 136, 168, 40, 42, 10, 26, 90, 122, 120, 124, 252, 188, 189, 173, 141], f=102, g=22
[00:00:03:26:426] Expansion 2900000: state [255, 223, 207, 203, 75, 73, 72, 200, 136, 168, 40, 42, 106, 234, 250, 218, 90, 26, 24, 28, 156, 158, 142, 174, 175, 171, 187, 185, 153, 217], f=102, g=29
[00:00:03:33:491] Expansion 3000000: state [255, 223, 207, 203, 75, 73, 72, 200, 136, 168, 40, 42, 106, 234, 238, 236, 108, 124, 60, 188, 189, 173, 175, 171, 187, 186, 154, 218, 90, 94, 78], f=102, g=30
[00:00:03:40:656] Expansion 3100000: state [255, 223, 207, 203, 75, 73, 72, 200, 136, 168, 40, 42, 106, 122, 120, 124, 60, 28, 24, 25, 57, 185, 187, 155, 154, 158, 190, 174, 238, 236, 237, 173], f=102, g=31
[00:00:03:47:891] Expansion 3200000: state [255, 223, 207, 203, 75, 73, 72, 200, 136, 168, 40, 42, 106, 110, 78, 94, 90, 218, 154, 186, 190, 188, 60, 124, 120, 121, 57, 185, 153], f=102, g=28
[00:00:03:55:474] Expansion 3300000: state [255, 223, 207, 203, 75, 73, 72, 200, 136, 168, 40, 42, 106, 110, 108, 109, 45, 173, 141, 157, 156, 220, 92, 94, 90, 218, 250, 248, 120, 121, 57, 185], f=102, g=31
[00:00:04:02:684] Expansion 3400000: state [255, 223, 207, 203, 75, 73, 72, 200, 136, 168, 40, 42, 106, 110, 238, 236, 237, 233, 249, 217, 153, 155, 154, 26, 24, 28, 92, 220], f=102, g=27
[00:00:04:09:827] Expansion 3500000: state [255, 223, 207, 203, 75, 73, 72, 200, 136, 168, 40, 42, 58, 26, 90, 218, 250, 248, 120, 121, 57, 185, 153, 157, 141, 173, 175, 174, 238, 236, 108, 109], f=102, g=31
[00:00:04:17:064] Expansion 3600000: state [255, 223, 207, 203, 75, 73, 72, 200, 136, 168, 40, 42, 58, 186, 190, 174, 175, 173, 237, 236, 108, 124, 60, 28], f=102, g=23
[00:00:04:24:559] Expansion 3700000: state [255, 223, 207, 203, 75, 73, 72, 200, 136, 168, 40, 42, 58, 122, 120, 121, 57, 25, 153, 155, 187, 171, 175, 173, 237, 233], f=102, g=25
[00:00:04:32:120] Expansion 3800000: state [255, 223, 207, 203, 75, 73, 72, 200, 136, 168, 40, 42, 46, 174, 142, 158, 156, 157, 153, 217, 249, 248, 252, 124], f=102, g=23
[00:00:04:39:295] Expansion 3900000: state [255, 223, 207, 203, 75, 73, 72, 200, 136, 168, 40, 42, 46, 174, 190, 186, 250, 122, 120, 121, 57, 185, 189, 173, 237, 109, 108], f=102, g=26
[00:00:04:46:538] Expansion 4000000: state [255, 223, 207, 203, 75, 73, 72, 200, 136, 168, 40, 42, 46, 110, 78, 94, 90, 26, 24, 25, 153, 157, 156, 220], f=102, g=23
[00:00:04:53:727] Expansion 4100000: state [255, 223, 207, 203, 75, 73, 72, 200, 136, 168, 40, 42, 46, 110, 108, 124, 120, 121, 249, 217, 153, 155, 187, 171, 175, 173, 141], f=102, g=26
[00:00:05:00:946] Expansion 4200000: state [255, 223, 207, 203, 75, 73, 72, 200, 136, 168, 40, 42, 46, 110, 238, 236, 237, 173, 189, 157, 156, 28, 92, 94], f=102, g=23
[00:00:05:08:661] Expansion 4300000: state [255, 223, 207, 203, 75, 73, 72, 200, 136, 168, 40, 42, 43, 171, 187, 185, 153, 25, 24, 26, 154, 218, 250, 234, 238, 174, 190, 188, 156, 220, 92, 94, 78], f=102, g=32
[00:00:05:15:875] Expansion 4400000: state [255, 223, 207, 203, 75, 73, 72, 200, 136, 168, 40, 42, 43, 171, 175, 173, 45, 109, 108, 236, 252, 188, 156, 157, 153, 185, 249, 121, 120, 122, 250], f=102, g=30
[00:00:05:23:119] Expansion 4500000: state [255, 223, 207, 203, 75, 73, 72, 200, 136, 168, 40, 42, 43, 171, 175, 173, 189, 185, 153, 25, 24, 26, 90, 218, 250, 234, 238, 110, 108, 124, 92, 220, 156, 158, 142], f=102, g=34
[00:00:05:30:378] Expansion 4600000: state [255, 223, 207, 203, 75, 73, 72, 200, 136, 168, 40, 42, 43, 171, 175, 174, 190, 188, 156, 220, 92, 94, 78, 110, 108, 236, 237, 233, 249, 185, 57, 25, 24, 26, 154, 218], f=102, g=35
[00:00:05:37:552] Expansion 4700000: state [255, 223, 207, 203, 75, 73, 72, 200, 136, 168, 40, 41, 57, 25, 24, 26, 58, 122, 106, 110, 238], f=102, g=20
[00:00:05:44:886] Expansion 4800000: state [255, 223, 207, 203, 75, 73, 72, 200, 136, 168, 40, 41, 57, 25, 153, 157, 156, 158, 154, 186, 58, 122, 120, 124, 108, 236, 238, 174, 175, 171], f=102, g=29
[00:00:05:52:563] Expansion 4900000: state [255, 223, 207, 203, 75, 73, 72, 200, 136, 168, 40, 41, 57, 185, 153, 157, 156, 28, 24, 26, 154, 218, 250, 248, 252, 236, 108, 110, 46, 174, 190], f=102, g=30
[00:00:06:00:455] Expansion 5000000: state [255, 223, 207, 203, 75, 73, 72, 200, 136, 168, 40, 41, 57, 185, 189, 157, 156, 220, 92, 94, 90, 26, 58, 186, 250, 234, 106, 110, 108, 109], f=102, g=29
[00:00:06:07:704] Expansion 5100000: state [255, 223, 207, 203, 75, 73, 72, 200, 136, 168, 40, 41, 57, 185, 187, 186, 250, 248, 252, 236, 237, 173, 141, 157, 156], f=102, g=24
[00:00:06:14:927] Expansion 5200000: state [255, 223, 207, 203, 75, 73, 72, 200, 136, 168, 40, 41, 57, 121, 249, 217, 153, 157, 141, 173, 175, 174, 190, 186, 250, 234, 106, 110, 78, 94, 90], f=102, g=30
[00:00:06:22:118] Expansion 5300000: state [255, 223, 207, 203, 75, 73, 72, 200, 136, 168, 40, 41, 57, 121, 249, 233, 237, 173, 175, 174, 46, 110, 78, 94, 90, 122, 250, 186, 187, 155, 153, 157, 156, 28, 60, 124], f=102, g=35
[00:00:06:29:250] Expansion 5400000: state [255, 223, 207, 203, 75, 73, 72, 200, 136, 168, 40, 41, 45, 173, 141, 157, 153, 25, 24, 26, 90, 122, 120, 248, 252, 236, 238, 174], f=102, g=27
[00:00:06:36:456] Expansion 5500000: state [255, 223, 207, 203, 75, 73, 72, 200, 136, 168, 40, 41, 45, 173, 237, 233, 249, 217, 153, 25, 24, 26, 90, 218, 250, 234, 238, 110, 108, 124, 252, 188, 190, 158, 142], f=102, g=34
[00:00:06:43:608] Expansion 5600000: state [255, 223, 207, 203, 75, 73, 72, 200, 136, 168, 40, 41, 45, 173, 237, 236, 238, 234, 250, 122, 90, 94, 92, 93], f=102, g=23
[00:00:06:50:830] Expansion 5700000: state [255, 223, 207, 203, 75, 73, 72, 200, 136, 168, 40, 41, 45, 173, 189, 188, 190, 186, 250, 248, 249, 217, 153, 25, 24, 26, 10], f=102, g=26
[00:00:06:59:020] Expansion 5800000: state [255, 223, 207, 203, 75, 73, 72, 200, 136, 168, 40, 41, 45, 173, 175, 174, 238, 234, 250, 122, 120, 121, 249, 217, 153, 155, 154, 26, 10], f=102, g=28
[00:00:07:06:228] Expansion 5900000: state [255, 223, 207, 203, 75, 73, 72, 200, 136, 168, 40, 41, 45, 109, 108, 110, 46, 174, 142, 158, 154, 218, 90, 94, 92, 220, 252, 188, 189, 185], f=102, g=29
[00:00:07:13:453] Expansion 6000000: state [255, 223, 207, 203, 75, 73, 72, 200, 136, 168, 40, 41, 45, 109, 237, 233, 249, 185, 189, 188, 252, 124, 92, 94, 78, 110, 46, 174, 142, 158, 154, 26, 58, 122, 250], f=102, g=34
[00:00:07:20:583] Expansion 6100000: state [255, 223, 207, 203, 75, 73, 72, 200, 136, 168, 40, 41, 45, 109, 237, 236, 252, 248, 249, 217, 153, 25, 24, 28, 92, 94, 78, 110, 106, 122, 58, 186, 187, 171, 175], f=102, g=34
[00:00:07:27:769] Expansion 6200000: state [255, 223, 207, 203, 75, 73, 72, 200, 136, 168, 40, 41, 43, 171, 187, 155, 153, 157, 189, 188, 252, 248, 249, 233, 237, 109, 108, 110, 106, 122, 90, 94, 92, 28], f=102, g=33
[00:00:07:35:039] Expansion 6300000: state [255, 223, 207, 203, 75, 73, 72, 200, 136, 168, 40, 41, 43, 171, 187, 185, 189, 173, 237, 236, 108, 110, 106, 234, 250, 218, 154, 158, 156, 220, 92], f=102, g=30
[00:00:07:42:310] Expansion 6400000: state [255, 223, 207, 203, 75, 73, 72, 200, 136, 168, 40, 41, 43, 171, 175, 173, 141, 157, 153, 25, 24, 26, 58, 122, 106, 234, 238, 236, 108, 124, 60, 188, 190], f=102, g=32
[00:00:07:49:540] Expansion 6500000: state [255, 223, 207, 203, 75, 73, 72, 200, 136, 168, 40, 41, 43, 171, 175, 173, 189, 157, 153, 155, 154, 26, 90, 94, 92, 124, 108, 110, 238, 234, 250, 248, 249, 233], f=102, g=33
[00:00:07:56:789] Expansion 6600000: state [255, 223, 207, 203, 75, 73, 72, 200, 136, 168, 40, 41, 43, 171, 175, 174, 238, 110, 78, 94, 90, 26, 154, 158, 156, 220, 252, 124, 60], f=102, g=28
[00:00:08:04:035] Expansion 6700000: state [255, 223, 207, 203, 75, 73, 72, 200, 136, 168, 184, 56, 24, 28, 156, 220, 252, 236, 237, 173, 45, 41, 43, 42, 46, 110, 78, 94], f=102, g=27
[00:00:08:11:196] Expansion 6800000: state [255, 223, 207, 203, 75, 73, 72, 200, 136, 168, 184, 56, 24, 25, 153, 157, 156, 220, 252, 236, 238, 174, 46, 42, 43, 41, 45, 109], f=102, g=27
[00:00:08:18:491] Expansion 6900000: state [255, 223, 207, 203, 75, 73, 72, 200, 136, 168, 184, 56, 120, 122, 250, 234, 238, 110, 46, 44, 45, 173, 175, 171, 187, 155, 154, 158, 156, 220, 92], f=102, g=30
[00:00:08:26:700] Expansion 7000000: state [255, 223, 207, 203, 75, 73, 72, 200, 136, 168, 184, 56, 60, 44, 45, 173, 237, 236, 252, 220, 156, 158, 154, 26, 10, 42, 106, 122, 250], f=102, g=28
[00:00:08:33:834] Expansion 7100000: state [255, 223, 207, 203, 75, 73, 72, 200, 136, 168, 184, 56, 58, 42, 43, 171, 187, 155, 153, 157, 141, 173, 45, 109, 108, 236, 238, 174, 142, 158], f=102, g=29
[00:00:08:41:142] Expansion 7200000: state [255, 223, 207, 203, 75, 73, 72, 200, 136, 168, 184, 56, 57, 41, 45, 173, 141, 157, 156, 28, 92, 124, 108, 236, 238, 174, 46, 42, 10, 26, 154, 155, 187], f=102, g=32
[00:00:08:48:507] Expansion 7300000: state [255, 223, 207, 203, 75, 73, 72, 200, 136, 168, 184, 56, 57, 121, 249, 217, 153, 155, 187, 171, 175, 173, 237, 236, 252, 220, 92, 94, 78, 110, 106, 122, 250], f=102, g=32
[00:00:08:55:726] Expansion 7400000: state [255, 223, 207, 203, 75, 73, 72, 200, 136, 168, 184, 248, 120, 122, 58, 42, 43, 41, 57, 25, 153, 155, 154, 158, 190, 174, 175, 173, 237, 109, 108, 110, 78, 94, 92, 28], f=102, g=35
[00:00:09:02:970] Expansion 7500000: state [255, 223, 207, 203, 75, 73, 72, 200, 136, 168, 184, 248, 252, 124, 60, 28, 24, 25, 57, 41, 43, 42, 46, 174, 142, 158, 154, 218, 90, 122], f=102, g=29
[00:00:09:10:084] Expansion 7600000: state [255, 223, 207, 203, 75, 73, 72, 200, 136, 168, 184, 248, 252, 236, 108, 44, 46, 42, 58, 26, 24, 25, 57, 41], f=102, g=23
[00:00:09:17:237] Expansion 7700000: state [255, 223, 207, 203, 75, 73, 72, 200, 136, 168, 184, 248, 250, 122, 90, 94, 78, 110, 108, 236, 237, 173, 141, 157, 156, 28, 24, 25, 57, 41, 43, 171, 187, 155, 154], f=102, g=34
[00:00:09:24:404] Expansion 7800000: state [255, 223, 207, 203, 75, 73, 72, 200, 136, 168, 184, 248, 250, 218, 154, 155, 187, 171, 175, 173, 237, 236, 238, 110, 78, 94, 92, 220], f=102, g=27
[00:00:09:31:606] Expansion 7900000: state [255, 223, 207, 203, 75, 73, 72, 200, 136, 168, 184, 248, 249, 121, 57, 25, 153, 157, 156, 158, 154, 218, 90, 94, 92, 124, 108, 110, 106, 42, 43, 171, 187], f=102, g=32
[00:00:09:38:867] Expansion 8000000: state [255, 223, 207, 203, 75, 73, 72, 200, 136, 168, 184, 248, 249, 217, 153, 25, 57, 41, 45, 109, 237, 236, 238, 174, 46, 42, 58, 122, 90, 218, 154, 158, 156, 220, 92, 93], f=102, g=35
[00:00:09:46:089] Expansion 8100000: state [255, 223, 207, 203, 75, 73, 72, 200, 136, 168, 184, 248, 249, 233, 237, 173, 45, 41, 57, 25, 153, 157, 156, 158, 154, 26, 90, 122, 106, 110, 78], f=102, g=30
[00:00:09:53:218] Expansion 8200000: state [255, 223, 207, 203, 75, 73, 72, 200, 136, 168, 184, 188, 60, 28, 92, 94, 78, 110, 238, 174, 142, 158, 154, 155, 187, 171, 43, 41, 57, 121, 249, 233, 237, 173, 141, 157], f=102, g=35
[00:00:10:00:307] Expansion 8300000: state [255, 223, 207, 203, 75, 73, 72, 200, 136, 168, 184, 188, 60, 124, 108, 109, 237, 173, 175, 171, 187, 155, 154, 26, 10, 42, 106, 234], f=102, g=27
[00:00:10:07:417] Expansion 8400000: state [255, 223, 207, 203, 75, 73, 72, 200, 136, 168, 184, 188, 156, 220, 92, 124, 108, 44, 45, 173, 237, 233, 249, 217, 153, 25, 24, 26, 58, 122], f=102, g=29
[00:00:10:16:076] Expansion 8500000: state [255, 223, 207, 203, 75, 73, 72, 200, 136, 168, 184, 188, 156, 158, 154, 155, 153, 25, 57, 121, 249, 233, 237, 173, 175, 171, 43, 42, 106, 122, 90, 94, 92, 124], f=102, g=33
[00:00:10:23:277] Expansion 8600000: state [255, 223, 207, 203, 75, 73, 72, 200, 136, 168, 184, 188, 252, 124, 92, 94, 90, 122, 106, 234, 238, 174, 46, 44, 45, 41, 57, 121, 249, 217, 153, 155, 187], f=102, g=32
[00:00:10:30:491] Expansion 8700000: state [255, 223, 207, 203, 75, 73, 72, 200, 136, 168, 184, 188, 252, 236, 108, 110, 46, 174, 175, 171, 187, 155, 154, 26, 90, 122, 120, 121, 249], f=102, g=28
[00:00:10:37:967] Expansion 8800000: state [255, 223, 207, 203, 75, 73, 72, 200, 136, 168, 184, 188, 190, 174, 46, 44, 45, 173, 141, 157, 153, 155, 154, 26, 58, 122, 250, 234], f=102, g=27
[00:00:10:45:425] Expansion 8900000: state [255, 223, 207, 203, 75, 73, 72, 200, 136, 168, 184, 188, 189, 157, 153, 155, 154, 218, 90, 94, 92, 124, 120, 121, 57, 41, 45, 109, 237, 236, 238, 174, 46, 42, 10], f=102, g=34
[00:00:10:52:816] Expansion 9000000: state [255, 223, 207, 203, 75, 73, 72, 200, 136, 168, 184, 186, 58, 26, 90, 94, 92, 220, 156, 158, 142, 174, 46, 44, 108, 236, 237, 233, 249, 121, 57, 25, 153, 155], f=102, g=33
[00:00:11:00:797] Expansion 9100000: state [255, 223, 207, 203, 75, 73, 72, 200, 136, 168, 184, 186, 154, 26, 24, 28, 156, 157, 153, 217, 249, 121, 57, 41, 43, 42, 106, 234, 238, 174, 175, 173, 237, 109, 108, 44], f=102, g=35
[00:00:11:08:044] Expansion 9200000: state [255, 223, 207, 203, 75, 73, 72, 200, 136, 168, 184, 186, 154, 218, 90, 94, 92, 220, 156, 157, 189, 173, 45, 41, 43, 42, 106, 234, 238], f=102, g=28
[00:00:11:15:278] Expansion 9300000: state [255, 223, 207, 203, 75, 73, 72, 200, 136, 168, 184, 186, 250, 122, 90, 26, 10, 42, 46, 174, 175, 173, 45, 41, 57, 121, 249, 217, 153, 157, 156, 28, 92, 124, 252], f=102, g=34
[00:00:11:22:464] Expansion 9400000: state [255, 223, 207, 203, 75, 73, 72, 200, 136, 168, 184, 186, 250, 218, 90, 26, 24, 28, 156, 157, 189, 173, 237, 109, 108, 110, 106, 42, 43, 171], f=102, g=29
[00:00:11:29:566] Expansion 9500000: state [255, 223, 207, 203, 75, 73, 72, 200, 136, 168, 184, 186, 250, 234, 238, 236, 237, 173, 189, 157, 153, 25, 57, 41, 43, 42, 46, 44, 60, 28, 92, 94, 90, 26], f=102, g=33
[00:00:11:36:761] Expansion 9600000: state [255, 223, 207, 203, 75, 73, 72, 200, 136, 168, 184, 186, 190, 174, 175, 171, 43, 42, 10, 26, 90, 94, 92, 124, 60, 44, 45], f=102, g=26
[00:00:11:44:003] Expansion 9700000: state [255, 223, 207, 203, 75, 73, 72, 200, 136, 168, 184, 186, 187, 171, 43, 41, 57, 121, 120, 124, 252, 236, 238, 110, 78, 94, 90, 26, 24, 28, 156, 157, 153, 217], f=102, g=33
[00:00:11:53:060] Expansion 9800000: state [255, 223, 207, 203, 75, 73, 72, 200, 136, 168, 184, 185, 57, 25, 24, 28, 156, 157, 141, 173, 237, 236, 252, 124, 120, 122, 58, 42, 46, 110], f=102, g=29
[00:00:12:00:271] Expansion 9900000: state [255, 223, 207, 203, 75, 73, 72, 200, 136, 168, 184, 185, 57, 41, 43, 171, 175, 173, 237, 236, 108, 124, 92, 28, 24, 26, 90, 122, 250], f=102, g=28
[00:00:12:07:462] Expansion 10000000: state [255, 223, 207, 203, 75, 73, 72, 200, 136, 168, 184, 185, 153, 157, 141, 173, 237, 109, 108, 110, 238, 174, 142, 158, 154, 26, 10, 42, 43, 41], f=102, g=29
[00:00:12:14:676] Expansion 10100000: state [255, 223, 207, 203, 75, 73, 72, 200, 136, 168, 184, 185, 249, 121, 120, 124, 60, 28, 156, 158, 154, 26, 58, 42, 106, 110, 78, 94], f=102, g=27
[00:00:12:21:818] Expansion 10200000: state [255, 223, 207, 203, 75, 73, 72, 200, 136, 168, 184, 185, 249, 233, 237, 236, 252, 124, 60, 44, 46, 110, 106, 122, 250, 218, 154, 158, 156, 157, 141], f=102, g=30
[00:00:12:29:000] Expansion 10300000: state [255, 223, 207, 203, 75, 73, 72, 200, 136, 168, 184, 185, 187, 155, 154, 26, 90, 94, 78, 110, 106, 42, 43, 41, 45, 44, 60, 124, 252, 236, 237], f=102, g=30
[00:00:12:36:229] Expansion 10400000: state [255, 223, 207, 203, 75, 73, 72, 200, 136, 168, 184, 185, 187, 171, 175, 174, 46, 44, 108, 124, 120, 122, 58, 26, 154, 158, 156], f=102, g=26
[00:00:12:43:658] Expansion 10500000: state [255, 223, 207, 203, 75, 73, 72, 200, 136, 168, 172, 44, 108, 110, 106, 122, 90, 26, 154, 186, 187, 185, 153, 157, 156, 220, 92, 93], f=102, g=27
[00:00:12:51:056] Expansion 10600000: state [255, 223, 207, 203, 75, 73, 72, 200, 136, 168, 172, 44, 60, 124, 92, 94, 78, 110, 106, 42, 10, 26, 24, 25, 57, 185, 249, 233, 237, 109], f=102, g=29
[00:00:12:58:344] Expansion 10700000: state [255, 223, 207, 203, 75, 73, 72, 200, 136, 168, 172, 44, 46, 110, 78, 94, 92, 124, 120, 122, 58, 186, 154, 155, 153, 217, 249, 233, 237, 109], f=102, g=29
[00:00:13:05:432] Expansion 10800000: state [255, 223, 207, 203, 75, 73, 72, 200, 136, 168, 172, 44, 45, 41, 43, 171, 187, 155, 154, 218, 250, 122, 120, 56, 24, 28, 156, 220, 252], f=102, g=28
[00:00:13:12:471] Expansion 10900000: state [255, 223, 207, 203, 75, 73, 72, 200, 136, 168, 172, 236, 108, 110, 46, 42, 10, 26, 90, 94, 92, 28, 156, 157, 189, 185, 187, 171], f=102, g=27
[00:00:13:19:654] Expansion 11000000: state [255, 223, 207, 203, 75, 73, 72, 200, 136, 168, 172, 236, 252, 124, 92, 28, 156, 157, 153, 155, 154, 26, 90, 122, 106, 42, 43, 41, 45], f=102, g=28
[00:00:13:26:744] Expansion 11100000: state [255, 223, 207, 203, 75, 73, 72, 200, 136, 168, 172, 236, 238, 110, 46, 42, 58, 186, 250, 248, 120, 121, 57, 185, 189, 157, 156, 158], f=102, g=27
[00:00:13:33:939] Expansion 11200000: state [255, 223, 207, 203, 75, 73, 72, 200, 136, 168, 172, 236, 238, 234, 250, 122, 120, 56, 24, 26, 154, 158, 156, 157, 189, 185, 187, 171, 43, 41, 45, 109], f=102, g=31
[00:00:13:41:123] Expansion 11300000: state [255, 223, 207, 203, 75, 73, 72, 200, 136, 168, 172, 236, 237, 233, 249, 121, 120, 124, 92, 94, 90, 218, 154, 186, 187, 171, 43, 42, 10], f=102, g=28
[00:00:13:48:357] Expansion 11400000: state [255, 223, 207, 203, 75, 73, 72, 200, 136, 168, 172, 188, 60, 56, 57, 41, 43, 42, 46, 110, 78, 94, 90, 26, 154], f=102, g=24
[00:00:13:55:450] Expansion 11500000: state [255, 223, 207, 203, 75, 73, 72, 200, 136, 168, 172, 188, 156, 220, 92, 124, 108, 109, 45, 41, 43, 42, 106, 122, 90, 218, 154, 155, 187, 185], f=102, g=29
[00:00:14:02:790] Expansion 11600000: state [255, 223, 207, 203, 75, 73, 72, 200, 136, 168, 172, 188, 156, 157, 153, 155, 154, 218, 90, 122, 58, 56, 57, 41, 45, 109, 237, 233, 249], f=102, g=28
[00:00:14:10:233] Expansion 11700000: state [255, 223, 207, 203, 75, 73, 72, 200, 136, 168, 172, 188, 190, 158, 154, 26, 10, 42, 43, 41, 45, 109, 108, 124, 120, 121, 249, 233], f=102, g=27
[00:00:14:17:831] Expansion 11800000: state [255, 223, 207, 203, 75, 73, 72, 200, 136, 168, 172, 188, 189, 157, 153, 155, 154, 218, 250, 234, 106, 110, 108, 124, 92, 220], f=102, g=25
[00:00:14:25:416] Expansion 11900000: state [255, 223, 207, 203, 75, 73, 72, 200, 136, 168, 172, 174, 46, 42, 58, 186, 187, 155, 153, 25, 24, 28, 60, 124, 252], f=102, g=24
[00:00:14:32:983] Expansion 12000000: state [255, 223, 207, 203, 75, 73, 72, 200, 136, 168, 172, 174, 46, 110, 106, 122, 90, 26, 24, 56, 60, 124, 252, 248, 249, 185, 187, 155], f=102, g=27
[00:00:14:40:580] Expansion 12100000: state [255, 223, 207, 203, 75, 73, 72, 200, 136, 168, 172, 174, 142, 158, 154, 155, 153, 25, 57, 121, 249, 248, 250, 122, 58, 42, 10], f=102, g=26
[00:00:14:48:042] Expansion 12200000: state [255, 223, 207, 203, 75, 73, 72, 200, 136, 168, 172, 174, 142, 158, 156, 157, 189, 185, 249, 233, 237, 109, 45, 41, 43, 42, 106, 122, 120, 124], f=102, g=29
[00:00:14:55:276] Expansion 12300000: state [255, 223, 207, 203, 75, 73, 72, 200, 136, 168, 172, 174, 238, 110, 106, 122, 120, 124, 252, 220, 156, 28, 24, 26, 154], f=102, g=24
[00:00:15:02:536] Expansion 12400000: state [255, 223, 207, 203, 75, 73, 72, 200, 136, 168, 172, 174, 238, 234, 106, 122, 58, 26, 154, 155, 187, 185, 249, 248, 252, 220, 156, 157], f=102, g=27
[00:00:15:09:754] Expansion 12500000: state [255, 223, 207, 203, 75, 73, 72, 200, 136, 168, 172, 174, 190, 158, 154, 218, 250, 122, 106, 42, 43, 41, 45, 109, 237, 233, 249, 185, 189, 157], f=102, g=29
[00:00:15:17:160] Expansion 12600000: state [255, 223, 207, 203, 75, 73, 72, 200, 136, 168, 172, 174, 190, 186, 154, 26, 24, 25, 57, 185, 189, 157, 156, 220, 92, 124, 120, 248], f=102, g=27
[00:00:15:26:951] Expansion 12700000: state [255, 223, 207, 203, 75, 73, 72, 200, 136, 168, 172, 174, 175, 171, 43, 41, 45, 109, 108, 124, 92, 28, 156, 157, 153, 217, 249, 248, 250, 122, 90, 26, 154], f=102, g=32
[00:00:15:34:162] Expansion 12800000: state [255, 223, 207, 203, 75, 73, 72, 200, 136, 168, 172, 174, 175, 171, 187, 155, 153, 157, 156, 220, 252, 248, 250, 234, 106, 110, 78, 94, 90, 26, 24, 56, 57], f=102, g=32
[00:00:15:41:381] Expansion 12900000: state [255, 223, 207, 203, 75, 73, 72, 200, 136, 168, 172, 173, 45, 41, 57, 185, 153, 155, 154, 158, 142], f=102, g=20
[00:00:15:48:624] Expansion 13000000: state [255, 223, 207, 203, 75, 73, 72, 200, 136, 168, 172, 173, 45, 41, 43, 171, 187, 186, 250, 122, 120, 121, 249, 217, 153, 157, 156, 28, 92, 94], f=102, g=29
[00:00:15:55:879] Expansion 13100000: state [255, 223, 207, 203, 75, 73, 72, 200, 136, 168, 172, 173, 141, 157, 153, 25, 24, 26, 90, 94, 92, 124, 252, 248, 250], f=102, g=24
[00:00:16:03:030] Expansion 13200000: state [255, 223, 207, 203, 75, 73, 72, 200, 136, 168, 172, 173, 141, 157, 156, 220, 252, 124, 108, 110, 106, 122, 250, 186, 154, 26, 24, 56, 57, 41, 43, 171], f=102, g=31
[00:00:16:10:176] Expansion 13300000: state [255, 223, 207, 203, 75, 73, 72, 200, 136, 168, 172, 173, 237, 109, 108, 110, 78, 94, 92, 28, 24, 56, 58, 186, 187, 185, 249, 248, 252], f=102, g=28
[00:00:16:17:352] Expansion 13400000: state [255, 223, 207, 203, 75, 73, 72, 200, 136, 168, 172, 173, 237, 233, 249, 185, 153, 25, 24, 28, 156, 220, 252, 124, 108, 110, 78, 94], f=102, g=27
[00:00:16:24:487] Expansion 13500000: state [255, 223, 207, 203, 75, 73, 72, 200, 136, 168, 172, 173, 189, 157, 153, 25, 24, 26, 154, 186, 187, 171, 43, 42, 46, 110, 78, 94, 92, 124, 60], f=102, g=30
[00:00:16:31:627] Expansion 13600000: state [255, 223, 207, 203, 75, 73, 72, 200, 136, 168, 172, 173, 189, 185, 153, 25, 24, 56, 120, 122, 250, 186, 190, 158, 156, 220, 92, 94, 78, 110, 46, 42, 43], f=102, g=32
[00:00:16:38:886] Expansion 13700000: state [255, 223, 207, 203, 75, 73, 72, 200, 136, 168, 172, 173, 175, 171, 43, 42, 106, 110, 108, 124, 92, 220, 156, 157, 153, 185, 249, 248], f=102, g=27
[00:00:16:46:118] Expansion 13800000: state [255, 223, 207, 203, 75, 73, 72, 200, 136, 168, 172, 173, 175, 171, 187, 186, 190, 158, 156, 28, 24, 26, 90, 94, 78, 110, 108, 124, 120, 248, 249, 217], f=102, g=31
[00:00:16:53:433] Expansion 13900000: state [255, 223, 207, 203, 75, 73, 72, 200, 136, 168, 170, 42, 10, 26, 90, 122, 120, 124, 252, 188, 189, 157, 153, 217, 249, 233, 237, 109], f=102, g=27
[00:00:17:00:769] Expansion 14000000: state [255, 223, 207, 203, 75, 73, 72, 200, 136, 168, 170, 42, 106, 122, 120, 124, 252, 188, 190], f=102, g=18
[00:00:17:08:133] Expansion 14100000: state [255, 223, 207, 203, 75, 73, 72, 200, 136, 168, 170, 42, 106, 110, 78, 94, 92, 124, 120, 248, 250, 218, 154, 155, 153, 25, 57, 41, 45, 173, 237, 236], f=102, g=31
[00:00:17:15:369] Expansion 14200000: state [255, 223, 207, 203, 75, 73, 72, 200, 136, 168, 170, 42, 106, 110, 238, 236, 237, 173, 141, 157, 156, 28, 60, 124, 120, 121, 249], f=102, g=26
[00:00:17:22:657] Expansion 14300000: state [255, 223, 207, 203, 75, 73, 72, 200, 136, 168, 170, 42, 58, 56, 120, 121, 249, 185, 153, 155, 154, 218, 90, 94, 78, 110, 108, 236, 237, 173], f=102, g=29
[00:00:17:29:989] Expansion 14400000: state [255, 223, 207, 203, 75, 73, 72, 200, 136, 168, 170, 42, 58, 122, 250, 218, 154, 158, 190, 188, 252, 236, 237, 109, 45, 41, 57, 121, 249, 217, 153], f=102, g=30
[00:00:17:37:183] Expansion 14500000: state [255, 223, 207, 203, 75, 73, 72, 200, 136, 168, 170, 42, 46, 44, 45, 173, 237, 233, 249, 121, 120, 56, 24, 25, 153, 157, 156, 158, 154, 218, 90], f=102, g=30
[00:00:17:44:356] Expansion 14600000: state [255, 223, 207, 203, 75, 73, 72, 200, 136, 168, 170, 42, 46, 110, 108, 236, 252, 248, 249, 217, 153, 157, 141, 173, 45, 41, 57, 56, 24, 28, 92], f=102, g=30
[00:00:17:51:608] Expansion 14700000: state [255, 223, 207, 203, 75, 73, 72, 200, 136, 168, 170, 42, 46, 110, 238, 236, 237, 173, 141, 157, 156, 220, 92, 94, 90, 218, 154, 155, 187, 185, 249, 248, 120, 56], f=102, g=33
[00:00:17:59:246] Expansion 14800000: state [255, 223, 207, 203, 75, 73, 72, 200, 136, 168, 170, 42, 43, 41, 45, 44, 108, 236, 237, 233, 249, 248, 120, 56, 24, 25], f=102, g=25
[00:00:18:06:807] Expansion 14900000: state [255, 223, 207, 203, 75, 73, 72, 200, 136, 168, 170, 234, 106, 122, 58, 26, 24, 28, 92, 220, 252, 236, 108, 44, 45, 173, 189, 157, 153, 217, 249, 121], f=102, g=31
[00:00:18:14:326] Expansion 15000000: state [255, 223, 207, 203, 75, 73, 72, 200, 136, 168, 170, 234, 106, 122, 120, 124, 60, 44, 45, 173, 189, 157, 153, 155, 154, 26, 24], f=102, g=26
[00:00:18:21:581] Expansion 15100000: state [255, 223, 207, 203, 75, 73, 72, 200, 136, 168, 170, 234, 106, 110, 78, 94, 92, 220, 252, 236, 237, 173, 141, 157, 153, 25, 24, 56], f=102, g=27
[00:00:18:28:908] Expansion 15200000: state [255, 223, 207, 203, 75, 73, 72, 200, 136, 168, 170, 234, 250, 122, 58, 56, 60, 44, 45, 173, 141, 157, 156, 158, 154, 155, 187, 185, 249, 217], f=102, g=29
[00:00:18:36:162] Expansion 15300000: state [255, 223, 207, 203, 75, 73, 72, 200, 136, 168, 170, 234, 250, 218, 90, 26, 58, 56, 120, 121, 249, 185, 189, 173, 45, 109, 108, 236, 252, 220, 156], f=102, g=30
[00:00:18:46:363] Expansion 15400000: state [255, 223, 207, 203, 75, 73, 72, 200, 136, 168, 170, 234, 250, 248, 120, 121, 57, 185, 187, 155, 154, 26, 24, 28, 92, 94, 78, 110, 46, 44, 45, 173, 141], f=102, g=32
[00:00:18:53:452] Expansion 15500000: state [255, 223, 207, 203, 75, 73, 72, 200, 136, 168, 170, 234, 238, 110, 46, 44, 45, 109, 237, 233, 249, 185, 153, 155, 154, 218, 90, 94, 92, 28, 24, 56, 58], f=102, g=32
[00:00:19:00:701] Expansion 15600000: state [255, 223, 207, 203, 75, 73, 72, 200, 136, 168, 170, 234, 238, 110, 108, 109, 45, 41, 57, 56, 24, 26, 90, 94, 92, 220, 156, 157, 153, 155], f=102, g=29
[00:00:19:07:937] Expansion 15700000: state [255, 223, 207, 203, 75, 73, 72, 200, 136, 168, 170, 234, 238, 236, 237, 173, 45, 44, 60, 188, 156, 157, 153, 25, 24, 26, 90], f=102, g=26
[00:00:19:15:227] Expansion 15800000: state [255, 223, 207, 203, 75, 73, 72, 200, 136, 168, 170, 186, 58, 122, 106, 110, 78, 94, 92, 28, 60, 188, 252, 236, 237, 109, 45, 41, 57, 25, 153, 217], f=102, g=31
[00:00:19:22:476] Expansion 15900000: state [255, 223, 207, 203, 75, 73, 72, 200, 136, 168, 170, 186, 154, 26, 90, 94, 92, 220, 252, 248, 249, 233, 237, 109, 45, 41, 57, 25, 153, 157, 141], f=102, g=30
[00:00:19:29:761] Expansion 16000000: state [255, 223, 207, 203, 75, 73, 72, 200, 136, 168, 170, 186, 154, 158, 156, 157, 189, 185, 57, 56, 120, 124, 108, 44], f=102, g=23
[00:00:19:37:053] Expansion 16100000: state [255, 223, 207, 203, 75, 73, 72, 200, 136, 168, 170, 186, 250, 122, 120, 56, 57, 41, 45, 173, 237, 236, 238, 110, 78, 94, 92, 220, 156, 157], f=102, g=29
[00:00:19:44:286] Expansion 16200000: state [255, 223, 207, 203, 75, 73, 72, 200, 136, 168, 170, 186, 190, 158, 156, 220, 92, 124, 108, 109, 45, 41, 57, 185, 153], f=102, g=24
[00:00:19:51:553] Expansion 16300000: state [255, 223, 207, 203, 75, 73, 72, 200, 136, 168, 170, 186, 187, 155, 153, 25, 57, 121, 249, 248, 252, 236, 237, 173, 45, 44, 46, 110, 106, 122, 90, 26], f=102, g=31
[00:00:19:58:816] Expansion 16400000: state [255, 223, 207, 203, 75, 73, 72, 200, 136, 168, 170, 174, 46, 44, 108, 236, 237, 233, 249, 217, 153, 155, 154, 26, 90, 94, 92, 93], f=102, g=27
[00:00:20:06:397] Expansion 16500000: state [255, 223, 207, 203, 75, 73, 72, 200, 136, 168, 170, 174, 46, 44, 45, 109, 237, 233, 249, 121, 120, 122, 90, 218, 154, 155, 153, 157, 189, 188, 252, 220, 92, 28], f=102, g=33
[00:00:20:14:027] Expansion 16600000: state [255, 223, 207, 203, 75, 73, 72, 200, 136, 168, 170, 174, 46, 110, 106, 122, 90, 218, 154, 155, 153, 25, 24, 28, 92, 220, 252, 188, 189, 173, 237, 109], f=102, g=31
[00:00:20:21:669] Expansion 16700000: state [255, 223, 207, 203, 75, 73, 72, 200, 136, 168, 170, 174, 46, 110, 108, 109, 45, 173, 189, 157, 153, 217, 249, 121, 120, 56, 60, 28, 92, 94, 90, 26, 154, 158], f=102, g=33
[00:00:20:29:446] Expansion 16800000: state [255, 223, 207, 203, 75, 73, 72, 200, 136, 168, 170, 174, 142, 158, 154, 218, 250, 122, 58, 56, 24, 25, 153, 217, 249, 233, 237, 173, 45, 44, 108, 110, 78, 94], f=102, g=33
[00:00:20:37:172] Expansion 16900000: state [255, 223, 207, 203, 75, 73, 72, 200, 136, 168, 170, 174, 142, 158, 156, 188, 60, 56, 57, 25, 153, 217, 249, 248, 250, 122, 106, 110, 78, 94], f=102, g=29
[00:00:20:44:870] Expansion 17000000: state [255, 223, 207, 203, 75, 73, 72, 200, 136, 168, 170, 174, 238, 110, 78, 94, 92, 124, 252, 188, 189, 173, 45, 41, 57, 121, 249, 217, 153, 155, 154, 26, 10], f=102, g=32
[00:00:20:52:434] Expansion 17100000: state [255, 223, 207, 203, 75, 73, 72, 200, 136, 168, 170, 174, 238, 110, 108, 124, 252, 220, 156, 28, 24, 56, 58, 122, 250, 218, 154, 155, 187, 185, 249, 233, 237, 173, 45], f=102, g=34
[00:00:20:59:759] Expansion 17200000: state [255, 223, 207, 203, 75, 73, 72, 200, 136, 168, 170, 174, 238, 236, 252, 220, 92, 28, 60, 44, 45, 173, 189, 157, 153, 25, 57, 121, 120, 122, 90, 218, 154, 158], f=102, g=33
[00:00:21:07:560] Expansion 17300000: state [255, 223, 207, 203, 75, 73, 72, 200, 136, 168, 170, 174, 190, 158, 154, 218, 90, 122, 58, 56, 24, 28, 92, 124, 108, 236, 237, 173, 189, 185, 153, 217], f=102, g=31
[00:00:21:15:145] Expansion 17400000: state [255, 223, 207, 203, 75, 73, 72, 200, 136, 168, 170, 174, 190, 158, 156, 157, 141, 173, 45, 44, 108, 124, 120, 56, 24, 26, 90, 94, 78], f=102, g=28
[00:00:21:22:441] Expansion 17500000: state [255, 223, 207, 203, 75, 73, 72, 200, 136, 168, 170, 174, 190, 188, 252, 220, 92, 28, 24, 26, 154, 155, 187, 185, 249, 121, 120, 122, 106, 110, 108, 109, 45], f=102, g=32
[00:00:21:29:863] Expansion 17600000: state [255, 223, 207, 203, 75, 73, 72, 200, 136, 168, 170, 174, 175, 173, 45, 109, 108, 236, 252, 220, 92, 28, 24, 25, 57, 185, 187, 155, 154, 218], f=102, g=29
[00:00:21:37:276] Expansion 17700000: state [255, 223, 207, 203, 75, 73, 72, 200, 136, 168, 170, 174, 175, 173, 237, 233, 249, 248, 252, 124, 60, 56, 24], f=102, g=22
[00:00:21:45:913] Expansion 17800000: state [255, 223, 207, 203, 75, 73, 72, 200, 136, 168, 170, 171, 43, 41, 57, 25, 153, 157, 156, 188, 60, 44, 46, 110, 78, 94, 90, 218, 250, 248, 249, 233, 237, 109], f=102, g=33
[00:00:21:53:256] Expansion 17900000: state [255, 223, 207, 203, 75, 73, 72, 200, 136, 168, 170, 171, 43, 41, 57, 121, 120, 122, 106, 110, 238, 236, 237, 173, 189, 157, 156, 158, 154], f=102, g=28
[00:00:22:00:417] Expansion 18000000: state [255, 223, 207, 203, 75, 73, 72, 200, 136, 168, 170, 171, 43, 41, 45, 173, 141, 157, 153, 217, 249, 248, 250, 122, 106, 110, 78, 94, 92, 28, 24, 26, 154], f=102, g=32
[00:00:22:07:583] Expansion 18100000: state [255, 223, 207, 203, 75, 73, 72, 200, 136, 168, 170, 171, 43, 41, 45, 109, 237, 233, 249, 185, 153, 157, 156, 220, 252, 124, 60, 56, 58, 26, 10], f=102, g=30
[00:00:22:15:051] Expansion 18200000: state [255, 223, 207, 203, 75, 73, 72, 200, 136, 168, 170, 171, 187, 155, 153, 157, 141, 173, 45, 44, 60, 56, 58, 122, 106, 110, 78, 94, 92, 93], f=102, g=29
[00:00:22:22:570] Expansion 18300000: state [255, 223, 207, 203, 75, 73, 72, 200, 136, 168, 170, 171, 187, 155, 154, 218, 90, 94, 78, 110, 108, 124, 60, 28, 24], f=102, g=24
[00:00:22:29:842] Expansion 18400000: state [255, 223, 207, 203, 75, 73, 72, 200, 136, 168, 170, 171, 187, 185, 57, 121, 120, 122, 90, 218, 154, 158, 190, 188, 252, 236, 108, 109], f=102, g=27
[00:00:22:40:702] Expansion 18500000: state [255, 223, 207, 203, 75, 73, 72, 200, 136, 168, 170, 171, 175, 173, 45, 41, 57, 25, 24, 26, 58, 122, 106, 110, 78, 94, 92, 124, 252, 188, 190, 158], f=102, g=31
[00:00:22:47:853] Expansion 18600000: state [255, 223, 207, 203, 75, 73, 72, 200, 136, 168, 170, 171, 175, 173, 45, 109, 108, 110, 78, 94, 90, 26, 154, 158, 156, 28, 60, 56, 120, 248], f=102, g=29
[00:00:22:55:087] Expansion 18700000: state [255, 223, 207, 203, 75, 73, 72, 200, 136, 168, 170, 171, 175, 173, 237, 233, 249, 185, 153, 155, 154, 158, 190, 188, 252, 220, 92, 93], f=102, g=27
[00:00:23:02:300] Expansion 18800000: state [255, 223, 207, 203, 75, 73, 72, 200, 136, 168, 170, 171, 175, 173, 189, 185, 153, 155, 154, 26, 24, 28, 92, 124, 252], f=102, g=24
[00:00:23:09:548] Expansion 18900000: state [255, 223, 207, 203, 75, 73, 72, 200, 136, 168, 169, 41, 57, 25, 153, 157, 156, 220, 252, 236, 108, 110, 46, 174, 190, 186, 154, 26, 10], f=102, g=28
[00:00:23:16:913] Expansion 19000000: state [255, 223, 207, 203, 75, 73, 72, 200, 136, 168, 169, 41, 57, 56, 120, 248, 250, 186, 190, 158, 156, 28, 92, 94, 78, 110, 106, 42], f=102, g=27
[00:00:23:24:180] Expansion 19100000: state [255, 223, 207, 203, 75, 73, 72, 200, 136, 168, 169, 41, 57, 121, 120, 124, 60, 188, 189, 157, 153, 155, 154, 26, 58, 42, 106, 110, 238, 236], f=102, g=29
[00:00:23:31:511] Expansion 19200000: state [255, 223, 207, 203, 75, 73, 72, 200, 136, 168, 169, 41, 57, 121, 249, 248, 252, 220, 92, 94, 90, 26, 154, 158, 142, 174, 238, 110, 106, 42], f=102, g=29
[00:00:23:38:671] Expansion 19300000: state [255, 223, 207, 203, 75, 73, 72, 200, 136, 168, 169, 41, 45, 44, 60, 28, 156, 158, 190, 174, 238, 110, 106, 122, 120, 248], f=102, g=25
[00:00:23:45:811] Expansion 19400000: state [255, 223, 207, 203, 75, 73, 72, 200, 136, 168, 169, 41, 45, 44, 46, 110, 106, 234, 250, 186, 187, 155, 153, 217, 249, 121, 120, 124, 92, 28, 24], f=102, g=30
[00:00:23:52:974] Expansion 19500000: state [255, 223, 207, 203, 75, 73, 72, 200, 136, 168, 169, 41, 45, 109, 108, 110, 46, 174, 190, 158, 154, 26, 24, 25, 153, 217, 249, 121], f=102, g=27
[00:00:24:00:116] Expansion 19600000: state [255, 223, 207, 203, 75, 73, 72, 200, 136, 168, 169, 41, 45, 109, 237, 236, 238, 110, 78, 94, 92, 220, 156, 188, 60, 56, 24, 26, 154, 186, 250, 248], f=102, g=31
[00:00:24:07:364] Expansion 19700000: state [255, 223, 207, 203, 75, 73, 72, 200, 136, 168, 169, 41, 43, 42, 106, 122, 90, 218, 154, 158, 190, 174, 238, 236, 252, 220, 92, 28, 24, 25, 153, 157, 141], f=102, g=32
[00:00:24:14:680] Expansion 19800000: state [255, 223, 207, 203, 75, 73, 72, 200, 136, 168, 169, 41, 43, 42, 46, 174, 142, 158, 154, 218, 90, 94, 92, 28, 60, 56, 120, 248, 249, 217, 153], f=102, g=30
[00:00:24:21:855] Expansion 19900000: state [255, 223, 207, 203, 75, 73, 72, 200, 136, 168, 169, 233, 249, 121, 57, 25, 153, 157, 189, 188, 252, 124, 108, 110, 46, 42, 10, 26, 90, 122], f=102, g=29
[00:00:24:29:056] Expansion 20000000: state [255, 223, 207, 203, 75, 73, 72, 200, 136, 168, 169, 233, 249, 121, 120, 56, 58, 26, 90, 218, 250, 234, 238, 174, 190, 188, 189, 157], f=102, g=27
[00:00:24:36:594] Expansion 20100000: state [255, 223, 207, 203, 75, 73, 72, 200, 136, 168, 169, 233, 249, 217, 153, 25, 57, 56, 60, 28, 156, 220, 252, 236, 238, 234, 106, 42, 10, 26, 154, 186, 187], f=102, g=32
[00:00:24:44:186] Expansion 20200000: state [255, 223, 207, 203, 75, 73, 72, 200, 136, 168, 169, 233, 249, 217, 153, 155, 154, 158, 156, 220, 252, 236, 238, 234, 250, 122, 58, 56, 60, 44], f=102, g=29
[00:00:24:51:615] Expansion 20300000: state [255, 223, 207, 203, 75, 73, 72, 200, 136, 168, 169, 233, 249, 248, 252, 236, 238, 234, 106, 42, 58, 186, 190, 158, 156, 28, 92, 94, 78], f=102, g=28
[00:00:24:58:988] Expansion 20400000: state [255, 223, 207, 203, 75, 73, 72, 200, 136, 168, 169, 233, 237, 109, 45, 44, 46, 174, 142, 158, 154, 155, 153, 25, 57, 121, 120, 248, 252, 220, 92, 94], f=102, g=31
[00:00:25:06:360] Expansion 20500000: state [255, 223, 207, 203, 75, 73, 72, 200, 136, 168, 169, 233, 237, 109, 108, 124, 252, 248, 250, 234, 238, 174, 46, 42, 58, 56, 24, 25, 153, 155, 187], f=102, g=30
[00:00:25:13:935] Expansion 20600000: state [255, 223, 207, 203, 75, 73, 72, 200, 136, 168, 169, 233, 237, 236, 108, 110, 106, 122, 58, 26, 24, 28, 60, 188, 189, 157, 153], f=102, g=26
[00:00:25:21:424] Expansion 20700000: state [255, 223, 207, 203, 75, 73, 72, 200, 136, 168, 169, 233, 237, 236, 238, 174, 142, 158, 156, 157, 153, 25, 57, 121, 120, 124, 92, 94, 90, 218, 250, 186, 58, 42, 43], f=102, g=34
[00:00:25:29:005] Expansion 20800000: state [255, 223, 207, 203, 75, 73, 72, 200, 136, 168, 169, 185, 57, 56, 60, 28, 92, 94, 78, 110, 238, 174, 142, 158, 154, 218, 250], f=102, g=26
[00:00:25:36:599] Expansion 20900000: state [255, 223, 207, 203, 75, 73, 72, 200, 136, 168, 169, 185, 153, 25, 24, 28, 60, 188, 252, 236, 238, 174, 142, 158, 154, 186, 58, 122], f=102, g=27
[00:00:25:43:943] Expansion 21000000: state [255, 223, 207, 203, 75, 73, 72, 200, 136, 168, 169, 185, 153, 155, 154, 26, 58, 122, 250, 234, 238, 110, 46, 44, 45], f=102, g=24
[00:00:25:51:197] Expansion 21100000: state [255, 223, 207, 203, 75, 73, 72, 200, 136, 168, 169, 185, 249, 248, 252, 188, 156, 28, 24, 56, 58, 42, 106, 110, 108, 44], f=102, g=25
[00:00:25:58:376] Expansion 21200000: state [255, 223, 207, 203, 75, 73, 72, 200, 136, 168, 169, 185, 189, 188, 156, 28, 92, 124, 120, 248, 250, 218, 90, 26, 58, 42], f=102, g=25
[00:00:26:05:701] Expansion 21300000: state [255, 223, 207, 203, 75, 73, 72, 200, 136, 168, 169, 185, 187, 186, 250, 122, 120, 124, 108, 236, 238, 174, 142, 158, 156, 188], f=102, g=25
[00:00:26:12:861] Expansion 21400000: state [255, 223, 207, 203, 75, 73, 72, 200, 136, 168, 169, 173, 45, 44, 108, 110, 238, 174, 190, 186, 187, 155, 153, 217, 249, 248, 252, 220, 92, 94, 90, 26, 24, 56, 57], f=102, g=34
[00:00:26:20:015] Expansion 21500000: state [255, 223, 207, 203, 75, 73, 72, 200, 136, 168, 169, 173, 45, 44, 46, 174, 142, 158, 156, 220, 252, 248, 120, 56, 57, 25, 153, 217], f=102, g=27
[00:00:26:27:210] Expansion 21600000: state [255, 223, 207, 203, 75, 73, 72, 200, 136, 168, 169, 173, 45, 109, 108, 236, 238, 174, 190, 158, 156, 28, 60, 56, 58, 26, 90, 218, 250], f=102, g=28
[00:00:26:34:492] Expansion 21700000: state [255, 223, 207, 203, 75, 73, 72, 200, 136, 168, 169, 173, 45, 109, 108, 110, 106, 42, 58, 56, 120, 121, 249, 217, 153, 155, 154], f=102, g=26
[00:00:26:41:819] Expansion 21800000: state [255, 223, 207, 203, 75, 73, 72, 200, 136, 168, 169, 173, 141, 157, 153, 25, 57, 121, 249, 248, 250, 234, 238, 174, 46, 44, 60, 28, 92, 94, 90], f=102, g=30
[00:00:26:49:283] Expansion 21900000: state [255, 223, 207, 203, 75, 73, 72, 200, 136, 168, 169, 173, 141, 157, 153, 155, 187, 186, 190, 188, 252, 124, 120, 56, 24, 26, 90, 94, 78, 110, 238, 234], f=102, g=31
[00:00:26:56:536] Expansion 22000000: state [255, 223, 207, 203, 75, 73, 72, 200, 136, 168, 169, 173, 237, 109, 108, 44, 46, 42, 10, 26, 24, 28, 92, 220, 252, 248, 249, 217, 153, 155], f=102, g=29
[00:00:27:03:727] Expansion 22100000: state [255, 223, 207, 203, 75, 73, 72, 200, 136, 168, 169, 173, 237, 109, 108, 110, 78, 94, 90, 122, 250, 186, 154, 158, 156, 157, 153, 217, 249, 121], f=102, g=29
[00:00:27:10:924] Expansion 22200000: state [255, 223, 207, 203, 75, 73, 72, 200, 136, 168, 169, 173, 237, 236, 108, 110, 46, 174, 190, 158, 154, 218, 250, 248], f=102, g=23
[00:00:27:18:172] Expansion 22300000: state [255, 223, 207, 203, 75, 73, 72, 200, 136, 168, 169, 173, 237, 236, 238, 110, 46, 42, 10, 26, 24, 56, 57, 121, 249, 248, 250, 186, 187, 155, 153, 157, 156, 188], f=102, g=33
[00:00:27:25:507] Expansion 22400000: state [255, 223, 207, 203, 75, 73, 72, 200, 136, 168, 169, 173, 189, 157, 153, 25, 24, 28, 92, 94, 90, 218, 154, 158, 190, 174, 238, 110, 108, 44], f=102, g=29
[00:00:27:32:935] Expansion 22500000: state [255, 223, 207, 203, 75, 73, 72, 200, 136, 168, 169, 173, 189, 157, 153, 155, 187, 186, 58, 56, 60, 28, 92, 220, 252, 236, 108, 110, 46, 174], f=102, g=29
[00:00:27:40:143] Expansion 22600000: state [255, 223, 207, 203, 75, 73, 72, 200, 136, 168, 169, 173, 189, 188, 156, 28, 24, 26, 154, 218, 250, 122, 106, 42, 46, 44, 108], f=102, g=26
[00:00:27:51:946] Expansion 22700000: state [255, 223, 207, 203, 75, 73, 72, 200, 136, 168, 169, 173, 175, 174, 46, 42, 106, 234, 250, 218, 90, 94, 92, 220, 156, 188, 60, 56, 57, 121, 249, 217, 153, 155, 187], f=102, g=34
[00:00:27:59:243] Expansion 22800000: state [255, 223, 207, 203, 75, 73, 72, 200, 136, 168, 169, 173, 175, 174, 142, 158, 156, 220, 252, 124, 120, 121, 57, 25, 153], f=102, g=24
[00:00:28:06:626] Expansion 22900000: state [255, 223, 207, 203, 75, 73, 72, 200, 136, 168, 169, 173, 175, 174, 190, 158, 154, 26, 24, 25, 153, 217, 249, 121, 120, 124, 92, 94], f=102, g=27
[00:00:28:14:042] Expansion 23000000: state [255, 223, 207, 203, 75, 73, 72, 200, 136, 168, 169, 171, 43, 42, 10, 26, 90, 218, 250, 248, 249, 217, 153, 157, 156, 220, 92, 124, 60, 44, 45, 109, 237, 236, 238, 110], f=102, g=35
[00:00:28:21:443] Expansion 23100000: state [255, 223, 207, 203, 75, 73, 72, 200, 136, 168, 169, 171, 43, 42, 106, 110, 238, 174, 190, 186, 154, 155, 153, 157, 156, 220, 92, 124, 60, 56, 57, 121], f=102, g=31
[00:00:28:28:789] Expansion 23200000: state [255, 223, 207, 203, 75, 73, 72, 200, 136, 168, 169, 171, 43, 42, 46, 44, 45, 109, 237, 236, 252, 124, 120, 121, 249, 217, 153, 155, 154], f=102, g=28
[00:00:28:36:025] Expansion 23300000: state [255, 223, 207, 203, 75, 73, 72, 200, 136, 168, 169, 171, 187, 155, 153, 25, 24, 26, 10, 42, 46, 110, 108, 236, 252, 248, 120, 122], f=102, g=27
[00:00:28:43:362] Expansion 23400000: state [255, 223, 207, 203, 75, 73, 72, 200, 136, 168, 169, 171, 187, 155, 153, 157, 156, 220, 92, 124, 120, 248, 250, 218, 90, 26, 10, 42, 46, 44], f=102, g=29
[00:00:28:50:658] Expansion 23500000: state [255, 223, 207, 203, 75, 73, 72, 200, 136, 168, 169, 171, 187, 155, 154, 158, 190, 174, 46, 110, 106, 234, 250, 248, 120, 124, 92, 28, 24, 25, 57], f=102, g=30
[00:00:28:57:978] Expansion 23600000: state [255, 223, 207, 203, 75, 73, 72, 200, 136, 168, 169, 171, 187, 186, 250, 218, 90, 26, 10, 42, 46, 110, 108, 236, 252, 188, 60, 56, 57, 121, 249, 217, 153], f=102, g=32
[00:00:29:05:241] Expansion 23700000: state [255, 223, 207, 203, 75, 73, 72, 200, 136, 168, 169, 171, 175, 174, 46, 42, 58, 186, 154, 155, 153, 157, 156, 188, 252, 124, 92, 94, 90], f=102, g=28
[00:00:29:12:502] Expansion 23800000: state [255, 223, 207, 203, 75, 73, 72, 200, 136, 168, 169, 171, 175, 174, 142, 158, 156, 28, 24, 56, 58, 122, 90, 94, 78, 110, 108, 124, 252, 248, 249], f=102, g=30
[00:00:29:19:815] Expansion 23900000: state [255, 223, 207, 203, 75, 73, 72, 200, 136, 168, 169, 171, 175, 174, 238, 236, 252, 124, 92, 94, 90, 122, 58, 186, 154, 155, 153, 157, 156], f=102, g=28
[00:00:29:27:122] Expansion 24000000: state [255, 223, 207, 203, 75, 73, 72, 200, 136, 152, 24, 56, 40, 44, 108, 124, 252, 188, 189, 185, 169, 171, 170, 234, 106, 122, 90, 218], f=102, g=27
[00:00:29:34:323] Expansion 24100000: state [255, 223, 207, 203, 75, 73, 72, 200, 136, 152, 24, 56, 40, 41, 169, 171, 170, 186, 250, 248, 252, 188, 189, 157], f=102, g=23
[00:00:29:41:634] Expansion 24200000: state [255, 223, 207, 203, 75, 73, 72, 200, 136, 152, 24, 56, 120, 124, 108, 236, 172, 174, 46, 42, 106, 234, 250, 186, 187, 171, 169, 41], f=102, g=27
[00:00:29:49:022] Expansion 24300000: state [255, 223, 207, 203, 75, 73, 72, 200, 136, 152, 24, 56, 120, 121, 249, 233, 169, 171, 187, 186, 250, 234, 106, 110, 78, 94, 92, 220, 252, 188, 172, 174, 142], f=102, g=32
[00:00:29:56:266] Expansion 24400000: state [255, 223, 207, 203, 75, 73, 72, 200, 136, 152, 24, 56, 60, 124, 92, 94, 78, 110, 238, 234, 170, 42, 43, 41, 45, 173, 172], f=102, g=26
[00:00:30:03:554] Expansion 24500000: state [255, 223, 207, 203, 75, 73, 72, 200, 136, 152, 24, 56, 58, 186, 250, 248, 249, 185, 189, 173, 172, 44, 108, 110, 78, 94, 92, 220], f=102, g=27
[00:00:30:10:884] Expansion 24600000: state [255, 223, 207, 203, 75, 73, 72, 200, 136, 152, 24, 56, 57, 41, 45, 109, 237, 233, 249, 248, 252, 124, 92, 94, 78, 110, 106, 122], f=102, g=27
[00:00:30:18:232] Expansion 24700000: state [255, 223, 207, 203, 75, 73, 72, 200, 136, 152, 24, 56, 57, 185, 187, 186, 250, 248, 252, 236, 172, 174, 46, 110, 106], f=102, g=24
[00:00:30:25:430] Expansion 24800000: state [255, 223, 207, 203, 75, 73, 72, 200, 136, 152, 24, 28, 92, 220, 252, 236, 108, 44, 45, 173, 189, 185, 57, 121, 120, 122, 106, 42], f=102, g=27
[00:00:30:32:581] Expansion 24900000: state [255, 223, 207, 203, 75, 73, 72, 200, 136, 152, 24, 28, 92, 124, 108, 236, 172, 173, 175, 171, 170, 186, 250, 248, 249, 185, 57, 41, 40], f=102, g=28
[00:00:30:39:750] Expansion 25000000: state [255, 223, 207, 203, 75, 73, 72, 200, 136, 152, 24, 28, 92, 124, 120, 121, 249, 185, 189, 173, 45, 41, 43, 42, 106, 234, 250, 186], f=102, g=27
[00:00:30:46:915] Expansion 25100000: state [255, 223, 207, 203, 75, 73, 72, 200, 136, 152, 24, 28, 92, 94, 78, 110, 106, 234, 250, 186, 190, 174, 175, 171, 43, 41, 45, 109, 237, 233, 249, 121], f=102, g=31
[00:00:30:54:077] Expansion 25200000: state [255, 223, 207, 203, 75, 73, 72, 200, 136, 152, 24, 28, 92, 94, 90, 218, 250, 186, 187, 171, 43, 41, 45, 109, 108, 236, 172, 188], f=102, g=27
[00:00:31:01:225] Expansion 25300000: state [255, 223, 207, 203, 75, 73, 72, 200, 136, 152, 24, 28, 92, 94, 90, 122, 106, 110, 108, 236, 252, 248, 249, 185, 189, 173, 45, 41, 43], f=102, g=28
[00:00:31:08:359] Expansion 25400000: state [255, 223, 207, 203, 75, 73, 72, 200, 136, 152, 24, 28, 60, 44, 40, 41, 57, 121, 249, 233, 237, 236, 238, 110, 78, 94, 90, 218, 250, 186, 170], f=102, g=30
[00:00:31:15:526] Expansion 25500000: state [255, 223, 207, 203, 75, 73, 72, 200, 136, 152, 24, 28, 60, 188, 172, 174, 46, 110, 106, 122, 120, 121, 57, 41, 45], f=102, g=24
[00:00:31:22:655] Expansion 25600000: state [255, 223, 207, 203, 75, 73, 72, 200, 136, 152, 24, 28, 60, 188, 189, 173, 237, 236, 238, 174, 46, 42, 40, 41, 57, 121, 249, 217], f=102, g=27
[00:00:31:29:766] Expansion 25700000: state [255, 223, 207, 203, 75, 73, 72, 200, 136, 152, 24, 28, 60, 124, 252, 236, 172, 173, 169, 171, 43, 42, 106, 234, 250, 186, 190, 158], f=102, g=27
[00:00:31:36:900] Expansion 25800000: state [255, 223, 207, 203, 75, 73, 72, 200, 136, 152, 24, 26, 10, 42, 170, 174, 190, 188, 252, 124, 108, 109, 45, 41, 169], f=102, g=24
[00:00:31:44:149] Expansion 25900000: state [255, 223, 207, 203, 75, 73, 72, 200, 136, 152, 24, 26, 10, 42, 46, 110, 238, 234, 250, 248, 249, 185, 189, 173, 175, 171], f=102, g=25
[00:00:31:51:393] Expansion 26000000: state [255, 223, 207, 203, 75, 73, 72, 200, 136, 152, 24, 26, 90, 218, 250, 234, 106, 42, 46, 44, 60, 188, 252, 236, 237, 173, 169, 185, 187, 155], f=102, g=29
[00:00:31:58:627] Expansion 26100000: state [255, 223, 207, 203, 75, 73, 72, 200, 136, 152, 24, 26, 90, 122, 106, 42, 170, 174, 172, 236, 237, 109, 45, 41, 57, 185, 249, 248], f=102, g=27
[00:00:32:05:902] Expansion 26200000: state [255, 223, 207, 203, 75, 73, 72, 200, 136, 152, 24, 26, 90, 122, 120, 124, 252, 236, 238, 174, 46, 44, 45, 41, 43, 171, 187, 185, 249], f=102, g=28
[00:00:32:13:167] Expansion 26300000: state [255, 223, 207, 203, 75, 73, 72, 200, 136, 152, 24, 26, 90, 122, 250, 248, 249, 233, 237, 173, 189, 188, 190, 174, 46, 42], f=102, g=25
[00:00:32:20:460] Expansion 26400000: state [255, 223, 207, 203, 75, 73, 72, 200, 136, 152, 24, 26, 90, 94, 78, 110, 238, 234, 250, 186, 190, 188, 189, 173, 169, 41, 40], f=102, g=26
[00:00:32:27:724] Expansion 26500000: state [255, 223, 207, 203, 75, 73, 72, 200, 136, 152, 24, 26, 90, 94, 92, 124, 108, 236, 237, 173, 45, 41, 57, 121, 249, 248, 250, 186, 187], f=102, g=28
[00:00:32:34:952] Expansion 26600000: state [255, 223, 207, 203, 75, 73, 72, 200, 136, 152, 24, 26, 58, 42, 170, 234, 238, 110, 78, 94, 92, 124, 120, 248, 249, 233, 169, 41, 45, 44, 172, 188, 189, 157, 141], f=102, g=34
[00:00:32:42:203] Expansion 26700000: state [255, 223, 207, 203, 75, 73, 72, 200, 136, 152, 24, 26, 58, 186, 170, 174, 238, 110, 108, 124, 252, 188, 189, 185], f=102, g=23
[00:00:32:49:470] Expansion 26800000: state [255, 223, 207, 203, 75, 73, 72, 200, 136, 152, 24, 26, 58, 122, 106, 110, 78, 94, 92, 220, 252, 236, 172, 174, 170, 171, 169, 41, 57, 121], f=102, g=29
[00:00:32:56:684] Expansion 26900000: state [255, 223, 207, 203, 75, 73, 72, 200, 136, 152, 24, 25, 57, 41, 40, 44, 108, 109, 237, 173, 189, 188, 252, 220, 92, 94, 90, 122, 250, 234, 170, 171], f=102, g=31
[00:00:33:03:944] Expansion 27000000: state [255, 223, 207, 203, 75, 73, 72, 200, 136, 152, 24, 25, 57, 41, 169, 171, 175, 174, 238, 234, 250, 218], f=102, g=21
[00:00:33:11:404] Expansion 27100000: state [255, 223, 207, 203, 75, 73, 72, 200, 136, 152, 24, 25, 57, 41, 43, 171, 187, 186, 190, 174, 172, 173, 237, 233, 249, 248, 120, 122, 106], f=102, g=28
[00:00:33:19:024] Expansion 27200000: state [255, 223, 207, 203, 75, 73, 72, 200, 136, 152, 24, 25, 57, 185, 249, 233, 237, 173, 175, 171, 43, 42, 46, 110, 78, 94, 92, 124, 120, 122, 250], f=102, g=30
[00:00:33:26:453] Expansion 27300000: state [255, 223, 207, 203, 75, 73, 72, 200, 136, 152, 24, 25, 57, 185, 187, 171, 175, 173, 172, 44, 40, 42, 106, 122, 120, 248, 252, 220, 92, 93], f=102, g=29
[00:00:33:33:735] Expansion 27400000: state [255, 223, 207, 203, 75, 73, 72, 200, 136, 152, 24, 25, 57, 121, 120, 122, 250, 186, 187, 171, 43, 42, 46, 110, 108, 109, 237, 173, 172], f=102, g=28
[00:00:33:40:934] Expansion 27500000: state [255, 223, 207, 203, 75, 73, 72, 200, 136, 152, 24, 25, 57, 121, 249, 248, 250, 122, 58, 42, 170, 171, 169, 173, 172, 188, 190], f=102, g=26
[00:00:33:48:179] Expansion 27600000: state [255, 223, 207, 203, 75, 73, 72, 200, 136, 152, 184, 56, 58, 26, 90, 218, 250, 234, 106, 110, 108, 236, 172, 173, 169], f=102, g=24
[00:00:33:55:509] Expansion 27700000: state [255, 223, 207, 203, 75, 73, 72, 200, 136, 152, 184, 248, 252, 220, 92, 94, 78, 110, 108, 44, 172, 174, 170, 171], f=102, g=23
[00:00:34:02:773] Expansion 27800000: state [255, 223, 207, 203, 75, 73, 72, 200, 136, 152, 184, 188, 60, 28, 92, 94, 78, 110, 46, 42, 40, 41, 45, 109, 237, 233, 249, 217], f=102, g=27
[00:00:34:09:923] Expansion 27900000: state [255, 223, 207, 203, 75, 73, 72, 200, 136, 152, 184, 188, 252, 124, 120, 121, 249, 233, 169, 173, 175, 174, 170, 42, 58, 26, 90], f=102, g=26
[00:00:34:17:257] Expansion 28000000: state [255, 223, 207, 203, 75, 73, 72, 200, 136, 152, 184, 186, 58, 42, 43, 171, 175, 173, 172, 236, 238, 110, 78, 94, 90, 218], f=102, g=25
[00:00:34:24:545] Expansion 28100000: state [255, 223, 207, 203, 75, 73, 72, 200, 136, 152, 184, 186, 250, 234, 238, 174, 46, 42, 40, 41, 57, 121, 249, 233, 237, 109, 108, 124, 92, 93], f=102, g=29
[00:00:34:31:889] Expansion 28200000: state [255, 223, 207, 203, 75, 73, 72, 200, 136, 152, 184, 185, 57, 121, 120, 122, 106, 42, 43, 171, 175, 174, 238, 236, 108], f=102, g=24
[00:00:34:39:222] Expansion 28300000: state [255, 223, 207, 203, 75, 73, 72, 200, 136, 152, 184, 185, 189, 173, 172, 174, 170, 42, 58, 122, 90], f=102, g=20
[00:00:34:46:598] Expansion 28400000: state [255, 223, 207, 203, 75, 73, 72, 200, 136, 152, 156, 28, 92, 124, 108, 110, 238, 174, 175, 173, 189, 185, 57, 41, 43, 42, 58, 122], f=102, g=27
[00:00:34:54:115] Expansion 28500000: state [255, 223, 207, 203, 75, 73, 72, 200, 136, 152, 156, 28, 92, 124, 120, 121, 249, 185, 189, 173, 45, 44, 46, 110, 106, 234, 250, 186, 58, 26, 90], f=102, g=30
[00:00:35:01:585] Expansion 28600000: state [255, 223, 207, 203, 75, 73, 72, 200, 136, 152, 156, 28, 92, 94, 78, 110, 106, 42, 40, 56, 120, 248, 249, 185, 187, 186, 190], f=102, g=26
[00:00:35:09:110] Expansion 28700000: state [255, 223, 207, 203, 75, 73, 72, 200, 136, 152, 156, 28, 92, 94, 78, 110, 238, 236, 237, 173, 169, 171, 170, 42, 40, 56, 120, 248, 249], f=102, g=28
[00:00:35:16:686] Expansion 28800000: state [255, 223, 207, 203, 75, 73, 72, 200, 136, 152, 156, 28, 92, 94, 90, 218, 250, 186, 58, 42, 106, 110, 108, 236, 172, 174, 175, 171, 169, 185, 57, 121, 120], f=102, g=32
[00:00:35:24:233] Expansion 28900000: state [255, 223, 207, 203, 75, 73, 72, 200, 136, 152, 156, 28, 92, 94, 90, 122, 106, 234, 170, 174, 46, 44, 108, 109, 237, 233, 169, 41, 57, 56], f=102, g=29
[00:00:35:31:555] Expansion 29000000: state [255, 223, 207, 203, 75, 73, 72, 200, 136, 152, 156, 28, 60, 44, 172, 236, 238, 110, 78, 94, 90, 26, 58, 186, 250, 248, 249, 185, 57, 25], f=102, g=29
[00:00:35:38:713] Expansion 29100000: state [255, 223, 207, 203, 75, 73, 72, 200, 136, 152, 156, 28, 60, 44, 45, 109, 237, 236, 252, 248, 249, 185, 187, 186, 170, 42, 10, 26, 90, 94, 78], f=102, g=30
[00:00:35:45:884] Expansion 29200000: state [255, 223, 207, 203, 75, 73, 72, 200, 136, 152, 156, 28, 60, 56, 58, 122, 106, 234, 170, 171, 175, 173, 172, 236, 252, 248, 249, 217], f=102, g=27
[00:00:35:53:019] Expansion 29300000: state [255, 223, 207, 203, 75, 73, 72, 200, 136, 152, 156, 28, 60, 124, 108, 109, 237, 173, 169, 171, 43, 42, 106, 122, 250, 218], f=102, g=25
[00:00:36:00:112] Expansion 29400000: state [255, 223, 207, 203, 75, 73, 72, 200, 136, 152, 156, 28, 60, 124, 252, 248, 249, 121, 57, 41, 45, 173, 175, 174, 46, 42, 10, 26, 90], f=102, g=28
[00:00:36:07:284] Expansion 29500000: state [255, 223, 207, 203, 75, 73, 72, 200, 136, 152, 156, 220, 92, 124, 108, 236, 238, 174, 170, 186, 58, 56, 40, 41, 169, 185, 189], f=102, g=26
[00:00:36:14:560] Expansion 29600000: state [255, 223, 207, 203, 75, 73, 72, 200, 136, 152, 156, 220, 92, 124, 120, 122, 58, 186, 170, 174, 172, 173, 141], f=102, g=22
[00:00:36:21:948] Expansion 29700000: state [255, 223, 207, 203, 75, 73, 72, 200, 136, 152, 156, 220, 92, 94, 78, 110, 108, 44, 45, 41, 169, 171, 187, 186, 58, 56, 120, 248], f=102, g=27
[00:00:36:29:288] Expansion 29800000: state [255, 223, 207, 203, 75, 73, 72, 200, 136, 152, 156, 220, 92, 94, 90, 26, 10, 42, 43, 41, 45, 109, 108, 236, 172, 174, 190, 186, 187, 185, 249, 233], f=102, g=31
[00:00:36:36:644] Expansion 29900000: state [255, 223, 207, 203, 75, 73, 72, 200, 136, 152, 156, 220, 92, 94, 90, 218, 250, 234, 238, 236, 172, 44, 40, 41, 57, 25], f=102, g=25
[00:00:36:44:008] Expansion 30000000: state [255, 223, 207, 203, 75, 73, 72, 200, 136, 152, 156, 220, 92, 94, 90, 122, 250, 186, 170, 174, 238, 236, 237, 109, 45, 44, 60, 56], f=102, g=27
[00:00:36:51:213] Expansion 30100000: state [255, 223, 207, 203, 75, 73, 72, 200, 136, 152, 156, 220, 252, 124, 108, 110, 238, 234, 250, 122, 90, 26, 10, 42, 40, 56, 57, 185, 187], f=102, g=28
[00:00:36:58:486] Expansion 30200000: state [255, 223, 207, 203, 75, 73, 72, 200, 136, 152, 156, 220, 252, 236, 108, 110, 78, 94, 90, 122, 58, 42, 43, 171, 169, 185, 57, 25], f=102, g=27
[00:00:37:05:828] Expansion 30300000: state [255, 223, 207, 203, 75, 73, 72, 200, 136, 152, 156, 220, 252, 236, 237, 233, 249, 121, 57, 41, 40, 42, 170, 171, 187, 155], f=102, g=25
[00:00:37:14:144] Expansion 30400000: state [255, 223, 207, 203, 75, 73, 72, 200, 136, 152, 156, 220, 252, 248, 249, 121, 57, 41, 45, 173, 172, 174, 190, 186, 58, 42, 106, 110, 78, 94], f=102, g=29
[00:00:37:27:196] Expansion 30500000: state [255, 223, 207, 203, 75, 73, 72, 200, 136, 152, 156, 188, 60, 44, 45, 41, 57, 185, 187, 171, 175, 174, 238, 234, 106, 42, 10, 26, 90, 94, 92, 93], f=102, g=31
[00:00:37:34:325] Expansion 30600000: state [255, 223, 207, 203, 75, 73, 72, 200, 136, 152, 156, 188, 60, 124, 92, 94, 90, 26, 58, 42, 170, 171, 169, 173, 237, 236, 238], f=102, g=26
[00:00:37:41:773] Expansion 30700000: state [255, 223, 207, 203, 75, 73, 72, 200, 136, 152, 156, 188, 172, 44, 46, 42, 43, 171, 169, 233, 249, 248, 120, 124, 92, 94, 90, 26], f=102, g=27
[00:00:37:49:362] Expansion 30800000: state [255, 223, 207, 203, 75, 73, 72, 200, 136, 152, 156, 188, 172, 174, 238, 110, 108, 109, 237, 233, 249, 248, 120, 56, 57], f=102, g=24
[00:00:37:56:980] Expansion 30900000: state [255, 223, 207, 203, 75, 73, 72, 200, 136, 152, 156, 188, 252, 124, 92, 94, 90, 122, 250, 186, 187, 185, 249, 233, 237, 109, 45, 41, 40, 42, 46, 174], f=102, g=31
[00:00:38:04:570] Expansion 31000000: state [255, 223, 207, 203, 75, 73, 72, 200, 136, 152, 156, 188, 252, 236, 238, 234, 106, 122, 58, 186, 187, 171, 169, 173], f=102, g=23
[00:00:38:12:085] Expansion 31100000: state [255, 223, 207, 203, 75, 73, 72, 200, 136, 152, 156, 188, 252, 248, 249, 233, 237, 109, 108, 110, 238, 234, 170, 42, 40, 41], f=102, g=25
[00:00:38:19:386] Expansion 31200000: state [255, 223, 207, 203, 75, 73, 72, 200, 136, 152, 156, 188, 190, 174, 175, 171, 169, 185, 249, 248, 250, 218, 90, 94, 78, 110, 108, 44], f=102, g=27
[00:00:38:26:715] Expansion 31300000: state [255, 223, 207, 203, 75, 73, 72, 200, 136, 152, 156, 188, 190, 186, 187, 185, 169, 41, 45, 44, 46, 42, 106, 122, 90, 26], f=102, g=25
[00:00:38:34:125] Expansion 31400000: state [255, 223, 207, 203, 75, 73, 72, 200, 136, 152, 156, 188, 189, 185, 57, 41, 45, 109, 108, 124, 120, 122, 58, 42, 46, 174, 238, 234], f=102, g=27
[00:00:38:41:567] Expansion 31500000: state [255, 223, 207, 203, 75, 73, 72, 200, 136, 152, 156, 158, 142, 174, 46, 44, 40, 56, 58, 186, 250, 248, 252, 236, 237, 173], f=102, g=25
[00:00:38:48:966] Expansion 31600000: state [255, 223, 207, 203, 75, 73, 72, 200, 136, 152, 156, 158, 142, 174, 170, 186, 250, 218, 90, 94, 92, 124, 60, 44, 45, 41, 57, 185, 249, 233, 237, 236], f=102, g=31
[00:00:38:56:538] Expansion 31700000: state [255, 223, 207, 203, 75, 73, 72, 200, 136, 152, 156, 158, 142, 174, 172, 173, 237, 233, 249, 185, 57, 41, 43, 42, 10, 26, 90, 122, 120, 124, 108, 110, 78], f=102, g=32
[00:00:39:04:134] Expansion 31800000: state [255, 223, 207, 203, 75, 73, 72, 200, 136, 152, 156, 158, 142, 174, 238, 236, 252, 124, 120, 122, 250, 186, 187, 185, 189, 173, 45], f=102, g=26
[00:00:39:11:499] Expansion 31900000: state [255, 223, 207, 203, 75, 73, 72, 200, 136, 152, 156, 158, 142, 174, 175, 173, 237, 236, 252, 124, 92, 94, 90, 218, 250, 234, 106, 42, 43], f=102, g=28
[00:00:39:18:821] Expansion 32000000: state [255, 223, 207, 203, 75, 73, 72, 200, 136, 152, 156, 158, 190, 174, 170, 171, 43, 41, 57, 185, 189, 173, 237, 236, 252, 248, 250, 122, 90, 94], f=102, g=29
[00:00:39:26:087] Expansion 32100000: state [255, 223, 207, 203, 75, 73, 72, 200, 136, 152, 156, 158, 190, 174, 238, 234, 106, 42, 58, 56, 120, 124, 108, 44, 45, 173, 189, 185, 187], f=102, g=28
[00:00:39:33:554] Expansion 32200000: state [255, 223, 207, 203, 75, 73, 72, 200, 136, 152, 156, 158, 190, 174, 175, 173, 237, 233, 249, 248, 250, 234, 106, 42, 40, 44, 60, 124, 92, 94, 90], f=102, g=30
[00:00:39:41:145] Expansion 32300000: state [255, 223, 207, 203, 75, 73, 72, 200, 136, 152, 156, 158, 190, 186, 170, 171, 43, 41, 45, 44, 46, 110, 78, 94, 90, 122, 120, 121], f=102, g=27
[00:00:39:48:594] Expansion 32400000: state [255, 223, 207, 203, 75, 73, 72, 200, 136, 152, 156, 158, 190, 186, 250, 248, 249, 185, 57, 41, 43, 171, 175, 173, 172, 236, 108, 110, 78], f=102, g=28
[00:00:39:56:012] Expansion 32500000: state [255, 223, 207, 203, 75, 73, 72, 200, 136, 152, 156, 157, 141, 173, 45, 41, 43, 171, 170, 174, 238, 110, 78, 94, 92, 124, 252, 248, 250, 218], f=102, g=29
[00:00:40:03:441] Expansion 32600000: state [255, 223, 207, 203, 75, 73, 72, 200, 136, 152, 156, 157, 141, 173, 169, 185, 249, 121, 120, 124, 252, 236, 238, 174, 170, 186, 58, 26, 10], f=102, g=28
[00:00:40:10:777] Expansion 32700000: state [255, 223, 207, 203, 75, 73, 72, 200, 136, 152, 156, 157, 141, 173, 172, 174, 190, 186, 250, 248, 120, 121, 57, 41, 43, 42, 10, 26, 90, 94], f=102, g=29
[00:00:40:18:110] Expansion 32800000: state [255, 223, 207, 203, 75, 73, 72, 200, 136, 152, 156, 157, 141, 173, 237, 236, 238, 174, 46, 44, 60, 56, 58, 122, 250, 248, 249, 185, 187], f=102, g=28
[00:00:40:25:943] Expansion 32900000: state [255, 223, 207, 203, 75, 73, 72, 200, 136, 152, 156, 157, 189, 173, 45, 44, 108, 236, 238, 174, 190, 186, 187, 171, 43, 42, 10, 26, 90, 94, 92], f=102, g=30
[00:00:40:33:568] Expansion 33000000: state [255, 223, 207, 203, 75, 73, 72, 200, 136, 152, 156, 157, 189, 173, 172, 236, 238, 234, 250, 186, 187, 171, 43, 42, 40, 56, 120, 121, 249], f=102, g=28
[00:00:40:41:062] Expansion 33100000: state [255, 223, 207, 203, 75, 73, 72, 200, 136, 152, 156, 157, 189, 173, 175, 174, 170, 42, 106, 110, 78, 94, 92, 124, 60, 56, 57, 121, 249, 248, 250], f=102, g=30
[00:00:40:48:549] Expansion 33200000: state [255, 223, 207, 203, 75, 73, 72, 200, 136, 152, 156, 157, 189, 185, 169, 41, 43, 42, 58, 186, 190, 174, 172, 236, 252, 124, 92, 94], f=102, g=27
[00:00:40:56:007] Expansion 33300000: state [255, 223, 207, 203, 75, 73, 72, 200, 136, 152, 156, 157, 189, 185, 249, 248, 252, 124, 92, 94, 90, 26, 58, 42, 106, 234, 238, 174, 172, 44, 45, 41], f=102, g=31
[00:00:41:03:493] Expansion 33400000: state [255, 223, 207, 203, 75, 73, 72, 200, 136, 152, 154, 26, 10, 42, 40, 41, 45, 109, 108, 124, 120, 122, 250, 234, 238, 174, 175, 171, 187, 185, 189, 188], f=102, g=31
[00:00:41:11:109] Expansion 33500000: state [255, 223, 207, 203, 75, 73, 72, 200, 136, 152, 154, 26, 10, 42, 106, 110, 108, 109, 45, 173, 172, 188, 252, 220, 92, 93], f=102, g=25
[00:00:41:18:745] Expansion 33600000: state [255, 223, 207, 203, 75, 73, 72, 200, 136, 152, 154, 26, 90, 122, 106, 42, 170, 171, 187, 185, 189, 188, 172, 236, 237], f=102, g=24
[00:00:41:26:405] Expansion 33700000: state [255, 223, 207, 203, 75, 73, 72, 200, 136, 152, 154, 26, 90, 122, 120, 248, 249, 233, 237, 173, 172, 44, 46, 110, 238, 234, 170, 171, 187], f=102, g=28
[00:00:41:34:102] Expansion 33800000: state [255, 223, 207, 203, 75, 73, 72, 200, 136, 152, 154, 26, 90, 122, 250, 248, 249, 185, 57, 56, 60, 44, 46, 42, 170, 171, 175, 173, 237, 236, 238], f=102, g=30
[00:00:41:41:902] Expansion 33900000: state [255, 223, 207, 203, 75, 73, 72, 200, 136, 152, 154, 26, 90, 94, 78, 110, 238, 174, 170, 171, 43, 41, 45, 44, 60, 56, 120, 248, 249, 185, 189], f=102, g=30
[00:00:41:49:441] Expansion 34000000: state [255, 223, 207, 203, 75, 73, 72, 200, 136, 152, 154, 26, 90, 94, 92, 220, 252, 188, 189, 173, 45, 44, 46, 110, 238, 234], f=102, g=25
[00:00:41:57:005] Expansion 34100000: state [255, 223, 207, 203, 75, 73, 72, 200, 136, 152, 154, 26, 90, 94, 92, 124, 120, 121, 249, 185, 187, 171, 170, 42, 46, 110, 238, 236, 172, 173, 45, 41], f=102, g=31
[00:00:42:04:595] Expansion 34200000: state [255, 223, 207, 203, 75, 73, 72, 200, 136, 152, 154, 26, 58, 42, 46, 174, 238, 236, 237, 109, 45, 41, 169, 185, 249, 121, 120, 124, 60, 188], f=102, g=29
[00:00:42:12:183] Expansion 34300000: state [255, 223, 207, 203, 75, 73, 72, 200, 136, 152, 154, 26, 58, 56, 60, 124, 108, 236, 238, 174, 175, 173, 169, 41, 43], f=102, g=24
[00:00:42:19:768] Expansion 34400000: state [255, 223, 207, 203, 75, 73, 72, 200, 136, 152, 154, 26, 58, 122, 120, 121, 57, 41, 40, 44, 60, 188, 252, 220, 92, 94, 78, 110, 238], f=102, g=28
[00:00:42:27:443] Expansion 34500000: state [255, 223, 207, 203, 75, 73, 72, 200, 136, 152, 154, 218, 90, 122, 58, 56, 40, 41, 43, 171, 170, 174, 238, 236, 252, 248, 249, 185, 189, 173, 141], f=102, g=30
[00:00:42:35:498] Expansion 34600000: state [255, 223, 207, 203, 75, 73, 72, 200, 136, 152, 154, 218, 90, 122, 120, 56, 40, 42, 170, 174, 172, 188, 189, 185, 169], f=102, g=24
[00:00:42:43:033] Expansion 34700000: state [255, 223, 207, 203, 75, 73, 72, 200, 136, 152, 154, 218, 90, 94, 78, 110, 106, 42, 40, 44, 60, 124, 252, 236, 237, 173, 189, 157], f=102, g=27
[00:00:42:50:597] Expansion 34800000: state [255, 223, 207, 203, 75, 73, 72, 200, 136, 152, 154, 218, 90, 94, 92, 28, 60, 56, 40, 41, 169, 171, 170, 174, 172, 236, 252, 248, 249, 121], f=102, g=29
[00:00:42:57:972] Expansion 34900000: state [255, 223, 207, 203, 75, 73, 72, 200, 136, 152, 154, 218, 90, 94, 92, 124, 60, 56, 40, 42, 106, 234, 238, 174, 175, 173, 169, 233, 249, 217], f=102, g=29
[00:00:43:05:448] Expansion 35000000: state [255, 223, 207, 203, 75, 73, 72, 200, 136, 152, 154, 218, 250, 122, 58, 56, 40, 41, 169, 171, 170, 174, 172, 188, 252, 220, 92, 94, 78, 110, 108, 109], f=102, g=31
[00:00:43:13:072] Expansion 35100000: state [255, 223, 207, 203, 75, 73, 72, 200, 136, 152, 154, 218, 250, 122, 120, 124, 92, 94, 78, 110, 46, 42, 170, 171, 187, 185, 249, 233, 237, 109], f=102, g=29
[00:00:43:20:954] Expansion 35200000: state [255, 223, 207, 203, 75, 73, 72, 200, 136, 152, 154, 218, 250, 234, 170, 42, 40, 41, 169, 173, 172, 236, 108], f=102, g=22
[00:00:43:28:754] Expansion 35300000: state [255, 223, 207, 203, 75, 73, 72, 200, 136, 152, 154, 218, 250, 248, 120, 56, 57, 41, 169, 233, 237, 109, 108, 110, 106, 42, 170, 174, 190, 188], f=102, g=29
[00:00:43:36:498] Expansion 35400000: state [255, 223, 207, 203, 75, 73, 72, 200, 136, 152, 154, 218, 250, 248, 249, 185, 189, 188, 60, 28, 92, 94, 78, 110, 46, 42, 40, 41, 45, 109, 237, 236], f=102, g=31
[00:00:43:44:405] Expansion 35500000: state [255, 223, 207, 203, 75, 73, 72, 200, 136, 152, 154, 186, 58, 56, 57, 185, 189, 188, 172, 174, 46, 110, 108, 124, 92, 93], f=102, g=25
[00:00:43:52:267] Expansion 35600000: state [255, 223, 207, 203, 75, 73, 72, 200, 136, 152, 154, 186, 170, 42, 46, 110, 108, 236, 237, 233, 169, 185, 57, 56, 120, 248], f=102, g=25
[00:00:44:04:085] Expansion 35700000: state [255, 223, 207, 203, 75, 73, 72, 200, 136, 152, 154, 186, 170, 174, 238, 236, 252, 220, 92, 28, 60, 56, 40, 41, 169, 233, 249, 121], f=102, g=27
[00:00:44:11:417] Expansion 35800000: state [255, 223, 207, 203, 75, 73, 72, 200, 136, 152, 154, 186, 250, 122, 106, 110, 46, 44, 45, 173, 189, 188, 252, 220, 92, 93], f=102, g=25
[00:00:44:18:770] Expansion 35900000: state [255, 223, 207, 203, 75, 73, 72, 200, 136, 152, 154, 186, 250, 234, 238, 236, 252, 124, 120, 121, 57, 185, 169, 173, 175], f=102, g=24
[00:00:44:26:082] Expansion 36000000: state [255, 223, 207, 203, 75, 73, 72, 200, 136, 152, 154, 186, 190, 174, 238, 110, 106, 122, 120, 56, 57, 185, 189, 157], f=102, g=23
[00:00:44:33:488] Expansion 36100000: state [255, 223, 207, 203, 75, 73, 72, 200, 136, 152, 154, 186, 187, 171, 43, 41, 40, 44, 46, 110, 78, 94, 92, 220], f=102, g=23
[00:00:44:40:984] Expansion 36200000: state [255, 223, 207, 203, 75, 73, 72, 200, 136, 152, 154, 186, 187, 185, 57, 121, 120, 124, 252, 236, 172, 44, 46, 110, 78], f=102, g=24
[00:00:44:48:474] Expansion 36300000: state [255, 223, 207, 203, 75, 73, 72, 200, 136, 152, 154, 158, 142, 174, 46, 110, 106, 122, 120, 121, 249, 233, 237, 173, 141, 157], f=102, g=25
[00:00:44:55:969] Expansion 36400000: state [255, 223, 207, 203, 75, 73, 72, 200, 136, 152, 154, 158, 142, 174, 170, 171, 169, 233, 237, 109, 108, 110, 78, 94, 92, 220, 252, 188, 60], f=102, g=28
[00:00:45:03:361] Expansion 36500000: state [255, 223, 207, 203, 75, 73, 72, 200, 136, 152, 154, 158, 142, 174, 238, 110, 108, 109, 45, 41, 169, 185, 249, 121, 120, 56], f=102, g=25
[00:00:45:19:202] Expansion 36600000: state [255, 223, 207, 203, 75, 73, 72, 200, 136, 152, 154, 158, 142, 174, 175, 171, 187, 185, 189, 188, 252, 248, 250, 122, 58, 56, 40, 41], f=102, g=27
[00:00:45:26:534] Expansion 36700000: state [255, 223, 207, 203, 75, 73, 72, 200, 136, 152, 154, 158, 190, 174, 170, 234, 106, 122, 90, 94, 92, 124, 60, 44, 45, 109], f=102, g=25
[00:00:45:33:880] Expansion 36800000: state [255, 223, 207, 203, 75, 73, 72, 200, 136, 152, 154, 158, 190, 174, 238, 110, 108, 124, 60, 56, 57, 25], f=102, g=21
[00:00:45:41:288] Expansion 36900000: state [255, 223, 207, 203, 75, 73, 72, 200, 136, 152, 154, 158, 190, 188, 60, 28, 92, 94, 78, 110, 108, 236, 237, 173, 169, 41, 40, 42, 58, 122, 120, 248, 249, 217], f=102, g=33
[00:00:45:48:605] Expansion 37000000: state [255, 223, 207, 203, 75, 73, 72, 200, 136, 152, 154, 158, 190, 188, 172, 173, 169, 41, 43, 42, 46, 110, 238, 234, 250, 248, 120], f=102, g=26
[00:00:45:56:098] Expansion 37100000: state [255, 223, 207, 203, 75, 73, 72, 200, 136, 152, 154, 158, 190, 188, 189, 173, 237, 233, 249, 248, 250, 122, 106, 110, 46, 44, 40, 41, 43, 171], f=102, g=29
[00:00:46:03:537] Expansion 37200000: state [255, 223, 207, 203, 75, 73, 72, 200, 136, 152, 154, 155, 187, 171, 43, 42, 46, 110, 238, 234, 250, 248, 120, 56], f=102, g=23
[00:00:46:10:908] Expansion 37300000: state [255, 223, 207, 203, 75, 73, 72, 200, 136, 152, 154, 155, 187, 171, 170, 42, 58, 122, 120, 248, 252, 236, 237, 173, 45, 44, 60, 28, 92, 94, 78, 110], f=102, g=31
[00:00:46:18:233] Expansion 37400000: state [255, 223, 207, 203, 75, 73, 72, 200, 136, 152, 154, 155, 187, 171, 175, 174, 46, 44, 45, 41, 57, 56, 120, 124, 92, 93], f=102, g=25
[00:00:46:25:627] Expansion 37500000: state [255, 223, 207, 203, 75, 73, 72, 200, 136, 152, 154, 155, 187, 185, 169, 41, 40, 42, 106, 110, 238, 174, 172, 188, 252, 220, 92, 28], f=102, g=27
[00:00:46:33:047] Expansion 37600000: state [255, 223, 207, 203, 75, 73, 72, 200, 136, 152, 154, 155, 187, 185, 249, 233, 237, 173, 172, 188, 60, 124, 108, 110, 46, 42, 170, 234], f=102, g=27
[00:00:46:40:481] Expansion 37700000: state [255, 223, 207, 203, 75, 73, 72, 200, 136, 152, 153, 25, 57, 41, 40, 44, 60, 28, 92, 220, 252, 248, 120, 122, 58, 186, 170, 174], f=102, g=27
[00:00:46:47:908] Expansion 37800000: state [255, 223, 207, 203, 75, 73, 72, 200, 136, 152, 153, 25, 57, 41, 169, 173, 237, 109, 108, 44, 60, 188, 190, 174, 170, 234, 106, 122, 90], f=102, g=28
[00:00:46:55:365] Expansion 37900000: state [255, 223, 207, 203, 75, 73, 72, 200, 136, 152, 153, 25, 57, 41, 45, 173, 189, 188, 60], f=102, g=18
[00:00:47:02:878] Expansion 38000000: state [255, 223, 207, 203, 75, 73, 72, 200, 136, 152, 153, 25, 57, 41, 43, 171, 187, 186, 58, 122, 90, 94, 78, 110, 46, 44, 172, 236], f=102, g=27
[00:00:47:10:267] Expansion 38100000: state [255, 223, 207, 203, 75, 73, 72, 200, 136, 152, 153, 25, 57, 56, 120, 248, 250, 234, 170, 171, 169, 233, 237, 236, 172, 188, 189], f=102, g=26
[00:00:47:17:551] Expansion 38200000: state [255, 223, 207, 203, 75, 73, 72, 200, 136, 152, 153, 25, 57, 56, 60, 188, 189, 173, 45, 109, 108, 110, 238, 234, 170, 171, 187], f=102, g=26
[00:00:47:24:984] Expansion 38300000: state [255, 223, 207, 203, 75, 73, 72, 200, 136, 152, 153, 25, 57, 121, 120, 248, 250, 186, 58, 42, 106, 110, 238, 174, 172, 173, 45, 109], f=102, g=27
[00:00:47:32:375] Expansion 38400000: state [255, 223, 207, 203, 75, 73, 72, 200, 136, 152, 153, 25, 57, 121, 120, 122, 250, 186, 187, 171, 43, 42, 46, 110, 78, 94, 92, 93], f=102, g=27
[00:00:47:39:793] Expansion 38500000: state [255, 223, 207, 203, 75, 73, 72, 200, 136, 152, 153, 25, 57, 121, 249, 233, 237, 173, 189, 188, 252, 220, 92, 94, 90, 122, 106, 42, 43], f=102, g=28
[00:00:47:47:204] Expansion 38600000: state [255, 223, 207, 203, 75, 73, 72, 200, 136, 152, 153, 25, 57, 121, 249, 248, 250, 234, 106, 42, 58, 26, 90, 94, 92, 124, 108, 109, 237, 173, 172, 174, 190], f=102, g=32
[00:00:47:54:619] Expansion 38700000: state [255, 223, 207, 203, 75, 73, 72, 200, 136, 152, 153, 217, 249, 121, 57, 41, 45, 173, 237, 236, 238, 174, 190, 186, 250, 122, 90, 94, 78], f=102, g=28
[00:00:48:02:044] Expansion 38800000: state [255, 223, 207, 203, 75, 73, 72, 200, 136, 152, 153, 217, 249, 121, 57, 56, 60, 44, 172, 173, 175, 171, 187, 186, 250, 218, 90, 94, 92], f=102, g=28
[00:00:48:09:674] Expansion 38900000: state [255, 223, 207, 203, 75, 73, 72, 200, 136, 152, 153, 217, 249, 121, 120, 56, 60, 188, 252, 236, 237, 109, 45, 41, 43, 171, 170, 174, 46, 110, 78, 94, 92, 93], f=102, g=33
[00:00:48:17:299] Expansion 39000000: state [255, 223, 207, 203, 75, 73, 72, 200, 136, 152, 153, 217, 249, 121, 120, 122, 90, 26, 10, 42, 43, 171, 175, 173, 45, 109, 108], f=102, g=26
[00:00:48:24:737] Expansion 39100000: state [255, 223, 207, 203, 75, 73, 72, 200, 136, 152, 153, 217, 249, 233, 169, 41, 43, 42, 10, 26, 90, 94, 92, 28, 60, 188, 252, 236, 238, 234], f=102, g=29
[00:00:48:32:399] Expansion 39200000: state [255, 223, 207, 203, 75, 73, 72, 200, 136, 152, 153, 217, 249, 233, 169, 171, 187, 186, 250, 218, 90, 94, 92, 124, 120, 56, 40, 42, 46, 110, 238, 236], f=102, g=31
[00:00:48:39:775] Expansion 39300000: state [255, 223, 207, 203, 75, 73, 72, 200, 136, 152, 153, 217, 249, 233, 237, 173, 172, 44, 60, 28, 92, 94, 78, 110, 106, 42, 58, 186, 187], f=102, g=28
[00:00:48:47:108] Expansion 39400000: state [255, 223, 207, 203, 75, 73, 72, 200, 136, 152, 153, 217, 249, 233, 237, 236, 238, 174, 46, 44, 60, 28, 92, 94, 90, 122, 250, 186, 187, 171, 43, 41, 57], f=102, g=32
[00:00:48:54:430] Expansion 39500000: state [255, 223, 207, 203, 75, 73, 72, 200, 136, 152, 153, 217, 249, 248, 252, 124, 92, 94, 90, 122, 58, 186, 170, 174, 172, 44], f=102, g=25
[00:00:49:01:750] Expansion 39600000: state [255, 223, 207, 203, 75, 73, 72, 200, 136, 152, 153, 217, 249, 248, 250, 122, 58, 56, 60, 188, 189, 173, 169, 171, 170, 174, 46], f=102, g=26
[00:00:49:09:114] Expansion 39700000: state [255, 223, 207, 203, 75, 73, 72, 200, 136, 152, 153, 217, 249, 248, 250, 234, 106, 42, 58, 26, 90, 94, 92, 28, 60, 188, 172, 173, 175], f=102, g=28
[00:00:49:16:515] Expansion 39800000: state [255, 223, 207, 203, 75, 73, 72, 200, 136, 152, 153, 185, 57, 41, 45, 109, 108, 110, 78, 94, 90, 218, 250, 234, 170, 174, 172, 188, 252], f=102, g=28
[00:00:49:24:045] Expansion 39900000: state [255, 223, 207, 203, 75, 73, 72, 200, 136, 152, 153, 185, 57, 56, 60, 44, 45, 109, 237, 236, 238, 174, 170, 42, 10, 26], f=102, g=25
[00:00:49:31:490] Expansion 40000000: state [255, 223, 207, 203, 75, 73, 72, 200, 136, 152, 153, 185, 169, 41, 40, 44, 60, 124, 252, 248, 250, 186, 170, 174, 238, 110, 78, 94, 90, 26, 10], f=102, g=30
[00:00:49:38:917] Expansion 40100000: state [255, 223, 207, 203, 75, 73, 72, 200, 136, 152, 153, 185, 169, 233, 237, 236, 108, 110, 106, 234, 250, 218, 90, 94, 92, 28, 60, 56, 120, 121], f=102, g=29
[00:00:49:46:334] Expansion 40200000: state [255, 223, 207, 203, 75, 73, 72, 200, 136, 152, 153, 185, 169, 173, 175, 174, 170, 234, 250, 218, 90, 26, 58, 56, 120, 124, 92], f=102, g=26
[00:00:49:53:803] Expansion 40300000: state [255, 223, 207, 203, 75, 73, 72, 200, 136, 152, 153, 185, 249, 121, 120, 56, 58, 186, 170, 171, 43, 41, 45, 44, 172, 236, 238, 110, 78, 94, 92], f=102, g=30
[00:00:50:01:208] Expansion 40400000: state [255, 223, 207, 203, 75, 73, 72, 200, 136, 152, 153, 185, 249, 233, 237, 173, 45, 44, 108, 124, 92, 94, 90, 26, 58, 186, 170, 234], f=102, g=27
[00:00:50:08:594] Expansion 40500000: state [255, 223, 207, 203, 75, 73, 72, 200, 136, 152, 153, 185, 249, 248, 252, 124, 92, 94, 90, 122, 106, 234, 238, 174, 46, 44, 45, 173, 141], f=102, g=28
[00:00:50:16:016] Expansion 40600000: state [255, 223, 207, 203, 75, 73, 72, 200, 136, 152, 153, 185, 189, 173, 45, 41, 43, 171, 170, 234, 250, 122, 120, 124, 92, 94], f=102, g=25
[00:00:50:23:488] Expansion 40700000: state [255, 223, 207, 203, 75, 73, 72, 200, 136, 152, 153, 185, 189, 188, 60, 56, 58, 42, 170, 234, 250, 218, 90, 94, 92, 93], f=102, g=25
[00:00:50:31:018] Expansion 40800000: state [255, 223, 207, 203, 75, 73, 72, 200, 136, 152, 153, 185, 187, 171, 170, 42, 58, 56, 60, 28, 92, 94, 78, 110, 108, 109, 45], f=102, g=26
[00:00:50:38:858] Expansion 40900000: state [255, 223, 207, 203, 75, 73, 72, 200, 136, 152, 153, 185, 187, 186, 250, 122, 90, 26, 10, 42, 43, 41, 45, 109, 237, 236, 252, 220, 92, 93], f=102, g=29
[00:00:50:46:634] Expansion 41000000: state [255, 223, 207, 203, 75, 73, 72, 200, 136, 152, 153, 157, 141, 173, 45, 44, 40, 42, 10, 26, 90, 94, 78, 110, 238, 174, 190, 188, 252, 248, 120, 121, 57], f=102, g=32
[00:00:50:54:247] Expansion 41100000: state [255, 223, 207, 203, 75, 73, 72, 200, 136, 152, 153, 157, 141, 173, 169, 233, 249, 121, 57, 56, 40, 42, 170, 186, 250, 122, 90, 94, 92, 124, 108, 236], f=102, g=31
[00:00:51:01:685] Expansion 41200000: state [255, 223, 207, 203, 75, 73, 72, 200, 136, 152, 153, 157, 141, 173, 172, 236, 252, 248, 120, 56, 57, 41, 43, 171, 170, 186, 190, 158, 142], f=102, g=28
[00:00:51:09:243] Expansion 41300000: state [255, 223, 207, 203, 75, 73, 72, 200, 136, 152, 153, 157, 141, 173, 237, 233, 249, 248, 120, 124, 92, 94, 90, 26, 58, 42, 46, 174, 238, 234], f=102, g=29
[00:00:51:16:807] Expansion 41400000: state [255, 223, 207, 203, 75, 73, 72, 200, 136, 152, 153, 157, 141, 173, 175, 171, 170, 186, 190, 188, 60, 44, 46, 110, 78, 94, 90, 26, 10], f=102, g=28
[00:00:51:24:340] Expansion 41500000: state [255, 223, 207, 203, 75, 73, 72, 200, 136, 152, 153, 157, 189, 173, 45, 109, 108, 236, 238, 234, 250, 122, 120, 121, 57], f=102, g=24
[00:00:51:31:867] Expansion 41600000: state [255, 223, 207, 203, 75, 73, 72, 200, 136, 152, 153, 157, 189, 173, 169, 171, 187, 186, 190, 174, 238, 236, 108, 44, 40, 42, 106, 122, 90, 94, 92, 28], f=102, g=31
[00:00:51:39:156] Expansion 41700000: state [255, 223, 207, 203, 75, 73, 72, 200, 136, 152, 153, 157, 189, 173, 237, 236, 108, 44, 40, 41, 43, 171, 170, 186, 58, 122, 120, 121], f=102, g=27
[00:00:51:46:561] Expansion 41800000: state [255, 223, 207, 203, 75, 73, 72, 200, 136, 152, 153, 157, 189, 188, 60, 28, 92, 94, 90, 26, 58, 42, 46, 174, 238, 234, 250, 248, 249], f=102, g=28
[00:00:51:53:804] Expansion 41900000: state [255, 223, 207, 203, 75, 73, 72, 200, 136, 152, 153, 157, 189, 188, 172, 44, 46, 110, 238, 234, 250, 186, 187, 171, 169, 41, 57, 56, 120, 124, 92, 220], f=102, g=31
[00:00:52:01:220] Expansion 42000000: state [255, 223, 207, 203, 75, 73, 72, 200, 136, 152, 153, 157, 189, 188, 252, 220, 92, 94, 90, 26, 58, 56, 57, 41, 45, 109], f=102, g=25
[00:00:52:19:298] Expansion 42100000: state [255, 223, 207, 203, 75, 73, 72, 200, 136, 152, 153, 157, 189, 188, 190, 174, 175, 171, 169, 233, 237, 109, 45, 44, 40, 42, 58, 122, 90, 94, 78], f=102, g=30
[00:00:52:26:626] Expansion 42200000: state [255, 223, 207, 203, 75, 73, 72, 200, 136, 152, 153, 155, 187, 171, 43, 42, 10, 26, 90, 94, 92, 28, 60, 44, 172, 236, 238, 234], f=102, g=27
[00:00:52:33:932] Expansion 42300000: state [255, 223, 207, 203, 75, 73, 72, 200, 136, 152, 153, 155, 187, 171, 169, 233, 249, 121, 57, 56, 58, 42, 106, 234, 238, 174, 172], f=102, g=26
[00:00:52:41:216] Expansion 42400000: state [255, 223, 207, 203, 75, 73, 72, 200, 136, 152, 153, 155, 187, 171, 170, 42, 10, 26, 90, 94, 92, 124, 108, 236, 238], f=102, g=24
[00:00:52:48:564] Expansion 42500000: state [255, 223, 207, 203, 75, 73, 72, 200, 136, 152, 153, 155, 187, 171, 170, 174, 190, 188, 60, 56, 58, 122, 106, 110, 108], f=102, g=24
[00:00:52:55:999] Expansion 42600000: state [255, 223, 207, 203, 75, 73, 72, 200, 136, 152, 153, 155, 187, 171, 175, 174, 238, 234, 250, 218, 90, 94, 92, 124, 108, 44, 40, 41, 57, 121], f=102, g=29
[00:00:53:03:502] Expansion 42700000: state [255, 223, 207, 203, 75, 73, 72, 200, 136, 152, 153, 155, 187, 186, 170, 42, 106, 110, 238, 236, 252, 188, 60, 56, 57, 121], f=102, g=25
[00:00:53:10:943] Expansion 42800000: state [255, 223, 207, 203, 75, 73, 72, 200, 136, 152, 153, 155, 187, 186, 250, 122, 120, 124, 108, 236, 172, 173, 175], f=102, g=22
[00:00:53:18:340] Expansion 42900000: state [255, 223, 207, 203, 75, 73, 72, 200, 136, 152, 153, 155, 187, 186, 250, 248, 249, 233, 169, 173, 175, 174, 46, 42, 40, 56, 60, 124, 108, 109], f=102, g=29
[00:00:53:25:758] Expansion 43000000: state [255, 223, 207, 203, 75, 73, 72, 200, 136, 140, 172, 44, 40, 56, 57, 185, 153, 155, 154, 26, 90, 94, 92, 124, 252, 248, 250, 234, 170, 171, 43], f=102, g=30
[00:00:53:33:005] Expansion 43100000: state [255, 223, 207, 203, 75, 73, 72, 200, 136, 140, 172, 44, 108, 124, 120, 248, 184, 186, 154], f=102, g=18
[00:00:53:40:330] Expansion 43200000: state [255, 223, 207, 203, 75, 73, 72, 200, 136, 140, 172, 44, 108, 110, 238, 234, 250, 122, 90, 26, 154, 155, 153, 217, 249, 233], f=102, g=25
[00:00:53:47:681] Expansion 43300000: state [255, 223, 207, 203, 75, 73, 72, 200, 136, 140, 172, 44, 60, 56, 184, 186, 250, 234, 238, 110, 78, 94, 90, 26, 10, 42, 43], f=102, g=26
[00:00:53:54:941] Expansion 43400000: state [255, 223, 207, 203, 75, 73, 72, 200, 136, 140, 172, 44, 46, 42, 106, 122, 120, 56, 57, 41, 169, 171, 187, 155], f=102, g=23
[00:00:54:02:175] Expansion 43500000: state [255, 223, 207, 203, 75, 73, 72, 200, 136, 140, 172, 44, 45, 41, 169, 233, 249, 121, 120, 122, 90, 94, 92, 28, 24, 25, 153, 155, 154, 186, 170], f=102, g=30
[00:00:54:09:437] Expansion 43600000: state [255, 223, 207, 203, 75, 73, 72, 200, 136, 140, 172, 44, 45, 109, 237, 233, 169, 185, 187, 155, 154, 26, 90, 94, 92, 124, 120, 248, 250, 234, 238, 110], f=102, g=31
[00:00:54:16:683] Expansion 43700000: state [255, 223, 207, 203, 75, 73, 72, 200, 136, 140, 172, 236, 108, 124, 92, 94, 90, 122, 58, 42, 43, 171, 169, 185, 57, 25, 24], f=102, g=26
[00:00:54:23:950] Expansion 43800000: state [255, 223, 207, 203, 75, 73, 72, 200, 136, 140, 172, 236, 108, 110, 106, 42, 170, 171, 187, 155, 154, 26, 24, 25, 57], f=102, g=24
[00:00:54:31:171] Expansion 43900000: state [255, 223, 207, 203, 75, 73, 72, 200, 136, 140, 172, 236, 252, 124, 92, 28, 24, 25, 153, 217, 249, 233, 169, 171, 170, 186, 250, 122, 106, 110, 46], f=102, g=30
[00:00:54:38:726] Expansion 44000000: state [255, 223, 207, 203, 75, 73, 72, 200, 136, 140, 172, 236, 252, 220, 92, 94, 90, 218, 250, 186, 187, 171, 169, 233, 249, 217, 153, 25, 57, 56, 40, 42, 46], f=102, g=32
[00:00:54:46:166] Expansion 44100000: state [255, 223, 207, 203, 75, 73, 72, 200, 136, 140, 172, 236, 238, 110, 46, 42, 43, 41, 57, 25, 24, 26, 90, 94, 92, 124, 120, 248, 250, 186, 187], f=102, g=30
[00:00:54:53:362] Expansion 44200000: state [255, 223, 207, 203, 75, 73, 72, 200, 136, 140, 172, 236, 238, 234, 106, 42, 10, 26, 154, 186, 187, 185, 249, 248, 120, 56, 60, 28, 92], f=102, g=28
[00:00:55:00:541] Expansion 44300000: state [255, 223, 207, 203, 75, 73, 72, 200, 136, 140, 172, 236, 237, 109, 45, 41, 169, 171, 170, 186, 154, 155, 153, 25, 24, 28, 92, 124, 120, 122], f=102, g=29
[00:00:55:07:698] Expansion 44400000: state [255, 223, 207, 203, 75, 73, 72, 200, 136, 140, 172, 236, 237, 233, 169, 171, 187, 155, 154, 218, 250, 248, 120, 56, 58, 42, 46, 110, 78, 94, 92, 220], f=102, g=31
[00:00:55:14:837] Expansion 44500000: state [255, 223, 207, 203, 75, 73, 72, 200, 136, 140, 172, 188, 60, 28, 24, 25, 153, 185, 249, 248, 120, 122, 90, 94, 78, 110, 46, 42, 170, 234], f=102, g=29
[00:00:55:22:118] Expansion 44600000: state [255, 223, 207, 203, 75, 73, 72, 200, 136, 140, 172, 188, 60, 56, 120, 121, 249, 185, 153, 155, 154, 26, 90, 94, 78, 110, 106, 234, 170, 171], f=102, g=29
[00:00:55:29:376] Expansion 44700000: state [255, 223, 207, 203, 75, 73, 72, 200, 136, 140, 172, 188, 60, 124, 120, 248, 250, 234, 170, 42, 46, 110, 78, 94, 90, 26, 154, 155, 153, 25, 57, 41, 45, 109, 237], f=102, g=34
[00:00:55:36:604] Expansion 44800000: state [255, 223, 207, 203, 75, 73, 72, 200, 136, 140, 172, 188, 184, 186, 58, 122, 90, 94, 92, 124, 108, 109, 45, 41, 57, 25, 153, 217, 249, 233], f=102, g=29
[00:00:55:43:853] Expansion 44900000: state [255, 223, 207, 203, 75, 73, 72, 200, 136, 140, 172, 188, 252, 124, 108, 110, 46, 42, 40, 56, 24, 28], f=102, g=21
[00:00:55:51:415] Expansion 45000000: state [255, 223, 207, 203, 75, 73, 72, 200, 136, 140, 172, 188, 252, 220, 92, 28, 24, 26, 90, 218, 250, 234, 170, 42, 46, 110, 108, 109, 45, 41, 57, 185, 187, 155], f=102, g=33
[00:00:55:58:672] Expansion 45100000: state [255, 223, 207, 203, 75, 73, 72, 200, 136, 140, 172, 188, 252, 248, 120, 122, 58, 42, 40, 41, 45, 109, 108, 110, 78, 94, 92, 28, 24, 25, 153, 155, 154, 218], f=102, g=33
[00:00:56:05:847] Expansion 45200000: state [255, 223, 207, 203, 75, 73, 72, 200, 136, 140, 172, 188, 190, 158, 154, 26, 24, 25, 153, 217, 249, 233, 237, 109, 45, 41, 43, 42, 170, 234, 250, 122, 120, 124, 92, 93], f=102, g=35
[00:00:56:13:145] Expansion 45300000: state [255, 223, 207, 203, 75, 73, 72, 200, 136, 140, 172, 188, 190, 158, 154, 155, 187, 171, 170, 42, 40, 56, 24, 28, 92, 94, 90, 122, 250, 248, 249, 121], f=102, g=31
[00:00:56:20:410] Expansion 45400000: state [255, 223, 207, 203, 75, 73, 72, 200, 136, 140, 172, 188, 190, 186, 187, 171, 43, 42, 40, 56, 120, 121], f=102, g=21
[00:00:56:27:673] Expansion 45500000: state [255, 223, 207, 203, 75, 73, 72, 200, 136, 140, 172, 188, 189, 157, 153, 217, 249, 233, 237, 109, 108, 110, 78, 94, 92, 28, 24, 56, 40, 42, 170, 171, 175], f=102, g=32
[00:00:56:34:912] Expansion 45600000: state [255, 223, 207, 203, 75, 73, 72, 200, 136, 140, 172, 188, 189, 185, 153, 25, 24, 28, 92, 94, 90, 218, 250, 186, 170, 42, 106, 110, 108, 109, 237], f=102, g=30
[00:00:56:42:152] Expansion 45700000: state [255, 223, 207, 203, 75, 73, 72, 200, 136, 140, 172, 174, 46, 42, 106, 234, 250, 218, 90, 94, 92, 124, 108, 109, 45, 41, 57, 185, 187, 155], f=102, g=29
[00:00:56:49:389] Expansion 45800000: state [255, 223, 207, 203, 75, 73, 72, 200, 136, 140, 172, 174, 46, 110, 78, 94, 92, 124, 120, 122, 58, 186, 187, 185, 189], f=102, g=24
[00:00:56:56:638] Expansion 45900000: state [255, 223, 207, 203, 75, 73, 72, 200, 136, 140, 172, 174, 170, 42, 40, 41, 57, 25, 153, 155, 154, 218, 250, 248, 252, 124, 92, 93], f=102, g=27
[00:00:57:03:911] Expansion 46000000: state [255, 223, 207, 203, 75, 73, 72, 200, 136, 140, 172, 174, 170, 186, 58, 122, 106, 110, 108, 109, 237, 233, 249, 121, 57, 25, 153, 155], f=102, g=27
[00:00:57:11:193] Expansion 46100000: state [255, 223, 207, 203, 75, 73, 72, 200, 136, 140, 172, 174, 238, 110, 78, 94, 90, 218, 154, 155, 153, 25, 24, 56, 40, 41, 45, 109, 237, 233, 249, 121], f=102, g=31
[00:00:57:18:416] Expansion 46200000: state [255, 223, 207, 203, 75, 73, 72, 200, 136, 140, 172, 174, 238, 110, 106, 122, 250, 248, 252, 124, 60, 56, 40, 41, 43, 171, 187, 155, 153, 157, 189], f=102, g=30
[00:00:57:25:664] Expansion 46300000: state [255, 223, 207, 203, 75, 73, 72, 200, 136, 140, 172, 174, 238, 234, 106, 42, 43, 41, 169, 233, 249, 248, 184, 56, 60, 124, 92, 94, 90, 218, 154, 155, 153, 157, 189], f=102, g=34
[00:00:57:32:861] Expansion 46400000: state [255, 223, 207, 203, 75, 73, 72, 200, 136, 140, 172, 174, 190, 158, 154, 26, 24, 56, 120, 121, 249], f=102, g=20
[00:00:57:40:109] Expansion 46500000: state [255, 223, 207, 203, 75, 73, 72, 200, 136, 140, 172, 174, 190, 158, 154, 155, 187, 185, 57, 56, 120, 122, 106, 42, 43], f=102, g=24
[00:00:57:47:365] Expansion 46600000: state [255, 223, 207, 203, 75, 73, 72, 200, 136, 140, 172, 174, 190, 186, 187, 155, 153, 217, 249, 248, 252, 220, 92, 28, 24, 26, 90, 122], f=102, g=27
[00:00:57:54:693] Expansion 46700000: state [255, 223, 207, 203, 75, 73, 72, 200, 136, 140, 172, 174, 175, 171, 169, 41, 57, 56, 184, 248, 250, 234, 106, 110], f=102, g=23
[00:00:58:01:980] Expansion 46800000: state [255, 223, 207, 203, 75, 73, 72, 200, 136, 140, 172, 174, 175, 171, 187, 186, 154, 26, 90, 94, 92, 124, 60, 56, 57, 121, 249, 233], f=102, g=27
[00:00:58:09:256] Expansion 46900000: state [255, 223, 207, 203, 75, 73, 72, 200, 136, 140, 172, 173, 45, 41, 57, 121, 120, 248, 250, 234, 170, 42, 58, 26, 24, 28], f=102, g=25
[00:00:58:16:512] Expansion 47000000: state [255, 223, 207, 203, 75, 73, 72, 200, 136, 140, 172, 173, 45, 109, 108, 124, 252, 248, 250, 122, 106, 42, 170, 171, 187, 155, 154, 26, 24], f=102, g=28
[00:00:58:23:777] Expansion 47100000: state [255, 223, 207, 203, 75, 73, 72, 200, 136, 140, 172, 173, 169, 41, 57, 56, 24, 28, 92, 124, 252, 248, 250, 186, 190], f=102, g=24
[00:00:58:31:047] Expansion 47200000: state [255, 223, 207, 203, 75, 73, 72, 200, 136, 140, 172, 173, 169, 185, 153, 25, 24, 56, 60, 124, 108, 110, 106, 42, 170, 186, 190], f=102, g=26
[00:00:58:38:513] Expansion 47300000: state [255, 223, 207, 203, 75, 73, 72, 200, 136, 140, 172, 173, 169, 171, 187, 155, 154, 218, 250, 234, 238, 110, 78, 94, 92, 28, 60, 56, 57], f=102, g=28
[00:00:58:45:845] Expansion 47400000: state [255, 223, 207, 203, 75, 73, 72, 200, 136, 140, 172, 173, 237, 109, 108, 110, 106, 42, 10, 26, 24, 25, 57, 121, 249, 248, 184, 186, 190], f=102, g=28
[00:00:58:53:099] Expansion 47500000: state [255, 223, 207, 203, 75, 73, 72, 200, 136, 140, 172, 173, 237, 233, 249, 185, 187, 171, 43, 42, 106, 110, 78, 94, 90, 26, 24, 28, 60, 124], f=102, g=29
[00:00:59:00:342] Expansion 47600000: state [255, 223, 207, 203, 75, 73, 72, 200, 136, 140, 172, 173, 189, 157, 153, 25, 57, 56, 184, 248, 252, 124, 92, 94, 90, 26, 154], f=102, g=26
[00:00:59:07:647] Expansion 47700000: state [255, 223, 207, 203, 75, 73, 72, 200, 136, 140, 172, 173, 189, 185, 57, 56, 40, 42, 106, 234, 250, 186, 154], f=102, g=22
[00:00:59:14:949] Expansion 47800000: state [255, 223, 207, 203, 75, 73, 72, 200, 136, 140, 172, 173, 175, 171, 43, 42, 106, 110, 78, 94, 92, 124, 120, 121, 57, 185, 184, 186, 154, 218], f=102, g=29
[00:00:59:22:237] Expansion 47900000: state [255, 223, 207, 203, 75, 73, 72, 200, 136, 140, 172, 173, 175, 171, 187, 185, 249, 121, 120, 56, 58, 42, 46, 110, 108], f=102, g=24
[00:00:59:29:591] Expansion 48000000: state [255, 223, 207, 203, 75, 73, 72, 200, 136, 140, 156, 28, 24, 56, 184, 248, 250, 122, 90, 94, 78, 110, 238, 236, 237, 109, 45, 41, 43], f=102, g=28
[00:00:59:36:963] Expansion 48100000: state [255, 223, 207, 203, 75, 73, 72, 200, 136, 140, 156, 28, 24, 56, 120, 122, 90, 94, 78, 110, 108, 109, 45, 173, 189, 185, 187, 171, 43, 42, 10], f=102, g=30
[00:00:59:44:344] Expansion 48200000: state [255, 223, 207, 203, 75, 73, 72, 200, 136, 140, 156, 28, 24, 56, 57, 41, 169, 233, 249, 248, 252, 124, 108, 110, 46, 174, 170, 186, 154], f=102, g=28
[00:00:59:51:687] Expansion 48300000: state [255, 223, 207, 203, 75, 73, 72, 200, 136, 140, 156, 28, 24, 26, 10, 42, 170, 174, 238, 110, 108, 109, 45, 173, 189, 185, 187], f=102, g=26
[00:00:59:59:094] Expansion 48400000: state [255, 223, 207, 203, 75, 73, 72, 200, 136, 140, 156, 28, 24, 26, 154, 186, 170, 42, 43, 41, 169, 185, 249, 248, 252, 124, 108, 109, 237], f=102, g=28
[00:01:00:06:468] Expansion 48500000: state [255, 223, 207, 203, 75, 73, 72, 200, 136, 140, 156, 28, 24, 26, 154, 155, 153, 185, 184, 248, 120, 124, 108, 44, 40, 41, 43, 171, 175, 174], f=102, g=29
[00:01:00:13:812] Expansion 48600000: state [255, 223, 207, 203, 75, 73, 72, 200, 136, 140, 156, 28, 24, 26, 90, 218, 250, 248, 249, 121, 57, 41, 169, 171, 170, 42, 46, 110, 238], f=102, g=28
[00:01:00:21:178] Expansion 48700000: state [255, 223, 207, 203, 75, 73, 72, 200, 136, 140, 156, 28, 24, 26, 90, 122, 250, 248, 249, 233, 169, 171, 170, 174, 46], f=102, g=24
[00:01:00:28:539] Expansion 48800000: state [255, 223, 207, 203, 75, 73, 72, 200, 136, 140, 156, 28, 24, 26, 58, 186, 187, 171, 175, 174, 46, 44, 40, 41, 57, 121, 249, 248, 252, 236, 237, 109], f=102, g=31
[00:01:00:36:134] Expansion 48900000: state [255, 223, 207, 203, 75, 73, 72, 200, 136, 140, 156, 28, 24, 25, 153, 217, 249, 248, 252, 124, 108, 109, 45, 173, 175, 174, 190, 186, 187], f=102, g=28
[00:01:00:43:735] Expansion 49000000: state [255, 223, 207, 203, 75, 73, 72, 200, 136, 140, 156, 28, 24, 25, 153, 185, 189, 173, 175, 171, 43, 42, 58, 122, 250, 248, 252, 124, 108, 110, 78], f=102, g=30
[00:01:00:51:365] Expansion 49100000: state [255, 223, 207, 203, 75, 73, 72, 200, 136, 140, 156, 28, 24, 25, 153, 155, 187, 171, 175, 174, 238, 110, 108, 109, 237, 233, 249, 248, 120, 122, 58], f=102, g=30
[00:01:00:58:994] Expansion 49200000: state [255, 223, 207, 203, 75, 73, 72, 200, 136, 140, 156, 28, 24, 25, 57, 185, 169, 171, 170, 186, 58, 122, 90, 94, 78, 110, 108, 109, 45], f=102, g=28
[00:01:01:06:303] Expansion 49300000: state [255, 223, 207, 203, 75, 73, 72, 200, 136, 140, 156, 28, 24, 25, 57, 121, 249, 248, 252, 236, 238, 174, 175, 171, 187, 186, 58, 122, 90, 218], f=102, g=29
[00:01:01:13:666] Expansion 49400000: state [255, 223, 207, 203, 75, 73, 72, 200, 136, 140, 156, 28, 92, 124, 108, 236, 238, 234, 170, 171, 43, 41, 57, 121, 249, 248, 184], f=102, g=26
[00:01:01:20:971] Expansion 49500000: state [255, 223, 207, 203, 75, 73, 72, 200, 136, 140, 156, 28, 92, 124, 108, 110, 238, 174, 175, 173, 45, 41, 43, 42, 10, 26, 154, 155, 187, 185, 249, 248, 250, 122], f=102, g=33
[00:01:01:28:273] Expansion 49600000: state [255, 223, 207, 203, 75, 73, 72, 200, 136, 140, 156, 28, 92, 124, 120, 56, 40, 42, 106, 110, 238, 236, 237, 173, 169, 185, 187, 155, 154, 26, 90], f=102, g=30
[00:01:01:35:571] Expansion 49700000: state [255, 223, 207, 203, 75, 73, 72, 200, 136, 140, 156, 28, 92, 124, 120, 122, 90, 26, 154, 155, 153, 25, 57, 41, 40, 44, 46, 174], f=102, g=27
[00:01:01:42:831] Expansion 49800000: state [255, 223, 207, 203, 75, 73, 72, 200, 136, 140, 156, 28, 92, 124, 252, 236, 238, 110, 106, 122, 250, 186, 187, 171, 43, 41, 57, 25], f=102, g=27
[00:01:01:50:037] Expansion 49900000: state [255, 223, 207, 203, 75, 73, 72, 200, 136, 140, 156, 28, 92, 124, 252, 248, 184, 56, 58, 122, 106, 234, 170, 174, 175, 173, 169, 41], f=102, g=27
[00:01:01:57:348] Expansion 50000000: state [255, 223, 207, 203, 75, 73, 72, 200, 136, 140, 156, 28, 92, 94, 78, 110, 46, 44, 40, 56, 57, 25, 153, 155, 187, 171, 169, 173, 237, 236, 252, 248, 250, 122], f=102, g=33
[00:01:02:04:780] Expansion 50100000: state [255, 223, 207, 203, 75, 73, 72, 200, 136, 140, 156, 28, 92, 94, 78, 110, 108, 44, 45, 41, 169, 171, 170, 234, 250, 218, 154, 26, 58, 56, 120], f=102, g=30
[00:01:02:12:091] Expansion 50200000: state [255, 223, 207, 203, 75, 73, 72, 200, 136, 140, 156, 28, 92, 94, 78, 110, 238, 174, 170, 171, 43, 41, 45, 173, 237, 233, 249, 248, 250, 122, 58, 26, 154], f=102, g=32
[00:01:02:19:394] Expansion 50300000: state [255, 223, 207, 203, 75, 73, 72, 200, 136, 140, 156, 28, 92, 94, 90, 26, 10, 42, 170, 174, 175, 173, 169, 41, 57, 56, 184, 248, 252, 236, 108, 109], f=102, g=31
[00:01:02:26:761] Expansion 50400000: state [255, 223, 207, 203, 75, 73, 72, 200, 136, 140, 156, 28, 92, 94, 90, 26, 154, 186, 187, 185, 249, 248, 252, 236, 108, 109], f=102, g=25
[00:01:02:34:130] Expansion 50500000: state [255, 223, 207, 203, 75, 73, 72, 200, 136, 140, 156, 28, 92, 94, 90, 26, 58, 56, 120, 248, 252, 236, 108, 44, 45, 41, 169, 171, 187, 155, 153, 217], f=102, g=31
[00:01:02:41:495] Expansion 50600000: state [255, 223, 207, 203, 75, 73, 72, 200, 136, 140, 156, 28, 92, 94, 90, 218, 154, 155, 153, 25, 57, 56, 120, 248, 249, 233, 169, 173, 175, 174, 170, 42], f=102, g=31
[00:01:02:48:898] Expansion 50700000: state [255, 223, 207, 203, 75, 73, 72, 200, 136, 140, 156, 28, 92, 94, 90, 218, 250, 234, 238, 110, 108, 44, 40, 42, 43, 171, 169, 185, 249, 121], f=102, g=29
[00:01:02:56:268] Expansion 50800000: state [255, 223, 207, 203, 75, 73, 72, 200, 136, 140, 156, 28, 92, 94, 90, 122, 106, 42, 43, 171, 175, 174, 238, 236, 252, 248, 184, 185], f=102, g=27
[00:01:03:03:691] Expansion 50900000: state [255, 223, 207, 203, 75, 73, 72, 200, 136, 140, 156, 28, 92, 94, 90, 122, 120, 121, 249, 233, 169, 173, 45, 44, 108, 236, 238, 234, 170, 186, 187, 155, 153], f=102, g=32
[00:01:03:11:042] Expansion 51000000: state [255, 223, 207, 203, 75, 73, 72, 200, 136, 140, 156, 28, 60, 44, 40, 41, 169, 173, 237, 236, 252, 248, 250, 186, 58, 26, 90, 94, 78, 110, 106], f=102, g=30
[00:01:03:18:390] Expansion 51100000: state [255, 223, 207, 203, 75, 73, 72, 200, 136, 140, 156, 28, 60, 44, 108, 110, 78, 94, 90, 122, 120, 121, 57, 25, 153, 155, 154, 186, 190, 174, 175, 171, 169, 233, 237], f=102, g=34
[00:01:03:25:714] Expansion 51200000: state [255, 223, 207, 203, 75, 73, 72, 200, 136, 140, 156, 28, 60, 44, 46, 174, 175, 171, 43, 41, 57, 121, 249, 248, 184, 186, 154, 26, 90, 122, 106, 234], f=102, g=31
