--------------------------
date: cubes
number_of_graphs: 1
graph_type: cube
size_of_graphs: [8, 8]
heuristic: heuristic0
snake: True
run_uni: True
run_bi: False
run_multi: False
cube_first_dims: 8
cube_buffer_dim: 3
backward_sym_generation: False

---------- cubes/8d_cube ----------
[00:00:00:06:775] Expansion 100000: state [255, 223, 207, 203, 75, 73, 72, 200, 136, 140, 156, 157, 189, 173, 237, 233, 249, 248, 120, 122, 90, 94, 78, 110, 238, 234], f=83, g=25
[00:00:00:13:737] Expansion 200000: state [255, 223, 207, 203, 75, 73, 72, 200, 136, 140, 141, 157, 189, 188, 190, 174, 238, 110, 78, 94, 90, 122, 250, 248, 249, 121, 57], f=83, g=26
[00:00:00:20:731] Expansion 300000: state [255, 223, 207, 203, 75, 73, 72, 200, 136, 137, 169, 185, 249, 248, 250, 234, 238, 236, 237], f=83, g=18
[00:00:00:27:691] Expansion 400000: state [255, 223, 207, 203, 75, 73, 72, 200, 232, 248, 184, 186, 187, 155, 153, 25, 24, 26, 90, 94, 78, 110], f=83, g=21
[00:00:00:34:671] Expansion 500000: state [255, 223, 207, 203, 75, 73, 72, 200, 232, 236, 238, 174, 190, 158, 154, 218, 90, 122, 120, 121, 57, 25, 153, 157, 141, 173, 169, 171], f=83, g=27
[00:00:00:41:604] Expansion 600000: state [255, 223, 207, 203, 75, 73, 72, 200, 232, 234, 238, 174, 175, 173, 141, 157, 156, 158, 154, 26, 90, 122, 120], f=83, g=22
[00:00:00:48:305] Expansion 700000: state [255, 223, 207, 203, 75, 73, 72, 200, 216, 152, 156, 158, 190, 174, 238, 234, 250, 122, 120, 121, 249], f=83, g=20
[00:00:00:55:185] Expansion 800000: state [255, 223, 207, 203, 75, 73, 72, 200, 216, 218, 90, 122, 120, 124, 252, 236, 237, 173, 189, 157, 156, 158, 142, 138], f=83, g=23
[00:00:01:02:311] Expansion 900000: state [255, 223, 207, 203, 75, 73, 72, 200, 216, 217, 249, 185, 169, 173, 141, 140, 156, 158, 190, 186, 250, 122, 90, 94, 78, 110, 238, 236, 252, 124], f=83, g=29
[00:00:01:09:113] Expansion 1000000: state [255, 223, 207, 203, 75, 73, 72, 200, 204, 140, 142, 174, 175, 173, 237, 233, 249, 121, 120, 122, 90, 94, 78], f=83, g=22
[00:00:01:15:936] Expansion 1100000: state [255, 223, 207, 203, 75, 73, 72, 200, 204, 236, 252, 248, 120, 122, 90, 26, 24, 25, 57, 185, 169, 137, 141, 157, 156, 158, 190], f=83, g=26
[00:00:01:23:092] Expansion 1200000: state [255, 223, 207, 203, 75, 73, 72, 200, 204, 236, 237, 173, 175, 174, 142, 158, 154, 218, 250, 122, 120, 121, 249], f=83, g=22
[00:00:01:30:031] Expansion 1300000: state [255, 223, 207, 203, 75, 73, 72, 88, 24, 26, 154, 186, 250, 234, 232, 233, 169, 137, 153, 157], f=83, g=19
[00:00:01:37:021] Expansion 1400000: state [255, 223, 207, 203, 75, 73, 72, 88, 24, 25, 153, 155, 154, 158, 142, 174, 238, 234, 250, 248, 249, 233, 169], f=83, g=22
[00:00:01:44:310] Expansion 1500000: state [255, 223, 207, 203, 75, 73, 72, 88, 216, 248, 232, 233, 237, 173, 175, 174, 190, 158, 154, 138, 136, 137, 153, 25, 57], f=83, g=24
[00:00:01:51:189] Expansion 1600000: state [255, 223, 207, 203, 75, 73, 72, 88, 216, 217, 153, 155, 187, 171, 175, 174, 190, 158, 156, 140, 204, 236, 237], f=83, g=22
[00:00:01:58:137] Expansion 1700000: state [255, 223, 207, 203, 75, 73, 72, 88, 120, 248, 249, 233, 237, 173, 189, 157, 153, 155, 154, 218], f=83, g=19
[00:00:02:05:199] Expansion 1800000: state [255, 223, 207, 203, 75, 73, 72, 88, 120, 122, 250, 218, 154, 155, 153, 157, 189, 188, 252, 236, 204, 140, 142], f=83, g=22
[00:00:02:12:632] Expansion 1900000: state [255, 223, 207, 203, 75, 73, 72, 88, 120, 121, 249, 217, 153, 152, 184, 186, 187, 171, 169, 173, 237, 236, 204, 140, 142, 174], f=83, g=25
[00:00:02:19:547] Expansion 2000000: state [255, 223, 207, 203, 75, 73, 72, 88, 90, 26, 154, 158, 156, 157, 153, 137, 169, 173, 237, 236, 204], f=83, g=20
[00:00:02:26:395] Expansion 2100000: state [255, 223, 207, 203, 75, 73, 72, 88, 90, 218, 250, 186, 190, 188, 189, 173, 141, 137, 153, 25, 57, 121, 249, 233, 232, 236, 238, 110, 78], f=83, g=28
[00:00:02:33:249] Expansion 2200000: state [255, 223, 207, 203, 75, 73, 72, 88, 90, 122, 250, 234, 238, 174, 190, 158], f=83, g=15
[00:00:02:40:243] Expansion 2300000: state [255, 223, 207, 203, 75, 73, 72, 88, 90, 94, 78, 110, 238, 234, 250, 186, 190, 158, 156, 152, 153, 25, 57, 121, 249, 233, 169, 173], f=83, g=27
[00:00:02:47:880] Expansion 2400000: state [255, 223, 207, 203, 75, 73, 72, 76, 204, 140, 136, 137, 153, 185, 189, 173, 175, 174, 190, 158, 154, 218, 90, 122, 120], f=83, g=24
[00:00:02:54:878] Expansion 2500000: state [255, 223, 207, 203, 75, 73, 72, 76, 204, 140, 142, 174, 175, 171, 169, 137, 153, 152, 24, 26, 90, 218, 250, 248, 252], f=83, g=24
[00:00:03:01:757] Expansion 2600000: state [255, 223, 207, 203, 75, 73, 72, 76, 204, 140, 141, 157, 153, 155, 187, 171, 175, 174, 190, 188, 252, 248, 216, 218, 90], f=83, g=24
[00:00:03:08:748] Expansion 2700000: state [255, 223, 207, 203, 75, 73, 72, 76, 204, 236, 252, 124, 120, 121, 249, 185, 187, 171, 175, 174, 190, 158, 154, 26, 90], f=83, g=24
[00:00:03:15:677] Expansion 2800000: state [255, 223, 207, 203, 75, 73, 72, 76, 204, 236, 238, 174, 175, 173, 141, 137, 153, 217, 216, 248, 184, 186, 187], f=83, g=22
[00:00:03:22:906] Expansion 2900000: state [255, 223, 207, 203, 75, 73, 72, 76, 78, 110, 238, 174, 142, 138, 154, 26, 24, 25, 153, 157, 141, 173, 169, 233, 232, 248, 252, 124], f=83, g=27
[00:00:03:31:087] Expansion 3000000: state [255, 223, 207, 203, 75, 73, 72, 76, 78, 110, 238, 174, 190, 188, 156, 157, 141, 137, 169, 185, 249, 121, 120, 122, 250, 218, 154, 26, 24, 25], f=83, g=29
[00:00:03:38:023] Expansion 3100000: state [255, 223, 207, 203, 75, 73, 72, 76, 78, 110, 238, 234, 232, 248, 249, 121, 57, 25, 24, 152, 136, 140, 141, 157, 189, 188, 190, 186, 187, 171], f=83, g=29
[00:00:03:45:024] Expansion 3200000: state [255, 223, 207, 203, 75, 73, 72, 76, 78, 110, 238, 236, 232, 248, 120, 122, 90, 218, 154, 186, 187, 185, 189, 173, 141], f=83, g=24
[00:00:03:52:108] Expansion 3300000: state [255, 223, 207, 203, 75, 73, 72, 76, 78, 110, 238, 236, 252, 248, 184, 152, 153, 137, 141, 173, 175, 171, 187], f=83, g=22
[00:00:03:59:020] Expansion 3400000: state [255, 223, 207, 203, 75, 73, 72, 76, 78, 94, 90, 26, 24, 152, 156, 140, 141, 173, 175, 171, 187, 185, 249, 248, 120], f=83, g=24
[00:00:04:06:341] Expansion 3500000: state [255, 223, 207, 203, 75, 73, 72, 76, 78, 94, 90, 26, 154, 152, 184, 188, 189, 173, 175, 174, 238, 236, 232, 233, 249, 121, 57, 25], f=83, g=27
[00:00:04:13:247] Expansion 3600000: state [255, 223, 207, 203, 75, 73, 72, 76, 78, 94, 90, 218, 154, 152, 156, 140, 142, 174, 175, 171, 187, 185, 57, 121, 120, 248, 232, 236, 237], f=83, g=28
[00:00:04:20:095] Expansion 3700000: state [255, 223, 207, 203, 75, 73, 72, 76, 78, 94, 90, 218, 250, 186, 184, 188, 156, 140, 136, 137, 169, 173, 237, 109], f=83, g=23
[00:00:04:27:918] Expansion 3800000: state [255, 223, 207, 203, 75, 73, 72, 76, 78, 94, 90, 122, 120, 248, 232, 233, 169, 185, 153, 157, 141, 140, 136, 138, 154, 186, 190, 174, 175], f=83, g=28
[00:00:04:34:838] Expansion 3900000: state [255, 223, 207, 203, 75, 73, 72, 76, 78, 94, 90, 122, 120, 121, 249, 233, 169, 137, 136, 152, 184, 188, 190, 158, 142], f=83, g=24
[00:00:04:41:738] Expansion 4000000: state [255, 223, 207, 203, 75, 73, 72, 76, 78, 94, 90, 122, 250, 248, 252, 188, 190, 158, 154, 138, 136, 140, 141, 173, 175, 171, 187, 185, 153, 25, 24], f=83, g=30
[00:00:04:48:325] Expansion 4100000: state [255, 223, 207, 203, 75, 73, 105, 233, 169, 137, 141, 157, 156, 152, 216, 218, 250, 122, 120, 124, 252, 236, 238, 110, 78, 76], f=83, g=25
[00:00:04:54:874] Expansion 4200000: state [255, 223, 207, 203, 75, 73, 105, 233, 169, 185, 189, 157, 156, 152, 154, 186, 250, 122, 120, 124, 252, 236, 238, 110], f=83, g=23
[00:00:05:01:447] Expansion 4300000: state [255, 223, 207, 203, 75, 73, 105, 233, 169, 173, 189, 157, 153, 25, 24, 88, 90, 218, 154, 158, 142, 140, 204, 236, 252], f=83, g=24
[00:00:05:08:215] Expansion 4400000: state [255, 223, 207, 203, 75, 73, 105, 233, 169, 173, 175, 174, 190, 188, 252, 124, 120, 88, 90, 26], f=83, g=19
[00:00:05:15:204] Expansion 4500000: state [255, 223, 207, 203, 75, 73, 105, 233, 169, 171, 175, 174, 238, 236, 204, 76, 78, 94, 90, 88, 216, 152, 153, 25, 57], f=83, g=24
[00:00:05:22:026] Expansion 4600000: state [255, 223, 207, 203, 75, 73, 105, 233, 232, 200, 204, 76, 78, 94, 90, 88, 24, 152, 153, 185, 189, 173, 175, 174, 190, 186, 250], f=83, g=26
[00:00:05:28:878] Expansion 4700000: state [255, 223, 207, 203, 75, 73, 105, 233, 232, 248, 252, 188, 190, 174, 238, 110, 78, 94, 90, 26, 154, 155, 153, 137, 141], f=83, g=24
[00:00:05:35:762] Expansion 4800000: state [255, 223, 207, 203, 75, 73, 105, 233, 232, 236, 252, 188, 190, 158, 154, 218, 250, 122, 120, 88, 24, 25, 153, 137, 141, 173], f=83, g=25
[00:00:05:42:611] Expansion 4900000: state [255, 223, 207, 203, 75, 73, 105, 233, 232, 234, 238, 110, 78, 76, 204, 140, 156, 188, 252, 124, 120, 88, 216, 217, 153, 155], f=83, g=25
[00:00:05:49:489] Expansion 5000000: state [255, 223, 207, 203, 75, 73, 105, 233, 249, 185, 153, 157, 141, 140, 204, 76, 78, 110, 238, 234, 250, 122, 90, 26, 154, 158, 190, 188], f=83, g=27
[00:00:05:57:618] Expansion 5100000: state [255, 223, 207, 203, 75, 73, 105, 233, 249, 185, 187, 186, 190, 174, 142, 140, 136, 200, 216, 88, 120, 122], f=83, g=21
[00:00:06:04:515] Expansion 5200000: state [255, 223, 207, 203, 75, 73, 105, 233, 249, 217, 216, 218, 90, 122, 120, 124, 252, 236, 238, 174, 142, 140, 136], f=83, g=22
[00:00:06:11:441] Expansion 5300000: state [255, 223, 207, 203, 75, 73, 105, 233, 249, 248, 250, 186, 154, 26, 24, 25, 153, 137, 136, 140, 142], f=83, g=20
[00:00:06:18:365] Expansion 5400000: state [255, 223, 207, 203, 75, 73, 105, 233, 237, 173, 141, 157, 156, 188, 190, 174, 142, 138, 154, 26, 24, 88, 216, 200, 204, 76, 78, 110], f=83, g=27
[00:00:06:25:171] Expansion 5500000: state [255, 223, 207, 203, 75, 73, 105, 233, 237, 173, 175, 171, 187, 185, 153, 137, 136, 140, 156, 188, 252, 124, 120, 122, 90, 94, 78, 110], f=83, g=27
[00:00:06:32:025] Expansion 5600000: state [255, 223, 207, 203, 75, 73, 105, 233, 237, 236, 204, 140, 142, 174, 190, 186, 154, 152, 24, 88, 90, 94], f=83, g=21
[00:00:06:38:961] Expansion 5700000: state [255, 223, 207, 203, 75, 73, 105, 233, 237, 236, 238, 174, 142, 138, 154, 26, 24, 25, 153, 157, 156, 188, 184], f=83, g=22
[00:00:06:45:951] Expansion 5800000: state [255, 223, 207, 203, 75, 73, 105, 121, 57, 25, 24, 88, 216, 248, 250, 234, 238, 174, 190, 188, 189, 157, 141, 137, 169, 171, 187, 155], f=83, g=27
[00:00:06:52:969] Expansion 5900000: state [255, 223, 207, 203, 75, 73, 105, 121, 57, 25, 24, 26, 90, 218, 216, 200, 232, 234, 238, 174, 175, 171, 187, 186, 184], f=83, g=24
[00:00:06:59:907] Expansion 6000000: state [255, 223, 207, 203, 75, 73, 105, 121, 57, 25, 153, 137, 141, 173, 175, 171, 187, 186, 250, 248, 232, 236, 238, 110, 78, 94, 90, 26], f=83, g=27
[00:00:07:06:841] Expansion 6100000: state [255, 223, 207, 203, 75, 73, 105, 121, 57, 25, 153, 157, 189, 188, 252, 248, 232, 200, 136, 138, 154, 218, 90, 94, 78, 110, 238, 174, 175, 171], f=83, g=29
[00:00:07:15:422] Expansion 6200000: state [255, 223, 207, 203, 75, 73, 105, 121, 57, 185, 153, 157, 156, 188, 252, 236, 204, 200, 216, 88, 24, 26, 154, 186, 250], f=83, g=24
[00:00:07:22:213] Expansion 6300000: state [255, 223, 207, 203, 75, 73, 105, 121, 57, 185, 184, 248, 232, 200, 204, 76, 78, 94, 90, 26, 154, 158, 156], f=83, g=22
[00:00:07:29:058] Expansion 6400000: state [255, 223, 207, 203, 75, 73, 105, 121, 57, 185, 187, 171, 175, 173, 141, 137, 136, 138, 154, 218, 90, 94, 78, 110, 238, 236, 252, 188, 156], f=83, g=28
[00:00:07:35:840] Expansion 6500000: state [255, 223, 207, 203, 75, 73, 105, 121, 120, 88, 24, 25, 153, 185, 169, 171, 175, 174, 190, 158, 154, 138, 136, 140, 204, 236, 232], f=83, g=26
[00:00:07:42:736] Expansion 6600000: state [255, 223, 207, 203, 75, 73, 105, 121, 120, 88, 216, 217, 153, 155, 154, 138, 136, 140, 204, 236, 252, 188, 190, 174, 175, 171], f=83, g=25
[00:00:07:49:786] Expansion 6700000: state [255, 223, 207, 203, 75, 73, 105, 121, 120, 88, 90, 94, 78, 76, 204, 236, 252, 188, 156, 157, 141, 173, 169, 185, 187, 186, 154, 138, 142], f=83, g=28
[00:00:07:56:768] Expansion 6800000: state [255, 223, 207, 203, 75, 73, 105, 121, 120, 248, 216, 218, 154, 26, 24, 25, 153, 185, 189, 188, 156, 140, 142, 174, 238, 234], f=83, g=25
[00:00:08:03:796] Expansion 6900000: state [255, 223, 207, 203, 75, 73, 105, 121, 120, 248, 252, 236, 204, 76, 78, 94, 90, 218, 154, 138, 136, 137, 153, 185], f=83, g=23
[00:00:08:10:779] Expansion 7000000: state [255, 223, 207, 203, 75, 73, 105, 121, 120, 124, 252, 188, 184, 186, 187, 155, 153, 25, 24, 26, 90, 218, 216, 200, 136, 138, 142, 174, 238], f=83, g=28
[00:00:08:17:718] Expansion 7100000: state [255, 223, 207, 203, 75, 73, 105, 121, 120, 124, 252, 236, 238, 174, 142, 158, 156, 157, 153, 185, 169, 171], f=83, g=21
[00:00:08:25:220] Expansion 7200000: state [255, 223, 207, 203, 75, 73, 105, 121, 120, 122, 90, 218, 154, 155, 153, 185, 184, 188, 156, 140, 142, 174, 238, 110, 78, 76], f=83, g=25
[00:00:08:32:238] Expansion 7300000: state [255, 223, 207, 203, 75, 73, 105, 121, 120, 122, 250, 186, 190, 158, 142, 138, 136, 137, 153, 157], f=83, g=19
[00:00:08:39:073] Expansion 7400000: state [255, 223, 207, 203, 75, 73, 105, 121, 249, 185, 153, 137, 136, 200, 232, 236, 237, 173, 175, 174, 142, 158, 154, 26, 90, 94, 78], f=83, g=26
[00:00:08:45:757] Expansion 7500000: state [255, 223, 207, 203, 75, 73, 105, 121, 249, 185, 189, 157, 141, 137, 136, 152, 24, 88, 90, 218, 250, 186, 190, 174, 238, 236, 232], f=83, g=26
[00:00:08:52:521] Expansion 7600000: state [255, 223, 207, 203, 75, 73, 105, 121, 249, 217, 153, 137, 136, 200, 204, 236, 238, 234, 250, 122, 90, 26, 154, 158, 142], f=83, g=24
[00:00:09:01:488] Expansion 7700000: state [255, 223, 207, 203, 75, 73, 105, 121, 249, 217, 216, 152, 154, 26, 90, 94, 78, 110, 238, 236, 252, 124], f=83, g=21
[00:00:09:08:268] Expansion 7800000: state [255, 223, 207, 203, 75, 73, 105, 121, 249, 248, 216, 218, 90, 26, 24, 25, 153, 157, 156, 140], f=83, g=19
[00:00:09:15:053] Expansion 7900000: state [255, 223, 207, 203, 75, 73, 105, 121, 249, 248, 250, 122, 90, 26, 154, 152, 136, 200, 204, 236, 238, 174, 175, 171], f=83, g=23
[00:00:09:21:840] Expansion 8000000: state [255, 223, 207, 203, 75, 73, 105, 109, 237, 173, 141, 137, 153, 155, 154, 186, 250, 122, 90, 94, 78, 76, 204, 200, 232], f=83, g=24
[00:00:09:28:653] Expansion 8100000: state [255, 223, 207, 203, 75, 73, 105, 109, 237, 173, 141, 157, 156, 188, 184, 185, 187, 155, 154, 138, 136, 200, 216, 88, 90, 122, 250, 234, 238, 110, 78, 76], f=83, g=31
[00:00:09:35:307] Expansion 8200000: state [255, 223, 207, 203, 75, 73, 105, 109, 237, 173, 169, 185, 153, 217, 216, 248, 232, 234, 238, 110, 78, 76, 204, 140, 136, 138], f=83, g=25
[00:00:09:41:941] Expansion 8300000: state [255, 223, 207, 203, 75, 73, 105, 109, 237, 173, 169, 171, 187, 186, 190, 188, 156, 140, 136, 200, 232, 248, 120, 88, 24, 26], f=83, g=25
[00:00:09:48:646] Expansion 8400000: state [255, 223, 207, 203, 75, 73, 105, 109, 237, 173, 189, 188, 156, 158, 154, 186, 250, 234, 232, 200, 216, 217], f=83, g=21
[00:00:09:55:309] Expansion 8500000: state [255, 223, 207, 203, 75, 73, 105, 109, 237, 173, 175, 171, 187, 186, 190, 188, 156, 140, 136, 200, 216, 88, 90, 94, 78, 110, 238, 234], f=83, g=27
[00:00:10:02:011] Expansion 8600000: state [255, 223, 207, 203, 75, 73, 105, 109, 237, 173, 175, 174, 190, 188, 156, 157, 153, 25, 24, 26, 90, 218, 216], f=83, g=22
[00:00:10:08:891] Expansion 8700000: state [255, 223, 207, 203, 75, 73, 105, 109, 237, 236, 204, 200, 136, 137, 141, 157, 156, 158, 154, 186, 187, 185, 249, 248, 120, 122, 90, 94, 78], f=83, g=28
[00:00:10:15:726] Expansion 8800000: state [255, 223, 207, 203, 75, 73, 105, 109, 237, 236, 232, 234, 250, 186, 187, 155, 153, 25, 24, 88, 216], f=83, g=20
[00:00:10:22:669] Expansion 8900000: state [255, 223, 207, 203, 75, 73, 105, 109, 237, 236, 238, 110, 78, 94, 90, 26, 154, 158, 156, 140, 136, 200, 216, 217, 249, 185, 189], f=83, g=26
[00:00:10:29:622] Expansion 9000000: state [255, 223, 207, 203, 75, 73, 105, 109, 237, 236, 238, 234, 250, 122, 90, 26, 154, 155, 153, 25], f=83, g=19
[00:00:10:36:579] Expansion 9100000: state [255, 223, 207, 203, 75, 73, 89, 25, 24, 152, 156, 188, 190, 174, 175, 173, 169, 233, 232, 234, 250, 218, 90, 94, 78, 76], f=83, g=25
[00:00:10:43:531] Expansion 9200000: state [255, 223, 207, 203, 75, 73, 89, 25, 24, 26, 154, 218, 250, 248, 249, 233, 169, 137, 141, 140, 156, 188, 190, 174, 175], f=83, g=24
[00:00:10:50:460] Expansion 9300000: state [255, 223, 207, 203, 75, 73, 89, 25, 24, 26, 90, 218, 250, 234, 232, 233, 169, 171, 175, 174, 190, 158, 156], f=83, g=22
[00:00:10:57:460] Expansion 9400000: state [255, 223, 207, 203, 75, 73, 89, 25, 24, 26, 90, 94, 78, 110, 238, 174, 190, 188, 184, 248, 216, 200, 136, 140, 141, 173, 169], f=83, g=26
[00:00:11:04:279] Expansion 9500000: state [255, 223, 207, 203, 75, 73, 89, 25, 153, 137, 141, 140, 142, 158, 190, 188, 184, 248, 250, 122, 90, 26], f=83, g=21
[00:00:11:11:054] Expansion 9600000: state [255, 223, 207, 203, 75, 73, 89, 25, 153, 185, 184, 248, 216, 218, 90, 94, 78, 110, 238, 174, 175, 173, 141, 140, 136, 138], f=83, g=25
[00:00:11:17:880] Expansion 9700000: state [255, 223, 207, 203, 75, 73, 89, 25, 153, 157, 141, 173, 237, 233, 249, 248, 120, 122, 90, 94, 78, 110, 238, 174, 142, 138, 154, 186], f=83, g=27
[00:00:11:27:554] Expansion 9800000: state [255, 223, 207, 203, 75, 73, 89, 25, 153, 155, 154, 138, 142, 174, 175, 171, 169, 233, 237, 236, 204, 200, 216, 248, 120], f=83, g=24
[00:00:11:34:274] Expansion 9900000: state [255, 223, 207, 203, 75, 73, 89, 25, 57, 185, 169, 173, 141, 140, 204, 236, 238, 174, 190, 158, 154, 26, 90], f=83, g=22
[00:00:11:41:036] Expansion 10000000: state [255, 223, 207, 203, 75, 73, 89, 25, 57, 185, 249, 248, 232, 200, 204, 76, 78, 94, 90, 218, 154, 186, 190, 174, 175, 171], f=83, g=25
[00:00:11:47:856] Expansion 10100000: state [255, 223, 207, 203, 75, 73, 89, 25, 57, 185, 187, 171, 175, 173, 141, 157, 156, 158, 154, 138, 136, 200, 232, 248, 120, 122, 90, 94, 78], f=83, g=28
[00:00:11:54:714] Expansion 10200000: state [255, 223, 207, 203, 75, 73, 89, 88, 24, 152, 153, 155, 187, 171, 169, 233, 232, 248, 252, 188, 190, 174, 142, 140, 204, 76, 78, 110], f=83, g=27
[00:00:12:01:703] Expansion 10300000: state [255, 223, 207, 203, 75, 73, 89, 88, 24, 26, 154, 155, 187, 171, 175, 174, 238, 234, 250, 248, 184, 188, 156, 140, 141, 137], f=83, g=25
[00:00:12:08:624] Expansion 10400000: state [255, 223, 207, 203, 75, 73, 89, 88, 216, 248, 232, 233, 169, 137, 153, 155, 154, 158, 190, 174, 238, 110, 78, 76], f=83, g=23
[00:00:12:15:508] Expansion 10500000: state [255, 223, 207, 203, 75, 73, 89, 88, 120, 248, 232, 200, 136, 138, 154, 155, 153, 157, 141, 173, 175, 174, 238, 110, 78], f=83, g=24
[00:00:12:22:463] Expansion 10600000: state [255, 223, 207, 203, 75, 73, 89, 88, 120, 248, 249, 233, 237, 236, 238, 174, 190, 188, 156, 140, 136, 137, 153, 155, 154, 26], f=83, g=25
[00:00:12:29:538] Expansion 10700000: state [255, 223, 207, 203, 75, 73, 89, 88, 120, 122, 250, 186, 187, 171, 169, 233, 237, 236, 238, 174, 142, 140, 136, 152], f=83, g=23
[00:00:12:36:572] Expansion 10800000: state [255, 223, 207, 203, 75, 73, 89, 88, 90, 26, 154, 152, 156, 157, 189, 173, 237, 236, 232, 234, 250], f=83, g=20
[00:00:12:43:530] Expansion 10900000: state [255, 223, 207, 203, 75, 73, 89, 88, 90, 218, 154, 186, 184, 185, 249, 233, 232, 234, 238, 110], f=83, g=19
[00:00:12:50:466] Expansion 11000000: state [255, 223, 207, 203, 75, 73, 89, 88, 90, 218, 250, 248, 232, 233, 237, 173, 189, 185, 153, 137, 136, 138, 142, 158, 156], f=83, g=24
