--------------------------
date: cubes
number_of_graphs: 1
graph_type: cube
size_of_graphs: [8, 8]
heuristic: heuristic0
snake: True
run_uni: True
run_bi: False
run_multi: False
cube_first_dims: 8
cube_buffer_dim: 3
backward_sym_generation: False

---------- cubes/8d_cube ----------
[00:00:00:07:093] Expansion 100000: state [255, 223, 207, 203, 75, 73, 72, 200, 136, 168, 184, 185, 249, 121, 120, 124, 92, 94, 78, 110, 238, 234], f=89, g=21
[00:00:00:14:370] Expansion 200000: state [255, 223, 207, 203, 75, 73, 72, 200, 136, 168, 172, 188, 156, 28, 92, 124, 120, 56, 58, 26, 90, 218, 250, 234, 106, 110, 46], f=89, g=26
[00:00:00:21:552] Expansion 300000: state [255, 223, 207, 203, 75, 73, 72, 200, 136, 168, 172, 174, 238, 110, 106, 122, 250, 248, 252], f=89, g=18
[00:00:00:28:537] Expansion 400000: state [255, 223, 207, 203, 75, 73, 72, 200, 136, 168, 170, 234, 250, 248, 249, 233, 237, 236, 108, 110, 78, 94, 90, 26, 24, 56, 60, 188, 189, 157, 153, 155, 187], f=89, g=32
[00:00:00:35:426] Expansion 500000: state [255, 223, 207, 203, 75, 73, 72, 200, 136, 168, 170, 174, 46, 110, 78, 94, 90, 26, 154, 158, 156, 188, 60, 56, 120, 121, 249, 185], f=89, g=27
[00:00:00:42:292] Expansion 600000: state [255, 223, 207, 203, 75, 73, 72, 200, 136, 168, 170, 174, 238, 236, 237, 233, 249, 121, 120, 124, 60, 188, 156, 158, 154, 26, 90, 94], f=89, g=27
[00:00:00:49:295] Expansion 700000: state [255, 223, 207, 203, 75, 73, 72, 200, 136, 152, 184, 186, 170, 174, 238, 236, 252, 124, 120, 122, 90, 94], f=89, g=21
[00:00:00:56:606] Expansion 800000: state [255, 223, 207, 203, 75, 73, 72, 200, 136, 152, 154, 158, 190, 174, 172, 236, 252, 124, 92, 94, 78, 110, 106, 122, 58], f=89, g=24
[00:00:01:03:966] Expansion 900000: state [255, 223, 207, 203, 75, 73, 72, 200, 136, 140, 12, 28, 24, 26, 154, 158, 190, 188, 184, 185, 249, 121, 120, 124, 108, 110, 238, 234, 250], f=89, g=28
[00:00:01:11:374] Expansion 1000000: state [255, 223, 207, 203, 75, 73, 72, 200, 136, 140, 12, 28, 60, 56, 120, 248, 252, 236, 108, 110, 78, 94, 90, 218, 154, 158, 190, 174, 170], f=89, g=28
[00:00:01:18:861] Expansion 1100000: state [255, 223, 207, 203, 75, 73, 72, 200, 136, 140, 172, 188, 252, 124, 108, 110, 106, 234, 250, 218, 154, 155, 187, 185], f=89, g=23
[00:00:01:26:006] Expansion 1200000: state [255, 223, 207, 203, 75, 73, 72, 200, 136, 140, 156, 28, 24, 26, 90, 218, 250, 186, 170, 174, 238, 236, 108, 124, 120, 121, 249], f=89, g=26
[00:00:01:33:647] Expansion 1300000: state [255, 223, 207, 203, 75, 73, 72, 200, 136, 140, 156, 220, 252, 248, 249, 185, 153, 25, 24], f=89, g=18
[00:00:01:40:863] Expansion 1400000: state [255, 223, 207, 203, 75, 73, 72, 200, 136, 140, 156, 158, 190, 186, 184, 56, 60, 124, 92, 94, 90, 122, 106, 110, 238], f=89, g=24
[00:00:01:48:070] Expansion 1500000: state [255, 223, 207, 203, 75, 73, 72, 200, 136, 140, 142, 174, 46, 110, 108, 236, 252, 188, 189, 157, 153, 155, 154, 218, 250, 122, 120, 121], f=89, g=27
[00:00:01:55:040] Expansion 1600000: state [255, 223, 207, 203, 75, 73, 72, 200, 136, 140, 142, 174, 238, 236, 108, 124, 60, 188, 189, 185, 249, 248, 250, 218, 90, 94], f=89, g=25
[00:00:02:02:702] Expansion 1700000: state [255, 223, 207, 203, 75, 73, 72, 200, 136, 140, 142, 158, 154, 155, 187, 185, 184, 56, 60, 124, 92, 94, 78, 110, 238, 234], f=89, g=25
[00:00:02:10:124] Expansion 1800000: state [255, 223, 207, 203, 75, 73, 72, 200, 136, 140, 141, 157, 153, 217, 249, 248, 252, 188, 190, 174, 238, 110, 78, 94, 90, 218, 154], f=89, g=26
[00:00:02:17:380] Expansion 1900000: state [255, 223, 207, 203, 75, 73, 72, 200, 136, 140, 141, 157, 189, 185, 184, 186, 154, 26, 90, 122, 120, 124, 108, 110, 46, 174], f=89, g=25
[00:00:02:24:952] Expansion 2000000: state [255, 223, 207, 203, 75, 73, 72, 200, 136, 138, 10, 26, 24, 28, 92, 94, 78, 110, 238, 236, 237, 233, 249, 248, 250, 122], f=89, g=25
[00:00:02:31:776] Expansion 2100000: state [255, 223, 207, 203, 75, 73, 72, 200, 136, 138, 10, 26, 58, 186, 250, 234, 238, 236, 237, 233, 249, 185, 153, 157], f=89, g=23
[00:00:02:38:561] Expansion 2200000: state [255, 223, 207, 203, 75, 73, 72, 200, 136, 138, 170, 186, 250, 122, 90, 94, 78, 110, 108, 124, 252, 188, 156, 28, 24, 25, 153, 185, 249, 233], f=89, g=29
[00:00:02:45:668] Expansion 2300000: state [255, 223, 207, 203, 75, 73, 72, 200, 136, 138, 170, 174, 238, 236, 252, 248, 249, 217, 153, 25, 24, 56, 58, 122, 90, 94, 78], f=89, g=26
[00:00:02:52:897] Expansion 2400000: state [255, 223, 207, 203, 75, 73, 72, 200, 136, 138, 154, 218, 90, 94, 92, 28, 24, 56, 184, 248, 249, 233, 237, 236, 108, 110, 46, 174, 190], f=89, g=28
[00:00:03:00:026] Expansion 2500000: state [255, 223, 207, 203, 75, 73, 72, 200, 136, 138, 154, 158, 156, 28, 92, 94, 90, 122, 58, 56, 184, 185, 153], f=89, g=22
[00:00:03:07:300] Expansion 2600000: state [255, 223, 207, 203, 75, 73, 72, 200, 136, 138, 142, 174, 46, 110, 78, 94, 90, 218, 250, 248, 252, 124, 60, 56, 24, 25, 153, 185], f=89, g=27
[00:00:03:14:307] Expansion 2700000: state [255, 223, 207, 203, 75, 73, 72, 200, 136, 138, 142, 174, 238, 110, 106, 122, 120, 124, 92, 28, 156, 157, 189, 185, 187, 155], f=89, g=25
[00:00:03:22:128] Expansion 2800000: state [255, 223, 207, 203, 75, 73, 72, 200, 136, 138, 142, 158, 156, 220, 252, 248, 249, 217, 153, 155, 187, 186, 58, 122, 90, 94, 78, 110, 108], f=89, g=28
[00:00:03:29:350] Expansion 2900000: state [255, 223, 207, 203, 75, 73, 72, 200, 136, 137, 153, 25, 24, 28, 156, 188, 252, 236, 108, 110, 106, 234, 170, 186, 58], f=89, g=24
[00:00:03:36:698] Expansion 3000000: state [255, 223, 207, 203, 75, 73, 72, 200, 136, 137, 153, 217, 249, 233, 237, 236, 108, 110, 106, 234, 250, 186, 190, 158, 156, 220, 92, 94, 90, 26], f=89, g=29
[00:00:03:43:955] Expansion 3100000: state [255, 223, 207, 203, 75, 73, 72, 200, 136, 137, 153, 185, 184, 248, 250, 234, 106, 110, 108, 124, 60, 28, 156, 158, 154, 26], f=89, g=25
[00:00:03:51:235] Expansion 3200000: state [255, 223, 207, 203, 75, 73, 72, 200, 136, 137, 153, 185, 249, 248, 252, 236, 238, 174, 142, 158, 156, 28, 24, 56, 58, 122, 90, 218], f=89, g=27
[00:00:03:58:520] Expansion 3300000: state [255, 223, 207, 203, 75, 73, 72, 200, 136, 137, 153, 157, 156, 220, 92, 94, 90, 218, 250, 234, 170, 174, 172, 236, 237, 233, 249, 121, 120, 56, 58], f=89, g=30
[00:00:04:06:595] Expansion 3400000: state [255, 223, 207, 203, 75, 73, 72, 200, 136, 137, 153, 155, 154, 26, 58, 122, 106, 234, 238, 236, 172, 188, 60, 28, 92, 94], f=89, g=25
[00:00:04:13:763] Expansion 3500000: state [255, 223, 207, 203, 75, 73, 72, 200, 136, 137, 141, 157, 156, 28, 24, 26, 154, 186, 250, 234, 106, 110, 46, 174, 172, 236, 252, 124], f=89, g=27
[00:00:04:21:199] Expansion 3600000: state [255, 223, 207, 203, 75, 73, 72, 200, 136, 137, 141, 157, 156, 158, 142, 174, 170, 186, 184, 185, 249, 233, 237, 236, 108, 110, 106, 122, 90, 26, 10], f=89, g=30
[00:00:04:28:339] Expansion 3700000: state [255, 223, 207, 203, 75, 73, 72, 200, 136, 137, 141, 157, 189, 185, 187, 186, 58, 122, 90, 94, 78, 110, 108, 124, 60], f=89, g=24
[00:00:04:35:497] Expansion 3800000: state [255, 223, 207, 203, 75, 73, 72, 200, 232, 168, 184, 188, 190, 174, 142, 140, 141, 137, 153, 155, 154, 218, 250, 122, 120, 124], f=89, g=25
[00:00:04:42:694] Expansion 3900000: state [255, 223, 207, 203, 75, 73, 72, 200, 232, 168, 172, 140, 141, 157, 189, 185, 187, 155, 154, 218, 250, 122, 58, 56, 24, 28, 92, 124], f=89, g=27
[00:00:04:50:807] Expansion 4000000: state [255, 223, 207, 203, 75, 73, 72, 200, 232, 168, 172, 174, 190, 186, 187, 155, 153, 217, 249, 121, 120, 56, 24, 26, 10], f=89, g=24
[00:00:04:57:611] Expansion 4100000: state [255, 223, 207, 203, 75, 73, 72, 200, 232, 168, 170, 174, 46, 110, 106, 122, 90, 26, 24, 28, 12, 140, 141, 157, 153, 217], f=89, g=25
[00:00:05:04:593] Expansion 4200000: state [255, 223, 207, 203, 75, 73, 72, 200, 232, 248, 120, 56, 60, 28, 92, 94, 78, 110, 238, 174, 172, 140, 141, 137, 153, 217], f=89, g=25
[00:00:05:11:754] Expansion 4300000: state [255, 223, 207, 203, 75, 73, 72, 200, 232, 248, 120, 122, 106, 110, 238, 174, 172, 140, 12, 28, 24, 26, 154, 155, 153], f=89, g=24
[00:00:05:18:894] Expansion 4400000: state [255, 223, 207, 203, 75, 73, 72, 200, 232, 248, 252, 124, 92, 94, 78, 110, 106, 122, 58, 56, 24, 152, 153, 137, 141], f=89, g=24
[00:00:05:26:031] Expansion 4500000: state [255, 223, 207, 203, 75, 73, 72, 200, 232, 248, 250, 122, 58, 56, 24, 152, 153, 157, 141, 140, 142, 158, 190], f=89, g=22
[00:00:05:33:103] Expansion 4600000: state [255, 223, 207, 203, 75, 73, 72, 200, 232, 248, 249, 185, 153, 25, 24, 56, 60, 124, 108, 110, 46, 174, 170, 138, 154, 158, 156, 220], f=89, g=27
[00:00:05:40:236] Expansion 4700000: state [255, 223, 207, 203, 75, 73, 72, 200, 232, 248, 249, 217, 153, 25, 24, 56, 60, 188, 172, 174, 142, 138, 154, 218, 90], f=89, g=24
[00:00:05:47:514] Expansion 4800000: state [255, 223, 207, 203, 75, 73, 72, 200, 232, 236, 108, 124, 92, 94, 90, 26, 10, 138, 142, 158, 156, 152, 184, 185, 249, 121], f=89, g=25
[00:00:05:54:615] Expansion 4900000: state [255, 223, 207, 203, 75, 73, 72, 200, 232, 236, 108, 110, 78, 94, 90, 26, 154, 138, 142, 174, 190, 188, 189, 157, 153, 217, 249, 121, 120, 56], f=89, g=29
[00:00:06:01:751] Expansion 5000000: state [255, 223, 207, 203, 75, 73, 72, 200, 232, 236, 172, 140, 12, 28, 60, 56, 120, 122, 90, 26, 154, 155, 187, 185, 249, 217], f=89, g=25
[00:00:06:08:980] Expansion 5100000: state [255, 223, 207, 203, 75, 73, 72, 200, 232, 236, 172, 174, 170, 186, 154, 26, 24, 56, 120, 121, 249, 217, 153, 157, 156, 220, 92, 94, 78, 110], f=89, g=29
[00:00:06:17:507] Expansion 5200000: state [255, 223, 207, 203, 75, 73, 72, 200, 232, 236, 252, 188, 60, 28, 24, 152, 153, 185, 187, 186, 58, 122, 90, 218], f=89, g=23
[00:00:06:24:614] Expansion 5300000: state [255, 223, 207, 203, 75, 73, 72, 200, 232, 236, 252, 220, 92, 94, 90, 122, 120, 56, 184, 186, 170, 138, 142, 140, 141, 137, 153], f=89, g=26
[00:00:06:31:814] Expansion 5400000: state [255, 223, 207, 203, 75, 73, 72, 200, 232, 236, 238, 110, 106, 122, 90, 94, 92, 220, 156, 188, 190, 186, 187, 185, 153, 25, 24], f=89, g=26
[00:00:06:38:875] Expansion 5500000: state [255, 223, 207, 203, 75, 73, 72, 200, 232, 236, 238, 174, 190, 158, 156, 220, 92, 94, 90, 122, 120, 56, 24, 25], f=89, g=23
[00:00:06:45:867] Expansion 5600000: state [255, 223, 207, 203, 75, 73, 72, 200, 232, 234, 106, 110, 46, 174, 142, 140, 156, 220, 92, 94, 90, 26, 24, 56, 184, 186, 187, 155, 153], f=89, g=28
[00:00:06:52:807] Expansion 5700000: state [255, 223, 207, 203, 75, 73, 72, 200, 232, 234, 106, 110, 78, 94, 92, 124, 252, 188, 184, 152, 154, 138, 142, 140, 12], f=89, g=24
[00:00:06:59:686] Expansion 5800000: state [255, 223, 207, 203, 75, 73, 72, 200, 232, 234, 170, 186, 154, 152, 24, 28, 92, 94, 90, 122, 120, 121, 249, 185, 189], f=89, g=24
[00:00:07:06:541] Expansion 5900000: state [255, 223, 207, 203, 75, 73, 72, 200, 232, 234, 250, 122, 58, 26, 10, 138, 142, 140, 172, 188, 184, 185, 153, 155], f=89, g=23
[00:00:07:13:642] Expansion 6000000: state [255, 223, 207, 203, 75, 73, 72, 200, 232, 234, 250, 186, 184, 56, 24, 26, 10, 138, 142, 174, 46, 110, 78, 94, 92, 124, 252], f=89, g=26
[00:00:07:20:720] Expansion 6100000: state [255, 223, 207, 203, 75, 73, 72, 200, 232, 234, 238, 110, 78, 94, 90, 26, 154, 155, 153, 137, 141, 140, 156, 188, 189], f=89, g=24
[00:00:07:27:960] Expansion 6200000: state [255, 223, 207, 203, 75, 73, 72, 200, 232, 234, 238, 174, 142, 138, 154, 218, 90, 122, 58, 56, 24, 28, 92, 124, 252, 188, 189, 185, 153, 137, 141], f=89, g=30
[00:00:07:35:168] Expansion 6300000: state [255, 223, 207, 203, 75, 73, 72, 200, 232, 233, 249, 121, 120, 56, 184, 186, 190, 174, 142, 140, 156, 28, 92, 94, 90, 26], f=89, g=25
[00:00:07:42:351] Expansion 6400000: state [255, 223, 207, 203, 75, 73, 72, 200, 232, 233, 249, 121, 120, 122, 106, 110, 78, 94, 92, 28, 24, 26, 154, 158, 142, 174, 170], f=89, g=26
[00:00:07:49:562] Expansion 6500000: state [255, 223, 207, 203, 75, 73, 72, 200, 232, 233, 249, 185, 153, 152, 154, 26, 58, 56, 120, 124, 252, 188, 190, 174, 142], f=89, g=24
[00:00:07:58:529] Expansion 6600000: state [255, 223, 207, 203, 75, 73, 72, 200, 232, 233, 249, 185, 184, 188, 172, 140, 142, 158, 154, 218, 250, 122, 106, 110, 78, 94, 92, 28, 24], f=89, g=28
[00:00:08:05:628] Expansion 6700000: state [255, 223, 207, 203, 75, 73, 72, 200, 232, 233, 249, 185, 187, 155, 154, 152, 24, 56, 120, 124, 108, 110, 238, 174, 172, 140, 141, 157], f=89, g=27
[00:00:08:12:831] Expansion 6800000: state [255, 223, 207, 203, 75, 73, 72, 200, 232, 233, 249, 217, 153, 137, 141, 140, 172, 174, 238, 110, 78, 94, 92, 124, 120, 56, 58, 26, 154], f=89, g=28
[00:00:08:20:046] Expansion 6900000: state [255, 223, 207, 203, 75, 73, 72, 200, 232, 233, 249, 217, 153, 157, 156, 140, 172, 174, 170, 186, 154, 26, 24, 56, 60, 124, 108, 110, 78, 94], f=89, g=29
[00:00:08:27:204] Expansion 7000000: state [255, 223, 207, 203, 75, 73, 72, 200, 216, 152, 24, 56, 120, 124, 92, 94, 78, 110, 238, 234, 170, 138, 142, 158, 190, 188, 189, 185, 187], f=89, g=28
[00:00:08:34:335] Expansion 7100000: state [255, 223, 207, 203, 75, 73, 72, 200, 216, 152, 184, 186, 190, 158, 142, 138, 10, 26, 90, 122, 106, 110, 108, 236, 252], f=89, g=24
[00:00:08:41:453] Expansion 7200000: state [255, 223, 207, 203, 75, 73, 72, 200, 216, 152, 154, 186, 250, 234, 238, 236, 108, 124, 92, 94], f=89, g=19
[00:00:08:48:589] Expansion 7300000: state [255, 223, 207, 203, 75, 73, 72, 200, 216, 152, 153, 157, 141, 140, 142, 138, 170, 234, 250, 122, 120, 124, 60, 188], f=89, g=23
[00:00:08:56:362] Expansion 7400000: state [255, 223, 207, 203, 75, 73, 72, 200, 216, 248, 120, 124, 92, 94, 78, 110, 238, 174, 172, 188, 156, 157, 153, 185, 187, 186, 58, 26, 10], f=89, g=28
[00:00:09:03:435] Expansion 7500000: state [255, 223, 207, 203, 75, 73, 72, 200, 216, 248, 184, 56, 58, 26, 90, 94, 92, 124, 108, 110, 106, 234, 170, 174, 172, 140, 156], f=89, g=26
[00:00:09:10:474] Expansion 7600000: state [255, 223, 207, 203, 75, 73, 72, 200, 216, 248, 252, 124, 60, 56, 24, 25, 153, 185, 187, 186, 170, 234, 106, 110, 78, 94], f=89, g=25
[00:00:09:17:355] Expansion 7700000: state [255, 223, 207, 203, 75, 73, 72, 200, 216, 248, 252, 236, 172, 174, 170, 234, 106, 122, 90, 94, 92, 28, 24, 25, 153, 157, 189], f=89, g=26
[00:00:09:24:280] Expansion 7800000: state [255, 223, 207, 203, 75, 73, 72, 200, 216, 248, 250, 186, 187, 185, 189, 188, 172, 140, 12, 28, 92, 124, 108, 110, 78], f=89, g=24
[00:00:09:31:249] Expansion 7900000: state [255, 223, 207, 203, 75, 73, 72, 200, 216, 248, 249, 185, 153, 155, 154, 26, 58, 122, 106, 234, 238, 174, 190, 188, 156, 28, 92, 94, 78], f=89, g=28
[00:00:09:38:259] Expansion 8000000: state [255, 223, 207, 203, 75, 73, 72, 200, 216, 248, 249, 233, 237, 236, 172, 140, 156, 158, 190, 186, 170, 138, 10, 26, 24, 56, 60, 124, 92, 94, 78, 110, 106], f=89, g=32
[00:00:09:45:371] Expansion 8100000: state [255, 223, 207, 203, 75, 73, 72, 200, 216, 220, 92, 28, 24, 26, 90, 122, 250, 186, 190, 158, 142, 140, 141, 157, 153, 185, 249, 233, 237, 236, 238], f=89, g=30
[00:00:09:52:415] Expansion 8200000: state [255, 223, 207, 203, 75, 73, 72, 200, 216, 220, 92, 124, 108, 236, 238, 234, 250, 122, 58, 26, 154, 158, 142, 140, 141, 157, 189, 185], f=89, g=27
[00:00:09:59:340] Expansion 8300000: state [255, 223, 207, 203, 75, 73, 72, 200, 216, 220, 92, 94, 78, 110, 108, 236, 172, 140, 141, 157, 153, 25, 24, 56, 120, 122, 250, 186], f=89, g=27
[00:00:10:06:429] Expansion 8400000: state [255, 223, 207, 203, 75, 73, 72, 200, 216, 220, 156, 28, 24, 25, 153, 155, 154, 186, 170, 174, 172, 236, 108, 124, 120, 122], f=89, g=25
[00:00:10:15:737] Expansion 8500000: state [255, 223, 207, 203, 75, 73, 72, 200, 216, 220, 156, 188, 190, 186, 170, 234, 106, 110, 78, 94, 90, 26, 24, 56, 120], f=89, g=24
[00:00:10:22:748] Expansion 8600000: state [255, 223, 207, 203, 75, 73, 72, 200, 216, 220, 252, 124, 60, 56, 24, 26, 90, 122, 106, 234, 170, 168, 172, 140, 141, 157, 153], f=89, g=26
[00:00:10:29:666] Expansion 8700000: state [255, 223, 207, 203, 75, 73, 72, 200, 216, 220, 252, 188, 184, 168, 170, 234, 106, 110, 78, 94, 90, 26, 24, 25, 153, 137, 141, 140], f=89, g=27
[00:00:10:36:576] Expansion 8800000: state [255, 223, 207, 203, 75, 73, 72, 200, 216, 220, 252, 236, 237, 233, 249, 121, 120, 122, 250, 186, 154, 155, 153, 137, 141, 140, 142, 174, 46, 110, 78, 94], f=89, g=31
[00:00:10:43:609] Expansion 8900000: state [255, 223, 207, 203, 75, 73, 72, 200, 216, 218, 90, 26, 58, 186, 170, 138, 142, 140, 156, 188, 60, 124, 120, 121, 249, 233, 237, 236, 238, 110, 106], f=89, g=30
[00:00:10:50:480] Expansion 9000000: state [255, 223, 207, 203, 75, 73, 72, 200, 216, 218, 90, 122, 120, 124, 92, 28, 156, 158, 142, 174, 170, 168, 184, 185, 153, 137, 141], f=89, g=26
[00:00:10:57:618] Expansion 9100000: state [255, 223, 207, 203, 75, 73, 72, 200, 216, 218, 90, 94, 92, 124, 60, 188, 189, 185, 187, 186], f=89, g=19
[00:00:11:04:640] Expansion 9200000: state [255, 223, 207, 203, 75, 73, 72, 200, 216, 218, 154, 138, 170, 174, 172, 236, 237, 233, 249, 121, 120, 56, 60, 28, 92, 94], f=89, g=25
[00:00:11:11:683] Expansion 9300000: state [255, 223, 207, 203, 75, 73, 72, 200, 216, 218, 154, 158, 142, 140, 141, 137, 153, 185, 189, 188, 60, 28, 92, 94, 78, 110, 46], f=89, g=26
[00:00:11:19:165] Expansion 9400000: state [255, 223, 207, 203, 75, 73, 72, 200, 216, 218, 250, 122, 58, 26, 24, 28, 60, 124, 108, 236, 172, 140, 141, 157, 153, 155], f=89, g=25
[00:00:11:26:338] Expansion 9500000: state [255, 223, 207, 203, 75, 73, 72, 200, 216, 218, 250, 186, 170, 174, 172, 188, 189, 157, 153, 25, 24, 56, 120, 121, 249], f=89, g=24
[00:00:11:33:432] Expansion 9600000: state [255, 223, 207, 203, 75, 73, 72, 200, 216, 218, 250, 234, 238, 174, 172, 140, 156, 157, 153, 155, 187], f=89, g=20
[00:00:11:40:657] Expansion 9700000: state [255, 223, 207, 203, 75, 73, 72, 200, 216, 217, 153, 137, 141, 140, 172, 188, 184, 56, 58, 122, 90, 94, 92, 124, 108, 110], f=89, g=25
[00:00:11:47:965] Expansion 9800000: state [255, 223, 207, 203, 75, 73, 72, 200, 216, 217, 153, 185, 184, 186, 58, 26, 90, 94, 92, 28, 156, 140, 172, 174, 238, 110, 106], f=89, g=26
[00:00:11:55:080] Expansion 9900000: state [255, 223, 207, 203, 75, 73, 72, 200, 216, 217, 153, 157, 141, 140, 12, 28, 92, 124, 252, 188, 190, 158, 154, 138, 170, 168], f=89, g=25
[00:00:12:02:486] Expansion 10000000: state [255, 223, 207, 203, 75, 73, 72, 200, 216, 217, 153, 157, 156, 158, 142, 174, 238, 110, 108, 124, 120, 56, 24, 26, 10], f=89, g=24
[00:00:12:09:726] Expansion 10100000: state [255, 223, 207, 203, 75, 73, 72, 200, 216, 217, 153, 155, 154, 158, 156, 28, 92, 124, 120, 122, 106, 110], f=89, g=21
[00:00:12:16:895] Expansion 10200000: state [255, 223, 207, 203, 75, 73, 72, 200, 216, 217, 249, 121, 120, 122, 58, 26, 154, 138, 142, 140, 141, 157, 189, 188, 252, 236, 108], f=89, g=26
[00:00:12:23:974] Expansion 10300000: state [255, 223, 207, 203, 75, 73, 72, 200, 216, 217, 249, 185, 189, 157, 141, 140, 172, 236, 252, 124, 92, 94, 78, 110, 106, 234, 250, 186, 154, 26, 24, 25], f=89, g=31
[00:00:12:31:117] Expansion 10400000: state [255, 223, 207, 203, 75, 73, 72, 200, 216, 217, 249, 185, 187, 155, 154, 26, 58, 122, 250, 234, 170, 168, 172, 188, 60, 28, 92], f=89, g=26
[00:00:12:38:231] Expansion 10500000: state [255, 223, 207, 203, 75, 73, 72, 200, 216, 217, 249, 233, 237, 236, 172, 140, 156, 28, 60, 56, 184, 186, 250, 234], f=89, g=23
[00:00:12:45:275] Expansion 10600000: state [255, 223, 207, 203, 75, 73, 72, 200, 204, 140, 12, 28, 24, 26, 154, 155, 153, 185, 249, 233], f=89, g=19
[00:00:12:52:455] Expansion 10700000: state [255, 223, 207, 203, 75, 73, 72, 200, 204, 140, 12, 28, 60, 188, 190, 186, 154, 155, 153, 217], f=89, g=19
[00:00:12:59:632] Expansion 10800000: state [255, 223, 207, 203, 75, 73, 72, 200, 204, 140, 172, 188, 190, 158, 154, 218, 90, 122, 120, 124, 92, 28, 24, 25, 153, 185], f=89, g=25
[00:00:13:09:655] Expansion 10900000: state [255, 223, 207, 203, 75, 73, 72, 200, 204, 140, 172, 174, 238, 234, 106, 122, 90, 94, 92, 124, 252, 248, 184, 56, 24], f=89, g=24
[00:00:13:16:902] Expansion 11000000: state [255, 223, 207, 203, 75, 73, 72, 200, 204, 140, 156, 188, 60, 124, 92, 94, 78, 110, 238, 174, 170, 186, 187, 185], f=89, g=23
[00:00:13:24:046] Expansion 11100000: state [255, 223, 207, 203, 75, 73, 72, 200, 204, 140, 156, 157, 153, 185, 184, 248, 120, 122, 90, 26, 154], f=89, g=20
[00:00:13:31:120] Expansion 11200000: state [255, 223, 207, 203, 75, 73, 72, 200, 204, 140, 142, 138, 154, 155, 153, 25, 24, 28, 92, 94, 90, 122], f=89, g=21
[00:00:13:38:137] Expansion 11300000: state [255, 223, 207, 203, 75, 73, 72, 200, 204, 140, 142, 174, 238, 110, 106, 122, 250, 218, 154, 26, 24, 56, 60, 188, 189, 185], f=89, g=25
[00:00:13:45:487] Expansion 11400000: state [255, 223, 207, 203, 75, 73, 72, 200, 204, 140, 142, 158, 190, 188, 189, 185, 153, 152, 24, 28, 92, 124, 108, 110, 106, 122, 250, 248], f=89, g=27
[00:00:13:52:787] Expansion 11500000: state [255, 223, 207, 203, 75, 73, 72, 200, 204, 140, 141, 137, 153, 185, 189, 188, 60, 28, 24, 26], f=89, g=19
[00:00:14:00:035] Expansion 11600000: state [255, 223, 207, 203, 75, 73, 72, 200, 204, 140, 141, 157, 153, 217, 249, 248, 252, 124, 92, 94, 90, 26, 10, 138, 170, 174, 190], f=89, g=26
[00:00:14:07:309] Expansion 11700000: state [255, 223, 207, 203, 75, 73, 72, 200, 204, 140, 141, 157, 189, 185, 187, 186, 250, 248, 120, 124, 108, 110, 78, 94, 90, 26, 24, 28], f=89, g=27
[00:00:14:14:627] Expansion 11800000: state [255, 223, 207, 203, 75, 73, 72, 200, 204, 236, 108, 124, 120, 122, 250, 218, 154, 155, 153, 25, 24, 28, 156, 188, 184, 168, 170], f=89, g=26
[00:00:14:21:652] Expansion 11900000: state [255, 223, 207, 203, 75, 73, 72, 200, 204, 236, 108, 110, 78, 94, 92, 28, 24, 56, 184, 248, 249, 217, 153, 155, 154, 158, 142, 174, 175], f=89, g=28
[00:00:14:28:617] Expansion 12000000: state [255, 223, 207, 203, 75, 73, 72, 200, 204, 236, 172, 168, 170, 234, 106, 110, 78, 94, 92, 124, 120, 121, 249, 185, 153, 157, 156, 158, 154, 26, 10], f=89, g=30
[00:00:14:35:679] Expansion 12100000: state [255, 223, 207, 203, 75, 73, 72, 200, 204, 236, 172, 174, 142, 138, 154, 26, 24, 28, 156, 157, 153, 185, 184, 248, 250], f=89, g=24
[00:00:14:42:681] Expansion 12200000: state [255, 223, 207, 203, 75, 73, 72, 200, 204, 236, 252, 124, 92, 94, 78, 110, 46, 174, 190, 158, 156, 157, 153, 185, 184, 168], f=89, g=25
[00:00:14:49:699] Expansion 12300000: state [255, 223, 207, 203, 75, 73, 72, 200, 204, 236, 252, 248, 184, 56, 60, 28, 92, 94, 78, 110, 46, 174, 142, 138, 154, 155, 153, 137, 141], f=89, g=28
[00:00:14:56:794] Expansion 12400000: state [255, 223, 207, 203, 75, 73, 72, 200, 204, 236, 238, 174, 142, 138, 10, 26, 24, 28, 92, 124, 120, 122, 250, 186, 184, 188, 189, 157, 141], f=89, g=28
[00:00:15:03:797] Expansion 12500000: state [255, 223, 207, 203, 75, 73, 72, 200, 204, 236, 238, 234, 170, 138, 154, 152, 24, 56, 120, 248, 249, 185], f=89, g=21
[00:00:15:10:844] Expansion 12600000: state [255, 223, 207, 203, 75, 73, 72, 200, 204, 236, 237, 233, 249, 185, 153, 157, 156, 188, 190, 174, 46, 110, 106, 122, 58, 26, 154], f=89, g=26
[00:00:15:18:014] Expansion 12700000: state [255, 223, 207, 203, 75, 73, 72, 200, 204, 236, 237, 233, 249, 248, 120, 56, 60, 188, 156, 158, 142, 138, 170, 168], f=89, g=23
[00:00:15:25:145] Expansion 12800000: state [255, 223, 207, 203, 75, 73, 72, 200, 204, 220, 92, 28, 60, 188, 172, 168, 170, 138, 154, 26, 90, 122, 120, 121, 249, 233], f=89, g=25
[00:00:15:32:263] Expansion 12900000: state [255, 223, 207, 203, 75, 73, 72, 200, 204, 220, 92, 124, 120, 248, 250, 234, 238, 174, 190, 158, 154, 152], f=89, g=21
[00:00:15:39:342] Expansion 13000000: state [255, 223, 207, 203, 75, 73, 72, 200, 204, 220, 92, 94, 90, 26, 154, 155, 187, 185, 189, 188, 172, 174, 46, 110, 108], f=89, g=24
[00:00:15:46:517] Expansion 13100000: state [255, 223, 207, 203, 75, 73, 72, 200, 204, 220, 156, 188, 60, 124, 108, 110, 238, 174, 170, 138, 154, 218, 250, 248, 249, 185], f=89, g=25
[00:00:15:53:588] Expansion 13200000: state [255, 223, 207, 203, 75, 73, 72, 200, 204, 220, 156, 157, 153, 217, 249, 248, 250, 186, 154, 26, 24, 56, 60, 124, 108, 110, 106], f=89, g=26
[00:00:16:00:699] Expansion 13300000: state [255, 223, 207, 203, 75, 73, 72, 200, 204, 220, 252, 188, 172, 168, 170, 234, 238, 110, 78, 94, 90, 122, 58, 56, 24, 25, 153, 157, 141], f=89, g=28
[00:00:16:07:802] Expansion 13400000: state [255, 223, 207, 203, 75, 73, 72, 104, 232, 168, 136, 140, 142, 174, 238, 110, 78, 94, 90, 26, 58, 56, 60, 124, 252, 220, 216, 217, 153, 157, 189], f=89, g=30
[00:00:16:14:990] Expansion 13500000: state [255, 223, 207, 203, 75, 73, 72, 104, 232, 168, 184, 188, 252, 220, 92, 28, 12, 140, 142, 158, 154, 155, 153, 217], f=89, g=23
[00:00:16:22:132] Expansion 13600000: state [255, 223, 207, 203, 75, 73, 72, 104, 232, 168, 170, 138, 154, 218, 250, 122, 58, 56, 60, 28, 92, 220, 204, 140, 141, 137, 153], f=89, g=26
[00:00:16:29:082] Expansion 13700000: state [255, 223, 207, 203, 75, 73, 72, 104, 232, 248, 184, 188, 172, 140, 12, 28, 24, 26, 10, 138], f=89, g=19
[00:00:16:39:960] Expansion 13800000: state [255, 223, 207, 203, 75, 73, 72, 104, 232, 248, 216, 218, 90, 94, 78, 110, 238, 174, 190, 186, 58, 56, 60, 28, 156, 140, 136, 137, 153, 185], f=89, g=29
[00:00:16:47:089] Expansion 13900000: state [255, 223, 207, 203, 75, 73, 72, 104, 232, 248, 252, 188, 60, 56, 24, 26, 10, 138, 136, 137, 153], f=89, g=20
[00:00:16:54:059] Expansion 14000000: state [255, 223, 207, 203, 75, 73, 72, 104, 232, 248, 250, 122, 90, 94, 92, 28, 60, 188, 190, 174, 142, 138, 154, 155, 153, 137], f=89, g=25
[00:00:17:01:178] Expansion 14100000: state [255, 223, 207, 203, 75, 73, 72, 104, 232, 248, 249, 185, 153, 157, 141, 140, 142, 174, 190, 186, 58, 122, 90, 94, 92], f=89, g=24
[00:00:17:08:304] Expansion 14200000: state [255, 223, 207, 203, 75, 73, 72, 104, 232, 236, 172, 140, 12, 28, 92, 94, 90, 218, 154, 152, 184, 185, 187], f=89, g=22
[00:00:17:15:405] Expansion 14300000: state [255, 223, 207, 203, 75, 73, 72, 104, 232, 236, 204, 140, 12, 28, 92, 94, 90, 26, 154, 186, 187, 185, 153, 157], f=89, g=23
[00:00:17:22:553] Expansion 14400000: state [255, 223, 207, 203, 75, 73, 72, 104, 232, 236, 204, 220, 156, 188, 190, 174, 46, 110, 78, 94, 90, 122, 58, 56, 24], f=89, g=24
