--------------------------
date: cubes
number_of_graphs: 1
graph_type: cube
size_of_graphs: [8, 8]
heuristic: heuristic0
snake: True
run_uni: True
run_bi: False
run_multi: False
cube_first_dims: 8
cube_buffer_dim: 3
backward_sym_generation: False

---------- cubes/8d_cube ----------
[00:00:00:06:914] Expansion 100000: state [255, 223, 207, 203, 75, 73, 72, 200, 136, 168, 40, 44, 108, 110, 238, 174, 190, 188, 156, 28, 92, 94, 90, 122, 250, 248, 249, 233, 237], f=94, g=28
[00:00:00:13:973] Expansion 200000: state [255, 223, 207, 203, 75, 73, 72, 200, 136, 168, 40, 44, 46, 174, 190, 186, 154, 155, 153, 157, 141, 173, 237, 233, 249, 248, 120, 124, 92, 94], f=94, g=29
[00:00:00:20:948] Expansion 300000: state [255, 223, 207, 203, 75, 73, 72, 200, 136, 168, 40, 42, 10, 26, 90, 122, 120, 248, 249, 217, 153, 155, 187, 186, 190, 174, 238, 110], f=94, g=27
[00:00:00:27:839] Expansion 400000: state [255, 223, 207, 203, 75, 73, 72, 200, 136, 168, 40, 42, 106, 110, 78, 94, 90, 218, 154, 158, 156, 188, 189, 173, 175, 174], f=94, g=25
[00:00:00:34:755] Expansion 500000: state [255, 223, 207, 203, 75, 73, 72, 200, 136, 168, 40, 42, 46, 110, 78, 94, 90, 218, 154, 158, 156, 188, 252, 248, 249, 233, 237, 173, 175, 171], f=94, g=29
[00:00:00:41:670] Expansion 600000: state [255, 223, 207, 203, 75, 73, 72, 200, 136, 168, 40, 42, 43, 171, 175, 173, 141, 157, 156, 220, 252, 248, 250, 186, 154], f=94, g=24
[00:00:00:48:706] Expansion 700000: state [255, 223, 207, 203, 75, 73, 72, 200, 136, 168, 184, 248, 252, 236, 108, 44, 60, 28, 156, 158, 154, 26, 90, 122], f=94, g=23
[00:00:00:55:646] Expansion 800000: state [255, 223, 207, 203, 75, 73, 72, 200, 136, 168, 184, 248, 249, 233, 237, 173, 141, 157, 156, 158, 190, 174, 46, 110, 108, 124, 92, 94, 90, 26], f=94, g=29
[00:00:01:02:790] Expansion 900000: state [255, 223, 207, 203, 75, 73, 72, 200, 136, 168, 184, 188, 190, 174, 238, 234, 250, 218, 90, 26, 24, 28, 92, 124, 120], f=94, g=24
[00:00:01:09:688] Expansion 1000000: state [255, 223, 207, 203, 75, 73, 72, 200, 136, 168, 184, 186, 190, 158, 156, 28, 60, 124, 108, 236, 238, 234, 106, 42, 43, 171, 175], f=94, g=26
[00:00:01:16:653] Expansion 1100000: state [255, 223, 207, 203, 75, 73, 72, 200, 136, 168, 172, 236, 238, 234, 250, 122, 90, 26, 154, 155, 153, 157, 156, 28, 92, 93], f=94, g=25
[00:00:01:23:758] Expansion 1200000: state [255, 223, 207, 203, 75, 73, 72, 200, 136, 168, 172, 173, 141, 157, 153, 217, 249, 248, 250, 218, 154, 26, 24, 28, 92, 94, 78, 110, 108], f=94, g=28
[00:00:01:30:793] Expansion 1300000: state [255, 223, 207, 203, 75, 73, 72, 200, 136, 168, 170, 42, 106, 110, 108, 124, 60, 28, 24, 26, 90, 218, 250, 248, 249, 217, 153, 157], f=94, g=27
[00:00:01:37:694] Expansion 1400000: state [255, 223, 207, 203, 75, 73, 72, 200, 136, 168, 170, 186, 154, 218, 90, 122, 106, 110, 46, 44, 60, 124, 92, 220, 156, 157, 141, 173, 237, 233, 249, 248], f=94, g=31
[00:00:01:44:818] Expansion 1500000: state [255, 223, 207, 203, 75, 73, 72, 200, 136, 168, 170, 174, 238, 236, 237, 173, 189, 188, 156, 158, 154, 26, 90, 94, 78], f=94, g=24
[00:00:01:51:935] Expansion 1600000: state [255, 223, 207, 203, 75, 73, 72, 200, 136, 168, 170, 171, 175, 173, 189, 157, 153, 217, 249, 248, 250, 218, 90, 26, 24, 28, 12, 44, 108, 110, 106], f=94, g=30
[00:00:01:59:014] Expansion 1700000: state [255, 223, 207, 203, 75, 73, 72, 200, 136, 168, 169, 233, 249, 248, 250, 234, 106, 42, 46, 174, 190, 158, 156, 220, 92, 94, 90, 26, 24], f=94, g=28
[00:00:02:06:206] Expansion 1800000: state [255, 223, 207, 203, 75, 73, 72, 200, 136, 168, 169, 173, 141, 157, 153, 155, 154, 186, 250, 248, 252, 236, 108, 110], f=94, g=23
[00:00:02:13:363] Expansion 1900000: state [255, 223, 207, 203, 75, 73, 72, 200, 136, 168, 169, 173, 237, 236, 252, 248, 249, 217, 153, 155, 154, 218, 90, 122, 106, 110, 46, 174], f=94, g=27
[00:00:02:20:500] Expansion 2000000: state [255, 223, 207, 203, 75, 73, 72, 200, 136, 168, 169, 173, 175, 174, 46, 44, 60, 124, 120, 122, 250, 218, 154, 26, 10], f=94, g=24
[00:00:02:27:606] Expansion 2100000: state [255, 223, 207, 203, 75, 73, 72, 200, 136, 168, 169, 171, 43, 42, 46, 174, 190, 188, 156, 28, 24, 26, 90, 218, 250, 248, 120, 124, 108], f=94, g=28
[00:00:02:34:704] Expansion 2200000: state [255, 223, 207, 203, 75, 73, 72, 200, 136, 168, 169, 171, 175, 174, 46, 42, 106, 122, 120, 124, 92, 220, 156, 157, 153, 155, 154, 26], f=94, g=27
[00:00:02:42:195] Expansion 2300000: state [255, 223, 207, 203, 75, 73, 72, 200, 136, 152, 24, 28, 92, 124, 120, 122, 250, 186, 187, 171, 43, 42, 46, 174, 172, 236, 237, 109], f=94, g=27
[00:00:02:49:443] Expansion 2400000: state [255, 223, 207, 203, 75, 73, 72, 200, 136, 152, 24, 26, 10, 42, 46, 174, 190, 188, 60, 124, 108, 109, 237, 173, 169, 171], f=94, g=25
[00:00:02:56:393] Expansion 2500000: state [255, 223, 207, 203, 75, 73, 72, 200, 136, 152, 184, 248, 120, 124, 60, 44, 46, 42, 106, 234, 238, 236, 237, 173, 189, 157], f=94, g=25
[00:00:03:03:433] Expansion 2600000: state [255, 223, 207, 203, 75, 73, 72, 200, 136, 152, 184, 186, 250, 234, 106, 42, 10, 26, 90, 94, 92, 124, 60, 44, 172, 236, 237, 233, 249, 217], f=94, g=29
[00:00:03:10:554] Expansion 2700000: state [255, 223, 207, 203, 75, 73, 72, 200, 136, 152, 156, 28, 60, 124, 120, 122, 250, 186, 170, 174, 238, 236, 237], f=94, g=22
[00:00:03:17:672] Expansion 2800000: state [255, 223, 207, 203, 75, 73, 72, 200, 136, 152, 156, 188, 252, 236, 238, 174, 175, 171, 43, 42, 106, 122, 90, 94], f=94, g=23
[00:00:03:25:137] Expansion 2900000: state [255, 223, 207, 203, 75, 73, 72, 200, 136, 152, 156, 157, 141, 173, 172, 236, 108, 124, 120, 248, 250, 186, 187, 155], f=94, g=23
[00:00:03:32:210] Expansion 3000000: state [255, 223, 207, 203, 75, 73, 72, 200, 136, 152, 154, 26, 90, 122, 250, 234, 170, 174, 190, 188, 60, 44, 108, 110, 78], f=94, g=24
[00:00:03:39:287] Expansion 3100000: state [255, 223, 207, 203, 75, 73, 72, 200, 136, 152, 154, 218, 250, 248, 120, 124, 60, 188, 172, 174, 170, 42, 40], f=94, g=22
[00:00:03:46:313] Expansion 3200000: state [255, 223, 207, 203, 75, 73, 72, 200, 136, 152, 154, 158, 142, 174, 170, 171, 169, 173, 237, 236, 252, 188, 60, 44, 40], f=94, g=24
[00:00:03:53:452] Expansion 3300000: state [255, 223, 207, 203, 75, 73, 72, 200, 136, 152, 154, 155, 187, 171, 175, 174, 172, 236, 108, 124, 120, 122, 250], f=94, g=22
[00:00:04:00:641] Expansion 3400000: state [255, 223, 207, 203, 75, 73, 72, 200, 136, 152, 153, 217, 249, 248, 120, 122, 90, 26, 10, 42, 43, 171, 175, 174, 190, 188, 60, 44, 108, 109], f=94, g=29
[00:00:04:07:705] Expansion 3500000: state [255, 223, 207, 203, 75, 73, 72, 200, 136, 152, 153, 157, 141, 173, 237, 109, 108, 110, 46, 174, 170, 234, 250, 122, 90, 26], f=94, g=25
