--------------------------
date: cubes
number_of_graphs: 1
graph_type: cube
size_of_graphs: [8, 8]
heuristic: heuristic0
snake: True
run_uni: True
run_bi: False
run_multi: False
cube_first_dims: 8
cube_buffer_dim: 3
backward_sym_generation: False

---------- cubes/8d_cube ----------
[00:00:00:06:654] Expansion 100000: state [255, 223, 207, 203, 75, 73, 72, 200, 136, 168, 40, 56, 120, 122, 250, 186, 187, 185, 189, 157, 156, 220, 252, 236], f=93, g=23
[00:00:00:13:244] Expansion 200000: state [255, 223, 207, 203, 75, 73, 72, 200, 136, 168, 40, 56, 58, 122, 250, 248, 252, 236, 108, 110, 46, 174, 142, 158, 156, 157, 189, 185, 187, 155], f=93, g=29
[00:00:00:19:871] Expansion 300000: state [255, 223, 207, 203, 75, 73, 72, 200, 136, 168, 184, 56, 57, 25, 153, 217, 249, 233, 237, 236, 108, 124, 92, 94, 90, 26, 154, 158, 190], f=93, g=28
[00:00:00:27:120] Expansion 400000: state [255, 223, 207, 203, 75, 73, 72, 200, 136, 168, 184, 185, 57, 25, 24, 26, 58, 122, 106, 234, 238, 174, 142, 158, 156, 157, 141], f=93, g=26
[00:00:00:34:341] Expansion 500000: state [255, 223, 207, 203, 75, 73, 72, 200, 136, 168, 172, 236, 238, 110, 78, 94, 92, 28, 24, 25, 57, 121, 120, 248, 250, 186, 187], f=93, g=26
[00:00:00:41:269] Expansion 600000: state [255, 223, 207, 203, 75, 73, 72, 200, 136, 168, 172, 188, 252, 220, 92, 28, 24, 26, 154, 155, 153, 185, 57, 121, 120, 122, 250, 234, 238, 110], f=93, g=29
[00:00:00:48:194] Expansion 700000: state [255, 223, 207, 203, 75, 73, 72, 200, 136, 168, 172, 174, 142, 158, 156, 28, 24, 25, 57, 185, 249, 248, 252, 124, 108, 110, 78], f=93, g=26
[00:00:00:55:137] Expansion 800000: state [255, 223, 207, 203, 75, 73, 72, 200, 136, 168, 172, 174, 190, 186, 58, 122, 106, 110, 108, 124, 252, 248, 249, 217, 153], f=93, g=24
[00:00:01:02:420] Expansion 900000: state [255, 223, 207, 203, 75, 73, 72, 200, 136, 168, 170, 234, 250, 218, 154, 155, 153, 185, 57, 56, 60, 28, 156, 220, 252, 236, 237], f=93, g=26
[00:00:01:09:707] Expansion 1000000: state [255, 223, 207, 203, 75, 73, 72, 200, 136, 168, 170, 186, 154, 158, 156, 28, 92, 124, 252, 236, 237, 233, 249], f=93, g=22
[00:00:01:17:260] Expansion 1100000: state [255, 223, 207, 203, 75, 73, 72, 200, 136, 168, 170, 174, 46, 110, 106, 122, 90, 26, 24, 28, 156, 188, 252, 248, 249, 233, 237], f=93, g=26
[00:00:01:24:380] Expansion 1200000: state [255, 223, 207, 203, 75, 73, 72, 200, 136, 168, 170, 174, 238, 110, 106, 122, 58, 56, 57, 185, 249, 248, 252, 188, 156, 28, 92, 93], f=93, g=27
[00:00:01:31:803] Expansion 1300000: state [255, 223, 207, 203, 75, 73, 72, 200, 136, 168, 170, 174, 190, 188, 252, 248, 250, 218, 154, 26, 58, 56, 57, 185, 153], f=93, g=24
[00:00:01:39:069] Expansion 1400000: state [255, 223, 207, 203, 75, 73, 72, 200, 136, 168, 169, 233, 249, 217, 153, 25, 24, 28, 156, 220, 252, 236, 108, 110, 106, 122, 90, 218, 154, 186, 190, 174, 142], f=93, g=32
[00:00:01:46:516] Expansion 1500000: state [255, 223, 207, 203, 75, 73, 72, 200, 136, 168, 169, 233, 249, 248, 252, 236, 238, 234, 106, 122, 90, 218, 154, 158, 156, 157, 153, 25, 57, 56], f=93, g=29
[00:00:01:53:934] Expansion 1600000: state [255, 223, 207, 203, 75, 73, 72, 200, 136, 168, 169, 185, 57, 25, 24, 28, 156, 188, 190, 186, 250, 122, 106, 110, 46], f=93, g=24
[00:00:02:01:675] Expansion 1700000: state [255, 223, 207, 203, 75, 73, 72, 200, 136, 168, 169, 185, 153, 155, 154, 218, 90, 122, 106, 234, 238, 236, 108, 124, 92], f=93, g=24
[00:00:02:09:036] Expansion 1800000: state [255, 223, 207, 203, 75, 73, 72, 200, 136, 168, 169, 185, 187, 186, 154, 26, 90, 94, 92, 124, 108, 110, 238], f=93, g=22
[00:00:02:16:252] Expansion 1900000: state [255, 223, 207, 203, 75, 73, 72, 200, 136, 152, 24, 25, 57, 185, 249, 248, 250, 234, 106, 110, 78, 94], f=93, g=21
[00:00:02:23:945] Expansion 2000000: state [255, 223, 207, 203, 75, 73, 72, 200, 136, 152, 156, 188, 189, 185, 249, 248, 250, 234, 106, 110, 78], f=93, g=20
[00:00:02:31:118] Expansion 2100000: state [255, 223, 207, 203, 75, 73, 72, 200, 136, 152, 154, 186, 250, 122, 106, 110, 78, 94, 92, 28, 60, 56, 57, 121], f=93, g=23
[00:00:02:38:294] Expansion 2200000: state [255, 223, 207, 203, 75, 73, 72, 200, 136, 152, 153, 217, 249, 248, 252, 220, 92, 28, 60, 56, 58, 122, 106, 110, 238, 174, 190], f=93, g=26
[00:00:02:45:508] Expansion 2300000: state [255, 223, 207, 203, 75, 73, 72, 200, 136, 140, 12, 28, 24, 56, 58, 122, 90, 94, 78, 110, 46, 174, 175], f=93, g=22
[00:00:02:52:836] Expansion 2400000: state [255, 223, 207, 203, 75, 73, 72, 200, 136, 140, 12, 28, 92, 220, 252, 236, 237, 233, 249, 185, 184, 56, 58, 26, 90, 218, 250, 234, 170], f=93, g=28
[00:00:03:00:090] Expansion 2500000: state [255, 223, 207, 203, 75, 73, 72, 200, 136, 140, 12, 28, 92, 94, 90, 122, 250, 234, 170, 174, 46, 110, 108, 236, 252, 188, 189, 185, 187], f=93, g=28
[00:00:03:07:389] Expansion 2600000: state [255, 223, 207, 203, 75, 73, 72, 200, 136, 140, 172, 236, 252, 220, 92, 28, 24, 56, 57, 185, 153, 155, 154, 158, 190], f=93, g=24
[00:00:03:14:704] Expansion 2700000: state [255, 223, 207, 203, 75, 73, 72, 200, 136, 140, 172, 188, 190, 158, 154, 26, 58, 122, 250, 234, 238, 110, 78, 94, 92], f=93, g=24
[00:00:03:22:066] Expansion 2800000: state [255, 223, 207, 203, 75, 73, 72, 200, 136, 140, 172, 174, 238, 110, 106, 122, 250, 248, 249, 121, 57, 25, 24], f=93, g=22
[00:00:03:30:094] Expansion 2900000: state [255, 223, 207, 203, 75, 73, 72, 200, 136, 140, 156, 28, 92, 124, 252, 236, 237, 233, 169, 185, 187, 155, 154, 26, 58, 122, 250, 234, 170, 174, 175], f=93, g=30
[00:00:03:37:582] Expansion 3000000: state [255, 223, 207, 203, 75, 73, 72, 200, 136, 140, 156, 220, 92, 94, 90, 26, 24, 56, 57, 121, 249, 233], f=93, g=21
[00:00:03:45:143] Expansion 3100000: state [255, 223, 207, 203, 75, 73, 72, 200, 136, 140, 156, 188, 184, 185, 57, 121, 120, 124, 92, 94, 78, 110, 46, 174, 175], f=93, g=24
[00:00:03:52:472] Expansion 3200000: state [255, 223, 207, 203, 75, 73, 72, 200, 136, 140, 156, 158, 154, 218, 250, 234, 106, 110, 108, 124, 120, 56, 57, 25, 153], f=93, g=24
[00:00:04:00:805] Expansion 3300000: state [255, 223, 207, 203, 75, 73, 72, 200, 136, 140, 156, 157, 153, 217, 249, 248, 120, 124, 92, 94, 90, 26, 58, 186, 170, 234, 238, 236, 237], f=93, g=28
[00:00:04:08:066] Expansion 3400000: state [255, 223, 207, 203, 75, 73, 72, 200, 136, 140, 142, 174, 46, 110, 78, 94, 92, 124, 120, 122, 250, 234], f=93, g=21
[00:00:04:15:284] Expansion 3500000: state [255, 223, 207, 203, 75, 73, 72, 200, 136, 140, 142, 174, 170, 234, 250, 218, 90, 94, 92, 124, 252, 236, 237, 233, 249, 185, 184, 56, 40], f=93, g=28
[00:00:04:22:796] Expansion 3600000: state [255, 223, 207, 203, 75, 73, 72, 200, 136, 140, 142, 174, 238, 234, 250, 122, 120, 56, 57, 25, 153, 157, 189, 188, 252], f=93, g=24
[00:00:04:29:968] Expansion 3700000: state [255, 223, 207, 203, 75, 73, 72, 200, 136, 140, 142, 174, 190, 188, 189, 185, 57, 121, 120, 124, 108, 110, 106, 234, 250, 218, 90, 26, 10], f=93, g=28
[00:00:04:37:538] Expansion 3800000: state [255, 223, 207, 203, 75, 73, 72, 200, 136, 140, 142, 158, 154, 155, 153, 185, 249, 248, 252, 236, 238, 234, 106, 122, 58], f=93, g=24
[00:00:04:44:905] Expansion 3900000: state [255, 223, 207, 203, 75, 73, 72, 200, 136, 140, 141, 157, 153, 25, 24, 28, 60, 124, 252, 248, 184, 186, 170, 234, 238], f=93, g=24
[00:00:04:53:019] Expansion 4000000: state [255, 223, 207, 203, 75, 73, 72, 200, 136, 140, 141, 157, 153, 185, 57, 56, 120, 124, 252, 188, 190, 158, 154, 26], f=93, g=23
[00:00:05:00:595] Expansion 4100000: state [255, 223, 207, 203, 75, 73, 72, 200, 136, 140, 141, 157, 153, 155, 154, 218, 250, 248, 184, 56, 60, 124, 92, 93], f=93, g=23
[00:00:05:08:039] Expansion 4200000: state [255, 223, 207, 203, 75, 73, 72, 200, 136, 140, 141, 157, 189, 185, 249, 248, 250, 234, 238, 110, 78, 94, 90, 26, 58, 56, 60, 28], f=93, g=27
[00:00:05:15:521] Expansion 4300000: state [255, 223, 207, 203, 75, 73, 72, 200, 136, 138, 10, 26, 24, 28, 156, 157, 189, 185, 57, 121, 120, 124, 108, 236, 172, 174, 190, 186, 250, 234, 106], f=93, g=30
[00:00:05:22:863] Expansion 4400000: state [255, 223, 207, 203, 75, 73, 72, 200, 136, 138, 10, 26, 90, 122, 106, 110, 108, 124, 252, 220, 156, 157, 153, 155, 187, 186, 184, 56, 57, 121, 249, 233, 237], f=93, g=32
[00:00:05:30:426] Expansion 4500000: state [255, 223, 207, 203, 75, 73, 72, 200, 136, 138, 10, 26, 58, 56, 57, 185, 189, 157, 156, 28, 92, 124, 252, 236, 172, 174], f=93, g=25
[00:00:05:39:076] Expansion 4600000: state [255, 223, 207, 203, 75, 73, 72, 200, 136, 138, 170, 234, 250, 218, 90, 26, 24, 56, 57, 185, 153, 157, 156, 188, 172, 236, 108, 124, 92, 93], f=93, g=29
[00:00:05:46:428] Expansion 4700000: state [255, 223, 207, 203, 75, 73, 72, 200, 136, 138, 170, 186, 250, 122, 120, 124, 252, 236, 237, 233, 249, 217, 153, 25], f=93, g=23
[00:00:05:53:747] Expansion 4800000: state [255, 223, 207, 203, 75, 73, 72, 200, 136, 138, 170, 174, 46, 110, 108, 236, 237, 233, 169, 185, 189, 188, 60, 28, 92, 94, 90], f=93, g=26
[00:00:06:00:841] Expansion 4900000: state [255, 223, 207, 203, 75, 73, 72, 200, 136, 138, 170, 174, 190, 158, 156, 157, 189, 185, 57, 56, 24, 26, 90, 94, 78, 110], f=93, g=25
[00:00:06:08:186] Expansion 5000000: state [255, 223, 207, 203, 75, 73, 72, 200, 136, 138, 154, 26, 58, 56, 120, 124, 92, 94, 78, 110, 238, 174, 190, 188, 189], f=93, g=24
[00:00:06:15:826] Expansion 5100000: state [255, 223, 207, 203, 75, 73, 72, 200, 136, 138, 154, 218, 250, 122, 120, 124, 252, 188, 172, 174, 46, 110, 78], f=93, g=22
[00:00:06:23:228] Expansion 5200000: state [255, 223, 207, 203, 75, 73, 72, 200, 136, 138, 154, 186, 250, 234, 238, 110, 78, 94, 92, 28, 60, 56, 57, 185, 249, 217], f=93, g=25
[00:00:06:30:757] Expansion 5300000: state [255, 223, 207, 203, 75, 73, 72, 200, 136, 138, 154, 158, 156, 157, 189, 185, 249, 248, 252, 236, 172, 174, 46, 110, 106, 122, 90, 94, 92, 93], f=93, g=29
[00:00:06:38:230] Expansion 5400000: state [255, 223, 207, 203, 75, 73, 72, 200, 136, 138, 154, 155, 153, 157, 156, 28, 60, 56, 120, 121, 249, 233, 237, 236, 238, 110], f=93, g=25
[00:00:06:45:726] Expansion 5500000: state [255, 223, 207, 203, 75, 73, 72, 200, 136, 138, 142, 174, 46, 110, 108, 236, 252, 188, 184, 56, 24, 28, 92, 94, 90, 218], f=93, g=25
[00:00:06:52:670] Expansion 5600000: state [255, 223, 207, 203, 75, 73, 72, 200, 136, 138, 142, 174, 238, 110, 78, 94, 90, 26, 58, 56, 120, 248, 249, 185, 189, 157, 156, 28, 12], f=93, g=28
[00:00:07:01:179] Expansion 5700000: state [255, 223, 207, 203, 75, 73, 72, 200, 136, 138, 142, 174, 190, 186, 58, 56, 24, 25, 153, 185, 249, 233, 237, 236, 108, 124, 92, 220], f=93, g=27
[00:00:07:08:509] Expansion 5800000: state [255, 223, 207, 203, 75, 73, 72, 200, 136, 138, 142, 158, 156, 220, 252, 124, 120, 121, 249, 185, 153, 25, 24, 26, 90, 218, 250, 234, 238, 110, 78], f=93, g=30
[00:00:07:16:050] Expansion 5900000: state [255, 223, 207, 203, 75, 73, 72, 200, 136, 138, 142, 158, 190, 186, 187, 185, 249, 248, 120, 122, 90], f=93, g=20
[00:00:07:23:613] Expansion 6000000: state [255, 223, 207, 203, 75, 73, 72, 200, 136, 137, 169, 233, 249, 121, 57, 56, 58, 122, 90, 94, 78, 110, 108, 236, 252, 188, 156, 158, 142, 174, 175], f=93, g=30
[00:00:07:30:816] Expansion 6100000: state [255, 223, 207, 203, 75, 73, 72, 200, 136, 137, 169, 233, 237, 236, 108, 124, 92, 28, 156, 158, 142, 174, 170, 234, 250, 248, 184, 56, 40], f=93, g=28
[00:00:07:38:002] Expansion 6200000: state [255, 223, 207, 203, 75, 73, 72, 200, 136, 137, 169, 185, 57, 25, 24, 26, 154, 218, 250, 234, 238, 174, 190, 188, 60, 124, 92, 94, 78], f=93, g=28
[00:00:07:45:349] Expansion 6300000: state [255, 223, 207, 203, 75, 73, 72, 200, 136, 137, 169, 185, 184, 56, 60, 28, 92, 94, 78, 110, 108, 236, 172, 174, 190, 158, 154, 218, 250, 234], f=93, g=29
[00:00:07:52:644] Expansion 6400000: state [255, 223, 207, 203, 75, 73, 72, 200, 136, 137, 169, 185, 249, 248, 250, 218, 90, 26, 58, 56, 60, 188, 172, 174, 46, 110, 108], f=93, g=26
[00:00:07:59:937] Expansion 6500000: state [255, 223, 207, 203, 75, 73, 72, 200, 136, 137, 169, 185, 187, 155, 154, 158, 190, 174, 238, 110, 78, 94, 90, 122, 58, 56, 24], f=93, g=26
[00:00:08:07:225] Expansion 6600000: state [255, 223, 207, 203, 75, 73, 72, 200, 136, 137, 153, 25, 24, 26, 154, 186, 190, 188, 156, 220, 92, 124, 120, 121, 249, 233, 237, 236, 238, 110], f=93, g=29
[00:00:08:16:438] Expansion 6700000: state [255, 223, 207, 203, 75, 73, 72, 200, 136, 137, 153, 25, 57, 121, 120, 122, 250, 186, 190, 188, 252], f=93, g=20
[00:00:08:23:990] Expansion 6800000: state [255, 223, 207, 203, 75, 73, 72, 200, 136, 137, 153, 217, 249, 121, 120, 122, 106, 110, 46, 174, 142, 158, 154, 186, 184, 188, 252, 220, 92, 28], f=93, g=29
[00:00:08:31:486] Expansion 6900000: state [255, 223, 207, 203, 75, 73, 72, 200, 136, 137, 153, 185, 57, 56, 24, 28, 156, 220, 252, 236, 172, 174, 170, 234, 106, 122, 90, 218, 154], f=93, g=28
[00:00:08:39:480] Expansion 7000000: state [255, 223, 207, 203, 75, 73, 72, 200, 136, 137, 153, 185, 184, 188, 156, 220, 92, 124, 108, 110, 106, 234], f=93, g=21
[00:00:08:46:717] Expansion 7100000: state [255, 223, 207, 203, 75, 73, 72, 200, 136, 137, 153, 185, 249, 248, 252, 236, 172, 174, 142, 158, 154, 26, 90, 94, 92, 93], f=93, g=25
[00:00:08:54:321] Expansion 7200000: state [255, 223, 207, 203, 75, 73, 72, 200, 136, 137, 153, 157, 156, 28, 60, 124, 108, 236, 237, 233, 249, 248, 184, 186, 154, 26, 90, 122, 106, 234], f=93, g=29
[00:00:09:01:853] Expansion 7300000: state [255, 223, 207, 203, 75, 73, 72, 200, 136, 137, 153, 157, 189, 188, 184, 248, 250, 234, 170, 174, 46, 110, 78, 94, 90], f=93, g=24
[00:00:09:09:524] Expansion 7400000: state [255, 223, 207, 203, 75, 73, 72, 200, 136, 137, 153, 155, 154, 158, 142, 174, 238, 236, 237, 233, 249, 121, 57, 56, 58], f=93, g=24
[00:00:09:16:867] Expansion 7500000: state [255, 223, 207, 203, 75, 73, 72, 200, 136, 137, 141, 157, 156, 28, 92, 124, 120, 122, 58, 26, 154, 155, 187, 185, 249, 233, 237, 236, 172, 174, 46], f=93, g=30
[00:00:09:24:310] Expansion 7600000: state [255, 223, 207, 203, 75, 73, 72, 200, 136, 137, 141, 157, 156, 188, 60, 124, 108, 110, 78, 94, 90, 122, 250, 186, 170], f=93, g=24
[00:00:09:31:413] Expansion 7700000: state [255, 223, 207, 203, 75, 73, 72, 200, 136, 137, 141, 157, 156, 158, 154, 155, 187, 185, 184, 56, 60, 124, 252, 236, 172, 174, 170, 234, 250, 122], f=93, g=29
[00:00:09:38:627] Expansion 7800000: state [255, 223, 207, 203, 75, 73, 72, 200, 136, 137, 141, 157, 189, 185, 249, 233, 237, 236, 252, 124, 60, 56, 58, 186, 154, 158, 142, 174, 46, 110, 78, 94], f=93, g=31
[00:00:09:46:064] Expansion 7900000: state [255, 223, 207, 203, 75, 73, 72, 200, 136, 137, 141, 157, 189, 188, 190, 158, 154, 218, 250, 234], f=93, g=19
[00:00:09:53:057] Expansion 8000000: state [255, 223, 207, 203, 75, 73, 72, 200, 232, 168, 40, 56, 60, 188, 156, 152, 153, 185, 187, 186, 250, 122, 106, 110, 238, 174, 142], f=93, g=26
[00:00:09:59:976] Expansion 8100000: state [255, 223, 207, 203, 75, 73, 72, 200, 232, 168, 40, 56, 57, 121, 249, 217, 153, 157, 141, 140, 12, 28, 92, 220, 252, 188, 190, 158, 154, 26, 90, 122, 106, 110, 238], f=93, g=34
[00:00:10:09:200] Expansion 8200000: state [255, 223, 207, 203, 75, 73, 72, 200, 232, 168, 184, 186, 154, 155, 153, 137, 141, 140, 156, 220, 252, 124, 120, 121, 57], f=93, g=24
[00:00:10:16:530] Expansion 8300000: state [255, 223, 207, 203, 75, 73, 72, 200, 232, 168, 172, 140, 142, 158, 154, 186, 187, 185, 57, 25, 24, 28, 92, 94, 90, 122, 106, 110, 238], f=93, g=28
[00:00:10:23:552] Expansion 8400000: state [255, 223, 207, 203, 75, 73, 72, 200, 232, 168, 172, 174, 46, 110, 108, 124, 92, 28, 156, 157, 153, 155, 154, 26, 58], f=93, g=24
[00:00:10:30:614] Expansion 8500000: state [255, 223, 207, 203, 75, 73, 72, 200, 232, 168, 172, 174, 190, 186, 187, 185, 153, 152, 24, 56, 120, 124, 92, 94], f=93, g=23
[00:00:10:38:182] Expansion 8600000: state [255, 223, 207, 203, 75, 73, 72, 200, 232, 168, 170, 186, 154, 218, 90, 94, 78, 110, 108, 124, 60, 28, 156, 157, 189, 185, 249], f=93, g=26
[00:00:10:45:610] Expansion 8700000: state [255, 223, 207, 203, 75, 73, 72, 200, 232, 168, 170, 174, 142, 140, 156, 152, 24, 56, 60, 124, 92, 94], f=93, g=21
[00:00:10:53:080] Expansion 8800000: state [255, 223, 207, 203, 75, 73, 72, 200, 232, 168, 170, 174, 190, 188, 156, 152, 153, 217, 249, 121, 120, 122], f=93, g=21
[00:00:11:00:635] Expansion 8900000: state [255, 223, 207, 203, 75, 73, 72, 200, 232, 168, 169, 137, 153, 157, 156, 158, 190, 174, 46, 110, 106, 122, 58, 56, 57], f=93, g=24
[00:00:11:08:122] Expansion 9000000: state [255, 223, 207, 203, 75, 73, 72, 200, 232, 168, 169, 185, 57, 25, 24, 152, 154, 218, 250, 122, 120, 124, 108, 110, 238, 174, 190], f=93, g=26
[00:00:11:15:530] Expansion 9100000: state [255, 223, 207, 203, 75, 73, 72, 200, 232, 168, 169, 185, 153, 155, 154, 218, 90, 122, 106, 110, 108, 124, 92, 220, 156, 140, 141], f=93, g=26
[00:00:11:22:734] Expansion 9200000: state [255, 223, 207, 203, 75, 73, 72, 200, 232, 248, 120, 56, 24, 28, 92, 94, 90, 218, 154, 138, 142, 140, 172, 188, 189, 157, 153, 217], f=93, g=27
[00:00:11:29:853] Expansion 9300000: state [255, 223, 207, 203, 75, 73, 72, 200, 232, 248, 120, 124, 108, 110, 46, 174, 190, 158, 156, 152, 153, 25, 57], f=93, g=22
[00:00:11:37:151] Expansion 9400000: state [255, 223, 207, 203, 75, 73, 72, 200, 232, 248, 120, 121, 57, 185, 153, 157, 141, 140, 142, 174, 46, 110, 78, 94, 92, 28, 24, 26, 154, 218], f=93, g=29
