--------------------------
date: cubes
number_of_graphs: 1
graph_type: cube
size_of_graphs: [8, 8]
heuristic: heuristic0
snake: True
run_uni: True
run_bi: False
run_multi: False
cube_first_dims: 8
cube_buffer_dim: 3
backward_sym_generation: False

---------- cubes/8d_cube ----------
[00:00:00:06:967] Expansion 100000: state [255, 223, 207, 203, 75, 73, 72, 200, 136, 140, 12, 28, 24, 25, 57, 185, 187, 186, 250, 234, 238, 236, 252, 188], f=87, g=23
[00:00:00:14:190] Expansion 200000: state [255, 223, 207, 203, 75, 73, 72, 200, 136, 140, 156, 28, 92, 124, 120, 248, 249, 217, 153, 155, 187, 171, 169], f=87, g=22
[00:00:00:21:613] Expansion 300000: state [255, 223, 207, 203, 75, 73, 72, 200, 136, 140, 142, 158, 154, 186, 250, 122, 120, 124, 92, 28, 24, 25, 57, 185, 249, 233, 237], f=87, g=26
[00:00:00:28:639] Expansion 400000: state [255, 223, 207, 203, 75, 73, 72, 200, 136, 140, 141, 157, 153, 185, 249, 248, 250, 234, 238, 236, 108, 124, 60, 188, 190], f=87, g=24
[00:00:00:35:874] Expansion 500000: state [255, 223, 207, 203, 75, 73, 72, 200, 136, 138, 154, 186, 250, 248, 249, 233, 169, 173, 189, 188, 60, 124, 92, 220], f=87, g=23
[00:00:00:43:141] Expansion 600000: state [255, 223, 207, 203, 75, 73, 72, 200, 136, 138, 142, 158, 156, 188, 189, 173, 175, 171, 187, 186, 250, 122, 120, 121], f=87, g=23
[00:00:00:50:148] Expansion 700000: state [255, 223, 207, 203, 75, 73, 72, 200, 136, 137, 169, 171, 187, 186, 184, 248, 249, 121, 57, 25, 24, 28, 60, 124, 108, 236, 237], f=87, g=26
[00:00:00:57:633] Expansion 800000: state [255, 223, 207, 203, 75, 73, 72, 200, 136, 137, 141, 173, 172, 236, 252, 124, 120, 121, 57, 25, 24, 28, 156, 158, 190, 186, 250, 234], f=87, g=27
[00:00:01:04:658] Expansion 900000: state [255, 223, 207, 203, 75, 73, 72, 200, 232, 248, 120, 121, 57, 25, 24, 28, 60, 188, 189, 157, 141, 137], f=87, g=21
[00:00:01:11:901] Expansion 1000000: state [255, 223, 207, 203, 75, 73, 72, 200, 232, 248, 249, 121, 57, 25, 153, 152, 154, 186, 190, 188, 189, 173, 175, 171], f=87, g=23
[00:00:01:18:958] Expansion 1100000: state [255, 223, 207, 203, 75, 73, 72, 200, 232, 236, 172, 140, 156, 220, 92, 124, 120, 121, 249, 185, 184, 186, 154, 26, 24], f=87, g=24
[00:00:01:26:020] Expansion 1200000: state [255, 223, 207, 203, 75, 73, 72, 200, 232, 236, 237, 173, 141, 137, 153, 25, 24, 26, 90, 218, 250, 186, 187], f=87, g=22
[00:00:01:33:374] Expansion 1300000: state [255, 223, 207, 203, 75, 73, 72, 200, 232, 234, 250, 122, 120, 121, 249, 185, 189, 188, 172, 140, 142, 158, 154, 26, 24, 28], f=87, g=25
[00:00:01:40:421] Expansion 1400000: state [255, 223, 207, 203, 75, 73, 72, 200, 232, 234, 250, 218, 154, 155, 153, 157, 156, 188, 172, 173, 237, 109, 108, 124, 92, 93], f=87, g=25
[00:00:01:47:166] Expansion 1500000: state [255, 223, 207, 203, 75, 73, 72, 200, 232, 233, 249, 185, 57, 25, 24, 28, 12, 140, 142, 158, 190, 186, 250, 218, 90], f=87, g=24
[00:00:01:54:081] Expansion 1600000: state [255, 223, 207, 203, 75, 73, 72, 200, 232, 233, 237, 173, 172, 188, 184, 186, 154, 26, 24, 28, 92, 124, 120], f=87, g=22
[00:00:02:01:629] Expansion 1700000: state [255, 223, 207, 203, 75, 73, 72, 200, 216, 248, 120, 124, 60, 28, 156, 140, 142, 138, 154, 155, 153, 137], f=87, g=21
[00:00:02:08:573] Expansion 1800000: state [255, 223, 207, 203, 75, 73, 72, 200, 216, 248, 250, 122, 90, 26, 154, 155, 187, 185, 169, 173, 172, 140, 12, 28, 60], f=87, g=24
[00:00:02:15:469] Expansion 1900000: state [255, 223, 207, 203, 75, 73, 72, 200, 216, 220, 92, 124, 60, 188, 172, 236, 237, 233, 249, 185, 187], f=87, g=20
[00:00:02:22:505] Expansion 2000000: state [255, 223, 207, 203, 75, 73, 72, 200, 216, 220, 252, 124, 120, 122, 250, 186, 154, 158, 142, 140, 12, 28, 24, 25, 153, 185, 189, 173, 175, 171], f=87, g=29
[00:00:02:29:722] Expansion 2100000: state [255, 223, 207, 203, 75, 73, 72, 200, 216, 218, 154, 26, 24, 28, 156, 140, 141, 137, 153, 185, 249, 121, 120, 124, 108, 109, 237], f=87, g=26
[00:00:02:37:621] Expansion 2200000: state [255, 223, 207, 203, 75, 73, 72, 200, 216, 218, 250, 186, 184, 185, 169, 173, 141, 140, 142], f=87, g=18
[00:00:02:44:605] Expansion 2300000: state [255, 223, 207, 203, 75, 73, 72, 200, 216, 217, 153, 185, 189, 173, 141, 140, 12, 28, 24, 26, 90, 122, 120, 124, 108, 236, 238], f=87, g=26
[00:00:02:51:670] Expansion 2400000: state [255, 223, 207, 203, 75, 73, 72, 200, 216, 217, 249, 185, 187, 186, 154, 138, 142, 140, 156, 28, 60, 124, 108, 236, 237, 173, 45], f=87, g=26
[00:00:02:58:803] Expansion 2500000: state [255, 223, 207, 203, 75, 73, 72, 200, 204, 140, 172, 188, 190, 186, 187, 155, 153, 152, 24, 26, 90, 122, 120, 124, 92, 93], f=87, g=25
[00:00:03:06:163] Expansion 2600000: state [255, 223, 207, 203, 75, 73, 72, 200, 204, 140, 142, 138, 154, 218, 250, 248, 252, 124, 108, 109, 237, 173, 175, 171, 187, 185, 153, 25, 24, 28], f=87, g=29
[00:00:03:13:227] Expansion 2700000: state [255, 223, 207, 203, 75, 73, 72, 200, 204, 140, 141, 173, 189, 188, 60, 124, 120, 248, 249, 217, 153, 152, 154, 186], f=87, g=23
[00:00:03:21:467] Expansion 2800000: state [255, 223, 207, 203, 75, 73, 72, 200, 204, 236, 172, 188, 156, 28, 24, 25, 57, 185, 187, 155, 154, 218], f=87, g=21
[00:00:03:28:596] Expansion 2900000: state [255, 223, 207, 203, 75, 73, 72, 200, 204, 236, 238, 234, 250, 218, 90, 26, 24, 25, 153, 155, 187, 171, 169, 173, 189, 188, 60, 124, 92, 93], f=87, g=29
[00:00:03:35:562] Expansion 3000000: state [255, 223, 207, 203, 75, 73, 72, 200, 204, 220, 92, 28, 60, 188, 184, 248, 120, 121, 57, 25, 153, 155, 187, 171, 169, 173, 45, 109], f=87, g=27
[00:00:03:42:612] Expansion 3100000: state [255, 223, 207, 203, 75, 73, 72, 200, 204, 220, 156, 157, 141, 137, 169, 171, 187, 155, 154, 218, 250, 122, 120, 121, 57, 25, 24], f=87, g=26
[00:00:03:49:962] Expansion 3200000: state [255, 223, 207, 203, 75, 73, 72, 88, 24, 152, 153, 157, 189, 173, 45, 109, 108, 124, 252, 220, 204, 140, 142], f=87, g=22
[00:00:03:57:566] Expansion 3300000: state [255, 223, 207, 203, 75, 73, 72, 88, 24, 28, 156, 158, 154, 138, 136, 137, 153, 185, 184, 248, 252, 236, 172, 173], f=87, g=23
[00:00:04:05:308] Expansion 3400000: state [255, 223, 207, 203, 75, 73, 72, 88, 24, 28, 60, 124, 252, 248, 184, 185, 189, 173, 141, 140, 204], f=87, g=20
[00:00:04:13:662] Expansion 3500000: state [255, 223, 207, 203, 75, 73, 72, 88, 24, 26, 154, 155, 187, 171, 175, 173, 141, 140, 156, 188, 184, 248, 250, 234], f=87, g=23
[00:00:04:20:748] Expansion 3600000: state [255, 223, 207, 203, 75, 73, 72, 88, 24, 25, 153, 155, 187, 186, 250, 248, 232, 233, 169, 173, 189, 188, 156, 140, 204], f=87, g=24
[00:00:04:27:615] Expansion 3700000: state [255, 223, 207, 203, 75, 73, 72, 88, 216, 152, 154, 158, 190, 188, 252, 236, 237, 173, 175], f=87, g=18
[00:00:04:34:578] Expansion 3800000: state [255, 223, 207, 203, 75, 73, 72, 88, 216, 248, 249, 233, 237, 173, 175, 171, 187, 155, 153, 157, 156, 140, 136], f=87, g=22
[00:00:04:41:583] Expansion 3900000: state [255, 223, 207, 203, 75, 73, 72, 88, 216, 218, 154, 158, 190, 188, 252, 236, 237, 173, 169, 185, 153, 157], f=87, g=21
[00:00:04:48:589] Expansion 4000000: state [255, 223, 207, 203, 75, 73, 72, 88, 216, 217, 249, 185, 187, 155, 154, 158, 156, 140, 172, 173, 45, 109, 108, 124, 60], f=87, g=24
[00:00:04:55:664] Expansion 4100000: state [255, 223, 207, 203, 75, 73, 72, 88, 120, 248, 249, 217, 153, 137, 136, 138, 154, 186, 187, 171, 175, 173], f=87, g=21
[00:00:05:03:008] Expansion 4200000: state [255, 223, 207, 203, 75, 73, 72, 88, 120, 124, 108, 236, 237, 233, 169, 137, 153, 157, 189, 188, 184, 186, 154, 158, 142, 140], f=87, g=25
[00:00:05:11:477] Expansion 4300000: state [255, 223, 207, 203, 75, 73, 72, 88, 120, 122, 250, 186, 190, 188, 172, 173, 237, 233, 249, 185, 153, 152, 136, 138], f=87, g=23
[00:00:05:18:589] Expansion 4400000: state [255, 223, 207, 203, 75, 73, 72, 88, 120, 121, 57, 25, 153, 155, 154, 138, 136, 140, 204, 236, 237], f=87, g=20
[00:00:05:25:860] Expansion 4500000: state [255, 223, 207, 203, 75, 73, 72, 88, 120, 121, 249, 233, 232, 236, 108, 109, 45, 173, 189, 188, 156, 140, 136, 138, 154, 218, 250], f=87, g=26
[00:00:05:33:440] Expansion 4600000: state [255, 223, 207, 203, 75, 73, 72, 88, 92, 28, 156, 140, 142, 138, 154, 155, 153, 185, 249, 248, 252, 236, 108, 109, 45], f=87, g=24
[00:00:05:40:797] Expansion 4700000: state [255, 223, 207, 203, 75, 73, 72, 88, 92, 28, 60, 188, 189, 173, 141, 140, 204, 236, 232, 248, 250, 186, 187, 155, 153, 25, 57, 121], f=87, g=27
[00:00:05:48:021] Expansion 4800000: state [255, 223, 207, 203, 75, 73, 72, 88, 92, 220, 252, 188, 184, 152, 153, 137, 169, 173], f=87, g=17
[00:00:05:55:346] Expansion 4900000: state [255, 223, 207, 203, 75, 73, 72, 88, 92, 124, 108, 236, 172, 173, 189, 157, 153, 152, 136, 138, 142, 158, 190, 186, 250, 122], f=87, g=25
[00:00:06:02:567] Expansion 5000000: state [255, 223, 207, 203, 75, 73, 72, 88, 92, 124, 108, 109, 237, 233, 249, 185, 153, 152, 154, 186, 190, 188], f=87, g=21
[00:00:06:09:851] Expansion 5100000: state [255, 223, 207, 203, 75, 73, 72, 88, 90, 26, 154, 152, 184, 188, 60, 124, 108, 109, 45, 173, 169, 233, 232, 234], f=87, g=23
[00:00:06:18:773] Expansion 5200000: state [255, 223, 207, 203, 75, 73, 72, 88, 90, 26, 154, 155, 153, 185, 169, 233, 237, 109, 108, 124, 252, 220, 156, 140, 136], f=87, g=24
[00:00:06:26:128] Expansion 5300000: state [255, 223, 207, 203, 75, 73, 72, 88, 90, 218, 154, 158, 156, 28, 60, 124, 252, 248, 249, 121, 57, 25, 153, 137, 141, 173], f=87, g=25
[00:00:06:33:382] Expansion 5400000: state [255, 223, 207, 203, 75, 73, 72, 88, 90, 218, 250, 234, 232, 233, 249, 217, 153, 155, 187, 171, 175, 173, 141, 140, 204], f=87, g=24
[00:00:06:40:525] Expansion 5500000: state [255, 223, 207, 203, 75, 73, 72, 88, 90, 122, 250, 186, 190, 188, 60, 28, 12, 140, 136, 152, 153, 25, 57, 121, 249, 233, 237, 109], f=87, g=27
[00:00:06:47:721] Expansion 5600000: state [255, 223, 207, 203, 75, 73, 72, 88, 90, 122, 250, 248, 184, 152, 156, 157, 141, 173, 237, 233], f=87, g=19
[00:00:06:54:912] Expansion 5700000: state [255, 223, 207, 203, 75, 73, 72, 76, 12, 140, 136, 138, 154, 218, 90, 122, 120, 121, 249, 185, 189, 188, 252, 236, 238, 234], f=87, g=25
[00:00:07:02:193] Expansion 5800000: state [255, 223, 207, 203, 75, 73, 72, 76, 12, 140, 156, 152, 24, 26, 90, 218, 250, 186, 187, 171, 169, 233, 232, 236, 252, 124], f=87, g=25
[00:00:07:09:485] Expansion 5900000: state [255, 223, 207, 203, 75, 73, 72, 76, 12, 140, 142, 138, 154, 218, 216, 220, 252, 236, 232, 233, 169, 173, 45, 109], f=87, g=23
[00:00:07:16:953] Expansion 6000000: state [255, 223, 207, 203, 75, 73, 72, 76, 12, 140, 141, 173, 169, 233, 249, 121, 57, 25, 24, 26, 90, 122, 250, 234, 238, 236, 252, 188, 184], f=87, g=28
[00:00:07:24:175] Expansion 6100000: state [255, 223, 207, 203, 75, 73, 72, 76, 12, 28, 24, 152, 153, 157, 141, 173, 169, 171, 187, 186, 190, 158], f=87, g=21
[00:00:07:31:418] Expansion 6200000: state [255, 223, 207, 203, 75, 73, 72, 76, 12, 28, 24, 25, 57, 185, 169, 233, 237, 236, 252, 248, 250, 186, 154, 138, 142], f=87, g=24
[00:00:07:40:421] Expansion 6300000: state [255, 223, 207, 203, 75, 73, 72, 76, 12, 28, 156, 158, 154, 26, 90, 122, 120, 248, 216, 217, 153, 185, 169, 173, 237], f=87, g=24
[00:00:07:47:652] Expansion 6400000: state [255, 223, 207, 203, 75, 73, 72, 76, 12, 28, 60, 188, 190, 186, 154, 218, 90, 122, 120, 248, 249, 217, 153, 137, 169, 173, 45, 109], f=87, g=27
[00:00:07:55:545] Expansion 6500000: state [255, 223, 207, 203, 75, 73, 72, 76, 204, 140, 136, 138, 154, 186, 190, 188, 60, 124, 120, 121, 57, 25, 153, 217], f=87, g=23
[00:00:08:02:739] Expansion 6600000: state [255, 223, 207, 203, 75, 73, 72, 76, 204, 140, 156, 188, 190, 186, 187, 185, 153, 217, 216, 248, 232, 233, 237, 173], f=87, g=23
[00:00:08:10:112] Expansion 6700000: state [255, 223, 207, 203, 75, 73, 72, 76, 204, 140, 141, 173, 169, 185, 249, 248, 120, 122, 90], f=87, g=18
[00:00:08:17:236] Expansion 6800000: state [255, 223, 207, 203, 75, 73, 72, 76, 204, 236, 172, 173, 175, 171, 187, 185, 153, 152, 24, 26, 90, 218, 250, 234], f=87, g=23
[00:00:08:24:219] Expansion 6900000: state [255, 223, 207, 203, 75, 73, 72, 76, 204, 236, 252, 124, 120, 122, 90, 218, 216, 152, 153, 157, 189, 173, 175, 171, 187, 186, 190, 158, 142, 138], f=87, g=29
[00:00:08:31:190] Expansion 7000000: state [255, 223, 207, 203, 75, 73, 72, 76, 204, 236, 237, 173, 141, 157, 153, 152, 184, 248, 250, 218], f=87, g=19
[00:00:08:38:103] Expansion 7100000: state [255, 223, 207, 203, 75, 73, 72, 76, 204, 220, 156, 188, 172, 173, 169, 137, 153, 25, 57, 121, 120, 122, 90, 218, 154, 186, 187], f=87, g=26
[00:00:08:45:197] Expansion 7200000: state [255, 223, 207, 203, 75, 73, 72, 76, 204, 220, 252, 124, 120, 122, 250, 218, 154, 155, 153, 137, 169, 173, 237], f=87, g=22
[00:00:08:52:274] Expansion 7300000: state [255, 223, 207, 203, 75, 73, 72, 76, 108, 236, 172, 173, 141, 157, 153, 217, 216, 248, 184, 186, 190, 158, 142, 138], f=87, g=23
[00:00:08:59:300] Expansion 7400000: state [255, 223, 207, 203, 75, 73, 72, 76, 108, 236, 232, 234, 250, 218, 154, 138, 142, 140, 156, 157, 153, 217, 249, 121, 57], f=87, g=24
[00:00:09:06:280] Expansion 7500000: state [255, 223, 207, 203, 75, 73, 72, 76, 108, 236, 252, 248, 120, 122, 90, 26, 24, 28, 156, 157, 141, 173, 175, 171, 187, 186, 190], f=87, g=26
[00:00:09:13:581] Expansion 7600000: state [255, 223, 207, 203, 75, 73, 72, 76, 108, 236, 237, 173, 141, 140, 142, 158, 154, 26, 24, 28, 60, 188, 184, 185, 249, 121, 120, 122, 250, 234], f=87, g=29
[00:00:09:20:537] Expansion 7700000: state [255, 223, 207, 203, 75, 73, 72, 76, 108, 124, 60, 28, 24, 26, 154, 138, 136, 140, 141, 157, 189, 185, 249, 248, 250, 234, 238], f=87, g=26
[00:00:09:27:828] Expansion 7800000: state [255, 223, 207, 203, 75, 73, 72, 76, 108, 124, 60, 188, 190, 158, 142, 140, 141, 157, 153, 185, 249, 233, 232, 234, 250, 218], f=87, g=25
[00:00:09:37:629] Expansion 7900000: state [255, 223, 207, 203, 75, 73, 72, 76, 108, 124, 120, 122, 90, 218, 216, 152, 153, 185, 189, 173, 237, 233], f=87, g=21
[00:00:09:44:771] Expansion 8000000: state [255, 223, 207, 203, 75, 73, 72, 76, 108, 124, 252, 188, 156, 140, 136, 137, 169, 233, 249, 121, 57, 25, 24, 26, 90, 218, 250, 234, 238], f=87, g=28
[00:00:09:52:003] Expansion 8100000: state [255, 223, 207, 203, 75, 73, 72, 76, 108, 124, 252, 248, 249, 185, 187, 186, 190, 158, 142, 140, 136, 152, 24, 26, 90], f=87, g=24
[00:00:09:59:014] Expansion 8200000: state [255, 223, 207, 203, 75, 73, 72, 76, 108, 109, 45, 173, 172, 140, 156, 158, 154, 218, 250, 248, 249, 233], f=87, g=21
[00:00:10:06:245] Expansion 8300000: state [255, 223, 207, 203, 75, 73, 72, 76, 108, 109, 237, 173, 141, 157, 156, 28, 24, 25, 57, 185, 184, 186], f=87, g=21
[00:00:10:13:265] Expansion 8400000: state [255, 223, 207, 203, 75, 73, 72, 76, 108, 109, 237, 233, 169, 137, 136, 140, 142, 158, 154, 218, 250, 248, 184, 188, 60, 28, 24, 25, 57, 121], f=87, g=29
[00:00:10:20:389] Expansion 8500000: state [255, 223, 207, 203, 75, 73, 72, 76, 108, 109, 237, 233, 249, 248, 250, 186, 190, 188, 156, 140, 136, 137, 153, 25, 57], f=87, g=24
[00:00:10:27:993] Expansion 8600000: state [255, 223, 207, 203, 75, 73, 72, 76, 92, 28, 24, 26, 90, 218, 250, 248, 232, 236, 237, 173, 141, 157, 153, 217], f=87, g=23
[00:00:10:35:392] Expansion 8700000: state [255, 223, 207, 203, 75, 73, 72, 76, 92, 28, 24, 25, 57, 121, 249, 248, 252, 188, 189, 173, 175, 171, 187, 186, 154, 158, 142, 140, 136, 137], f=87, g=29
[00:00:10:42:947] Expansion 8800000: state [255, 223, 207, 203, 75, 73, 72, 76, 92, 28, 156, 157, 141, 173, 169, 233, 249, 248, 120, 122, 90, 218, 154, 186, 187], f=87, g=24
[00:00:10:50:285] Expansion 8900000: state [255, 223, 207, 203, 75, 73, 72, 76, 92, 28, 60, 188, 190, 186, 154, 138, 136, 140, 141, 173, 237, 233, 232, 248, 120, 121, 57, 25, 153, 217], f=87, g=29
[00:00:10:57:494] Expansion 9000000: state [255, 223, 207, 203, 75, 73, 72, 76, 92, 220, 156, 158, 142, 138, 136, 137, 153, 185, 184, 186, 250, 234, 232, 233, 237], f=87, g=24
[00:00:11:04:690] Expansion 9100000: state [255, 223, 207, 203, 75, 73, 72, 76, 92, 220, 216, 218, 250, 186, 190, 158, 142, 140, 136, 137, 169, 185], f=87, g=21
[00:00:11:11:799] Expansion 9200000: state [255, 223, 207, 203, 75, 73, 72, 76, 92, 220, 252, 236, 238, 234, 250, 218, 154, 26, 24, 25, 153, 185, 189, 173, 175, 171], f=87, g=25
[00:00:11:19:164] Expansion 9300000: state [255, 223, 207, 203, 75, 73, 72, 76, 92, 124, 60, 188, 184, 186, 187, 155, 153, 157, 141, 173, 237], f=87, g=20
[00:00:11:26:474] Expansion 9400000: state [255, 223, 207, 203, 75, 73, 72, 76, 92, 124, 120, 248, 249, 185, 189, 157, 156, 140, 136, 137], f=87, g=19
[00:00:11:33:722] Expansion 9500000: state [255, 223, 207, 203, 75, 73, 72, 76, 92, 124, 120, 121, 57, 25, 24, 152, 184, 188, 190, 158, 142, 140, 141, 137, 169, 233, 237, 236, 238, 234], f=87, g=29
[00:00:11:40:869] Expansion 9600000: state [255, 223, 207, 203, 75, 73, 72, 76, 92, 124, 252, 188, 184, 186, 154, 158, 142, 140, 141, 157, 153, 25, 57, 121, 249], f=87, g=24
[00:00:11:48:024] Expansion 9700000: state [255, 223, 207, 203, 75, 73, 72, 76, 92, 124, 252, 248, 249, 185, 57, 25, 24, 26, 154, 158, 142, 140, 172, 173, 237, 109], f=87, g=25
[00:00:11:54:887] Expansion 9800000: state [255, 223, 207, 203, 75, 73, 105, 233, 169, 137, 153, 25, 24, 28, 156, 158, 154, 186, 184, 248, 252, 124, 108, 76], f=87, g=23
[00:00:12:01:796] Expansion 9900000: state [255, 223, 207, 203, 75, 73, 105, 233, 169, 137, 153, 155, 154, 26, 90, 88, 120, 124, 60, 28, 12, 140], f=87, g=21
[00:00:12:08:813] Expansion 10000000: state [255, 223, 207, 203, 75, 73, 105, 233, 169, 137, 141, 157, 189, 188, 60, 28, 92, 220, 216, 248, 250, 186, 187, 155], f=87, g=23
[00:00:12:16:080] Expansion 10100000: state [255, 223, 207, 203, 75, 73, 105, 233, 169, 185, 153, 152, 24, 28, 92, 124, 252, 236, 172, 140, 142, 158, 190, 186, 250, 218, 90], f=87, g=26
[00:00:12:23:300] Expansion 10200000: state [255, 223, 207, 203, 75, 73, 105, 233, 169, 185, 153, 155, 154, 186, 250, 234, 238, 236, 172, 188, 156, 28], f=87, g=21
[00:00:12:30:417] Expansion 10300000: state [255, 223, 207, 203, 75, 73, 105, 233, 169, 185, 189, 188, 60, 124, 120, 88, 24, 152, 136, 200, 204, 76, 78], f=87, g=22
[00:00:12:37:612] Expansion 10400000: state [255, 223, 207, 203, 75, 73, 105, 233, 169, 185, 187, 186, 250, 234, 238, 236, 172, 188, 60, 124, 92, 220, 216, 200, 136, 138, 142], f=87, g=26
[00:00:12:44:563] Expansion 10500000: state [255, 223, 207, 203, 75, 73, 105, 233, 169, 173, 141, 157, 153, 25, 24, 26, 154, 186, 190, 188, 60, 124, 120, 122], f=87, g=23
[00:00:12:51:539] Expansion 10600000: state [255, 223, 207, 203, 75, 73, 105, 233, 169, 173, 172, 236, 252, 124, 120, 122, 90, 218, 154, 158, 156, 157, 153], f=87, g=22
[00:00:12:58:484] Expansion 10700000: state [255, 223, 207, 203, 75, 73, 105, 233, 169, 173, 189, 188, 60, 28, 12, 140, 204, 220, 216, 217, 153, 155], f=87, g=21
[00:00:13:05:470] Expansion 10800000: state [255, 223, 207, 203, 75, 73, 105, 233, 169, 171, 187, 155, 153, 152, 216, 248, 252, 124, 108, 76, 204], f=87, g=20
[00:00:13:12:560] Expansion 10900000: state [255, 223, 207, 203, 75, 73, 105, 233, 169, 171, 187, 186, 154, 152, 216, 88, 120, 124, 108, 236, 204, 140, 12], f=87, g=22
[00:00:13:19:499] Expansion 11000000: state [255, 223, 207, 203, 75, 73, 105, 233, 232, 200, 136, 140, 12, 76, 108, 124, 120, 122, 250, 186, 187, 171, 175, 173, 189, 157, 153, 25], f=87, g=27
[00:00:13:26:395] Expansion 11100000: state [255, 223, 207, 203, 75, 73, 105, 233, 232, 200, 216, 88, 120, 124, 60, 188, 156, 157, 153, 155, 187, 171, 175, 173, 45], f=87, g=24
[00:00:13:33:147] Expansion 11200000: state [255, 223, 207, 203, 75, 73, 105, 233, 232, 200, 204, 76, 12, 28, 60, 188, 189, 173, 141, 137, 153, 155, 154, 186, 250, 122, 120, 88], f=87, g=27
[00:00:13:40:005] Expansion 11300000: state [255, 223, 207, 203, 75, 73, 105, 233, 232, 200, 204, 220, 252, 188, 184], f=87, g=14
[00:00:13:46:910] Expansion 11400000: state [255, 223, 207, 203, 75, 73, 105, 233, 232, 248, 216, 88, 24, 28, 12, 140, 142, 158], f=87, g=17
[00:00:13:53:950] Expansion 11500000: state [255, 223, 207, 203, 75, 73, 105, 233, 232, 248, 252, 220, 92, 76, 12, 140, 136, 137, 153, 25, 24, 26, 154, 186, 187, 171, 175], f=87, g=26
[00:00:14:00:814] Expansion 11600000: state [255, 223, 207, 203, 75, 73, 105, 233, 232, 236, 108, 76, 12, 28, 156, 188, 184, 185, 187, 171, 175, 173, 141, 137, 136], f=87, g=24
[00:00:14:07:708] Expansion 11700000: state [255, 223, 207, 203, 75, 73, 105, 233, 232, 236, 108, 124, 120, 88, 90, 218, 154, 158, 156, 140, 136, 137, 153, 217], f=87, g=23
[00:00:14:14:572] Expansion 11800000: state [255, 223, 207, 203, 75, 73, 105, 233, 232, 236, 204, 76, 92, 88, 24, 26, 154, 186, 187, 185, 189, 157, 156], f=87, g=22
[00:00:14:21:401] Expansion 11900000: state [255, 223, 207, 203, 75, 73, 105, 233, 232, 236, 252, 124, 92, 28, 24, 26, 90, 122, 250, 186, 187, 171, 175, 173, 189, 157, 153, 137, 136, 140, 142], f=87, g=30
[00:00:14:28:258] Expansion 12000000: state [255, 223, 207, 203, 75, 73, 105, 233, 232, 234, 250, 122, 90, 26, 24, 25, 153, 137, 136, 140, 204, 76, 92, 124, 60, 188, 189], f=87, g=26
[00:00:14:35:332] Expansion 12100000: state [255, 223, 207, 203, 75, 73, 105, 233, 232, 234, 250, 122, 120, 124, 252, 188, 190, 158, 154, 138, 136, 137, 153, 157], f=87, g=23
[00:00:14:42:348] Expansion 12200000: state [255, 223, 207, 203, 75, 73, 105, 233, 232, 234, 250, 218, 90, 88, 120, 124, 252, 188, 184, 152, 153, 157, 141, 140, 12, 76], f=87, g=25
[00:00:14:49:301] Expansion 12300000: state [255, 223, 207, 203, 75, 73, 105, 233, 249, 185, 57, 25, 24, 26, 154, 218, 250, 122, 120, 124, 252, 220, 204, 140, 172, 173, 45], f=87, g=26
[00:00:14:56:180] Expansion 12400000: state [255, 223, 207, 203, 75, 73, 105, 233, 249, 185, 153, 152, 216, 218, 250, 234, 238, 236, 172, 140, 12, 28, 60], f=87, g=22
[00:00:15:03:140] Expansion 12500000: state [255, 223, 207, 203, 75, 73, 105, 233, 249, 185, 184, 186, 154, 218, 216, 88, 24, 28, 156, 157, 141, 173], f=87, g=21
[00:00:15:10:082] Expansion 12600000: state [255, 223, 207, 203, 75, 73, 105, 233, 249, 185, 189, 188, 172, 236, 204, 76, 92, 124, 120, 122, 250, 186, 154, 26, 24], f=87, g=24
[00:00:15:16:994] Expansion 12700000: state [255, 223, 207, 203, 75, 73, 105, 233, 249, 185, 187, 186, 154, 138, 136, 200, 216, 220, 252, 188, 172], f=87, g=20
[00:00:15:23:836] Expansion 12800000: state [255, 223, 207, 203, 75, 73, 105, 233, 249, 217, 153, 137, 136, 140, 12, 76, 92, 124, 120, 122, 250, 218, 154, 158, 190, 188], f=87, g=25
[00:00:15:30:658] Expansion 12900000: state [255, 223, 207, 203, 75, 73, 105, 233, 249, 217, 153, 157, 141, 173, 172, 188, 190, 186, 250, 122, 120, 124, 92, 220, 204, 200, 136, 138, 142], f=87, g=28
[00:00:15:37:716] Expansion 13000000: state [255, 223, 207, 203, 75, 73, 105, 233, 249, 217, 216, 88, 90, 26, 154, 186, 250, 234, 238, 236, 204, 76, 12, 28, 156, 157, 141, 173, 45], f=87, g=28
[00:00:15:44:553] Expansion 13100000: state [255, 223, 207, 203, 75, 73, 105, 233, 249, 248, 120, 88, 90, 26, 154, 186, 187], f=87, g=16
[00:00:15:51:443] Expansion 13200000: state [255, 223, 207, 203, 75, 73, 105, 233, 249, 248, 216, 88, 92, 76, 108, 236, 172, 140, 142, 158, 154, 186], f=87, g=21
[00:00:15:58:307] Expansion 13300000: state [255, 223, 207, 203, 75, 73, 105, 233, 249, 248, 250, 122, 90, 26, 154, 152, 136, 137, 141, 157, 189, 188, 172, 236, 204, 76, 92], f=87, g=26
[00:00:16:05:112] Expansion 13400000: state [255, 223, 207, 203, 75, 73, 105, 233, 237, 173, 141, 137, 136, 200, 216, 248, 252, 124, 108, 76], f=87, g=19
[00:00:16:12:190] Expansion 13500000: state [255, 223, 207, 203, 75, 73, 105, 233, 237, 173, 141, 140, 204, 76, 108, 124, 60, 188, 184, 186, 154, 155, 153, 217, 216, 88], f=87, g=25
[00:00:16:19:097] Expansion 13600000: state [255, 223, 207, 203, 75, 73, 105, 233, 237, 173, 172, 140, 12, 76, 92, 220, 252, 248, 250, 218, 90, 26, 24, 152, 153, 155, 187], f=87, g=26
[00:00:16:26:167] Expansion 13700000: state [255, 223, 207, 203, 75, 73, 105, 233, 237, 173, 172, 188, 190, 158, 154, 218, 90, 122, 120, 124, 92, 28, 24, 25, 153, 137], f=87, g=25
[00:00:16:33:249] Expansion 13800000: state [255, 223, 207, 203, 75, 73, 105, 233, 237, 173, 189, 185, 153, 155, 154, 186, 250, 122, 120, 88, 24, 28, 12, 76, 78], f=87, g=24
[00:00:16:40:498] Expansion 13900000: state [255, 223, 207, 203, 75, 73, 105, 233, 237, 173, 189, 188, 190, 158, 154, 138, 136, 140, 204, 220, 92, 124, 120, 248, 250], f=87, g=24
[00:00:16:47:603] Expansion 14000000: state [255, 223, 207, 203, 75, 73, 105, 233, 237, 173, 175, 171, 187, 185, 184, 248, 120, 124, 92, 28, 12, 140, 136, 138], f=87, g=23
[00:00:16:54:599] Expansion 14100000: state [255, 223, 207, 203, 75, 73, 105, 233, 237, 236, 108, 76, 92, 28, 24, 25, 57, 185, 184, 186, 190, 158, 142, 138, 136, 200, 216, 218, 90], f=87, g=28
[00:00:17:01:607] Expansion 14200000: state [255, 223, 207, 203, 75, 73, 105, 233, 237, 236, 108, 124, 120, 88, 90, 218, 250, 186, 190, 158, 156, 157], f=87, g=21
[00:00:17:08:602] Expansion 14300000: state [255, 223, 207, 203, 75, 73, 105, 233, 237, 236, 204, 76, 12, 28, 60, 188, 190, 158, 154, 155, 187, 185, 57], f=87, g=22
[00:00:17:15:582] Expansion 14400000: state [255, 223, 207, 203, 75, 73, 105, 233, 237, 236, 204, 200, 216, 248, 120, 124, 60, 188, 156, 158, 154, 155, 153, 137, 141], f=87, g=24
[00:00:17:22:479] Expansion 14500000: state [255, 223, 207, 203, 75, 73, 105, 233, 237, 236, 252, 220, 92, 88, 90, 122, 250, 186, 187, 155, 153, 25, 57], f=87, g=22
[00:00:17:29:375] Expansion 14600000: state [255, 223, 207, 203, 75, 73, 105, 233, 237, 236, 238, 234, 250, 248, 184, 152, 153, 137, 141, 140, 12, 28, 92], f=87, g=22
[00:00:17:36:380] Expansion 14700000: state [255, 223, 207, 203, 75, 73, 105, 121, 57, 25, 24, 88, 92, 76, 204, 236, 252, 248, 250, 218, 154, 158, 156, 157, 141, 137, 169, 171, 175], f=87, g=28
[00:00:17:43:349] Expansion 14800000: state [255, 223, 207, 203, 75, 73, 105, 121, 57, 25, 24, 28, 12, 140, 204, 220, 252, 248, 250, 218, 154, 155, 187, 171, 175, 173, 189, 157], f=87, g=27
[00:00:17:50:568] Expansion 14900000: state [255, 223, 207, 203, 75, 73, 105, 121, 57, 25, 24, 28, 60, 124, 108, 236, 172, 140, 136, 200, 216, 218, 250], f=87, g=22
[00:00:17:57:660] Expansion 15000000: state [255, 223, 207, 203, 75, 73, 105, 121, 57, 25, 24, 26, 90, 122, 250, 186, 184, 188, 189, 173, 141, 140, 136, 200, 216, 220, 92, 76, 108], f=87, g=28
[00:00:18:04:532] Expansion 15100000: state [255, 223, 207, 203, 75, 73, 105, 121, 57, 25, 153, 137, 169, 173, 237, 236, 108, 124, 60, 28, 156, 158, 190, 186, 250, 218, 216], f=87, g=26
[00:00:18:11:738] Expansion 15200000: state [255, 223, 207, 203, 75, 73, 105, 121, 57, 25, 153, 152, 136, 140, 172, 236, 252, 220, 92, 88, 90, 218, 250, 186, 187], f=87, g=24
[00:00:18:18:858] Expansion 15300000: state [255, 223, 207, 203, 75, 73, 105, 121, 57, 25, 153, 217, 216, 248, 250, 186, 187, 171, 169, 173, 189, 188, 60, 28], f=87, g=23
[00:00:18:26:038] Expansion 15400000: state [255, 223, 207, 203, 75, 73, 105, 121, 57, 25, 153, 157, 189, 173, 172, 140, 136, 200, 232, 248, 250, 218, 90, 88, 92, 76], f=87, g=25
[00:00:18:33:078] Expansion 15500000: state [255, 223, 207, 203, 75, 73, 105, 121, 57, 25, 153, 155, 154, 158, 190, 188, 189, 173, 141, 140, 204, 236], f=87, g=21
[00:00:18:40:012] Expansion 15600000: state [255, 223, 207, 203, 75, 73, 105, 121, 57, 185, 153, 137, 136, 138, 154, 186, 190, 188, 172, 236, 108, 76, 12, 28, 24, 88, 90], f=87, g=26
[00:00:18:46:889] Expansion 15700000: state [255, 223, 207, 203, 75, 73, 105, 121, 57, 185, 153, 217, 216, 248, 252, 236, 108, 76, 92, 28, 24, 26, 154, 158], f=87, g=23
[00:00:18:54:068] Expansion 15800000: state [255, 223, 207, 203, 75, 73, 105, 121, 57, 185, 153, 155, 154, 186, 250, 248, 216, 200, 136, 140, 12, 28, 92, 124, 108, 236, 237, 173, 45], f=87, g=28
[00:00:19:01:356] Expansion 15900000: state [255, 223, 207, 203, 75, 73, 105, 121, 57, 185, 169, 137, 141, 157, 156, 188, 190, 186, 154, 218, 216, 200, 232, 236, 108, 124, 92, 93], f=87, g=27
[00:00:19:08:486] Expansion 16000000: state [255, 223, 207, 203, 75, 73, 105, 121, 57, 185, 169, 173, 237, 236, 252, 220, 92, 76, 12, 140, 142, 138, 154, 218, 250, 234], f=87, g=25
