--------------------------
date: cubes
number_of_graphs: 1
graph_type: cube
size_of_graphs: [8, 8]
heuristic: heuristic0
snake: True
run_uni: True
run_bi: False
run_multi: False
cube_first_dims: 8
cube_buffer_dim: 3
backward_sym_generation: False

---------- cubes/8d_cube ----------
[00:00:00:07:092] Expansion 100000: state [255, 223, 207, 203, 75, 73, 72, 200, 136, 168, 169, 233, 237, 109, 108, 44, 12, 28, 92, 94, 90, 218, 250, 248, 252, 188, 189, 157, 153, 155, 187], f=89, g=30
[00:00:00:14:218] Expansion 200000: state [255, 223, 207, 203, 75, 73, 72, 200, 136, 152, 154, 158, 142, 174, 170, 171, 187, 185, 249, 233, 237, 173, 45], f=89, g=22
[00:00:00:21:277] Expansion 300000: state [255, 223, 207, 203, 75, 73, 72, 200, 136, 140, 12, 44, 45, 109, 237, 233, 249, 248, 252, 188, 190, 174, 170, 171], f=89, g=23
[00:00:00:28:797] Expansion 400000: state [255, 223, 207, 203, 75, 73, 72, 200, 136, 140, 156, 158, 154, 155, 153, 185, 169, 171, 175, 174, 238, 234, 250, 248, 252, 124, 108], f=89, g=26
[00:00:00:35:859] Expansion 500000: state [255, 223, 207, 203, 75, 73, 72, 200, 136, 140, 141, 157, 189, 188, 252, 124, 92, 94, 90, 218, 154, 155, 187, 171, 170, 234, 106, 110], f=89, g=27
[00:00:00:43:222] Expansion 600000: state [255, 223, 207, 203, 75, 73, 72, 200, 136, 138, 154, 218, 250, 248, 249, 217, 153, 157, 156, 220, 92, 124, 108, 109, 45, 41, 169, 171, 175, 174, 172], f=89, g=30
[00:00:00:50:529] Expansion 700000: state [255, 223, 207, 203, 75, 73, 72, 200, 136, 138, 142, 174, 175, 171, 169, 185, 189, 157, 156, 28, 92, 94, 90, 218, 250, 248, 252, 236, 108], f=89, g=28
[00:00:00:57:504] Expansion 800000: state [255, 223, 207, 203, 75, 73, 72, 200, 136, 137, 153, 185, 249, 233, 237, 173, 45, 44, 108, 110, 238, 234, 250, 218, 154, 158, 156, 28, 92, 94], f=89, g=29
[00:00:01:04:660] Expansion 900000: state [255, 223, 207, 203, 75, 73, 72, 200, 136, 137, 141, 173, 237, 109, 108, 44, 12, 28, 92, 220, 252, 188, 190, 158, 154, 218, 250, 234, 170, 171, 187, 185, 249], f=89, g=32
[00:00:01:12:020] Expansion 1000000: state [255, 223, 207, 203, 75, 73, 72, 200, 232, 168, 169, 173, 141, 157, 153, 152, 154, 158, 190, 188, 252, 124, 92, 28], f=89, g=23
[00:00:01:19:188] Expansion 1100000: state [255, 223, 207, 203, 75, 73, 72, 200, 232, 248, 250, 218, 90, 94, 92, 28, 156, 188, 189, 173, 175, 171], f=89, g=21
[00:00:01:26:397] Expansion 1200000: state [255, 223, 207, 203, 75, 73, 72, 200, 232, 248, 249, 185, 187, 171, 170, 138, 154, 158, 156, 28, 92, 124, 108, 44, 172, 173], f=89, g=25
[00:00:01:33:873] Expansion 1300000: state [255, 223, 207, 203, 75, 73, 72, 200, 232, 236, 252, 188, 156, 28, 92, 94, 90, 218, 154, 155, 153, 137], f=89, g=21
[00:00:01:41:017] Expansion 1400000: state [255, 223, 207, 203, 75, 73, 72, 200, 232, 234, 170, 138, 154, 152, 153, 137, 141, 173, 189, 188, 252, 220, 92, 93], f=89, g=23
[00:00:01:48:650] Expansion 1500000: state [255, 223, 207, 203, 75, 73, 72, 200, 232, 234, 250, 218, 154, 155, 153, 185, 169, 171, 175, 174, 142, 140, 156, 28, 92, 124, 108], f=89, g=26
[00:00:01:56:256] Expansion 1600000: state [255, 223, 207, 203, 75, 73, 72, 200, 232, 233, 169, 173, 141, 157, 153, 152, 154, 138, 142, 174, 190, 188, 252, 124, 108, 109], f=89, g=25
[00:00:02:02:968] Expansion 1700000: state [255, 223, 207, 203, 75, 73, 72, 200, 232, 233, 237, 109, 108, 44, 12, 28, 156, 158, 190, 174, 175, 171, 187, 155, 153, 137], f=89, g=25
[00:00:02:10:016] Expansion 1800000: state [255, 223, 207, 203, 75, 73, 72, 200, 216, 152, 153, 137, 169, 233, 237, 236, 238, 234, 170, 138, 142, 158, 190, 188], f=89, g=23
[00:00:02:16:958] Expansion 1900000: state [255, 223, 207, 203, 75, 73, 72, 200, 216, 248, 252, 236, 108, 110, 106, 234, 170, 171, 187, 185, 153, 25], f=89, g=21
[00:00:02:23:884] Expansion 2000000: state [255, 223, 207, 203, 75, 73, 72, 200, 216, 248, 249, 185, 153, 137, 141, 140, 172, 44, 45, 41, 43, 171, 170, 138, 154, 158, 190], f=89, g=26
[00:00:02:31:446] Expansion 2100000: state [255, 223, 207, 203, 75, 73, 72, 200, 216, 220, 92, 28, 12, 44, 108, 110, 238, 174, 142, 158, 154, 155, 153, 137, 141, 173, 237], f=89, g=26
[00:00:02:38:647] Expansion 2200000: state [255, 223, 207, 203, 75, 73, 72, 200, 216, 220, 252, 188, 190, 174, 170, 171, 169, 185, 153, 157, 141, 140, 12, 44, 45], f=89, g=24
[00:00:02:45:832] Expansion 2300000: state [255, 223, 207, 203, 75, 73, 72, 200, 216, 218, 154, 138, 170, 234, 106, 110, 108, 124, 92, 28, 156, 188, 172, 173, 141, 137, 153, 185, 187], f=89, g=28
[00:00:02:53:048] Expansion 2400000: state [255, 223, 207, 203, 75, 73, 72, 200, 216, 218, 154, 155, 153, 157, 156, 188, 172, 174, 238, 110, 108, 109], f=89, g=21
[00:00:03:00:373] Expansion 2500000: state [255, 223, 207, 203, 75, 73, 72, 200, 216, 217, 153, 137, 169, 233, 237, 109, 108, 110, 238, 174, 172, 140, 156, 158, 154, 138, 10], f=89, g=26
[00:00:03:07:218] Expansion 2600000: state [255, 223, 207, 203, 75, 73, 72, 200, 216, 217, 249, 185, 169, 41, 45, 44, 172, 188, 190, 158, 142, 138], f=89, g=21
[00:00:03:14:067] Expansion 2700000: state [255, 223, 207, 203, 75, 73, 72, 200, 204, 140, 12, 44, 45, 173, 237, 233, 249, 185, 153, 152, 154, 138, 170, 234, 238], f=89, g=24
[00:00:03:22:010] Expansion 2800000: state [255, 223, 207, 203, 75, 73, 72, 200, 204, 140, 156, 188, 190, 174, 170, 138, 154, 155, 153, 137, 169, 233, 237, 109, 108, 124, 92, 93], f=89, g=27
[00:00:03:29:205] Expansion 2900000: state [255, 223, 207, 203, 75, 73, 72, 200, 204, 140, 141, 137, 153, 155, 154, 158, 190, 174, 170, 234, 250, 248, 249, 233, 237, 109, 45, 41], f=89, g=27
[00:00:03:36:540] Expansion 3000000: state [255, 223, 207, 203, 75, 73, 72, 200, 204, 236, 108, 109, 45, 173, 175, 174, 142, 158, 156, 28, 92, 94, 90, 218, 250, 248, 249, 217, 153, 25], f=89, g=29
[00:00:03:43:966] Expansion 3100000: state [255, 223, 207, 203, 75, 73, 72, 200, 204, 236, 237, 173, 175, 171, 170, 234, 250, 218, 154, 158, 156, 157, 153, 185, 249], f=89, g=24
[00:00:03:51:339] Expansion 3200000: state [255, 223, 207, 203, 75, 73, 72, 200, 204, 220, 92, 94, 90, 218, 154, 158, 190, 188, 172, 44, 108, 110, 106, 234, 170, 171, 169, 137, 141], f=89, g=28
[00:00:03:58:751] Expansion 3300000: state [255, 223, 207, 203, 75, 73, 72, 200, 204, 220, 252, 124, 108, 110, 238, 234, 170, 168, 172, 173, 141, 157, 153, 152, 154, 158], f=89, g=25
[00:00:04:06:916] Expansion 3400000: state [255, 223, 207, 203, 75, 73, 72, 104, 232, 168, 170, 174, 142, 140, 156, 157, 189, 173], f=89, g=17
[00:00:04:13:989] Expansion 3500000: state [255, 223, 207, 203, 75, 73, 72, 104, 232, 248, 252, 124, 92, 28, 156, 152, 136, 138, 170, 174, 172, 173, 45, 41, 43], f=89, g=24
[00:00:04:20:999] Expansion 3600000: state [255, 223, 207, 203, 75, 73, 72, 104, 232, 248, 249, 185, 169, 171, 175, 174, 172, 188, 156, 28, 12], f=89, g=20
[00:00:04:28:113] Expansion 3700000: state [255, 223, 207, 203, 75, 73, 72, 104, 232, 236, 252, 124, 92, 94, 90, 218, 216, 217, 153, 185, 189, 173, 45, 44, 12, 140, 142, 174], f=89, g=27
[00:00:04:35:419] Expansion 3800000: state [255, 223, 207, 203, 75, 73, 72, 104, 232, 236, 237, 109, 45, 41, 43, 171, 187, 185, 153, 157, 156, 140, 136, 138, 154, 218, 90], f=89, g=26
