--------------------------
date: cubes
number_of_graphs: 1
graph_type: cube
size_of_graphs: [8, 8]
heuristic: heuristic0
snake: True
run_uni: True
run_bi: False
run_multi: False
cube_first_dims: 8
cube_buffer_dim: 3
backward_sym_generation: False

---------- cubes/8d_cube ----------
[00:00:00:06:985] Expansion 100000: state [255, 223, 207, 203, 75, 73, 72, 200, 136, 168, 184, 186, 187, 171, 43, 41, 45, 109, 108, 124, 92, 220, 156, 157, 153, 217, 249, 233], f=90, g=27
[00:00:00:14:048] Expansion 200000: state [255, 223, 207, 203, 75, 73, 72, 200, 136, 168, 170, 171, 187, 185, 189, 188, 156, 220, 92, 124, 108, 109], f=90, g=21
[00:00:00:21:481] Expansion 300000: state [255, 223, 207, 203, 75, 73, 72, 200, 136, 140, 12, 44, 45, 173, 169, 171, 43, 42, 106, 122, 120, 124, 252, 188, 190, 158], f=90, g=25
[00:00:00:28:909] Expansion 400000: state [255, 223, 207, 203, 75, 73, 72, 200, 136, 140, 156, 220, 252, 124, 108, 44, 40, 41, 43, 171, 170, 234, 106], f=90, g=22
[00:00:00:36:360] Expansion 500000: state [255, 223, 207, 203, 75, 73, 72, 200, 136, 140, 156, 158, 190, 174, 170, 234, 106, 122, 120, 248, 252, 236, 237, 109, 45, 41, 43], f=90, g=26
[00:00:00:43:365] Expansion 600000: state [255, 223, 207, 203, 75, 73, 72, 200, 136, 140, 156, 157, 189, 185, 187, 171, 170, 234, 106, 122, 120, 248, 252, 236, 237], f=90, g=24
[00:00:00:50:573] Expansion 700000: state [255, 223, 207, 203, 75, 73, 72, 200, 136, 140, 142, 174, 175, 173, 189, 188, 252, 124, 108, 44, 40, 42, 106, 234, 250], f=90, g=24
[00:00:00:58:311] Expansion 800000: state [255, 223, 207, 203, 75, 73, 72, 200, 136, 140, 141, 173, 237, 236, 252, 248, 120, 121, 57, 41, 40, 42, 170], f=90, g=22
[00:00:01:05:194] Expansion 900000: state [255, 223, 207, 203, 75, 73, 72, 200, 136, 138, 170, 42, 40, 44, 60, 124, 120, 121, 57, 185, 184], f=90, g=20
[00:00:01:12:767] Expansion 1000000: state [255, 223, 207, 203, 75, 73, 72, 200, 136, 138, 170, 186, 190, 188, 60, 44, 108, 109, 237, 233, 169, 41], f=90, g=21
[00:00:01:19:811] Expansion 1100000: state [255, 223, 207, 203, 75, 73, 72, 200, 136, 138, 142, 174, 172, 236, 252, 248, 250, 234, 106, 42, 43], f=90, g=20
[00:00:01:27:270] Expansion 1200000: state [255, 223, 207, 203, 75, 73, 72, 200, 136, 138, 142, 174, 175, 171, 43, 42, 106, 122, 250, 248, 249, 121], f=90, g=21
[00:00:01:35:530] Expansion 1300000: state [255, 223, 207, 203, 75, 73, 72, 200, 136, 138, 142, 158, 156, 188, 252, 124, 120, 122, 106, 42, 40, 44, 45, 173, 169, 233, 249, 217, 153, 155, 187], f=90, g=30
[00:00:01:42:533] Expansion 1400000: state [255, 223, 207, 203, 75, 73, 72, 200, 136, 138, 142, 158, 190, 188, 172, 44, 108, 109, 237, 233, 249, 248, 250, 234, 106, 42, 43, 171, 187, 155, 153, 157], f=90, g=31
[00:00:01:49:446] Expansion 1500000: state [255, 223, 207, 203, 75, 73, 72, 200, 136, 137, 153, 217, 249, 121, 57, 41, 43, 171, 175, 173, 237, 109, 108, 44, 60, 188, 190, 186, 250, 234], f=90, g=29
[00:00:01:56:282] Expansion 1600000: state [255, 223, 207, 203, 75, 73, 72, 200, 136, 137, 153, 185, 249, 121, 120, 124, 108, 109, 45, 173, 172, 174, 190, 186], f=90, g=23
[00:00:02:03:085] Expansion 1700000: state [255, 223, 207, 203, 75, 73, 72, 200, 136, 137, 153, 157, 156, 188, 190, 186, 187, 171, 175, 173, 45, 109, 108, 124, 92, 94], f=90, g=25
[00:00:02:09:869] Expansion 1800000: state [255, 223, 207, 203, 75, 73, 72, 200, 136, 137, 153, 155, 187, 186, 190, 174, 175, 173, 45, 44, 108, 124, 252, 220, 156], f=90, g=24
[00:00:02:17:297] Expansion 1900000: state [255, 223, 207, 203, 75, 73, 72, 200, 136, 137, 141, 157, 156, 220, 252, 236, 108, 44, 45, 41, 43, 42, 170, 186, 250, 122, 120, 121], f=90, g=27
[00:00:02:24:192] Expansion 2000000: state [255, 223, 207, 203, 75, 73, 72, 200, 232, 168, 40, 44, 60, 124, 252, 220, 156, 158, 190, 174, 175, 171, 187, 185, 249, 217], f=90, g=25
[00:00:02:32:058] Expansion 2100000: state [255, 223, 207, 203, 75, 73, 72, 200, 232, 168, 170, 174, 190, 158, 156, 220, 252, 124, 108, 109, 45, 41, 57, 121, 249, 217, 153, 137, 141], f=90, g=28
[00:00:02:39:162] Expansion 2200000: state [255, 223, 207, 203, 75, 73, 72, 200, 232, 248, 120, 122, 106, 42, 43, 171, 187, 186, 190, 188, 60, 44, 12, 140, 141, 137], f=90, g=25
[00:00:02:46:391] Expansion 2300000: state [255, 223, 207, 203, 75, 73, 72, 200, 232, 248, 252, 220, 156, 140, 12, 44, 108, 109, 237, 173, 175, 174, 190, 186, 187, 185, 153], f=90, g=26
[00:00:02:53:548] Expansion 2400000: state [255, 223, 207, 203, 75, 73, 72, 200, 232, 248, 249, 185, 153, 137, 141, 173, 45, 109, 108, 124, 92, 220, 156, 158, 142, 174, 170, 42, 106], f=90, g=28
[00:00:03:00:635] Expansion 2500000: state [255, 223, 207, 203, 75, 73, 72, 200, 232, 236, 108, 44, 45, 41, 43, 42, 170, 174, 142, 158, 156, 157, 189], f=90, g=22
[00:00:03:07:949] Expansion 2600000: state [255, 223, 207, 203, 75, 73, 72, 200, 232, 236, 172, 174, 170, 42, 43, 41, 57, 185, 153, 157, 156], f=90, g=20
[00:00:03:16:355] Expansion 2700000: state [255, 223, 207, 203, 75, 73, 72, 200, 232, 236, 252, 220, 156, 158, 142, 174, 170, 171, 43, 41, 45, 173, 189, 185, 153, 217], f=90, g=25
[00:00:03:23:276] Expansion 2800000: state [255, 223, 207, 203, 75, 73, 72, 200, 232, 236, 237, 173, 169, 171, 43, 42, 106, 122, 250, 186, 190, 188, 156, 157], f=90, g=23
[00:00:03:30:288] Expansion 2900000: state [255, 223, 207, 203, 75, 73, 72, 200, 232, 234, 106, 42, 43, 171, 175, 173, 172, 140, 142, 158, 190, 186, 184, 185, 57, 121, 120, 124, 252], f=90, g=28
[00:00:03:37:665] Expansion 3000000: state [255, 223, 207, 203, 75, 73, 72, 200, 232, 234, 170, 186, 190, 158, 156, 140, 141], f=90, g=16
[00:00:03:44:995] Expansion 3100000: state [255, 223, 207, 203, 75, 73, 72, 200, 232, 234, 250, 122, 120, 121, 249, 185, 153, 157, 141, 173, 175, 171, 43, 42, 40, 44, 60, 188, 252, 220, 92, 93], f=90, g=31
[00:00:03:52:244] Expansion 3200000: state [255, 223, 207, 203, 75, 73, 72, 200, 232, 233, 169, 137, 141, 140, 156, 188, 184, 186, 170, 42, 106, 122, 120, 121], f=90, g=23
[00:00:03:59:267] Expansion 3300000: state [255, 223, 207, 203, 75, 73, 72, 200, 232, 233, 249, 185, 57, 41, 45, 109, 108, 124, 252, 188, 190, 186, 250, 218], f=90, g=23
[00:00:04:05:913] Expansion 3400000: state [255, 223, 207, 203, 75, 73, 72, 200, 232, 233, 249, 217, 153, 157, 189, 173, 172, 174, 190, 186, 187, 171, 43, 42, 106, 122, 120, 124, 92, 220], f=90, g=29
[00:00:04:13:015] Expansion 3500000: state [255, 223, 207, 203, 75, 73, 72, 200, 232, 233, 237, 173, 45, 44, 40, 42, 43, 171, 187, 185, 153, 157, 156, 158, 142, 174], f=90, g=25
[00:00:04:21:246] Expansion 3600000: state [255, 223, 207, 203, 75, 73, 72, 200, 216, 248, 120, 124, 108, 236, 172, 173, 45, 41, 40, 42, 170, 186, 187, 185, 153, 157], f=90, g=25
[00:00:04:28:350] Expansion 3700000: state [255, 223, 207, 203, 75, 73, 72, 200, 216, 248, 120, 121, 57, 185, 187, 171, 43, 42, 40, 44, 172, 188, 156, 158, 142, 138], f=90, g=25
[00:00:04:36:039] Expansion 3800000: state [255, 223, 207, 203, 75, 73, 72, 200, 216, 248, 252, 188, 190, 174, 142, 140, 141, 157, 153, 155, 187, 171, 43, 42, 40, 44, 108, 109, 237, 233], f=90, g=29
[00:00:04:42:916] Expansion 3900000: state [255, 223, 207, 203, 75, 73, 72, 200, 216, 248, 250, 186, 190, 174, 172, 236, 237, 233, 169, 41, 45], f=90, g=20
[00:00:04:49:651] Expansion 4000000: state [255, 223, 207, 203, 75, 73, 72, 200, 216, 248, 249, 185, 153, 157, 141, 173, 237, 236, 108, 124, 60, 188, 190, 174, 170], f=90, g=24
[00:00:04:56:885] Expansion 4100000: state [255, 223, 207, 203, 75, 73, 72, 200, 216, 220, 92, 124, 108, 44, 40, 41, 57, 185, 184, 186, 170, 171, 175, 173, 237, 233], f=90, g=25
[00:00:05:04:294] Expansion 4200000: state [255, 223, 207, 203, 75, 73, 72, 200, 216, 220, 92, 124, 120, 121, 57, 41, 43, 42, 170, 186, 190, 188, 189], f=90, g=22
[00:00:05:12:556] Expansion 4300000: state [255, 223, 207, 203, 75, 73, 72, 200, 216, 220, 156, 188, 60, 44, 108, 109, 237, 233, 169, 168, 170, 42, 106, 122, 120, 121, 57], f=90, g=26
[00:00:05:19:627] Expansion 4400000: state [255, 223, 207, 203, 75, 73, 72, 200, 216, 220, 156, 158, 190, 186, 184, 185, 189, 173, 237, 109], f=90, g=19
[00:00:05:26:539] Expansion 4500000: state [255, 223, 207, 203, 75, 73, 72, 200, 216, 220, 252, 124, 108, 44, 45, 41, 169, 137, 141, 140, 142, 174, 170, 186, 250, 122, 106], f=90, g=26
[00:00:05:33:897] Expansion 4600000: state [255, 223, 207, 203, 75, 73, 72, 200, 216, 220, 252, 188, 190, 158, 142, 140, 12, 44, 40, 168, 170, 171, 175, 173], f=90, g=23
[00:00:05:40:937] Expansion 4700000: state [255, 223, 207, 203, 75, 73, 72, 200, 216, 218, 250, 122, 106, 42, 40, 44, 172, 174, 142, 158, 156, 157, 153], f=90, g=22
[00:00:05:48:254] Expansion 4800000: state [255, 223, 207, 203, 75, 73, 72, 200, 216, 218, 250, 122, 120, 124, 108, 44, 12, 140, 142, 174, 190, 188, 184, 185, 57, 41, 43, 171], f=90, g=27
[00:00:05:55:588] Expansion 4900000: state [255, 223, 207, 203, 75, 73, 72, 200, 216, 218, 250, 122, 120, 121, 249, 185, 169, 171, 175, 174, 172, 44, 45], f=90, g=22
[00:00:06:02:811] Expansion 5000000: state [255, 223, 207, 203, 75, 73, 72, 200, 216, 218, 250, 186, 184, 185, 153, 137, 141, 140, 142, 174, 175, 171, 43, 41, 40, 44, 108], f=90, g=26
[00:00:06:09:711] Expansion 5100000: state [255, 223, 207, 203, 75, 73, 72, 200, 216, 218, 250, 234, 106, 42, 40, 41, 45, 173, 175, 174, 190, 188, 252, 236, 108], f=90, g=24
[00:00:06:18:022] Expansion 5200000: state [255, 223, 207, 203, 75, 73, 72, 200, 216, 218, 250, 234, 170, 174, 142, 140, 141, 157, 189, 188, 252, 236, 237, 109, 45, 44, 40], f=90, g=26
[00:00:06:24:862] Expansion 5300000: state [255, 223, 207, 203, 75, 73, 72, 200, 216, 217, 153, 137, 141, 140, 142, 158, 190, 186, 170, 234, 106, 122, 120, 124, 60], f=90, g=24
[00:00:06:31:786] Expansion 5400000: state [255, 223, 207, 203, 75, 73, 72, 200, 216, 217, 153, 185, 189, 173, 45, 109, 108, 124, 120, 122, 250, 186, 190, 174, 142, 140, 156], f=90, g=26
[00:00:06:38:880] Expansion 5500000: state [255, 223, 207, 203, 75, 73, 72, 200, 216, 217, 153, 157, 156, 188, 184, 186, 250, 122, 120, 124, 108, 44, 45, 41, 43], f=90, g=24
[00:00:06:45:969] Expansion 5600000: state [255, 223, 207, 203, 75, 73, 72, 200, 216, 217, 153, 155, 187, 186, 250, 234, 106, 42, 40, 168, 172, 188, 60, 124, 108, 109, 45], f=90, g=26
[00:00:06:53:136] Expansion 5700000: state [255, 223, 207, 203, 75, 73, 72, 200, 216, 217, 249, 121, 120, 122, 106, 42, 43, 41, 45, 173, 189, 188, 252, 236], f=90, g=23
[00:00:07:00:253] Expansion 5800000: state [255, 223, 207, 203, 75, 73, 72, 200, 216, 217, 249, 185, 184, 186, 170, 174, 142, 158, 156, 157, 141, 173, 237, 236, 108, 124, 92, 94], f=90, g=27
[00:00:07:07:262] Expansion 5900000: state [255, 223, 207, 203, 75, 73, 72, 200, 216, 217, 249, 233, 237, 173, 45, 41, 43, 42, 106, 122, 250, 186, 190, 158, 156, 157], f=90, g=25
[00:00:07:14:773] Expansion 6000000: state [255, 223, 207, 203, 75, 73, 72, 200, 204, 140, 12, 44, 45, 173, 169, 185, 249, 121, 120, 122, 106, 42, 170, 186, 190, 188], f=90, g=25
[00:00:07:22:265] Expansion 6100000: state [255, 223, 207, 203, 75, 73, 72, 200, 204, 140, 156, 188, 252, 124, 108, 109, 237, 233, 169, 171, 170, 174], f=90, g=21
[00:00:07:29:683] Expansion 6200000: state [255, 223, 207, 203, 75, 73, 72, 200, 204, 140, 156, 157, 153, 185, 184, 248, 250, 234, 170, 42, 43, 41, 45, 44], f=90, g=23
[00:00:07:36:719] Expansion 6300000: state [255, 223, 207, 203, 75, 73, 72, 200, 204, 140, 142, 174, 170, 186, 187, 185, 249, 233, 237, 109, 108, 44, 40, 41], f=90, g=23
[00:00:07:43:887] Expansion 6400000: state [255, 223, 207, 203, 75, 73, 72, 200, 204, 140, 142, 158, 190, 188, 252, 124, 120, 121, 249, 185, 187, 171, 175, 173, 45, 41, 40], f=90, g=26
[00:00:07:50:834] Expansion 6500000: state [255, 223, 207, 203, 75, 73, 72, 200, 204, 140, 141, 173, 175, 174, 170, 234, 250, 248, 249, 217, 153], f=90, g=20
[00:00:07:58:108] Expansion 6600000: state [255, 223, 207, 203, 75, 73, 72, 200, 204, 236, 108, 44, 60, 188, 156, 157, 141, 173, 169, 185, 57], f=90, g=20
[00:00:08:05:580] Expansion 6700000: state [255, 223, 207, 203, 75, 73, 72, 200, 204, 236, 108, 124, 120, 121, 249, 217, 153, 157, 156, 158, 190, 186, 250, 234, 106, 42, 43, 41, 169], f=90, g=28
[00:00:08:12:867] Expansion 6800000: state [255, 223, 207, 203, 75, 73, 72, 200, 204, 236, 252, 124, 60, 44, 40, 41, 57, 121, 249, 217, 153, 155, 187, 171, 175, 174, 142], f=90, g=26
[00:00:08:20:129] Expansion 6900000: state [255, 223, 207, 203, 75, 73, 72, 200, 204, 236, 237, 109, 45, 41, 57, 121, 249, 217, 153, 157, 156, 188, 184, 168, 170, 42, 106, 122, 250], f=90, g=28
[00:00:08:28:894] Expansion 7000000: state [255, 223, 207, 203, 75, 73, 72, 200, 204, 236, 237, 173, 175, 174, 170, 42, 43, 41, 57, 121], f=90, g=19
[00:00:08:36:148] Expansion 7100000: state [255, 223, 207, 203, 75, 73, 72, 200, 204, 220, 92, 124, 108, 44, 45, 173, 141, 157, 153, 155, 187, 186, 250, 248, 249, 121, 57], f=90, g=26
[00:00:08:43:472] Expansion 7200000: state [255, 223, 207, 203, 75, 73, 72, 200, 204, 220, 156, 188, 60, 44, 108, 109, 237, 173, 141, 137, 153, 155, 187, 171, 170, 234, 106, 122, 120, 248, 249], f=90, g=30
[00:00:08:50:892] Expansion 7300000: state [255, 223, 207, 203, 75, 73, 72, 200, 204, 220, 156, 158, 142, 174, 170, 42, 40, 44, 45, 173, 141, 137, 153, 185, 57, 121, 120, 122], f=90, g=27
[00:00:08:58:237] Expansion 7400000: state [255, 223, 207, 203, 75, 73, 72, 200, 204, 220, 156, 157, 141, 173, 175, 171, 187, 186, 250, 248, 249, 121, 57, 41, 40, 168], f=90, g=25
[00:00:09:05:337] Expansion 7500000: state [255, 223, 207, 203, 75, 73, 72, 200, 204, 220, 252, 124, 120, 122, 106, 42, 40, 44, 45, 173, 189, 185, 187, 186, 190, 174, 142, 138], f=90, g=27
[00:00:09:12:607] Expansion 7600000: state [255, 223, 207, 203, 75, 73, 72, 200, 204, 220, 252, 248, 249, 217, 153, 157, 189, 173, 175, 171, 170, 168, 40, 44, 108, 109], f=90, g=25
[00:00:09:19:945] Expansion 7700000: state [255, 223, 207, 203, 75, 73, 72, 104, 40, 44, 12, 140, 156, 220, 252, 236, 237, 173, 169, 171, 170, 186], f=90, g=21
[00:00:09:27:864] Expansion 7800000: state [255, 223, 207, 203, 75, 73, 72, 104, 40, 44, 60, 188, 190, 174, 170, 234, 250, 218, 216, 217, 249, 185, 169], f=90, g=22
[00:00:09:35:263] Expansion 7900000: state [255, 223, 207, 203, 75, 73, 72, 104, 40, 44, 45, 173, 237, 233, 249, 217, 153, 137, 136, 138, 142, 174, 190, 188, 252, 124, 92, 94, 78], f=90, g=28
[00:00:09:42:602] Expansion 8000000: state [255, 223, 207, 203, 75, 73, 72, 104, 40, 42, 170, 234, 250, 218, 216, 217, 153, 157, 189, 188, 60, 124], f=90, g=21
[00:00:09:49:869] Expansion 8100000: state [255, 223, 207, 203, 75, 73, 72, 104, 40, 42, 43, 171, 187, 186, 184, 248, 252, 220, 204, 140], f=90, g=19
[00:00:09:56:774] Expansion 8200000: state [255, 223, 207, 203, 75, 73, 72, 104, 40, 41, 57, 185, 153, 157, 141, 173, 172, 188, 252, 248, 250, 186, 170], f=90, g=22
[00:00:10:03:875] Expansion 8300000: state [255, 223, 207, 203, 75, 73, 72, 104, 40, 41, 45, 173, 237, 233, 249, 248, 250, 234, 170, 138, 142, 158, 190, 188, 60, 124, 92, 93], f=90, g=27
[00:00:10:11:138] Expansion 8400000: state [255, 223, 207, 203, 75, 73, 72, 104, 40, 41, 43, 171, 170, 174, 142, 140, 141, 157, 189, 188, 252, 236, 237, 233], f=90, g=23
[00:00:10:18:324] Expansion 8500000: state [255, 223, 207, 203, 75, 73, 72, 104, 232, 168, 170, 174, 190, 158, 156, 220, 216, 217, 249, 121, 57, 41, 45, 173, 189], f=90, g=24
[00:00:10:27:497] Expansion 8600000: state [255, 223, 207, 203, 75, 73, 72, 104, 232, 248, 252, 220, 156, 140, 12, 44, 45, 41, 169, 185, 187, 186, 170, 138], f=90, g=23
[00:00:10:34:229] Expansion 8700000: state [255, 223, 207, 203, 75, 73, 72, 104, 232, 236, 204, 140, 12, 44, 45, 41, 43, 42, 170, 186, 184], f=90, g=20
[00:00:10:41:081] Expansion 8800000: state [255, 223, 207, 203, 75, 73, 72, 104, 232, 236, 237, 109, 45, 41, 57, 185, 184, 186, 170, 138, 142, 140, 156, 220, 92], f=90, g=24
[00:00:10:48:225] Expansion 8900000: state [255, 223, 207, 203, 75, 73, 72, 104, 232, 234, 170, 174, 190, 188, 60, 44, 12, 140, 141, 137, 169, 41, 57, 121, 249, 217, 216, 220, 92, 93], f=90, g=29
[00:00:10:55:338] Expansion 9000000: state [255, 223, 207, 203, 75, 73, 72, 104, 232, 233, 169, 137, 141, 140, 142, 174, 170, 186, 250, 218, 216, 220, 252, 188, 189], f=90, g=24
[00:00:11:02:294] Expansion 9100000: state [255, 223, 207, 203, 75, 73, 72, 104, 232, 233, 237, 109, 45, 41, 57, 185, 153, 137, 136, 140, 142, 174, 190, 188, 252, 124, 92, 94, 78], f=90, g=28
[00:00:11:09:508] Expansion 9200000: state [255, 223, 207, 203, 75, 73, 72, 104, 120, 248, 184, 185, 187, 171, 43, 41, 45, 44, 12, 140, 204, 236], f=90, g=21
[00:00:11:16:863] Expansion 9300000: state [255, 223, 207, 203, 75, 73, 72, 104, 120, 248, 252, 236, 237, 173, 169, 137, 136, 140, 12, 44], f=90, g=19
[00:00:11:24:053] Expansion 9400000: state [255, 223, 207, 203, 75, 73, 72, 104, 120, 248, 249, 233, 237, 109, 45, 41, 43, 171, 187, 186, 190, 174, 142, 140], f=90, g=23
[00:00:11:31:233] Expansion 9500000: state [255, 223, 207, 203, 75, 73, 72, 104, 120, 124, 60, 188, 172, 140, 142, 138, 170, 171, 187, 155, 153, 137], f=90, g=21
[00:00:11:38:394] Expansion 9600000: state [255, 223, 207, 203, 75, 73, 72, 104, 120, 124, 92, 220, 216, 218, 250, 186, 190, 174, 142, 138, 136, 137, 169, 41, 45, 109, 237, 236], f=90, g=27
[00:00:11:45:819] Expansion 9700000: state [255, 223, 207, 203, 75, 73, 72, 104, 120, 124, 252, 220, 204, 140, 172, 173, 237, 233, 249, 217, 153, 155, 187, 186, 190], f=90, g=24
[00:00:11:53:186] Expansion 9800000: state [255, 223, 207, 203, 75, 73, 72, 104, 120, 122, 250, 186, 170, 168, 169, 41, 45, 44, 12, 140, 156, 157], f=90, g=21
[00:00:12:00:587] Expansion 9900000: state [255, 223, 207, 203, 75, 73, 72, 104, 120, 122, 250, 218, 216, 220, 204, 140, 141, 173, 175, 174, 170, 168, 184, 185, 187], f=90, g=24
[00:00:12:07:890] Expansion 10000000: state [255, 223, 207, 203, 75, 73, 72, 104, 120, 122, 250, 234, 170, 168, 136, 137, 141, 157, 156, 220, 252, 236, 237, 233, 249, 185, 57, 41, 45, 44, 12], f=90, g=30
[00:00:12:15:134] Expansion 10100000: state [255, 223, 207, 203, 75, 73, 72, 104, 120, 121, 57, 41, 43, 42, 170, 174, 142, 140, 156, 157, 153, 155, 187], f=90, g=22
[00:00:12:22:218] Expansion 10200000: state [255, 223, 207, 203, 75, 73, 72, 104, 120, 121, 249, 185, 189, 173, 237, 236, 252, 220, 156, 140, 136], f=90, g=20
[00:00:12:29:341] Expansion 10300000: state [255, 223, 207, 203, 75, 73, 72, 104, 120, 121, 249, 233, 169, 173, 172, 188, 252, 220, 204], f=90, g=18
[00:00:12:36:787] Expansion 10400000: state [255, 223, 207, 203, 75, 73, 72, 104, 108, 44, 12, 140, 141, 157, 189, 185, 249, 217, 216, 218, 250, 186, 190, 174], f=90, g=23
[00:00:12:44:214] Expansion 10500000: state [255, 223, 207, 203, 75, 73, 72, 104, 108, 44, 60, 188, 190, 186, 187, 185, 153, 137, 136, 140, 204, 220, 216, 248], f=90, g=23
[00:00:12:51:596] Expansion 10600000: state [255, 223, 207, 203, 75, 73, 72, 104, 108, 44, 45, 173, 169, 185, 184, 188, 156, 140, 136, 138, 170, 42], f=90, g=21
[00:00:12:58:865] Expansion 10700000: state [255, 223, 207, 203, 75, 73, 72, 104, 108, 236, 204, 140, 141, 173, 189, 188, 190, 174, 170, 234, 250, 248, 216, 217, 153, 155, 187], f=90, g=26
[00:00:13:05:935] Expansion 10800000: state [255, 223, 207, 203, 75, 73, 72, 104, 108, 236, 252, 248, 249, 217, 153, 137, 141, 140, 156, 158, 190, 186, 187, 171, 43, 42], f=90, g=25
[00:00:13:12:981] Expansion 10900000: state [255, 223, 207, 203, 75, 73, 72, 104, 108, 124, 60, 188, 172, 140, 141, 157, 153, 155, 187, 171, 170, 234, 250, 248, 249, 233], f=90, g=25
[00:00:13:23:292] Expansion 11000000: state [255, 223, 207, 203, 75, 73, 72, 104, 108, 124, 92, 220, 204, 140, 141, 137, 169, 171, 175, 174, 190, 186, 184, 248, 249, 217], f=90, g=25
[00:00:13:30:467] Expansion 11100000: state [255, 223, 207, 203, 75, 73, 72, 104, 108, 124, 252, 220, 156, 157, 141, 173, 45, 41, 57, 185, 187, 186, 170], f=90, g=22
[00:00:13:37:529] Expansion 11200000: state [255, 223, 207, 203, 75, 73, 72, 104, 108, 109, 45, 41, 57, 185, 153, 137, 136, 138, 170, 174, 172, 188, 156, 220, 216, 248, 250, 122], f=90, g=27
[00:00:13:44:607] Expansion 11300000: state [255, 223, 207, 203, 75, 73, 72, 104, 108, 109, 45, 173, 189, 185, 184, 248, 252, 220, 156, 140, 136, 138, 170, 234], f=90, g=23
[00:00:13:51:973] Expansion 11400000: state [255, 223, 207, 203, 75, 73, 72, 104, 108, 109, 237, 233, 169, 137, 153, 155, 187, 186, 184, 188, 60], f=90, g=20
[00:00:13:59:180] Expansion 11500000: state [255, 223, 207, 203, 75, 73, 72, 104, 106, 42, 170, 168, 136, 137, 153, 157, 156, 220, 252, 236, 237, 173, 45, 44, 12], f=90, g=24
[00:00:14:06:560] Expansion 11600000: state [255, 223, 207, 203, 75, 73, 72, 104, 106, 42, 170, 174, 142, 140, 12, 44, 45, 41, 169, 137, 153, 157, 189, 188, 252], f=90, g=24
[00:00:14:13:934] Expansion 11700000: state [255, 223, 207, 203, 75, 73, 72, 104, 106, 42, 43, 41, 169, 233, 249, 217, 153, 155, 187, 186, 190, 174, 142, 140, 204, 220, 92, 94], f=90, g=27
[00:00:14:21:163] Expansion 11800000: state [255, 223, 207, 203, 75, 73, 72, 104, 106, 42, 43, 41, 45, 173, 189, 157, 153, 137, 136, 140, 142, 158, 190, 186, 184, 248, 216, 218], f=90, g=27
[00:00:14:28:427] Expansion 11900000: state [255, 223, 207, 203, 75, 73, 72, 104, 106, 42, 43, 171, 187, 186, 190, 158, 156, 220, 92, 124, 60, 44, 45, 109, 237, 233, 249, 217, 153, 137, 136, 138], f=90, g=31
[00:00:14:35:857] Expansion 12000000: state [255, 223, 207, 203, 75, 73, 72, 104, 106, 234, 170, 168, 184, 188, 60, 44, 45, 173, 237, 233], f=90, g=19
[00:00:14:43:173] Expansion 12100000: state [255, 223, 207, 203, 75, 73, 72, 104, 106, 234, 170, 174, 190, 158, 156, 220, 252, 248, 249, 233, 237, 109, 45], f=90, g=22
[00:00:14:50:281] Expansion 12200000: state [255, 223, 207, 203, 75, 73, 72, 104, 106, 234, 250, 186, 190, 158, 142, 138, 136, 137, 141, 157, 189, 185, 249, 217, 216, 220, 92, 94], f=90, g=27
[00:00:14:57:637] Expansion 12300000: state [255, 223, 207, 203, 75, 73, 72, 104, 106, 234, 250, 218, 216, 220, 204, 236, 237, 109, 45, 41, 43, 171, 187, 185, 184, 168, 136, 138, 142, 158, 190], f=90, g=30
[00:00:15:04:861] Expansion 12400000: state [255, 223, 207, 203, 75, 73, 72, 104, 106, 234, 250, 248, 249, 121, 57, 41, 169, 173, 141, 140, 156, 220, 92, 94], f=90, g=23
[00:00:15:12:088] Expansion 12500000: state [255, 223, 207, 203, 75, 73, 72, 104, 106, 122, 250, 186, 184, 168, 169, 233, 237, 236, 252, 124, 60, 44, 12, 140, 156, 157], f=90, g=25
[00:00:15:19:275] Expansion 12600000: state [255, 223, 207, 203, 75, 73, 72, 104, 106, 122, 250, 186, 187, 185, 189, 173, 45, 44, 60, 124, 92, 220, 156, 140, 142], f=90, g=24
[00:00:15:26:571] Expansion 12700000: state [255, 223, 207, 203, 75, 73, 72, 104, 106, 122, 250, 218, 216, 217, 249, 121, 57, 41, 45, 173, 237, 236, 204, 140, 142, 174, 190, 188, 60, 124, 92], f=90, g=30
[00:00:15:33:786] Expansion 12800000: state [255, 223, 207, 203, 75, 73, 72, 104, 106, 122, 250, 248, 252, 188, 156, 158, 142, 174, 175, 171, 43, 41, 45, 44], f=90, g=23
[00:00:15:41:011] Expansion 12900000: state [255, 223, 207, 203, 75, 73, 72, 76, 12, 140, 136, 168, 232, 236, 252, 220, 216, 218, 250, 186, 187, 185, 57, 121, 120], f=90, g=24
[00:00:15:48:357] Expansion 13000000: state [255, 223, 207, 203, 75, 73, 72, 76, 12, 140, 136, 137, 153, 185, 57, 41, 43, 171, 170, 234, 250, 218, 216, 220, 252, 124, 120], f=90, g=26
[00:00:15:55:698] Expansion 13100000: state [255, 223, 207, 203, 75, 73, 72, 76, 12, 140, 172, 173, 169, 41, 40, 42, 106, 122, 120, 121, 249, 217, 153, 155, 187, 186, 190, 158], f=90, g=27
[00:00:16:03:162] Expansion 13200000: state [255, 223, 207, 203, 75, 73, 72, 76, 12, 140, 156, 188, 252, 248, 232, 234, 170, 174, 175, 173, 169, 137], f=90, g=21
[00:00:16:10:598] Expansion 13300000: state [255, 223, 207, 203, 75, 73, 72, 76, 12, 140, 156, 157, 189, 173, 45, 41, 40, 42, 170, 186, 250, 122, 120, 124, 60], f=90, g=24
[00:00:16:18:072] Expansion 13400000: state [255, 223, 207, 203, 75, 73, 72, 76, 12, 140, 142, 174, 190, 186, 187, 185, 249, 248, 252, 236, 237, 173, 45, 41, 40, 42], f=90, g=25
[00:00:16:25:348] Expansion 13500000: state [255, 223, 207, 203, 75, 73, 72, 76, 12, 140, 142, 158, 190, 188, 252, 124, 120, 121, 249, 233, 169, 168, 170, 234, 250, 218, 216], f=90, g=26
[00:00:16:32:384] Expansion 13600000: state [255, 223, 207, 203, 75, 73, 72, 76, 12, 140, 141, 173, 237, 236, 232, 168, 170, 171, 187, 185, 249, 217, 216, 218, 250, 122, 120, 124], f=90, g=27
[00:00:16:42:871] Expansion 13700000: state [255, 223, 207, 203, 75, 73, 72, 76, 12, 44, 40, 168, 136, 138, 142, 174, 190, 186, 187, 155, 153, 157, 156, 220, 216, 248, 249, 233, 237, 236], f=90, g=29
[00:00:16:49:988] Expansion 13800000: state [255, 223, 207, 203, 75, 73, 72, 76, 12, 44, 40, 42, 170, 171, 187, 185, 153, 217, 216, 248, 252, 188, 156, 158], f=90, g=23
[00:00:16:57:392] Expansion 13900000: state [255, 223, 207, 203, 75, 73, 72, 76, 12, 44, 40, 42, 43, 171, 175, 174, 190, 188, 189, 157, 153, 217], f=90, g=21
[00:00:17:04:568] Expansion 14000000: state [255, 223, 207, 203, 75, 73, 72, 76, 12, 44, 40, 41, 43, 171, 170, 174, 142, 158, 156, 188, 184, 185, 153, 217, 216], f=90, g=24
[00:00:17:11:568] Expansion 14100000: state [255, 223, 207, 203, 75, 73, 72, 76, 12, 44, 172, 188, 252, 248, 120, 122, 106, 234, 170, 186, 187, 185, 153, 137, 141], f=90, g=24
[00:00:17:18:627] Expansion 14200000: state [255, 223, 207, 203, 75, 73, 72, 76, 12, 44, 60, 188, 156, 158, 142, 138, 136, 137, 169, 41, 57, 121, 120, 248, 232, 236], f=90, g=25
[00:00:17:25:707] Expansion 14300000: state [255, 223, 207, 203, 75, 73, 72, 76, 12, 44, 60, 188, 189, 157, 153, 217, 216, 248, 232, 168, 170, 174, 142, 158], f=90, g=23
[00:00:17:32:751] Expansion 14400000: state [255, 223, 207, 203, 75, 73, 72, 76, 12, 44, 60, 124, 252, 220, 156, 158, 142, 174, 175, 173, 237, 233, 249, 185, 153, 137], f=90, g=25
[00:00:17:39:704] Expansion 14500000: state [255, 223, 207, 203, 75, 73, 72, 76, 12, 44, 45, 41, 57, 185, 153, 217, 216, 248, 120, 122, 106, 42, 170, 138, 142], f=90, g=24
[00:00:17:47:032] Expansion 14600000: state [255, 223, 207, 203, 75, 73, 72, 76, 12, 44, 45, 173, 141, 137, 136, 138, 142, 158, 190, 186, 187, 185, 249, 233, 232, 234, 106, 42, 43], f=90, g=28
[00:00:17:54:321] Expansion 14700000: state [255, 223, 207, 203, 75, 73, 72, 76, 12, 44, 45, 173, 189, 188, 156, 220, 216, 217, 249, 121, 120, 122, 250, 234, 170, 171], f=90, g=25
[00:00:18:01:680] Expansion 14800000: state [255, 223, 207, 203, 75, 73, 72, 76, 12, 44, 45, 109, 237, 236, 232, 248, 249, 217, 153, 157, 156, 158, 142, 174, 170, 171, 43], f=90, g=26
[00:00:18:09:068] Expansion 14900000: state [255, 223, 207, 203, 75, 73, 72, 76, 204, 140, 136, 138, 170, 174, 175, 173, 169, 41, 40, 44, 60, 188, 252, 248, 216, 218], f=90, g=25
[00:00:18:16:024] Expansion 15000000: state [255, 223, 207, 203, 75, 73, 72, 76, 204, 140, 172, 188, 252, 124, 120, 122, 106, 42, 170, 186, 187, 155, 153, 217, 249, 233, 169, 41, 45, 109], f=90, g=29
[00:00:18:23:238] Expansion 15100000: state [255, 223, 207, 203, 75, 73, 72, 76, 204, 140, 156, 188, 189, 173, 45, 41, 40, 42, 106, 122, 250, 248, 249, 217, 153, 155, 187], f=90, g=26
[00:00:18:31:627] Expansion 15200000: state [255, 223, 207, 203, 75, 73, 72, 76, 204, 140, 156, 157, 189, 185, 187, 171, 170, 168, 232, 248, 252, 124, 60, 44, 45, 41], f=90, g=25
[00:00:18:38:987] Expansion 15300000: state [255, 223, 207, 203, 75, 73, 72, 76, 204, 140, 142, 174, 175, 171, 43, 42, 40, 44, 60, 188, 184, 185], f=90, g=21
[00:00:18:46:198] Expansion 15400000: state [255, 223, 207, 203, 75, 73, 72, 76, 204, 140, 141, 137, 153, 217, 216, 248, 250, 122, 106, 42, 170, 174, 190, 188, 60, 44], f=90, g=25
[00:00:18:53:130] Expansion 15500000: state [255, 223, 207, 203, 75, 73, 72, 76, 204, 140, 141, 157, 153, 185, 57, 41, 40, 42, 170, 186, 250, 248, 120], f=90, g=22
[00:00:18:59:937] Expansion 15600000: state [255, 223, 207, 203, 75, 73, 72, 76, 204, 236, 172, 188, 189, 185, 249, 121, 120, 122, 250, 218], f=90, g=19
[00:00:19:07:011] Expansion 15700000: state [255, 223, 207, 203, 75, 73, 72, 76, 204, 236, 232, 248, 216, 217, 153, 137, 136, 138, 142, 158, 190, 188, 60, 44, 40, 42, 43, 171], f=90, g=27
[00:00:19:14:039] Expansion 15800000: state [255, 223, 207, 203, 75, 73, 72, 76, 204, 236, 232, 233, 249, 121, 120, 122, 106, 42, 170, 171, 187, 155, 153, 137, 141, 173, 189, 188, 156, 158], f=90, g=29
[00:00:19:21:128] Expansion 15900000: state [255, 223, 207, 203, 75, 73, 72, 76, 204, 236, 252, 188, 156, 158, 142, 138, 170, 42, 40, 44, 45, 173, 169, 233, 249, 121, 120], f=90, g=26
[00:00:19:28:283] Expansion 16000000: state [255, 223, 207, 203, 75, 73, 72, 76, 204, 236, 237, 109, 45, 41, 169, 137, 136, 138, 142, 158, 156, 188, 60, 124, 120], f=90, g=24
[00:00:19:35:435] Expansion 16100000: state [255, 223, 207, 203, 75, 73, 72, 76, 204, 236, 237, 173, 45, 44, 40, 42, 170, 186, 250, 248, 249, 185, 153, 157, 156, 158, 142], f=90, g=26
[00:00:19:42:579] Expansion 16200000: state [255, 223, 207, 203, 75, 73, 72, 76, 204, 236, 237, 173, 175, 174, 142, 158, 156, 188, 184, 168, 40, 41, 57, 121, 120, 122, 106], f=90, g=26
[00:00:19:49:837] Expansion 16300000: state [255, 223, 207, 203, 75, 73, 72, 76, 204, 220, 156, 188, 172, 44, 40, 42, 106, 122, 120, 121, 57], f=90, g=20
[00:00:19:57:253] Expansion 16400000: state [255, 223, 207, 203, 75, 73, 72, 76, 204, 220, 156, 158, 142, 138, 170, 171, 43, 41, 57, 121, 120, 124, 60, 44, 172, 173, 189], f=90, g=26
[00:00:20:04:693] Expansion 16500000: state [255, 223, 207, 203, 75, 73, 72, 76, 204, 220, 156, 157, 141, 137, 169, 41, 57, 121, 120, 248, 250, 186, 170, 42], f=90, g=23
[00:00:20:11:874] Expansion 16600000: state [255, 223, 207, 203, 75, 73, 72, 76, 204, 220, 156, 157, 189, 185, 249, 248, 120, 124, 60, 44, 45, 41, 43, 171], f=90, g=23
[00:00:20:19:204] Expansion 16700000: state [255, 223, 207, 203, 75, 73, 72, 76, 204, 220, 216, 218, 250, 122, 106, 42, 170, 171, 187, 185, 57, 41, 45, 44, 172, 188], f=90, g=25
[00:00:20:26:318] Expansion 16800000: state [255, 223, 207, 203, 75, 73, 72, 76, 204, 220, 216, 217, 153, 137, 141, 173, 175, 171, 187, 186, 184, 168, 40, 42, 106, 234], f=90, g=25
[00:00:20:33:038] Expansion 16900000: state [255, 223, 207, 203, 75, 73, 72, 76, 204, 220, 252, 124, 60, 44, 40, 42, 170, 186, 184, 185, 249, 233, 237, 173], f=90, g=23
[00:00:20:40:067] Expansion 17000000: state [255, 223, 207, 203, 75, 73, 72, 76, 204, 220, 252, 188, 172, 44, 45, 41, 43, 42, 106, 234, 250, 186, 187, 155, 153, 217, 249, 233, 237], f=90, g=28
[00:00:20:47:380] Expansion 17100000: state [255, 223, 207, 203, 75, 73, 72, 76, 204, 220, 252, 248, 249, 217, 153, 157, 189, 173, 175, 171, 187, 186], f=90, g=21
[00:00:20:59:057] Expansion 17200000: state [255, 223, 207, 203, 75, 73, 72, 76, 108, 44, 40, 42, 106, 234, 232, 248, 216, 217, 153, 157, 189, 188, 190, 158, 142, 140], f=90, g=25
[00:00:21:06:125] Expansion 17300000: state [255, 223, 207, 203, 75, 73, 72, 76, 108, 44, 40, 41, 169, 185, 189, 157, 156, 140, 142, 138, 170, 234, 106], f=90, g=22
[00:00:21:13:111] Expansion 17400000: state [255, 223, 207, 203, 75, 73, 72, 76, 108, 44, 172, 140, 136, 138, 170, 234, 250, 218, 216, 220], f=90, g=19
[00:00:21:20:443] Expansion 17500000: state [255, 223, 207, 203, 75, 73, 72, 76, 108, 44, 172, 173, 141, 157, 156, 158, 142, 138, 170, 234, 250, 218, 216, 217, 249, 121], f=90, g=25
[00:00:21:27:631] Expansion 17600000: state [255, 223, 207, 203, 75, 73, 72, 76, 108, 44, 60, 188, 252, 220, 216, 218, 250, 234, 106, 42, 43, 41, 57, 185, 153, 137], f=90, g=25
[00:00:21:34:972] Expansion 17700000: state [255, 223, 207, 203, 75, 73, 72, 76, 108, 44, 45, 41, 169, 168, 232, 234, 106, 122, 120, 121, 249, 217, 216, 220, 156], f=90, g=24
[00:00:21:42:198] Expansion 17800000: state [255, 223, 207, 203, 75, 73, 72, 76, 108, 44, 45, 41, 43, 171, 170, 234, 250, 248, 216, 220, 156], f=90, g=20
[00:00:21:49:576] Expansion 17900000: state [255, 223, 207, 203, 75, 73, 72, 76, 108, 44, 45, 173, 237, 233, 249, 248, 252, 188, 156, 158, 142, 138, 136], f=90, g=22
[00:00:21:56:888] Expansion 18000000: state [255, 223, 207, 203, 75, 73, 72, 76, 108, 236, 172, 188, 184, 248, 249, 233, 169, 137], f=90, g=17
[00:00:22:03:906] Expansion 18100000: state [255, 223, 207, 203, 75, 73, 72, 76, 108, 236, 232, 168, 170, 174, 142, 140, 141, 137, 153, 217, 249, 121, 120, 122, 106], f=90, g=24
[00:00:22:10:882] Expansion 18200000: state [255, 223, 207, 203, 75, 73, 72, 76, 108, 236, 232, 234, 250, 122, 120, 121, 249, 185, 187, 171, 175, 173, 141, 140, 142, 158, 190, 188], f=90, g=27
[00:00:22:17:988] Expansion 18300000: state [255, 223, 207, 203, 75, 73, 72, 76, 108, 236, 252, 188, 190, 174, 142, 138, 136, 168, 40, 41, 45], f=90, g=20
[00:00:22:24:901] Expansion 18400000: state [255, 223, 207, 203, 75, 73, 72, 76, 108, 236, 252, 220, 216, 217, 249, 185, 189, 157, 141, 137, 136, 138, 142, 174, 190, 186, 250, 234, 106], f=90, g=28
[00:00:22:32:092] Expansion 18500000: state [255, 223, 207, 203, 75, 73, 72, 76, 108, 236, 237, 173, 141, 137, 153, 217, 216, 218, 250, 122, 120, 121, 57, 41, 43, 42, 170, 138, 142, 158, 156, 188, 60], f=90, g=32
[00:00:22:39:380] Expansion 18600000: state [255, 223, 207, 203, 75, 73, 72, 76, 108, 236, 237, 173, 175, 174, 142, 158, 156, 220, 216, 218, 250, 186, 184, 185, 57, 41, 43, 42], f=90, g=27
[00:00:22:46:721] Expansion 18700000: state [255, 223, 207, 203, 75, 73, 72, 76, 108, 124, 60, 188, 156, 220, 216, 218, 250, 122, 106, 42, 43, 41, 169, 185], f=90, g=23
[00:00:22:54:157] Expansion 18800000: state [255, 223, 207, 203, 75, 73, 72, 76, 108, 124, 60, 188, 190, 174, 142, 138, 136, 137, 153, 217, 249, 121, 57, 41, 40, 42, 106, 122, 250, 218], f=90, g=29
[00:00:23:01:626] Expansion 18900000: state [255, 223, 207, 203, 75, 73, 72, 76, 108, 124, 120, 248, 232, 234, 106, 42, 43, 41, 169, 185, 189, 157, 141, 140, 142, 174, 190], f=90, g=26
[00:00:23:09:082] Expansion 19000000: state [255, 223, 207, 203, 75, 73, 72, 76, 108, 124, 120, 122, 106, 42, 43, 41, 45, 173, 141, 157, 156, 220, 216, 217, 249, 233, 232, 168, 136, 138, 142, 174, 190, 186], f=90, g=33
[00:00:23:16:437] Expansion 19100000: state [255, 223, 207, 203, 75, 73, 72, 76, 108, 124, 120, 122, 250, 218, 216, 217, 153, 155, 187, 171, 170, 138, 142, 158, 190, 188, 189], f=90, g=26
[00:00:23:23:538] Expansion 19200000: state [255, 223, 207, 203, 75, 73, 72, 76, 108, 124, 120, 121, 57, 185, 187, 186, 190, 188, 156, 157, 141, 137, 136, 168, 40, 42], f=90, g=25
[00:00:23:30:590] Expansion 19300000: state [255, 223, 207, 203, 75, 73, 72, 76, 108, 124, 252, 188, 156, 158, 142, 138, 136, 168, 169, 185, 187, 155], f=90, g=21
[00:00:23:37:876] Expansion 19400000: state [255, 223, 207, 203, 75, 73, 72, 76, 108, 124, 252, 220, 156, 158, 142, 138, 136, 137, 169, 41, 43, 42, 106, 234, 232], f=90, g=24
[00:00:23:45:262] Expansion 19500000: state [255, 223, 207, 203, 75, 73, 72, 76, 108, 124, 252, 248, 184, 186, 190, 158, 156, 140, 141, 173, 189], f=90, g=20
[00:00:23:52:614] Expansion 19600000: state [255, 223, 207, 203, 75, 73, 72, 76, 108, 109, 45, 41, 40, 168, 170, 174, 142, 158, 156, 188, 189, 185, 249, 217], f=90, g=23
[00:00:23:59:979] Expansion 19700000: state [255, 223, 207, 203, 75, 73, 72, 76, 108, 109, 45, 41, 57, 185, 249, 248, 250, 234, 170, 138, 142, 158, 156, 188, 60], f=90, g=24
[00:00:24:07:307] Expansion 19800000: state [255, 223, 207, 203, 75, 73, 72, 76, 108, 109, 45, 41, 43, 171, 187, 185, 153, 137, 136, 168, 172, 174, 190, 158, 156, 220, 252, 248, 120, 122], f=90, g=29
[00:00:24:14:858] Expansion 19900000: state [255, 223, 207, 203, 75, 73, 72, 76, 108, 109, 45, 173, 172, 168, 136, 137, 153, 157, 156, 220, 216, 248, 120, 122, 106, 42, 43], f=90, g=26
[00:00:24:22:281] Expansion 20000000: state [255, 223, 207, 203, 75, 73, 72, 76, 108, 109, 237, 173, 141, 137, 153, 185, 187, 171, 43, 42, 106, 122, 120, 248, 252, 188, 190, 158, 142], f=90, g=28
[00:00:24:29:633] Expansion 20100000: state [255, 223, 207, 203, 75, 73, 72, 76, 108, 109, 237, 173, 172, 168, 170, 171, 43, 41, 57, 121, 249, 248, 250, 122, 106], f=90, g=24
[00:00:24:36:903] Expansion 20200000: state [255, 223, 207, 203, 75, 73, 72, 76, 108, 109, 237, 173, 175, 174, 170, 42, 106, 122, 250, 218, 216, 220, 156, 188, 184, 185, 57, 121], f=90, g=27
[00:00:24:43:969] Expansion 20300000: state [255, 223, 207, 203, 75, 73, 72, 76, 108, 109, 237, 233, 232, 234, 106, 42, 43, 41, 57, 185, 189, 157, 156, 140, 142, 174, 175], f=90, g=26
[00:00:24:51:041] Expansion 20400000: state [255, 223, 207, 203, 75, 73, 72, 76, 92, 220, 156, 140, 136, 137, 153, 155, 187, 186, 170, 42, 40, 41, 45, 109, 237, 233, 249, 248, 120, 122], f=90, g=29
[00:00:24:58:368] Expansion 20500000: state [255, 223, 207, 203, 75, 73, 72, 76, 92, 220, 156, 188, 60, 44, 45, 109, 237, 233, 232, 248, 250, 186, 170, 138, 136, 137, 153, 155], f=90, g=27
[00:00:25:05:663] Expansion 20600000: state [255, 223, 207, 203, 75, 73, 72, 76, 92, 220, 156, 158, 142, 138, 136, 137, 153, 155, 187, 171, 43, 41, 40, 44, 172, 173, 237, 109], f=90, g=27
[00:00:25:12:967] Expansion 20700000: state [255, 223, 207, 203, 75, 73, 72, 76, 92, 220, 156, 158, 190, 186, 187, 171, 175, 173, 237, 233, 249, 248, 120, 122, 106, 42, 40, 41], f=90, g=27
[00:00:25:19:974] Expansion 20800000: state [255, 223, 207, 203, 75, 73, 72, 76, 92, 220, 156, 157, 189, 173, 172, 236, 232, 233, 249, 121, 120, 122, 106, 42, 170, 186, 190], f=90, g=26
[00:00:25:27:382] Expansion 20900000: state [255, 223, 207, 203, 75, 73, 72, 76, 92, 220, 216, 248, 232, 233, 169, 41, 45, 44, 60, 188, 189, 157, 153, 155, 187, 186, 170, 174, 142, 140], f=90, g=29
[00:00:25:34:866] Expansion 21000000: state [255, 223, 207, 203, 75, 73, 72, 76, 92, 220, 216, 218, 250, 122, 106, 42, 43, 41, 45, 173, 237, 233, 249, 185, 184, 188, 190, 158, 142], f=90, g=28
[00:00:25:42:243] Expansion 21100000: state [255, 223, 207, 203, 75, 73, 72, 76, 92, 220, 216, 218, 250, 234, 232, 236, 172, 44, 45, 41, 57, 185, 187], f=90, g=22
[00:00:25:49:221] Expansion 21200000: state [255, 223, 207, 203, 75, 73, 72, 76, 92, 220, 216, 217, 153, 155, 187, 186, 250, 234, 106, 42, 40, 44, 60, 188, 189, 173, 175, 174, 142, 140], f=90, g=29
[00:00:25:56:494] Expansion 21300000: state [255, 223, 207, 203, 75, 73, 72, 76, 92, 220, 252, 188, 60, 44, 45, 173, 141, 157, 153, 185, 249, 121, 120, 122, 106, 234, 232, 168, 136], f=90, g=28
[00:00:26:10:710] Expansion 21400000: state [255, 223, 207, 203, 75, 73, 72, 76, 92, 220, 252, 188, 189, 173, 175, 174, 142, 138, 136, 137, 153, 155, 187, 186, 250, 122, 106, 42, 40, 41, 57, 121], f=90, g=31
[00:00:26:17:710] Expansion 21500000: state [255, 223, 207, 203, 75, 73, 72, 76, 92, 220, 252, 236, 237, 233, 249, 185, 153, 137, 141, 140, 142, 138, 170, 171, 175], f=90, g=24
[00:00:26:25:020] Expansion 21600000: state [255, 223, 207, 203, 75, 73, 72, 76, 92, 124, 60, 44, 40, 168, 232, 234, 250, 218, 216, 217, 153, 157, 156, 158], f=90, g=23
[00:00:26:32:193] Expansion 21700000: state [255, 223, 207, 203, 75, 73, 72, 76, 92, 124, 60, 44, 172, 236, 232, 234, 250, 186, 184, 185, 189, 157, 141, 137], f=90, g=23
[00:00:26:39:526] Expansion 21800000: state [255, 223, 207, 203, 75, 73, 72, 76, 92, 124, 60, 44, 45, 109, 237, 233, 232, 168, 136, 137, 153, 155, 187, 171, 43, 42, 106], f=90, g=26
[00:00:26:46:845] Expansion 21900000: state [255, 223, 207, 203, 75, 73, 72, 76, 92, 124, 60, 188, 156, 157, 153, 185, 187, 186, 250, 122], f=90, g=19
[00:00:26:54:024] Expansion 22000000: state [255, 223, 207, 203, 75, 73, 72, 76, 92, 124, 60, 188, 190, 174, 170, 234, 232, 248, 249, 121, 57, 41, 45, 173, 141], f=90, g=24
[00:00:27:01:577] Expansion 22100000: state [255, 223, 207, 203, 75, 73, 72, 76, 92, 124, 120, 248, 216, 217, 153, 155, 187, 171, 170, 174, 190, 188, 189, 173, 237, 109], f=90, g=25
[00:00:27:08:994] Expansion 22200000: state [255, 223, 207, 203, 75, 73, 72, 76, 92, 124, 120, 248, 250, 234, 170, 174, 190, 158, 156, 157, 153, 155], f=90, g=21
[00:00:27:16:426] Expansion 22300000: state [255, 223, 207, 203, 75, 73, 72, 76, 92, 124, 120, 122, 106, 42, 43, 41, 45, 109, 237, 233, 249, 185, 189, 188, 172, 168, 136, 137], f=90, g=27
[00:00:27:23:782] Expansion 22400000: state [255, 223, 207, 203, 75, 73, 72, 76, 92, 124, 120, 122, 250, 186, 187, 171, 43, 41, 45, 173, 237, 236, 232, 168, 136, 140, 156, 157, 153, 217], f=90, g=29
[00:00:27:31:227] Expansion 22500000: state [255, 223, 207, 203, 75, 73, 72, 76, 92, 124, 120, 121, 57, 41, 40, 42, 106, 234, 232, 233, 237, 173, 175, 171, 187, 186, 184, 188, 156, 157, 153, 217, 216, 218], f=90, g=33
[00:00:27:38:526] Expansion 22600000: state [255, 223, 207, 203, 75, 73, 72, 76, 92, 124, 120, 121, 249, 185, 187, 171, 170, 168, 136, 137, 141, 157], f=90, g=21
[00:00:27:45:905] Expansion 22700000: state [255, 223, 207, 203, 75, 73, 72, 76, 92, 124, 252, 188, 156, 140, 136, 138, 170, 42, 43, 41, 169, 185, 187], f=90, g=22
[00:00:27:53:400] Expansion 22800000: state [255, 223, 207, 203, 75, 73, 72, 76, 92, 124, 252, 188, 190, 174, 175, 173, 45, 41, 43, 42, 106, 234, 232, 233, 249, 185, 153, 137, 136, 140], f=90, g=29
[00:00:28:00:775] Expansion 22900000: state [255, 223, 207, 203, 75, 73, 72, 76, 92, 124, 252, 236, 232, 233, 249, 185, 189, 173, 141, 140, 156, 158, 190, 186, 250, 122, 106, 42, 43, 171], f=90, g=29
[00:00:28:08:138] Expansion 23000000: state [255, 223, 207, 203, 75, 73, 72, 76, 92, 124, 252, 248, 216, 217, 153, 155, 187, 186, 190, 174, 142, 140, 136, 168, 40, 42], f=90, g=25
[00:00:28:15:559] Expansion 23100000: state [255, 223, 207, 203, 75, 73, 105, 41, 40, 168, 136, 200, 216, 248, 250, 186, 190, 158, 156, 157, 141, 173, 237], f=90, g=22
[00:00:28:22:923] Expansion 23200000: state [255, 223, 207, 203, 75, 73, 105, 41, 40, 168, 232, 248, 249, 185, 153, 157, 141, 140, 12, 76, 92, 220], f=90, g=21
[00:00:28:30:305] Expansion 23300000: state [255, 223, 207, 203, 75, 73, 105, 41, 40, 168, 170, 234, 250, 218, 216, 200, 204, 140, 141, 137, 153, 185, 189, 188, 252], f=90, g=24
[00:00:28:37:729] Expansion 23400000: state [255, 223, 207, 203, 75, 73, 105, 41, 40, 44, 12, 140, 156, 158, 190, 174, 175, 173, 189, 185, 153, 217, 216, 200, 232, 236, 252, 124, 120, 122], f=90, g=29
[00:00:28:45:142] Expansion 23500000: state [255, 223, 207, 203, 75, 73, 105, 41, 40, 44, 12, 76, 92, 220, 216, 218, 250, 234, 170, 174, 175, 173, 189, 157, 153, 155], f=90, g=25
[00:00:28:52:507] Expansion 23600000: state [255, 223, 207, 203, 75, 73, 105, 41, 40, 44, 172, 173, 141, 137, 153, 217, 216, 220, 92, 124, 120, 122, 106, 234, 232], f=90, g=24
[00:00:28:59:957] Expansion 23700000: state [255, 223, 207, 203, 75, 73, 105, 41, 40, 44, 108, 236, 204, 140, 141, 173, 175, 174, 170, 186, 187, 185, 249, 248], f=90, g=23
[00:00:29:07:144] Expansion 23800000: state [255, 223, 207, 203, 75, 73, 105, 41, 40, 44, 108, 124, 92, 220, 216, 248, 184, 188, 189, 157, 141, 137, 136, 138, 142, 174, 175, 171, 187, 155], f=90, g=29
[00:00:29:14:718] Expansion 23900000: state [255, 223, 207, 203, 75, 73, 105, 41, 40, 44, 60, 188, 184, 186, 250, 218, 216, 220, 204, 140, 141, 157, 153, 155], f=90, g=23
[00:00:29:22:210] Expansion 24000000: state [255, 223, 207, 203, 75, 73, 105, 41, 40, 44, 60, 124, 120, 248, 232, 200, 204, 220, 156, 158, 142, 138, 170, 186, 187, 155, 153, 137], f=90, g=27
[00:00:29:29:604] Expansion 24100000: state [255, 223, 207, 203, 75, 73, 105, 41, 40, 42, 170, 138, 142, 140, 141, 137, 153, 217, 216, 200, 232, 236, 252, 124, 120, 122], f=90, g=25
[00:00:29:36:695] Expansion 24200000: state [255, 223, 207, 203, 75, 73, 105, 41, 40, 42, 170, 186, 190, 188, 189, 173, 141, 137, 153, 217, 216, 200, 232, 236, 108, 76, 92, 93], f=90, g=27
[00:00:29:43:675] Expansion 24300000: state [255, 223, 207, 203, 75, 73, 105, 41, 40, 42, 170, 171, 187, 185, 153, 137, 141, 140, 172, 188, 252, 124, 108, 76, 78], f=90, g=24
[00:00:29:50:663] Expansion 24400000: state [255, 223, 207, 203, 75, 73, 105, 41, 40, 42, 106, 234, 232, 236, 237, 173, 189, 188, 184, 186, 187, 155, 153, 137, 136, 138, 142, 158], f=90, g=27
[00:00:29:57:638] Expansion 24500000: state [255, 223, 207, 203, 75, 73, 105, 41, 40, 42, 106, 234, 250, 248, 249, 185, 189, 157, 141, 137, 136, 138, 142, 174, 172, 236, 204, 76, 78, 94], f=90, g=29
[00:00:30:05:008] Expansion 24600000: state [255, 223, 207, 203, 75, 73, 105, 41, 40, 42, 106, 122, 250, 186, 184, 188, 189, 173, 175, 174, 142, 140, 204, 76, 78], f=90, g=24
[00:00:30:12:248] Expansion 24700000: state [255, 223, 207, 203, 75, 73, 105, 41, 40, 42, 106, 122, 250, 248, 249, 185, 153, 137, 141, 140, 172, 188, 60, 124, 92, 220], f=90, g=25
[00:00:30:19:295] Expansion 24800000: state [255, 223, 207, 203, 75, 73, 105, 41, 169, 137, 153, 157, 156, 140, 142, 174, 170, 186, 250, 218, 216], f=90, g=20
[00:00:30:26:441] Expansion 24900000: state [255, 223, 207, 203, 75, 73, 105, 41, 169, 168, 136, 140, 142, 174, 190, 186, 187, 155, 153, 217, 216, 248, 252, 124, 108], f=90, g=24
[00:00:30:33:697] Expansion 25000000: state [255, 223, 207, 203, 75, 73, 105, 41, 169, 185, 153, 157, 141, 140, 12, 44, 108, 124, 120, 248, 250, 234, 170, 174], f=90, g=23
[00:00:30:40:779] Expansion 25100000: state [255, 223, 207, 203, 75, 73, 105, 41, 169, 185, 249, 248, 250, 186, 190, 174, 142, 138, 136, 200, 204, 236, 108, 124, 92, 93], f=90, g=25
[00:00:30:47:936] Expansion 25200000: state [255, 223, 207, 203, 75, 73, 105, 41, 169, 173, 141, 157, 153, 217, 216, 200, 136, 138, 170, 186, 190, 188, 60, 124, 92, 93], f=90, g=25
[00:00:30:55:225] Expansion 25300000: state [255, 223, 207, 203, 75, 73, 105, 41, 169, 173, 189, 157, 153, 217, 216, 220, 252, 124, 120, 122, 250, 234, 170, 174, 142, 140, 12, 44], f=90, g=27
[00:00:31:02:546] Expansion 25400000: state [255, 223, 207, 203, 75, 73, 105, 41, 169, 171, 170, 42, 106, 122, 120, 248, 252, 188, 60, 44, 12, 140, 204, 200], f=90, g=23
[00:00:31:09:796] Expansion 25500000: state [255, 223, 207, 203, 75, 73, 105, 41, 169, 171, 187, 186, 184, 248, 216, 220, 204, 140, 12, 44, 108, 124], f=90, g=21
[00:00:31:17:086] Expansion 25600000: state [255, 223, 207, 203, 75, 73, 105, 41, 57, 185, 153, 137, 136, 138, 170, 42, 106, 122, 250, 248, 252, 220, 92, 94, 78], f=90, g=24
[00:00:31:23:966] Expansion 25700000: state [255, 223, 207, 203, 75, 73, 105, 41, 57, 185, 153, 217, 216, 220, 92, 124, 60, 188, 190, 158, 142, 140, 141, 173, 175, 171, 170, 42, 106, 122], f=90, g=29
[00:00:31:31:061] Expansion 25800000: state [255, 223, 207, 203, 75, 73, 105, 41, 57, 185, 153, 157, 156, 188, 190, 174, 170, 168, 136, 200, 204, 76, 92, 124, 120, 122, 106], f=90, g=26
[00:00:31:38:149] Expansion 25900000: state [255, 223, 207, 203, 75, 73, 105, 41, 57, 185, 249, 217, 216, 200, 136, 138, 170, 234, 106, 122, 120, 124, 252, 188, 156, 157], f=90, g=25
[00:00:31:45:224] Expansion 26000000: state [255, 223, 207, 203, 75, 73, 105, 41, 57, 185, 249, 248, 232, 234, 170, 186, 190, 158, 156, 140, 172, 44, 108, 76, 78], f=90, g=24
[00:00:31:52:203] Expansion 26100000: state [255, 223, 207, 203, 75, 73, 105, 41, 57, 185, 189, 173, 172, 236, 108, 124, 120, 122, 106, 234, 170, 186, 190, 158, 142], f=90, g=24
[00:00:31:59:290] Expansion 26200000: state [255, 223, 207, 203, 75, 73, 105, 41, 57, 185, 187, 171, 170, 168, 172, 188, 252, 124, 120, 122, 250, 218], f=90, g=21
[00:00:32:06:371] Expansion 26300000: state [255, 223, 207, 203, 75, 73, 105, 41, 57, 185, 187, 186, 190, 158, 142, 138, 136, 137, 141, 173, 172, 236, 232, 248, 216, 220, 92, 93], f=90, g=27
[00:00:32:13:658] Expansion 26400000: state [255, 223, 207, 203, 75, 73, 105, 41, 45, 44, 12, 76, 204, 236, 252, 188, 156, 158, 142, 138, 170, 234, 250, 218, 216, 217, 153, 155, 187], f=90, g=28
[00:00:32:20:978] Expansion 26500000: state [255, 223, 207, 203, 75, 73, 105, 41, 45, 44, 172, 236, 252, 248, 184, 185, 187, 171, 170, 234, 106, 122], f=90, g=21
[00:00:32:28:309] Expansion 26600000: state [255, 223, 207, 203, 75, 73, 105, 41, 45, 44, 108, 76, 92, 220, 252, 188, 190, 186, 187, 185, 153], f=90, g=20
[00:00:32:35:396] Expansion 26700000: state [255, 223, 207, 203, 75, 73, 105, 41, 45, 44, 108, 124, 120, 248, 232, 168, 170, 186, 187, 155, 153, 137, 141, 140, 156, 158], f=90, g=25
[00:00:32:42:520] Expansion 26800000: state [255, 223, 207, 203, 75, 73, 105, 41, 45, 44, 60, 188, 190, 174, 175, 171, 187, 155, 153, 137, 136, 168, 232, 236, 204, 76, 92], f=90, g=26
[00:00:32:49:898] Expansion 26900000: state [255, 223, 207, 203, 75, 73, 105, 41, 45, 44, 60, 124, 252, 236, 232, 200, 136, 140, 142, 158, 190, 186, 250, 122, 106], f=90, g=24
[00:00:32:57:209] Expansion 27000000: state [255, 223, 207, 203, 75, 73, 105, 41, 45, 173, 141, 140, 204, 220, 252, 248, 232, 168, 170, 138], f=90, g=19
[00:00:33:04:171] Expansion 27100000: state [255, 223, 207, 203, 75, 73, 105, 41, 45, 173, 172, 168, 170, 171, 187, 185, 153, 157, 156, 220, 92, 124, 120, 248], f=90, g=23
[00:00:33:11:426] Expansion 27200000: state [255, 223, 207, 203, 75, 73, 105, 41, 45, 173, 237, 236, 204, 200, 216, 248, 184, 188, 60, 124, 92, 94], f=90, g=21
[00:00:33:18:290] Expansion 27300000: state [255, 223, 207, 203, 75, 73, 105, 41, 45, 173, 189, 185, 153, 137, 136, 140, 204, 76, 92, 124, 252, 248, 232, 234, 106, 122], f=90, g=25
[00:00:33:25:236] Expansion 27400000: state [255, 223, 207, 203, 75, 73, 105, 41, 45, 173, 189, 188, 190, 174, 170, 234, 232, 248, 120, 124, 92, 76, 204, 140, 136, 137, 153, 217], f=90, g=27
[00:00:33:32:233] Expansion 27500000: state [255, 223, 207, 203, 75, 73, 105, 41, 45, 173, 175, 174, 142, 138, 136, 137, 153, 155, 187, 186, 250, 122, 120, 124, 108, 76, 78], f=90, g=26
[00:00:33:39:603] Expansion 27600000: state [255, 223, 207, 203, 75, 73, 105, 41, 43, 42, 170, 138, 136, 137, 153, 217, 216, 220, 92, 76, 108, 236], f=90, g=21
[00:00:33:46:931] Expansion 27700000: state [255, 223, 207, 203, 75, 73, 105, 41, 43, 42, 170, 234, 250, 122, 120, 124, 60, 44, 172, 173, 189, 185, 153, 137, 136, 200], f=90, g=25
[00:00:33:54:225] Expansion 27800000: state [255, 223, 207, 203, 75, 73, 105, 41, 43, 42, 170, 186, 190, 158, 156, 220, 252, 236, 108, 44], f=90, g=19
[00:00:34:09:526] Expansion 27900000: state [255, 223, 207, 203, 75, 73, 105, 41, 43, 42, 170, 174, 190, 188, 189, 157, 141, 140, 204, 236, 108, 124, 120, 248, 250], f=90, g=24
[00:00:34:16:478] Expansion 28000000: state [255, 223, 207, 203, 75, 73, 105, 41, 43, 42, 106, 234, 232, 236, 172, 188, 189, 157, 153, 137], f=90, g=19
[00:00:34:23:387] Expansion 28100000: state [255, 223, 207, 203, 75, 73, 105, 41, 43, 42, 106, 234, 250, 248, 120, 124, 60, 188, 156, 157, 141, 137, 136, 200, 204, 76, 78, 94], f=90, g=27
[00:00:34:30:570] Expansion 28200000: state [255, 223, 207, 203, 75, 73, 105, 41, 43, 42, 106, 122, 120, 124, 60, 44, 172, 236, 204, 220, 216, 217, 249, 185, 189, 157, 141, 137, 136, 138, 142], f=90, g=30
[00:00:34:37:871] Expansion 28300000: state [255, 223, 207, 203, 75, 73, 105, 41, 43, 42, 106, 122, 250, 186, 190, 188, 60, 44, 108, 236, 204, 220, 216, 217, 249, 185], f=90, g=25
[00:00:34:44:839] Expansion 28400000: state [255, 223, 207, 203, 75, 73, 105, 41, 43, 42, 106, 122, 250, 248, 232, 236, 108, 44, 12, 140, 136, 137, 153, 157, 189, 188, 190, 174, 175], f=90, g=28
[00:00:34:51:836] Expansion 28500000: state [255, 223, 207, 203, 75, 73, 105, 41, 43, 171, 170, 168, 232, 236, 237, 173, 189, 157, 156, 140, 12, 76, 92, 124, 120, 122, 250, 218, 216], f=90, g=28
[00:00:34:58:905] Expansion 28600000: state [255, 223, 207, 203, 75, 73, 105, 41, 43, 171, 170, 186, 184, 188, 189, 157, 141, 137, 136, 200, 204, 236, 108, 44, 12], f=90, g=24
[00:00:35:06:271] Expansion 28700000: state [255, 223, 207, 203, 75, 73, 105, 41, 43, 171, 170, 174, 190, 158, 156, 157, 141, 173, 237, 236, 232, 200, 136], f=90, g=22
[00:00:35:13:436] Expansion 28800000: state [255, 223, 207, 203, 75, 73, 105, 41, 43, 171, 187, 185, 153, 137, 141, 140, 12, 76, 108, 124, 252], f=90, g=20
[00:00:35:20:509] Expansion 28900000: state [255, 223, 207, 203, 75, 73, 105, 41, 43, 171, 187, 186, 184, 248, 232, 200, 204, 76, 12, 44, 172, 173, 189, 157, 156, 158], f=90, g=25
[00:00:35:27:563] Expansion 29000000: state [255, 223, 207, 203, 75, 73, 105, 41, 43, 171, 175, 173, 141, 137, 136, 138, 142, 158, 190, 188, 60, 44, 12, 76, 204, 236, 232, 234, 250], f=90, g=28
[00:00:35:34:517] Expansion 29100000: state [255, 223, 207, 203, 75, 73, 105, 41, 43, 171, 175, 173, 189, 188, 156, 140, 12, 44, 108, 124, 120, 122, 250, 234, 232, 200, 216, 217], f=90, g=27
[00:00:35:41:587] Expansion 29200000: state [255, 223, 207, 203, 75, 73, 105, 41, 43, 171, 175, 174, 190, 188, 60, 44, 12, 140, 204, 200, 232, 248, 250, 218], f=90, g=23
[00:00:35:48:944] Expansion 29300000: state [255, 223, 207, 203, 75, 73, 105, 104, 40, 168, 169, 137, 153, 157, 189, 188, 190, 158, 142, 140, 204, 220, 216, 248], f=90, g=23
[00:00:35:56:413] Expansion 29400000: state [255, 223, 207, 203, 75, 73, 105, 104, 40, 44, 12, 76, 204, 220, 252, 248, 250, 234, 170, 174, 175, 173, 189, 185, 153], f=90, g=24
[00:00:36:03:866] Expansion 29500000: state [255, 223, 207, 203, 75, 73, 105, 104, 40, 44, 60, 188, 252, 220, 216, 217, 153, 137, 136, 140, 142, 174, 175, 171], f=90, g=23
[00:00:36:11:384] Expansion 29600000: state [255, 223, 207, 203, 75, 73, 105, 104, 40, 44, 60, 124, 252, 248, 250, 186, 187, 171, 169, 137, 141, 157, 156], f=90, g=22
[00:00:36:18:774] Expansion 29700000: state [255, 223, 207, 203, 75, 73, 105, 104, 40, 42, 170, 138, 136, 140, 141, 173, 189, 188, 184, 248, 216, 217, 153, 155, 187], f=90, g=24
[00:00:36:26:155] Expansion 29800000: state [255, 223, 207, 203, 75, 73, 105, 104, 40, 42, 170, 171, 169, 173, 237, 236, 204, 220, 156, 157, 153, 217, 249, 248, 250, 122], f=90, g=25
[00:00:36:33:327] Expansion 29900000: state [255, 223, 207, 203, 75, 73, 105, 104, 40, 42, 43, 171, 175, 174, 142, 140, 204, 76, 92, 124, 60, 188, 189, 157, 153, 155], f=90, g=25
[00:00:36:40:325] Expansion 30000000: state [255, 223, 207, 203, 75, 73, 105, 104, 232, 200, 216, 220, 92, 124, 60, 44, 45, 173, 141, 157, 153, 185, 187, 186, 170, 138, 142, 158], f=90, g=27
[00:00:36:47:593] Expansion 30100000: state [255, 223, 207, 203, 75, 73, 105, 104, 232, 248, 216, 220, 204, 76, 12, 44, 60, 188, 189, 185, 169, 137, 136, 138, 170, 174], f=90, g=25
[00:00:36:54:783] Expansion 30200000: state [255, 223, 207, 203, 75, 73, 105, 104, 232, 236, 204, 76, 12, 44, 60, 188, 190, 174, 175, 173, 169, 185, 153], f=90, g=22
[00:00:37:02:121] Expansion 30300000: state [255, 223, 207, 203, 75, 73, 105, 104, 232, 234, 170, 186, 190, 188, 189, 173, 169, 137, 153, 217, 216, 220, 92, 76, 12, 44], f=90, g=25
[00:00:37:09:339] Expansion 30400000: state [255, 223, 207, 203, 75, 73, 105, 104, 120, 248, 184, 185, 153, 157, 156, 220, 92, 76, 12, 44, 45, 173, 175, 174, 142], f=90, g=24
[00:00:37:16:580] Expansion 30500000: state [255, 223, 207, 203, 75, 73, 105, 104, 120, 248, 250, 186, 170, 174, 175, 173, 169, 137, 136, 140, 12, 76, 92], f=90, g=22
[00:00:37:23:682] Expansion 30600000: state [255, 223, 207, 203, 75, 73, 105, 104, 120, 124, 60, 44, 172, 168, 170, 138, 142, 158, 156, 220, 216, 217, 153, 185], f=90, g=23
[00:00:37:31:204] Expansion 30700000: state [255, 223, 207, 203, 75, 73, 105, 104, 120, 124, 92, 76, 204, 200, 136, 138, 170, 174, 190, 158, 156, 157, 153, 185, 169, 173, 45, 44], f=90, g=27
[00:00:37:38:730] Expansion 30800000: state [255, 223, 207, 203, 75, 73, 105, 104, 120, 124, 252, 220, 204, 76, 12, 44, 45, 173, 175, 174, 190, 186, 187, 155, 153, 137], f=90, g=25
[00:00:37:46:183] Expansion 30900000: state [255, 223, 207, 203, 75, 73, 105, 104, 120, 122, 250, 186, 190, 174, 175, 173, 169, 168, 136, 200, 204, 220], f=90, g=21
[00:00:37:53:543] Expansion 31000000: state [255, 223, 207, 203, 75, 73, 105, 104, 120, 122, 250, 234, 170, 138, 136, 137, 141, 173, 45, 44, 12, 76, 92, 220, 216], f=90, g=24
[00:00:38:01:063] Expansion 31100000: state [255, 223, 207, 203, 75, 73, 105, 104, 108, 44, 172, 174, 170, 186, 250, 248, 216, 200, 136, 137, 153, 157, 156, 158], f=90, g=23
[00:00:38:08:538] Expansion 31200000: state [255, 223, 207, 203, 75, 73, 105, 104, 108, 44, 45, 173, 175, 171, 170, 168], f=90, g=15
[00:00:38:16:166] Expansion 31300000: state [255, 223, 207, 203, 75, 73, 105, 104, 108, 76, 204, 220, 156, 157, 141, 137, 136, 168, 184, 186, 187], f=90, g=20
[00:00:38:27:722] Expansion 31400000: state [255, 223, 207, 203, 75, 73, 105, 104, 108, 236, 204, 140, 136, 137, 169, 171, 170, 186, 190, 188, 60], f=90, g=20
[00:00:38:34:791] Expansion 31500000: state [255, 223, 207, 203, 75, 73, 105, 104, 108, 236, 237, 173, 189, 185, 249, 217, 216, 220, 156, 140, 136, 138, 170], f=90, g=22
[00:00:38:42:309] Expansion 31600000: state [255, 223, 207, 203, 75, 73, 105, 104, 108, 124, 92, 220, 216, 217, 153, 155, 187, 171, 175, 173, 141, 140, 136, 168, 184, 188], f=90, g=25
[00:00:38:49:487] Expansion 31700000: state [255, 223, 207, 203, 75, 73, 105, 104, 106, 42, 170, 168, 136, 200, 204, 76, 92, 124, 60, 188, 189, 185, 57], f=90, g=22
[00:00:38:56:581] Expansion 31800000: state [255, 223, 207, 203, 75, 73, 105, 104, 106, 42, 170, 174, 172, 236, 204, 200, 216, 248, 184, 185, 153, 137], f=90, g=21
[00:00:39:03:538] Expansion 31900000: state [255, 223, 207, 203, 75, 73, 105, 104, 106, 42, 43, 171, 169, 185, 249, 217, 216, 220, 156, 140, 12, 44, 60], f=90, g=22
[00:00:39:10:482] Expansion 32000000: state [255, 223, 207, 203, 75, 73, 105, 104, 106, 42, 43, 171, 175, 173, 141, 137, 136, 138, 142, 158, 190, 186, 250, 248, 252, 220, 92, 76, 12, 44], f=90, g=29
[00:00:39:17:548] Expansion 32100000: state [255, 223, 207, 203, 75, 73, 105, 104, 106, 234, 170, 186, 184, 188, 60, 124, 92, 220, 204], f=90, g=18
[00:00:39:24:571] Expansion 32200000: state [255, 223, 207, 203, 75, 73, 105, 104, 106, 234, 170, 171, 187, 155, 153, 157, 189, 188, 172, 236, 204, 76, 92, 124], f=90, g=23
[00:00:39:31:767] Expansion 32300000: state [255, 223, 207, 203, 75, 73, 105, 104, 106, 234, 250, 186, 187, 185, 169, 173, 175, 174, 142, 138, 136, 200, 216, 220, 156, 188], f=90, g=25
[00:00:39:38:753] Expansion 32400000: state [255, 223, 207, 203, 75, 73, 105, 104, 106, 234, 250, 248, 252, 188, 189, 173, 175, 174, 142, 140, 12, 76], f=90, g=21
[00:00:39:46:008] Expansion 32500000: state [255, 223, 207, 203, 75, 73, 105, 104, 106, 122, 250, 186, 190, 174, 142, 140, 141, 157, 153, 217, 216, 220, 252, 124, 60, 44, 45], f=90, g=26
[00:00:39:53:318] Expansion 32600000: state [255, 223, 207, 203, 75, 73, 105, 104, 106, 122, 250, 218, 216, 220, 252, 188, 60, 44, 12, 140, 142, 138, 170, 171, 169, 185, 153], f=90, g=26
[00:00:40:00:513] Expansion 32700000: state [255, 223, 207, 203, 75, 73, 105, 104, 106, 122, 250, 248, 216, 217, 153, 137, 141, 173, 237, 236, 204, 76, 12, 44, 60, 188, 156, 158, 142, 138, 170], f=90, g=30
[00:00:40:07:645] Expansion 32800000: state [255, 223, 207, 203, 75, 73, 105, 233, 169, 137, 136, 140, 204, 220, 252, 124, 60, 44, 40, 42, 170, 174], f=90, g=21
[00:00:40:14:628] Expansion 32900000: state [255, 223, 207, 203, 75, 73, 105, 233, 169, 137, 153, 155, 187, 186, 250, 248, 216, 220, 156, 188, 60, 124, 108, 76], f=90, g=23
[00:00:40:21:740] Expansion 33000000: state [255, 223, 207, 203, 75, 73, 105, 233, 169, 168, 170, 138, 142, 158, 190, 188, 60, 124, 92, 220, 216, 217, 153], f=90, g=22
[00:00:40:28:760] Expansion 33100000: state [255, 223, 207, 203, 75, 73, 105, 233, 169, 185, 184, 188, 172, 236, 108, 76, 92, 220, 216, 218, 250, 234, 170, 42], f=90, g=23
[00:00:40:35:815] Expansion 33200000: state [255, 223, 207, 203, 75, 73, 105, 233, 169, 173, 45, 44, 40, 42, 170, 186, 190, 188, 156, 220, 92, 94], f=90, g=21
[00:00:40:43:024] Expansion 33300000: state [255, 223, 207, 203, 75, 73, 105, 233, 169, 173, 172, 188, 252, 248, 250, 234, 170, 42, 40], f=90, g=18
[00:00:40:50:181] Expansion 33400000: state [255, 223, 207, 203, 75, 73, 105, 233, 169, 171, 43, 42, 40, 44, 12, 140, 141, 157, 153, 217, 216, 218, 250, 122, 120, 124, 252], f=90, g=26
[00:00:40:57:346] Expansion 33500000: state [255, 223, 207, 203, 75, 73, 105, 233, 169, 171, 170, 174, 190, 188, 189, 157, 141, 140, 204, 76, 108, 44, 45], f=90, g=22
[00:00:41:04:286] Expansion 33600000: state [255, 223, 207, 203, 75, 73, 105, 233, 232, 168, 40, 42, 106, 122, 120, 124, 60, 188, 190, 186, 187, 185, 153, 157, 141, 140], f=90, g=25
[00:00:41:11:447] Expansion 33700000: state [255, 223, 207, 203, 75, 73, 105, 233, 232, 168, 172, 44, 108, 76, 92, 220, 156, 157, 141], f=90, g=18
[00:00:41:18:700] Expansion 33800000: state [255, 223, 207, 203, 75, 73, 105, 233, 232, 200, 136, 137, 153, 185, 187, 171, 170, 174, 142, 158, 156, 188, 252, 124, 108, 76], f=90, g=25
[00:00:41:25:965] Expansion 33900000: state [255, 223, 207, 203, 75, 73, 105, 233, 232, 200, 216, 218, 250, 122, 120, 124, 108, 44, 40, 42, 43, 171, 175, 174, 190, 158, 156, 140], f=90, g=27
[00:00:41:33:115] Expansion 34000000: state [255, 223, 207, 203, 75, 73, 105, 233, 232, 200, 204, 140, 141, 173, 189, 185, 187, 186, 250, 122, 120, 124, 252], f=90, g=22
[00:00:41:40:487] Expansion 34100000: state [255, 223, 207, 203, 75, 73, 105, 233, 232, 248, 184, 185, 153, 137, 136, 138, 142, 158, 156, 220, 92, 124, 108, 44, 12], f=90, g=24
[00:00:41:47:757] Expansion 34200000: state [255, 223, 207, 203, 75, 73, 105, 233, 232, 248, 252, 220, 204, 140, 136, 137, 153, 185, 189, 173, 175, 174, 170, 42, 43], f=90, g=24
[00:00:41:55:063] Expansion 34300000: state [255, 223, 207, 203, 75, 73, 105, 233, 232, 236, 108, 124, 120, 122, 106, 42, 170, 171, 187, 155, 153, 137, 136, 140, 156, 220], f=90, g=25
[00:00:42:02:339] Expansion 34400000: state [255, 223, 207, 203, 75, 73, 105, 233, 232, 236, 252, 188, 60, 44, 40, 42, 106, 122, 250, 186, 187, 185, 153, 157, 141, 140, 142, 158], f=90, g=27
[00:00:42:18:052] Expansion 34500000: state [255, 223, 207, 203, 75, 73, 105, 233, 232, 234, 106, 122, 120, 124, 108, 76, 204, 220, 156, 157, 153, 185, 187, 171, 175, 174, 142, 138, 136], f=90, g=28
[00:00:42:25:187] Expansion 34600000: state [255, 223, 207, 203, 75, 73, 105, 233, 232, 234, 250, 186, 187, 155, 153, 137, 136, 138, 142, 158, 156, 220, 204, 76, 12, 44, 172, 173], f=90, g=27
[00:00:42:31:978] Expansion 34700000: state [255, 223, 207, 203, 75, 73, 105, 233, 249, 185, 153, 137, 141, 140, 142, 158, 190, 188, 60, 44, 108, 76, 92, 94], f=90, g=23
[00:00:42:39:066] Expansion 34800000: state [255, 223, 207, 203, 75, 73, 105, 233, 249, 185, 184, 168, 170, 174, 175, 173, 141, 140, 204, 200, 216, 218, 250, 122, 120, 124, 92, 94, 78], f=90, g=28
[00:00:42:46:014] Expansion 34900000: state [255, 223, 207, 203, 75, 73, 105, 233, 249, 185, 189, 173, 45, 44, 12, 140, 204, 220, 216, 218, 250], f=90, g=20
[00:00:42:52:758] Expansion 35000000: state [255, 223, 207, 203, 75, 73, 105, 233, 249, 185, 187, 171, 170, 138, 136, 140, 12, 44, 60, 124], f=90, g=19
[00:00:42:59:901] Expansion 35100000: state [255, 223, 207, 203, 75, 73, 105, 233, 249, 217, 153, 137, 136, 168, 172, 188, 190, 186, 187, 171, 43, 42, 106, 234], f=90, g=23
[00:00:43:07:030] Expansion 35200000: state [255, 223, 207, 203, 75, 73, 105, 233, 249, 217, 153, 157, 156, 140, 12, 44, 60, 124, 120, 122, 250, 234], f=90, g=21
[00:00:43:14:089] Expansion 35300000: state [255, 223, 207, 203, 75, 73, 105, 233, 249, 217, 153, 155, 187, 186, 170, 168, 136, 140, 204, 220, 92, 124, 60, 188], f=90, g=23
[00:00:43:21:084] Expansion 35400000: state [255, 223, 207, 203, 75, 73, 105, 233, 249, 217, 216, 220, 92, 76, 108, 44, 172, 188, 190, 158, 142, 138, 170, 234, 250, 122, 120], f=90, g=26
[00:00:43:28:128] Expansion 35500000: state [255, 223, 207, 203, 75, 73, 105, 233, 249, 217, 216, 218, 250, 186, 184, 188, 252, 124, 92, 94, 78], f=90, g=20
[00:00:43:35:338] Expansion 35600000: state [255, 223, 207, 203, 75, 73, 105, 233, 249, 248, 120, 122, 106, 42, 43, 171, 175, 174, 190, 188, 189, 157, 141, 137, 136, 200], f=90, g=25
