--------------------------
date: cubes
number_of_graphs: 1
graph_type: cube
size_of_graphs: [8, 8]
heuristic: heuristic0
snake: True
run_uni: True
run_bi: False
run_multi: False
cube_first_dims: 8
cube_buffer_dim: 3
backward_sym_generation: False

---------- cubes/8d_cube ----------
[00:00:00:06:835] Expansion 100000: state [255, 223, 207, 203, 75, 73, 72, 200, 136, 168, 184, 185, 249, 233, 237, 236, 108, 110, 106, 42, 58, 26, 90, 94], f=91, g=23
[00:00:00:13:885] Expansion 200000: state [255, 223, 207, 203, 75, 73, 72, 200, 136, 168, 172, 236, 237, 233, 249, 248, 120, 56, 60, 28, 156, 158, 154, 218, 90, 94, 78, 110, 106], f=91, g=28
[00:00:00:20:851] Expansion 300000: state [255, 223, 207, 203, 75, 73, 72, 200, 136, 168, 172, 174, 238, 110, 108, 124, 252, 220, 156, 158, 154, 218, 250, 122, 58, 56, 24, 25, 153, 185, 189], f=91, g=30
[00:00:00:27:649] Expansion 400000: state [255, 223, 207, 203, 75, 73, 72, 200, 136, 168, 170, 42, 106, 110, 238, 236, 252, 124, 92, 94, 90, 218, 154, 158, 156, 157, 153, 185, 249, 233], f=91, g=29
[00:00:00:34:728] Expansion 500000: state [255, 223, 207, 203, 75, 73, 72, 200, 136, 168, 170, 186, 58, 56, 60, 28, 156, 220, 252, 236, 108, 110, 106], f=91, g=22
[00:00:00:41:653] Expansion 600000: state [255, 223, 207, 203, 75, 73, 72, 200, 136, 168, 170, 174, 238, 236, 237, 233, 249, 248, 120, 124, 60, 188, 156, 157, 153, 155, 154, 218, 90, 94], f=91, g=29
[00:00:00:48:781] Expansion 700000: state [255, 223, 207, 203, 75, 73, 72, 200, 136, 152, 24, 28, 92, 94, 78, 110, 106, 234, 250, 248, 252, 188, 190, 158], f=91, g=23
[00:00:00:55:752] Expansion 800000: state [255, 223, 207, 203, 75, 73, 72, 200, 136, 152, 156, 220, 92, 94, 78, 110, 238, 174, 170, 171, 187, 185, 249, 248, 250, 122, 58, 56, 60], f=91, g=28
[00:00:01:02:680] Expansion 900000: state [255, 223, 207, 203, 75, 73, 72, 200, 136, 152, 154, 218, 90, 122, 106, 234, 170, 174, 190, 188, 252, 220, 92, 28], f=91, g=23
[00:00:01:09:877] Expansion 1000000: state [255, 223, 207, 203, 75, 73, 72, 200, 136, 152, 153, 185, 189, 188, 172, 236, 238, 110, 106, 42, 10, 26, 90, 94, 92, 124, 120], f=91, g=26
[00:00:01:16:872] Expansion 1100000: state [255, 223, 207, 203, 75, 73, 72, 200, 136, 140, 12, 28, 24, 26, 154, 158, 190, 174, 175, 171, 187, 185, 249, 248, 250, 234, 106, 110, 108], f=91, g=28
[00:00:01:23:946] Expansion 1200000: state [255, 223, 207, 203, 75, 73, 72, 200, 136, 140, 12, 28, 92, 94, 78, 110, 108, 236, 252, 188, 190, 158, 154, 218, 250, 122, 120, 121, 249, 185, 187, 171, 170], f=91, g=32
[00:00:01:31:176] Expansion 1300000: state [255, 223, 207, 203, 75, 73, 72, 200, 136, 140, 172, 236, 108, 124, 120, 121, 249, 185, 187, 155, 154, 26, 58, 42, 106, 234], f=91, g=25
[00:00:01:38:504] Expansion 1400000: state [255, 223, 207, 203, 75, 73, 72, 200, 136, 140, 172, 188, 252, 248, 250, 122], f=91, g=15
[00:00:01:45:682] Expansion 1500000: state [255, 223, 207, 203, 75, 73, 72, 200, 136, 140, 172, 174, 175, 171, 187, 186, 154, 26, 90, 94, 92, 28, 60, 56, 120, 248, 249, 233, 237], f=91, g=28
[00:00:01:53:040] Expansion 1600000: state [255, 223, 207, 203, 75, 73, 72, 200, 136, 140, 156, 220, 92, 124, 108, 110, 238, 234, 250, 122, 58, 26, 154, 155, 153, 185, 249], f=91, g=26
[00:00:02:00:096] Expansion 1700000: state [255, 223, 207, 203, 75, 73, 72, 200, 136, 140, 156, 188, 252, 124, 108, 110, 238, 234, 250, 122, 58, 26, 24, 25, 153, 185, 187], f=91, g=26
[00:00:02:07:099] Expansion 1800000: state [255, 223, 207, 203, 75, 73, 72, 200, 136, 140, 156, 158, 190, 174, 238, 236, 252, 124, 60, 56, 24, 25, 153, 155], f=91, g=23
[00:00:02:14:473] Expansion 1900000: state [255, 223, 207, 203, 75, 73, 72, 200, 136, 140, 156, 157, 189, 185, 187, 171, 175, 174, 238, 236, 252, 124, 120, 121], f=91, g=23
[00:00:02:21:215] Expansion 2000000: state [255, 223, 207, 203, 75, 73, 72, 200, 136, 140, 142, 174, 238, 110, 108, 124, 60, 28, 24, 26, 90, 218, 250, 186, 184, 185, 249], f=91, g=26
[00:00:02:28:026] Expansion 2100000: state [255, 223, 207, 203, 75, 73, 72, 200, 136, 140, 142, 174, 175, 171, 187, 186, 154, 26, 24, 28, 92, 220, 252, 188], f=91, g=23
[00:00:02:35:329] Expansion 2200000: state [255, 223, 207, 203, 75, 73, 72, 200, 136, 140, 142, 158, 190, 186, 184, 56, 24, 28, 92, 220, 252, 236, 108, 110, 106, 122], f=91, g=25
[00:00:02:42:396] Expansion 2300000: state [255, 223, 207, 203, 75, 73, 72, 200, 136, 140, 141, 157, 153, 185, 184, 188, 60, 28, 24, 26, 154, 218, 250, 234, 106, 110, 108, 236, 237], f=91, g=28
[00:00:02:49:589] Expansion 2400000: state [255, 223, 207, 203, 75, 73, 72, 200, 136, 140, 141, 157, 153, 155, 154, 218, 250, 248, 184, 188, 190, 174, 170, 42, 106, 110, 78, 94, 92, 28], f=91, g=29
[00:00:02:56:697] Expansion 2500000: state [255, 223, 207, 203, 75, 73, 72, 200, 136, 140, 141, 157, 189, 185, 187, 155, 154, 218, 90, 122, 106, 110, 108, 236, 252], f=91, g=24
[00:00:03:03:704] Expansion 2600000: state [255, 223, 207, 203, 75, 73, 72, 200, 136, 138, 10, 42, 106, 122, 90, 94, 92, 124, 252, 248, 184, 185, 153, 157, 156, 158, 190, 174, 175], f=91, g=28
[00:00:03:10:524] Expansion 2700000: state [255, 223, 207, 203, 75, 73, 72, 200, 136, 138, 10, 26, 24, 56, 184, 186, 190], f=91, g=16
[00:00:03:18:033] Expansion 2800000: state [255, 223, 207, 203, 75, 73, 72, 200, 136, 138, 10, 26, 90, 94, 92, 124, 60, 188, 172, 174, 238, 234, 250, 186, 187, 185, 249, 121], f=91, g=27
[00:00:03:24:927] Expansion 2900000: state [255, 223, 207, 203, 75, 73, 72, 200, 136, 138, 170, 234, 250, 248, 249, 233, 237, 236, 108, 124, 92, 28, 24, 25, 153, 157, 141], f=91, g=26
[00:00:03:31:986] Expansion 3000000: state [255, 223, 207, 203, 75, 73, 72, 200, 136, 138, 170, 174, 190, 158, 156, 157, 189, 185, 249, 233, 237, 236, 108, 124, 120, 122, 90, 26, 24], f=91, g=28
[00:00:03:39:357] Expansion 3100000: state [255, 223, 207, 203, 75, 73, 72, 200, 136, 138, 154, 218, 90, 122, 58, 56, 60, 124, 92, 220, 156, 157, 153, 185, 249, 233, 237, 236, 238, 110], f=91, g=29
[00:00:03:46:591] Expansion 3200000: state [255, 223, 207, 203, 75, 73, 72, 200, 136, 138, 154, 186, 187, 185, 189, 157, 156, 28, 60, 124, 120, 122, 90, 94, 78, 110, 238, 234], f=91, g=27
[00:00:03:54:450] Expansion 3300000: state [255, 223, 207, 203, 75, 73, 72, 200, 136, 138, 154, 155, 187, 185, 189, 188, 172, 236, 108, 124, 120, 56, 24, 28, 12], f=91, g=24
[00:00:04:01:287] Expansion 3400000: state [255, 223, 207, 203, 75, 73, 72, 200, 136, 138, 142, 174, 238, 236, 237, 233, 249, 248, 120, 124, 60, 188, 189, 157, 141], f=91, g=24
[00:00:04:08:163] Expansion 3500000: state [255, 223, 207, 203, 75, 73, 72, 200, 136, 138, 142, 158, 156, 188, 184, 186, 250, 122, 90, 26], f=91, g=19
[00:00:04:15:269] Expansion 3600000: state [255, 223, 207, 203, 75, 73, 72, 200, 136, 137, 153, 25, 24, 28, 156, 188, 252, 248, 250, 186, 187, 171, 175, 174, 238, 110, 78, 94], f=91, g=27
[00:00:04:22:372] Expansion 3700000: state [255, 223, 207, 203, 75, 73, 72, 200, 136, 137, 153, 185, 184, 248, 120, 124, 108, 110, 106, 42, 170, 174, 190, 158, 156, 28, 24, 26, 90, 218], f=91, g=29
[00:00:04:29:526] Expansion 3800000: state [255, 223, 207, 203, 75, 73, 72, 200, 136, 137, 153, 185, 249, 233, 237, 236, 252, 188, 60, 56, 120, 122, 106, 234, 170, 186], f=91, g=25
[00:00:04:36:650] Expansion 3900000: state [255, 223, 207, 203, 75, 73, 72, 200, 136, 137, 153, 185, 189, 188, 252, 236, 238, 110, 78, 94, 90, 26, 58, 42, 170], f=91, g=24
[00:00:04:43:893] Expansion 4000000: state [255, 223, 207, 203, 75, 73, 72, 200, 136, 137, 153, 185, 187, 186, 190, 174, 238, 234, 106, 122, 90, 94, 92, 28], f=91, g=23
[00:00:04:51:178] Expansion 4100000: state [255, 223, 207, 203, 75, 73, 72, 200, 136, 137, 153, 157, 156, 158, 154, 26, 24, 56, 120, 121, 249, 233, 237, 236, 108], f=91, g=24
[00:00:04:59:209] Expansion 4200000: state [255, 223, 207, 203, 75, 73, 72, 200, 136, 137, 153, 155, 154, 26, 58, 42, 170, 174, 172, 188, 60, 28, 92, 94, 78, 110, 108], f=91, g=26
[00:00:05:06:183] Expansion 4300000: state [255, 223, 207, 203, 75, 73, 72, 200, 136, 137, 153, 155, 187, 171, 170, 174, 142, 158, 156, 28, 60, 56, 58, 122, 90, 94, 78, 110, 108, 236, 252, 248, 249, 121], f=91, g=33
[00:00:05:13:152] Expansion 4400000: state [255, 223, 207, 203, 75, 73, 72, 200, 136, 137, 141, 157, 156, 28, 24, 26, 10, 42, 106, 122, 250, 248, 252, 236, 172, 174, 175, 171, 187], f=91, g=28
[00:00:05:20:259] Expansion 4500000: state [255, 223, 207, 203, 75, 73, 72, 200, 136, 137, 141, 157, 156, 220, 252, 124, 60, 56, 24, 26, 154, 155, 187, 171, 175, 174, 238, 110], f=91, g=27
[00:00:05:27:208] Expansion 4600000: state [255, 223, 207, 203, 75, 73, 72, 200, 136, 137, 141, 157, 156, 158, 142, 174, 238, 236, 237, 233, 249, 185, 187, 186, 250, 218, 90, 94, 78], f=91, g=28
[00:00:05:34:171] Expansion 4700000: state [255, 223, 207, 203, 75, 73, 72, 200, 136, 137, 141, 157, 189, 185, 249, 233, 237, 236, 252, 124, 92, 94, 90, 26], f=91, g=23
[00:00:05:41:081] Expansion 4800000: state [255, 223, 207, 203, 75, 73, 72, 200, 136, 137, 141, 157, 189, 188, 172, 174, 170, 42, 106, 110, 78, 94, 90, 218, 250], f=91, g=24
[00:00:05:48:050] Expansion 4900000: state [255, 223, 207, 203, 75, 73, 72, 200, 232, 168, 184, 188, 252, 220, 92, 94, 90, 122, 106, 42, 10, 138, 154, 155, 153, 137, 141], f=91, g=26
[00:00:05:55:110] Expansion 5000000: state [255, 223, 207, 203, 75, 73, 72, 200, 232, 168, 172, 140, 142, 158, 154, 218, 250, 122, 106, 110, 78, 94, 92, 124, 60, 56, 24, 25, 153, 185, 249, 121], f=91, g=31
[00:00:06:02:123] Expansion 5100000: state [255, 223, 207, 203, 75, 73, 72, 200, 232, 168, 172, 174, 238, 110, 106, 122, 90, 218, 154, 158, 156, 220, 252, 124, 60, 56, 24], f=91, g=26
[00:00:06:08:971] Expansion 5200000: state [255, 223, 207, 203, 75, 73, 72, 200, 232, 168, 170, 138, 154, 152, 24, 28, 12, 140, 141, 157, 189, 188, 252, 124, 120, 122, 106, 110, 78], f=91, g=28
[00:00:06:16:002] Expansion 5300000: state [255, 223, 207, 203, 75, 73, 72, 200, 232, 168, 170, 174, 238, 110, 108, 124, 92, 220, 156, 188, 189, 185, 187, 155, 154, 218, 90, 122, 58, 56], f=91, g=29
[00:00:06:24:168] Expansion 5400000: state [255, 223, 207, 203, 75, 73, 72, 200, 232, 248, 120, 56, 58, 42, 10, 138, 154, 218, 90, 94, 78, 110, 238, 174, 175, 171, 187, 185, 189, 157, 141, 140], f=91, g=31
[00:00:06:31:129] Expansion 5500000: state [255, 223, 207, 203, 75, 73, 72, 200, 232, 248, 120, 124, 108, 110, 238, 174, 170, 42, 58, 26, 154, 158, 156, 140, 141, 137, 153, 185], f=91, g=27
[00:00:06:38:084] Expansion 5600000: state [255, 223, 207, 203, 75, 73, 72, 200, 232, 248, 184, 56, 58, 42, 106, 110, 108, 124, 92, 28, 12, 140, 142, 174, 175, 171, 187, 155, 153, 157], f=91, g=29
[00:00:06:45:017] Expansion 5700000: state [255, 223, 207, 203, 75, 73, 72, 200, 232, 248, 252, 124, 60, 28, 12, 140, 141, 137, 153, 152, 154, 26, 58, 122], f=91, g=23
[00:00:06:51:945] Expansion 5800000: state [255, 223, 207, 203, 75, 73, 72, 200, 232, 248, 252, 124, 108, 110, 238, 174, 170, 42, 58, 26, 24, 152, 153, 155, 187], f=91, g=24
[00:00:06:58:912] Expansion 5900000: state [255, 223, 207, 203, 75, 73, 72, 200, 232, 248, 252, 220, 92, 94, 90, 26, 24, 25, 153, 155, 187, 186, 170, 138, 142, 140, 172], f=91, g=26
[00:00:07:05:815] Expansion 6000000: state [255, 223, 207, 203, 75, 73, 72, 200, 232, 248, 250, 122, 106, 110, 78, 94, 92, 220, 156, 152, 154, 138, 142], f=91, g=22
[00:00:07:12:673] Expansion 6100000: state [255, 223, 207, 203, 75, 73, 72, 200, 232, 248, 250, 218, 154, 26, 10, 42, 106, 110, 78, 94, 92, 28, 60, 188, 190, 174, 142, 140, 141, 157, 153, 185], f=91, g=31
[00:00:07:19:978] Expansion 6200000: state [255, 223, 207, 203, 75, 73, 72, 200, 232, 248, 249, 185, 153, 155, 154, 26, 24, 28, 12, 140, 172, 174, 238, 110, 108], f=91, g=24
[00:00:07:26:987] Expansion 6300000: state [255, 223, 207, 203, 75, 73, 72, 200, 232, 236, 108, 124, 60, 28, 12, 140, 142, 174, 170, 171, 187, 185, 184, 152, 154, 26], f=91, g=25
[00:00:07:34:076] Expansion 6400000: state [255, 223, 207, 203, 75, 73, 72, 200, 232, 236, 108, 124, 120, 56, 184, 188, 156, 158, 154, 155, 153, 137], f=91, g=21
[00:00:07:40:962] Expansion 6500000: state [255, 223, 207, 203, 75, 73, 72, 200, 232, 236, 108, 110, 78, 94, 92, 28, 12, 140, 141, 157, 189, 185, 249, 121, 120, 56, 58, 186, 190, 174], f=91, g=29
[00:00:07:47:716] Expansion 6600000: state [255, 223, 207, 203, 75, 73, 72, 200, 232, 236, 108, 110, 106, 122, 90, 26, 154, 152, 156, 140], f=91, g=19
[00:00:07:54:750] Expansion 6700000: state [255, 223, 207, 203, 75, 73, 72, 200, 232, 236, 172, 140, 141, 137, 153, 155, 187, 171, 170, 138, 10, 26, 24, 56, 120, 122, 106, 110], f=91, g=27
[00:00:08:02:954] Expansion 6800000: state [255, 223, 207, 203, 75, 73, 72, 200, 232, 236, 172, 174, 170, 186, 58, 122, 120, 124, 92, 220, 156, 157, 153, 185], f=91, g=23
[00:00:08:10:111] Expansion 6900000: state [255, 223, 207, 203, 75, 73, 72, 200, 232, 236, 252, 124, 92, 94, 90, 26, 24, 152, 184, 186, 190, 158, 142, 140, 141, 157, 189], f=91, g=26
[00:00:08:17:524] Expansion 7000000: state [255, 223, 207, 203, 75, 73, 72, 200, 232, 236, 252, 188, 190, 158, 142, 138, 10, 26, 90, 122, 120, 121, 249], f=91, g=22
[00:00:08:24:529] Expansion 7100000: state [255, 223, 207, 203, 75, 73, 72, 200, 232, 236, 252, 220, 156, 140, 142, 174, 175, 171, 187, 185, 153, 137], f=91, g=21
[00:00:08:31:338] Expansion 7200000: state [255, 223, 207, 203, 75, 73, 72, 200, 232, 236, 238, 110, 106, 42, 10, 138, 154, 218, 90, 94, 92, 28, 156, 157, 153, 185, 184, 56], f=91, g=27
[00:00:08:38:101] Expansion 7300000: state [255, 223, 207, 203, 75, 73, 72, 200, 232, 236, 238, 174, 142, 138, 10, 26, 90, 122, 250, 186, 187, 155, 153, 157, 156, 28], f=91, g=25
[00:00:08:44:895] Expansion 7400000: state [255, 223, 207, 203, 75, 73, 72, 200, 232, 236, 238, 174, 190, 158, 156, 28, 60, 56, 120, 122, 250], f=91, g=20
[00:00:08:51:706] Expansion 7500000: state [255, 223, 207, 203, 75, 73, 72, 200, 232, 234, 106, 42, 58, 56, 24, 28, 156, 188, 172, 174, 175, 171, 187, 155, 153], f=91, g=24
[00:00:08:58:689] Expansion 7600000: state [255, 223, 207, 203, 75, 73, 72, 200, 232, 234, 106, 122, 120, 121, 249, 185, 153, 25, 24, 26, 154, 138, 142, 140, 156, 220], f=91, g=25
[00:00:09:05:479] Expansion 7700000: state [255, 223, 207, 203, 75, 73, 72, 200, 232, 234, 106, 110, 108, 124, 120, 56, 24, 152, 154, 186, 187, 171], f=91, g=21
[00:00:09:12:405] Expansion 7800000: state [255, 223, 207, 203, 75, 73, 72, 200, 232, 234, 170, 186, 154, 218, 90, 94, 78, 110, 108, 124, 60, 28, 24], f=91, g=22
[00:00:09:19:376] Expansion 7900000: state [255, 223, 207, 203, 75, 73, 72, 200, 232, 234, 250, 122, 58, 26, 154, 158, 142, 174, 172, 188, 252, 220, 92, 94], f=91, g=23
[00:00:09:26:535] Expansion 8000000: state [255, 223, 207, 203, 75, 73, 72, 200, 232, 234, 250, 218, 90, 26, 10, 138, 142, 158, 156, 157, 153, 185, 249, 121], f=91, g=23
[00:00:09:34:063] Expansion 8100000: state [255, 223, 207, 203, 75, 73, 72, 200, 232, 234, 238, 110, 78, 94, 92, 124, 120, 56, 24, 25, 153], f=91, g=20
[00:00:09:40:775] Expansion 8200000: state [255, 223, 207, 203, 75, 73, 72, 200, 232, 234, 238, 174, 172, 140, 12, 28, 92, 124, 120, 121, 249, 185, 153, 152, 154, 26, 10], f=91, g=26
[00:00:09:47:611] Expansion 8300000: state [255, 223, 207, 203, 75, 73, 72, 200, 232, 233, 249, 121, 120, 56, 60, 28, 12, 140, 172, 174, 238, 110, 78, 94, 90, 26, 154, 152, 153, 137], f=91, g=29
[00:00:09:54:812] Expansion 8400000: state [255, 223, 207, 203, 75, 73, 72, 200, 232, 233, 249, 121, 120, 124, 108, 110, 106, 42, 170, 174, 190, 158, 154, 26, 24, 25, 153, 157, 141, 140, 12], f=91, g=30
[00:00:10:01:869] Expansion 8500000: state [255, 223, 207, 203, 75, 73, 72, 200, 232, 233, 249, 121, 120, 122, 250, 186, 190, 188, 60, 28, 12, 140, 141, 157, 153, 25], f=91, g=25
[00:00:10:10:680] Expansion 8600000: state [255, 223, 207, 203, 75, 73, 72, 200, 232, 233, 249, 185, 153, 152, 24, 26, 10, 42, 106, 110, 108, 124, 60, 188, 190, 174, 175], f=91, g=26
