--------------------------
date: cubes
number_of_graphs: 1
graph_type: cube
size_of_graphs: [8, 8]
heuristic: heuristic0
snake: True
run_uni: True
run_bi: False
run_multi: False
cube_first_dims: 8
cube_buffer_dim: 3
backward_sym_generation: False

---------- cubes/8d_cube ----------
[00:00:00:06:654] Expansion 100000: state [255, 223, 207, 203, 75, 73, 72, 200, 136, 140, 156, 28, 24, 26, 154, 186, 170, 171, 175, 173, 237, 233, 249, 121, 120, 124, 252], f=86, g=26
[00:00:00:13:596] Expansion 200000: state [255, 223, 207, 203, 75, 73, 72, 200, 136, 140, 156, 158, 154, 26, 90, 94, 92, 124, 120, 121, 57, 25], f=86, g=21
[00:00:00:20:471] Expansion 300000: state [255, 223, 207, 203, 75, 73, 72, 200, 136, 140, 142, 158, 190, 186, 170, 171, 169, 233, 237, 236, 252, 248, 120, 121, 57, 25], f=86, g=25
[00:00:00:27:215] Expansion 400000: state [255, 223, 207, 203, 75, 73, 72, 200, 136, 140, 141, 173, 175, 171, 170, 186, 250, 122, 90, 94, 92, 28, 24, 25, 153, 217], f=86, g=25
[00:00:00:34:196] Expansion 500000: state [255, 223, 207, 203, 75, 73, 72, 200, 136, 138, 10, 26, 90, 94, 92, 28, 156, 188, 190, 186, 187, 185, 169, 173], f=86, g=23
[00:00:00:40:930] Expansion 600000: state [255, 223, 207, 203, 75, 73, 72, 200, 136, 138, 170, 171, 169, 173, 189, 157, 153, 25, 24, 26, 58, 122, 250, 218], f=86, g=23
[00:00:00:47:996] Expansion 700000: state [255, 223, 207, 203, 75, 73, 72, 200, 136, 138, 154, 155, 153, 157, 141, 173, 169, 233, 249, 248, 120, 124, 92, 220], f=86, g=23
[00:00:00:54:809] Expansion 800000: state [255, 223, 207, 203, 75, 73, 72, 200, 136, 137, 169, 185, 184, 186, 58, 26, 90, 94, 92, 124, 120], f=86, g=20
[00:00:01:01:889] Expansion 900000: state [255, 223, 207, 203, 75, 73, 72, 200, 136, 137, 153, 185, 187, 171, 170, 234, 106, 122, 58, 26, 154, 158, 190, 188, 252], f=86, g=24
[00:00:01:08:638] Expansion 1000000: state [255, 223, 207, 203, 75, 73, 72, 200, 136, 137, 141, 157, 156, 28, 92, 94, 90, 26, 154, 155, 187, 185, 57, 121, 120, 248, 250, 234, 238, 236, 237, 109], f=86, g=31
[00:00:01:15:734] Expansion 1100000: state [255, 223, 207, 203, 75, 73, 72, 200, 232, 248, 252, 124, 92, 28, 24, 152, 153, 185, 189, 173, 175, 171, 170, 138, 142, 158, 190], f=86, g=26
[00:00:01:22:586] Expansion 1200000: state [255, 223, 207, 203, 75, 73, 72, 200, 232, 248, 249, 217, 153, 157, 141, 140, 142, 158, 190, 186, 58, 26, 90, 94, 92, 93], f=86, g=25
[00:00:01:29:470] Expansion 1300000: state [255, 223, 207, 203, 75, 73, 72, 200, 232, 236, 252, 188, 189, 173, 175, 171, 187, 155, 154, 26, 90, 122, 120, 121], f=86, g=23
[00:00:01:36:563] Expansion 1400000: state [255, 223, 207, 203, 75, 73, 72, 200, 232, 236, 237, 173, 169, 171, 170, 186, 184, 152, 24, 28, 92, 94, 90, 122], f=86, g=23
[00:00:01:43:413] Expansion 1500000: state [255, 223, 207, 203, 75, 73, 72, 200, 232, 234, 106, 122, 120, 121, 249, 185, 153, 137, 141, 140, 156, 158, 154, 26], f=86, g=23
[00:00:01:50:033] Expansion 1600000: state [255, 223, 207, 203, 75, 73, 72, 200, 232, 234, 250, 122, 58, 26, 10, 138, 142, 158, 156, 188, 189, 173, 169, 137, 153, 155, 187], f=86, g=26
[00:00:01:56:868] Expansion 1700000: state [255, 223, 207, 203, 75, 73, 72, 200, 232, 233, 169, 185, 153, 25, 24, 28, 156, 158, 142], f=86, g=18
[00:00:02:03:595] Expansion 1800000: state [255, 223, 207, 203, 75, 73, 72, 200, 232, 233, 249, 185, 57, 25, 24, 26, 58, 186, 190, 158, 142, 140, 141, 157], f=86, g=23
[00:00:02:10:895] Expansion 1900000: state [255, 223, 207, 203, 75, 73, 72, 200, 232, 233, 237, 173, 189, 185, 187, 186, 170, 138, 10, 26, 90, 94, 92, 124, 120], f=86, g=24
[00:00:02:17:642] Expansion 2000000: state [255, 223, 207, 203, 75, 73, 72, 200, 204, 140, 156, 188, 189, 185, 153, 25, 24, 26, 58, 122, 250, 234, 238], f=86, g=22
[00:00:02:24:413] Expansion 2100000: state [255, 223, 207, 203, 75, 73, 72, 200, 204, 140, 142, 158, 154, 26, 90, 94, 92], f=86, g=16
[00:00:02:31:147] Expansion 2200000: state [255, 223, 207, 203, 75, 73, 72, 200, 204, 140, 141, 173, 169, 171, 170, 186, 184, 152, 24, 25, 57, 121, 120], f=86, g=22
[00:00:02:37:980] Expansion 2300000: state [255, 223, 207, 203, 75, 73, 72, 200, 204, 236, 252, 124, 92, 94, 90, 26, 154, 138, 170, 171, 187, 185, 189, 173, 141, 137], f=86, g=25
[00:00:02:44:817] Expansion 2400000: state [255, 223, 207, 203, 75, 73, 72, 200, 204, 236, 252, 248, 120, 122, 58, 26, 154, 152, 153, 185, 187, 171, 170], f=86, g=22
[00:00:02:52:215] Expansion 2500000: state [255, 223, 207, 203, 75, 73, 72, 200, 204, 236, 238, 234, 170, 138, 142, 158, 156, 152, 153, 137, 141, 173, 189], f=86, g=22
[00:00:02:58:968] Expansion 2600000: state [255, 223, 207, 203, 75, 73, 72, 200, 204, 236, 237, 173, 141, 157, 153, 25, 24, 28, 92, 124, 120, 122, 90, 218, 154, 158, 190, 188], f=86, g=27
[00:00:03:05:711] Expansion 2700000: state [255, 223, 207, 203, 75, 73, 72, 200, 204, 236, 237, 173, 175, 171, 170, 138, 142, 158, 190, 188, 184, 248, 250, 122, 58, 26, 24, 28], f=86, g=27
[00:00:03:12:408] Expansion 2800000: state [255, 223, 207, 203, 75, 73, 72, 200, 204, 220, 92, 28, 24, 152, 154, 158, 190, 188, 189, 185, 187, 171, 170, 234, 106, 122], f=86, g=25
[00:00:03:19:363] Expansion 2900000: state [255, 223, 207, 203, 75, 73, 72, 200, 204, 220, 92, 94, 90, 122, 106, 234, 170, 186, 184, 248, 249, 233, 237, 173, 189, 157, 153, 25, 57], f=86, g=28
[00:00:03:26:245] Expansion 3000000: state [255, 223, 207, 203, 75, 73, 72, 200, 204, 220, 252, 124, 120, 122, 90, 218, 154, 152, 24, 25, 57, 185, 169, 137, 141], f=86, g=24
[00:00:03:33:125] Expansion 3100000: state [255, 223, 207, 203, 75, 73, 72, 76, 204, 140, 136, 138, 10, 26, 58, 186, 250, 248, 249, 233, 169, 173, 189], f=86, g=22
[00:00:03:40:778] Expansion 3200000: state [255, 223, 207, 203, 75, 73, 72, 76, 204, 140, 156, 188, 189, 173, 169, 137, 153, 25, 57, 121, 120, 122, 90, 26, 154, 186, 170, 234, 238], f=86, g=28
[00:00:03:47:628] Expansion 3300000: state [255, 223, 207, 203, 75, 73, 72, 76, 204, 140, 142, 158, 154, 152, 153, 25, 57, 121, 120, 124, 252, 188, 189, 173, 237, 233, 232, 234], f=86, g=27
[00:00:03:54:438] Expansion 3400000: state [255, 223, 207, 203, 75, 73, 72, 76, 204, 140, 141, 173, 175, 171, 187, 155, 154, 218, 90, 122, 120, 121, 249], f=86, g=22
[00:00:04:01:371] Expansion 3500000: state [255, 223, 207, 203, 75, 73, 72, 76, 204, 236, 232, 234, 170, 138, 142, 158, 156, 157, 189, 185, 57, 25], f=86, g=21
[00:00:04:08:227] Expansion 3600000: state [255, 223, 207, 203, 75, 73, 72, 76, 204, 236, 252, 124, 120, 121, 249, 185, 153, 157, 156, 158, 142, 138, 170, 186, 58, 26], f=86, g=25
[00:00:04:15:273] Expansion 3700000: state [255, 223, 207, 203, 75, 73, 72, 76, 204, 236, 252, 248, 249, 185, 153, 152, 154, 26], f=86, g=17
[00:00:04:22:052] Expansion 3800000: state [255, 223, 207, 203, 75, 73, 72, 76, 204, 236, 238, 234, 250, 248, 184, 152, 154, 155, 187, 171, 175, 173], f=86, g=21
[00:00:04:28:780] Expansion 3900000: state [255, 223, 207, 203, 75, 73, 72, 76, 204, 236, 237, 233, 169, 137, 153, 157, 156, 158, 142, 138, 170, 186, 250, 218, 90], f=86, g=24
[00:00:04:36:458] Expansion 4000000: state [255, 223, 207, 203, 75, 73, 72, 76, 204, 220, 156, 188, 184, 185, 57, 121, 120, 122, 90, 26, 10, 138, 136, 137, 141, 173], f=86, g=25
[00:00:04:43:237] Expansion 4100000: state [255, 223, 207, 203, 75, 73, 72, 76, 204, 220, 156, 157, 189, 173, 175, 171, 187, 186, 250, 122, 90, 26, 10, 138, 142], f=86, g=24
[00:00:04:50:065] Expansion 4200000: state [255, 223, 207, 203, 75, 73, 72, 76, 204, 220, 252, 188, 189, 173, 237, 233, 249, 121, 120, 122, 250, 234, 170, 138, 136, 137, 153, 25, 24, 26], f=86, g=29
[00:00:04:56:898] Expansion 4300000: state [255, 223, 207, 203, 75, 73, 72, 76, 92, 28, 24, 152, 153, 157, 141, 173, 175, 171, 170, 234, 106, 122, 120], f=86, g=22
[00:00:05:03:819] Expansion 4400000: state [255, 223, 207, 203, 75, 73, 72, 76, 92, 28, 24, 26, 90, 122, 120, 248, 249, 233, 237, 236, 238, 234, 170, 138, 142, 140, 141, 137], f=86, g=27
[00:00:05:10:758] Expansion 4500000: state [255, 223, 207, 203, 75, 73, 72, 76, 92, 28, 24, 25, 153, 155, 154, 186, 58, 122, 106, 234, 232, 248, 249], f=86, g=22
[00:00:05:17:711] Expansion 4600000: state [255, 223, 207, 203, 75, 73, 72, 76, 92, 28, 156, 140, 141, 137, 153, 217, 249, 233, 232, 234, 106, 122, 90, 26, 154, 186], f=86, g=25
[00:00:05:24:623] Expansion 4700000: state [255, 223, 207, 203, 75, 73, 72, 76, 92, 28, 156, 188, 189, 173, 169, 171, 170, 234, 106, 122, 120, 121, 57, 25, 153, 155], f=86, g=25
[00:00:05:31:600] Expansion 4800000: state [255, 223, 207, 203, 75, 73, 72, 76, 92, 28, 156, 157, 189, 173, 169, 171, 187, 155, 154, 26, 58, 122, 106, 234, 238, 236, 252, 248, 249, 217], f=86, g=29
[00:00:05:38:536] Expansion 4900000: state [255, 223, 207, 203, 75, 73, 72, 76, 92, 220, 156, 152, 24, 25, 57, 121, 120, 248, 232, 233, 169, 171, 170, 138, 10], f=86, g=24
[00:00:05:46:556] Expansion 5000000: state [255, 223, 207, 203, 75, 73, 72, 76, 92, 220, 156, 158, 142, 138, 170, 186, 187, 155], f=86, g=17
[00:00:05:53:439] Expansion 5100000: state [255, 223, 207, 203, 75, 73, 72, 76, 92, 220, 252, 188, 184, 185, 153, 25, 24, 26, 90, 122, 250, 234, 170, 171, 175, 173, 237], f=86, g=26
[00:00:06:00:374] Expansion 5200000: state [255, 223, 207, 203, 75, 73, 72, 76, 92, 220, 252, 236, 232, 234, 250, 122, 90, 26, 10, 138, 136, 137, 153, 157], f=86, g=23
[00:00:06:07:238] Expansion 5300000: state [255, 223, 207, 203, 75, 73, 72, 76, 92, 220, 252, 236, 237, 233, 169, 171, 170, 186, 58, 122, 120, 121, 57, 25, 24, 152, 136], f=86, g=26
[00:00:06:14:167] Expansion 5400000: state [255, 223, 207, 203, 75, 73, 72, 76, 92, 124, 120, 248, 232, 234, 170, 186, 190, 188, 189, 185, 57, 25, 24, 152, 136, 140, 141], f=86, g=26
[00:00:06:21:092] Expansion 5500000: state [255, 223, 207, 203, 75, 73, 72, 76, 92, 124, 120, 122, 90, 26, 10, 138, 142, 158, 156, 152, 153, 217, 249, 233, 237], f=86, g=24
[00:00:06:27:986] Expansion 5600000: state [255, 223, 207, 203, 75, 73, 72, 76, 92, 124, 120, 122, 250, 234, 232, 233, 169, 137, 153, 152, 154, 138], f=86, g=21
[00:00:06:34:864] Expansion 5700000: state [255, 223, 207, 203, 75, 73, 72, 76, 92, 124, 120, 121, 249, 233, 232, 234, 170, 186, 154, 155, 153, 137, 136, 140], f=86, g=23
[00:00:06:41:781] Expansion 5800000: state [255, 223, 207, 203, 75, 73, 72, 76, 92, 124, 252, 188, 189, 173, 169, 171, 170, 234, 250, 218, 154, 152, 136], f=86, g=22
[00:00:06:48:735] Expansion 5900000: state [255, 223, 207, 203, 75, 73, 72, 76, 92, 124, 252, 236, 238, 234, 250, 186, 187, 155, 153, 137, 169, 233, 249, 121, 57], f=86, g=24
[00:00:06:55:610] Expansion 6000000: state [255, 223, 207, 203, 75, 73, 72, 76, 92, 124, 252, 248, 250, 218, 90, 26, 10, 138, 142, 140, 141, 173, 237, 109], f=86, g=23
[00:00:07:02:545] Expansion 6100000: state [255, 223, 207, 203, 75, 73, 72, 76, 92, 94, 90, 26, 24, 152, 136, 138, 142, 158, 190, 188, 189, 185, 169, 233, 232, 234], f=86, g=25
[00:00:07:11:035] Expansion 6200000: state [255, 223, 207, 203, 75, 73, 72, 76, 92, 94, 90, 26, 154, 158, 156, 140, 141, 173, 169, 185, 57, 121, 120, 248], f=86, g=23
[00:00:07:17:903] Expansion 6300000: state [255, 223, 207, 203, 75, 73, 72, 76, 92, 94, 90, 218, 250, 186, 190, 188, 156, 140, 141, 173, 237, 233, 249, 217, 153, 25, 24], f=86, g=26
[00:00:07:24:729] Expansion 6400000: state [255, 223, 207, 203, 75, 73, 72, 76, 92, 94, 90, 122, 106, 234, 232, 248, 249, 185, 57, 25, 24, 152, 154, 158, 142, 140, 141], f=86, g=26
[00:00:07:31:631] Expansion 6500000: state [255, 223, 207, 203, 75, 73, 72, 76, 92, 94, 90, 122, 120, 121, 57, 185, 184, 152, 156, 140, 141, 173, 175], f=86, g=22
[00:00:07:38:501] Expansion 6600000: state [255, 223, 207, 203, 75, 73, 72, 76, 78, 94, 90, 26, 10, 138, 136, 152, 153, 157, 141, 173, 237, 233, 249, 248, 252, 124], f=86, g=25
[00:00:07:45:392] Expansion 6700000: state [255, 223, 207, 203, 75, 73, 72, 76, 78, 94, 90, 26, 24, 152, 156, 158, 142, 138, 170, 186, 250, 248, 249, 233, 237, 109], f=86, g=25
[00:00:07:52:349] Expansion 6800000: state [255, 223, 207, 203, 75, 73, 72, 76, 78, 94, 90, 26, 24, 25, 57, 121, 120, 124, 252, 236, 232, 233, 169, 173, 189, 157, 156, 140, 136], f=86, g=28
[00:00:07:59:295] Expansion 6900000: state [255, 223, 207, 203, 75, 73, 72, 76, 78, 94, 90, 26, 58, 186, 170, 234, 232, 236, 237, 173, 189, 185, 153, 152, 156, 158, 142], f=86, g=26
[00:00:08:06:138] Expansion 7000000: state [255, 223, 207, 203, 75, 73, 72, 76, 78, 94, 90, 218, 154, 158, 142, 140, 141, 137, 153, 185, 249, 233, 232, 234, 170, 171], f=86, g=25
[00:00:08:12:959] Expansion 7100000: state [255, 223, 207, 203, 75, 73, 72, 76, 78, 94, 90, 218, 250, 248, 252, 236, 237, 173, 169, 137, 153, 25, 24, 28, 156, 158, 142, 138, 170], f=86, g=28
[00:00:08:19:785] Expansion 7200000: state [255, 223, 207, 203, 75, 73, 72, 76, 78, 94, 90, 122, 106, 234, 232, 248, 252, 188, 189, 185, 153, 155, 154, 138, 136], f=86, g=24
[00:00:08:26:794] Expansion 7300000: state [255, 223, 207, 203, 75, 73, 72, 76, 78, 94, 90, 122, 120, 248, 249, 185, 169, 173, 237, 236, 238, 234, 170, 138, 142, 158, 156, 157], f=86, g=27
[00:00:08:33:758] Expansion 7400000: state [255, 223, 207, 203, 75, 73, 72, 76, 78, 94, 90, 122, 120, 121, 249, 217, 153, 137, 169, 173, 237, 236, 232, 234, 170, 138, 154, 158, 156, 28], f=86, g=29
[00:00:08:40:619] Expansion 7500000: state [255, 223, 207, 203, 75, 73, 72, 76, 78, 94, 90, 122, 250, 248, 252, 220, 156, 152, 153, 155, 187, 171, 169, 173, 189], f=86, g=24
[00:00:08:47:913] Expansion 7600000: state [255, 223, 207, 203, 75, 73, 105, 233, 169, 137, 153, 155, 154, 26, 90, 94, 78, 76, 204, 236, 238, 234, 250, 248, 184, 188, 156], f=86, g=26
[00:00:08:54:535] Expansion 7700000: state [255, 223, 207, 203, 75, 73, 105, 233, 169, 185, 153, 152, 24, 26, 90, 94, 92, 220, 204, 140, 142, 138, 170, 234, 250, 248, 120], f=86, g=26
[00:00:09:01:137] Expansion 7800000: state [255, 223, 207, 203, 75, 73, 105, 233, 169, 185, 189, 188, 252, 220, 92, 28, 24, 26, 10, 138], f=86, g=19
[00:00:09:07:741] Expansion 7900000: state [255, 223, 207, 203, 75, 73, 105, 233, 169, 173, 141, 157, 156, 28, 92, 94, 90, 26, 10, 138, 170, 234, 238, 236, 252], f=86, g=24
