--------------------------
date: cubes
number_of_graphs: 1
graph_type: cube
size_of_graphs: [8, 8]
heuristic: heuristic0
snake: True
run_uni: True
run_bi: False
run_multi: False
cube_first_dims: 8
cube_buffer_dim: 3
backward_sym_generation: False

---------- cubes/8d_cube ----------
[00:00:00:06:491] Expansion 100000: state [255, 239, 175, 173, 141, 137, 136, 200, 72, 104, 120, 124, 252, 188, 184, 185, 187, 155, 219, 218, 90, 26, 24, 25, 89], f=93, g=24
[00:00:00:13:093] Expansion 200000: state [255, 239, 175, 173, 141, 137, 136, 200, 72, 104, 108, 44, 12, 28, 156, 188, 252, 248, 249, 217, 219, 218, 90, 26, 58, 186, 170], f=93, g=26
[00:00:00:19:777] Expansion 300000: state [255, 239, 175, 173, 141, 137, 136, 200, 72, 104, 108, 236, 252, 220, 156, 158, 142, 206, 78, 94, 90, 26, 58, 56, 184, 185, 249, 121, 89, 93], f=93, g=29
[00:00:00:26:425] Expansion 400000: state [255, 239, 175, 173, 141, 137, 136, 200, 72, 104, 108, 110, 78, 206, 142, 158, 154, 186, 184, 185, 249, 121, 89, 25, 24, 28, 92, 220, 252], f=93, g=28
[00:00:00:33:096] Expansion 500000: state [255, 239, 175, 173, 141, 137, 136, 200, 72, 104, 108, 109, 77, 93, 89, 217, 219, 155, 187, 185, 184, 56, 60, 28, 156, 158, 222, 94, 78], f=93, g=28
[00:00:00:39:777] Expansion 600000: state [255, 239, 175, 173, 141, 137, 136, 200, 72, 104, 106, 234, 250, 218, 154, 155, 187, 185, 184, 188, 252, 220, 221, 93, 89], f=93, g=24
[00:00:00:46:399] Expansion 700000: state [255, 239, 175, 173, 141, 137, 136, 200, 72, 104, 106, 122, 250, 218, 219, 217, 221, 220, 252, 188, 190, 158, 142, 206, 78], f=93, g=24
[00:00:00:53:031] Expansion 800000: state [255, 239, 175, 173, 141, 137, 136, 200, 72, 104, 106, 110, 78, 206, 142, 158, 190, 186, 250, 248, 252, 220, 92, 93, 89, 91, 90, 26, 24, 56, 60, 44], f=93, g=31
[00:00:00:59:615] Expansion 900000: state [255, 239, 175, 173, 141, 137, 136, 200, 72, 88, 24, 56, 60, 124, 108, 109, 77, 93, 221, 220, 222, 218, 154, 186, 170, 234], f=93, g=25
[00:00:01:06:551] Expansion 1000000: state [255, 239, 175, 173, 141, 137, 136, 200, 72, 88, 120, 124, 60, 188, 190, 186, 170, 234, 106, 110, 78, 206, 222, 218, 219, 217, 221, 93], f=93, g=27
[00:00:01:13:736] Expansion 1100000: state [255, 239, 175, 173, 141, 137, 136, 200, 72, 88, 92, 93, 221, 217, 219, 218, 222, 206, 142], f=93, g=18
[00:00:01:21:048] Expansion 1200000: state [255, 239, 175, 173, 141, 137, 136, 200, 72, 88, 89, 217, 249, 248, 184, 56, 58, 122, 106, 110, 108, 44, 12, 28, 156, 158, 222], f=93, g=26
[00:00:01:28:489] Expansion 1300000: state [255, 239, 175, 173, 141, 137, 136, 200, 72, 76, 12, 44, 60, 56, 24, 25, 89, 121, 249, 248, 250, 186, 187], f=93, g=22
[00:00:01:35:470] Expansion 1400000: state [255, 239, 175, 173, 141, 137, 136, 200, 72, 76, 12, 28, 24, 26, 58, 186, 187, 155, 219, 217, 89, 121, 120, 124, 252, 236], f=93, g=25
[00:00:01:42:483] Expansion 1500000: state [255, 239, 175, 173, 141, 137, 136, 200, 72, 76, 108, 44, 60, 188, 184, 186, 250, 218, 219, 91, 89, 25, 24, 26, 10], f=93, g=24
[00:00:01:49:528] Expansion 1600000: state [255, 239, 175, 173, 141, 137, 136, 200, 72, 76, 108, 124, 252, 220, 156, 158, 154, 26, 58, 122, 250, 234], f=93, g=21
[00:00:01:56:856] Expansion 1700000: state [255, 239, 175, 173, 141, 137, 136, 200, 72, 76, 92, 28, 60, 188, 252, 248, 250, 122, 58, 26, 10], f=93, g=20
[00:00:02:03:998] Expansion 1800000: state [255, 239, 175, 173, 141, 137, 136, 200, 72, 76, 92, 93, 89, 121, 249, 248, 252, 188, 60, 56, 58, 186, 154, 155, 219, 203], f=93, g=25
[00:00:02:11:334] Expansion 1900000: state [255, 239, 175, 173, 141, 137, 136, 200, 72, 76, 78, 206, 222, 220, 221, 93, 89, 121, 249, 248, 184, 188, 60, 28, 24, 26, 58, 122, 106], f=93, g=28
[00:00:02:18:523] Expansion 2000000: state [255, 239, 175, 173, 141, 137, 136, 200, 72, 76, 78, 110, 106, 122, 90, 91, 89, 217, 249, 185, 184, 56, 60, 28], f=93, g=23
[00:00:02:26:064] Expansion 2100000: state [255, 239, 175, 173, 141, 137, 136, 200, 72, 76, 77, 93, 89, 25, 24, 26, 90, 122, 106, 110, 46, 44, 60, 188, 184, 185, 249], f=93, g=26
[00:00:02:33:456] Expansion 2200000: state [255, 239, 175, 173, 141, 137, 136, 200, 72, 76, 77, 93, 221, 220, 252, 188, 60, 28, 24, 26, 154, 186, 170, 234, 106, 122, 120, 121], f=93, g=27
[00:00:02:40:557] Expansion 2300000: state [255, 239, 175, 173, 141, 137, 136, 200, 72, 74, 10, 26, 58, 56, 60, 188, 156, 158, 222, 218, 250, 248, 249, 121, 89, 25], f=93, g=25
[00:00:02:48:010] Expansion 2400000: state [255, 239, 175, 173, 141, 137, 136, 200, 72, 74, 106, 234, 250, 186, 187, 185, 249, 121, 120, 56, 60, 44, 108, 109, 77, 93, 92, 94, 222, 158, 156], f=93, g=30
[00:00:02:55:118] Expansion 2500000: state [255, 239, 175, 173, 141, 137, 136, 200, 72, 74, 106, 122, 120, 248, 184, 185, 187, 155, 219, 217, 89, 25, 24, 28, 92, 94, 222, 206], f=93, g=27
[00:00:03:02:636] Expansion 2600000: state [255, 239, 175, 173, 141, 137, 136, 200, 72, 74, 106, 110, 46, 44, 60, 56, 120, 121, 89, 93, 92, 94, 222, 158, 190, 186, 250], f=93, g=26
[00:00:03:10:073] Expansion 2700000: state [255, 239, 175, 173, 141, 137, 136, 200, 72, 74, 106, 110, 108, 124, 120, 121, 89, 93, 221, 220, 222, 158, 190, 188, 184, 185, 187], f=93, g=26
[00:00:03:17:839] Expansion 2800000: state [255, 239, 175, 173, 141, 137, 136, 200, 72, 74, 90, 218, 250, 248, 120, 56, 24, 28], f=93, g=17
[00:00:03:24:993] Expansion 2900000: state [255, 239, 175, 173, 141, 137, 136, 200, 72, 74, 90, 94, 222, 158, 190, 188, 60, 28, 24, 25, 89, 121, 249, 185, 187, 155, 219], f=93, g=26
[00:00:03:32:194] Expansion 3000000: state [255, 239, 175, 173, 141, 137, 136, 200, 72, 74, 78, 206, 142, 158, 156, 188, 184, 248, 250, 122, 58, 26, 24, 25, 89, 93, 92, 124], f=93, g=27
[00:00:03:39:400] Expansion 3100000: state [255, 239, 175, 173, 141, 137, 136, 200, 72, 74, 78, 206, 222, 220, 156, 188, 60, 124, 108, 109, 77, 93, 89, 91, 219, 155, 187], f=93, g=26
[00:00:03:46:474] Expansion 3200000: state [255, 239, 175, 173, 141, 137, 136, 200, 72, 74, 78, 110, 108, 44, 12, 28, 92, 220, 222, 218, 154, 26, 58, 122, 120, 121, 89], f=93, g=26
[00:00:03:54:194] Expansion 3300000: state [255, 239, 175, 173, 141, 137, 136, 200, 72, 74, 78, 110, 108, 109, 77, 93, 89, 91, 219, 155, 187, 185, 249, 248, 120, 56, 24], f=93, g=26
[00:00:04:01:383] Expansion 3400000: state [255, 239, 175, 173, 141, 137, 136, 200, 72, 74, 78, 94, 222, 218, 219, 155, 187, 186, 58, 122, 120, 248, 252, 236, 108, 109], f=93, g=25
[00:00:04:08:664] Expansion 3500000: state [255, 239, 175, 173, 141, 137, 136, 200, 72, 74, 75, 203, 219, 217, 249, 248, 250, 186, 154, 158, 222, 220, 92, 124, 108, 44, 46], f=93, g=26
[00:00:04:16:211] Expansion 3600000: state [255, 239, 175, 173, 141, 137, 136, 200, 72, 74, 75, 91, 89, 93, 77, 109, 108, 236, 252, 220, 156, 158, 190, 186, 250, 234], f=93, g=25
[00:00:04:23:486] Expansion 3700000: state [255, 239, 175, 173, 141, 137, 136, 200, 72, 73, 89, 25, 24, 56, 58, 186, 250, 234, 106, 110, 108, 124, 252, 220, 222, 158, 142], f=93, g=26
[00:00:04:30:793] Expansion 3800000: state [255, 239, 175, 173, 141, 137, 136, 200, 72, 73, 89, 217, 249, 185, 187, 155, 154, 158, 190, 188, 252, 220, 92, 94, 78, 110, 106, 234, 170], f=93, g=28
[00:00:04:38:777] Expansion 3900000: state [255, 239, 175, 173, 141, 137, 136, 200, 72, 73, 89, 217, 221, 220, 222, 158, 190, 186, 58, 26, 24, 28, 12, 44, 108, 110, 106, 234], f=93, g=27
[00:00:04:46:276] Expansion 4000000: state [255, 239, 175, 173, 141, 137, 136, 200, 72, 73, 89, 121, 120, 56, 24, 26, 90, 94, 222, 220, 156, 188, 190, 186, 187, 155, 219], f=93, g=26
[00:00:04:53:411] Expansion 4100000: state [255, 239, 175, 173, 141, 137, 136, 200, 72, 73, 89, 121, 249, 185, 187, 186, 190, 188, 252, 220, 222, 206, 78, 110, 46, 44], f=93, g=25
[00:00:05:00:570] Expansion 4200000: state [255, 239, 175, 173, 141, 137, 136, 200, 72, 73, 89, 93, 92, 94, 222, 158, 190, 186, 58, 122, 120], f=93, g=20
[00:00:05:07:696] Expansion 4300000: state [255, 239, 175, 173, 141, 137, 136, 200, 72, 73, 89, 91, 90, 94, 78, 206, 142, 158, 156, 28, 24, 56, 184, 248, 252, 236, 108], f=93, g=26
[00:00:05:15:213] Expansion 4400000: state [255, 239, 175, 173, 141, 137, 136, 200, 72, 73, 77, 109, 108, 44, 12, 28, 156, 220, 222, 94, 90, 26], f=93, g=21
[00:00:05:23:449] Expansion 4500000: state [255, 239, 175, 173, 141, 137, 136, 200, 72, 73, 77, 109, 108, 124, 120, 56, 184, 186, 154, 158, 222, 94, 90, 91], f=93, g=23
[00:00:05:30:534] Expansion 4600000: state [255, 239, 175, 173, 141, 137, 136, 200, 72, 73, 77, 109, 108, 110, 106, 122, 120, 56, 60, 188, 190, 186, 154, 218, 222], f=93, g=24
[00:00:05:37:612] Expansion 4700000: state [255, 239, 175, 173, 141, 137, 136, 200, 72, 73, 77, 93, 92, 124, 108, 110, 106, 122, 58, 26, 154, 218, 222, 206, 142], f=93, g=24
[00:00:05:44:758] Expansion 4800000: state [255, 239, 175, 173, 141, 137, 136, 200, 72, 73, 77, 93, 221, 217, 219, 91, 90, 26, 24, 56, 60, 44], f=93, g=21
[00:00:05:51:913] Expansion 4900000: state [255, 239, 175, 173, 141, 137, 136, 200, 72, 73, 77, 93, 221, 220, 252, 236, 108, 110, 106, 122, 58, 186, 154, 155], f=93, g=23
[00:00:05:59:149] Expansion 5000000: state [255, 239, 175, 173, 141, 137, 136, 200, 72, 73, 75, 203, 219, 155, 187, 186, 184, 248, 120, 122, 90, 26], f=93, g=21
[00:00:06:06:697] Expansion 5100000: state [255, 239, 175, 173, 141, 137, 136, 200, 72, 73, 75, 203, 219, 217, 221, 93, 92, 28, 24, 26, 58, 122, 250, 248, 184, 188, 190, 158, 142, 206, 78, 110, 108, 44], f=93, g=33
[00:00:06:13:996] Expansion 5200000: state [255, 239, 175, 173, 141, 137, 136, 200, 72, 73, 75, 203, 219, 218, 222, 220, 252, 124, 120, 56, 58], f=93, g=20
[00:00:06:21:241] Expansion 5300000: state [255, 239, 175, 173, 141, 137, 136, 200, 72, 73, 75, 91, 90, 94, 78, 110, 106, 234, 170, 186, 184, 248, 249, 217, 221, 220, 156, 158], f=93, g=27
[00:00:06:29:452] Expansion 5400000: state [255, 239, 175, 173, 141, 137, 136, 200, 72, 73, 75, 91, 219, 217, 249, 185, 184, 186, 190, 158, 222, 206, 78, 110, 108, 124, 92, 28], f=93, g=27
[00:00:06:36:491] Expansion 5500000: state [255, 239, 175, 173, 141, 137, 136, 200, 72, 73, 75, 91, 219, 218, 222, 206, 78, 110, 108, 124, 252, 248, 249, 233], f=93, g=23
[00:00:06:43:371] Expansion 5600000: state [255, 239, 175, 173, 141, 137, 136, 200, 232, 104, 120, 56, 60, 28, 12, 76, 78, 206, 142, 158, 190, 186, 187, 185, 249, 217, 219, 203], f=93, g=27
[00:00:06:50:290] Expansion 5700000: state [255, 239, 175, 173, 141, 137, 136, 200, 232, 104, 120, 88, 24, 28, 156, 188, 190, 186, 187, 155, 219, 217, 221, 93, 77, 76, 78, 110], f=93, g=27
[00:00:06:57:508] Expansion 5800000: state [255, 239, 175, 173, 141, 137, 136, 200, 232, 104, 120, 124, 60, 28, 24, 26, 90, 218, 222, 158, 190, 186, 187, 185, 249, 217, 221, 93, 77, 76, 78, 110, 46], f=93, g=32
[00:00:07:04:756] Expansion 5900000: state [255, 239, 175, 173, 141, 137, 136, 200, 232, 104, 120, 124, 252, 188, 156, 28, 12, 76, 78, 74, 10, 26, 58, 186, 187, 185, 249, 217, 89, 91], f=93, g=29
[00:00:07:11:882] Expansion 6000000: state [255, 239, 175, 173, 141, 137, 136, 200, 232, 104, 120, 122, 58, 26, 154, 155, 187, 185, 249, 217, 89, 73, 75, 74, 78, 206, 222, 220, 252, 188], f=93, g=29
[00:00:07:18:804] Expansion 6100000: state [255, 239, 175, 173, 141, 137, 136, 200, 232, 104, 120, 122, 90, 91, 89, 93, 92, 220, 252, 188, 60], f=93, g=20
[00:00:07:25:722] Expansion 6200000: state [255, 239, 175, 173, 141, 137, 136, 200, 232, 104, 120, 121, 89, 217, 221, 220, 252, 188, 184, 185, 187, 155, 154, 26, 90, 94, 78], f=93, g=26
[00:00:07:32:578] Expansion 6300000: state [255, 239, 175, 173, 141, 137, 136, 200, 232, 104, 120, 121, 249, 185, 187, 186, 190, 188, 60, 28, 92, 94, 78, 74, 75, 73], f=93, g=25
[00:00:07:39:514] Expansion 6400000: state [255, 239, 175, 173, 141, 137, 136, 200, 232, 104, 108, 44, 12, 28, 92, 88, 90, 122, 250, 186, 184, 185], f=93, g=21
[00:00:07:46:499] Expansion 6500000: state [255, 239, 175, 173, 141, 137, 136, 200, 232, 104, 108, 44, 60, 56, 58, 186, 190, 158, 156, 220, 92, 94, 90], f=93, g=22
[00:00:07:53:509] Expansion 6600000: state [255, 239, 175, 173, 141, 137, 136, 200, 232, 104, 108, 76, 12, 28, 60, 188, 190, 158, 154, 218, 90, 88, 89, 217, 249, 185, 187], f=93, g=26
[00:00:08:00:557] Expansion 6700000: state [255, 239, 175, 173, 141, 137, 136, 200, 232, 104, 108, 76, 78, 206, 142, 158, 156, 188, 184, 185, 187, 155, 219, 217, 89, 88, 24, 26, 58], f=93, g=28
[00:00:08:07:593] Expansion 6800000: state [255, 239, 175, 173, 141, 137, 136, 200, 232, 104, 108, 76, 77, 93, 221, 217, 219, 155, 154, 158, 190, 188, 184, 56, 24, 88, 90, 122, 250], f=93, g=28
[00:00:08:14:629] Expansion 6900000: state [255, 239, 175, 173, 141, 137, 136, 200, 232, 104, 108, 124, 92, 88, 24, 26, 10, 74, 75, 91, 219, 218, 250, 186, 190], f=93, g=24
[00:00:08:21:652] Expansion 7000000: state [255, 239, 175, 173, 141, 137, 136, 200, 232, 104, 108, 124, 252, 220, 221, 217, 89, 73, 75, 74, 90, 218, 154, 155, 187], f=93, g=24
[00:00:08:28:817] Expansion 7100000: state [255, 239, 175, 173, 141, 137, 136, 200, 232, 104, 108, 110, 78, 206, 142, 158, 190, 186, 58, 56, 24, 88, 89, 91, 219, 155], f=93, g=25
[00:00:08:35:894] Expansion 7200000: state [255, 239, 175, 173, 141, 137, 136, 200, 232, 104, 108, 109, 77, 73, 89, 217, 249, 185, 187, 186, 250, 122, 90, 94, 78, 206, 142, 158, 156, 28, 60], f=93, g=30
[00:00:08:43:004] Expansion 7300000: state [255, 239, 175, 173, 141, 137, 136, 200, 232, 104, 108, 109, 77, 93, 89, 121, 249, 185, 184, 186, 154, 158, 142, 206, 78, 74, 75, 203, 219], f=93, g=28
[00:00:08:50:065] Expansion 7400000: state [255, 239, 175, 173, 141, 137, 136, 200, 232, 104, 106, 74, 10, 26, 58, 186, 190, 188, 252, 220, 92, 28, 12, 44], f=93, g=23
[00:00:08:57:193] Expansion 7500000: state [255, 239, 175, 173, 141, 137, 136, 200, 232, 104, 106, 74, 78, 76, 77, 73, 89, 217, 221, 220, 156, 158, 154, 26, 58, 56, 184], f=93, g=26
[00:00:09:04:182] Expansion 7600000: state [255, 239, 175, 173, 141, 137, 136, 200, 232, 104, 106, 74, 75, 73, 77, 76, 92, 220, 221, 217, 219, 218, 154, 186, 184, 188, 60, 44, 46], f=93, g=28
[00:00:09:11:136] Expansion 7700000: state [255, 239, 175, 173, 141, 137, 136, 200, 232, 104, 106, 122, 58, 56, 24, 28, 12, 76, 77, 93, 221, 220, 222, 158, 154], f=93, g=24
[00:00:09:18:109] Expansion 7800000: state [255, 239, 175, 173, 141, 137, 136, 200, 232, 104, 106, 122, 90, 218, 154, 186, 187, 185, 249, 217, 89, 73, 77, 76, 92, 220, 156, 188, 60], f=93, g=28
[00:00:09:25:065] Expansion 7900000: state [255, 239, 175, 173, 141, 137, 136, 200, 232, 104, 106, 122, 250, 218, 154, 158, 190, 188, 184, 56, 24, 28, 92, 93, 77, 109], f=93, g=25
[00:00:09:32:228] Expansion 8000000: state [255, 239, 175, 173, 141, 137, 136, 200, 232, 104, 106, 110, 46, 44, 60, 56, 24, 25, 89, 93, 92, 94, 222, 158, 190, 186, 187, 185], f=93, g=27
[00:00:09:39:503] Expansion 8100000: state [255, 239, 175, 173, 141, 137, 136, 200, 232, 104, 106, 110, 78, 76, 92, 124, 252, 188, 156, 158, 222, 218, 219, 217, 249, 185, 187], f=93, g=26
[00:00:09:46:597] Expansion 8200000: state [255, 239, 175, 173, 141, 137, 136, 200, 232, 104, 106, 110, 78, 206, 222, 220, 92, 88, 24, 26, 58, 186, 187, 155], f=93, g=23
[00:00:09:53:469] Expansion 8300000: state [255, 239, 175, 173, 141, 137, 136, 200, 232, 248, 120, 56, 24, 25, 89, 73, 75, 74, 106, 110, 108, 76, 92, 94, 222, 158, 156, 188], f=93, g=27
[00:00:10:00:380] Expansion 8400000: state [255, 239, 175, 173, 141, 137, 136, 200, 232, 248, 120, 56, 58, 186, 154, 158, 222, 220, 221, 93, 89, 91, 90, 74, 106, 110, 46, 44, 12, 76], f=93, g=29
[00:00:10:07:417] Expansion 8500000: state [255, 239, 175, 173, 141, 137, 136, 200, 232, 248, 120, 124, 60, 28, 12, 76, 78, 206, 222, 158, 154, 26, 90, 91, 219, 217], f=93, g=25
[00:00:10:14:362] Expansion 8600000: state [255, 239, 175, 173, 141, 137, 136, 200, 232, 248, 120, 122, 58, 26, 10, 74, 75, 73, 77, 93, 221, 220, 156, 28, 60, 44, 46, 110], f=93, g=27
[00:00:10:21:574] Expansion 8700000: state [255, 239, 175, 173, 141, 137, 136, 200, 232, 248, 120, 122, 90, 91, 219, 217, 221, 220, 156, 158, 142, 206, 78, 76, 12, 44, 46], f=93, g=26
[00:00:10:28:731] Expansion 8800000: state [255, 239, 175, 173, 141, 137, 136, 200, 232, 248, 120, 121, 89, 217, 219, 155, 187, 186, 58, 26, 90, 74, 78, 206, 222, 220, 92, 28, 60, 44, 108, 109, 77], f=93, g=32
[00:00:10:35:791] Expansion 8900000: state [255, 239, 175, 173, 141, 137, 136, 200, 232, 248, 184, 56, 60, 28, 156, 158, 222, 218, 90, 88, 89, 73, 77, 76, 78, 110], f=93, g=25
[00:00:10:42:983] Expansion 9000000: state [255, 239, 175, 173, 141, 137, 136, 200, 232, 248, 184, 188, 60, 28, 24, 25, 89, 91, 90, 94, 78, 110, 106], f=93, g=22
[00:00:10:50:682] Expansion 9100000: state [255, 239, 175, 173, 141, 137, 136, 200, 232, 248, 184, 188, 190, 158, 142, 206, 78, 74, 10, 26, 24, 25, 89, 217, 219, 155, 187], f=93, g=26
[00:00:10:57:738] Expansion 9200000: state [255, 239, 175, 173, 141, 137, 136, 200, 232, 248, 184, 186, 154, 26, 90, 88, 89, 217, 221, 220, 222, 206, 78, 76, 12, 44, 46], f=93, g=26
[00:00:11:04:817] Expansion 9300000: state [255, 239, 175, 173, 141, 137, 136, 200, 232, 248, 184, 186, 187, 155, 219, 203, 75, 74, 10, 26, 24, 88, 92, 124, 108, 44, 12], f=93, g=26
[00:00:11:13:395] Expansion 9400000: state [255, 239, 175, 173, 141, 137, 136, 200, 232, 248, 252, 124, 60, 28, 12, 76, 78, 206], f=93, g=17
[00:00:11:20:293] Expansion 9500000: state [255, 239, 175, 173, 141, 137, 136, 200, 232, 248, 252, 124, 108, 109, 77, 73, 89, 88, 90, 218, 219, 155, 187, 186, 58], f=93, g=24
[00:00:11:27:146] Expansion 9600000: state [255, 239, 175, 173, 141, 137, 136, 200, 232, 248, 252, 188, 156, 28, 24, 88, 89, 93, 77, 109, 108, 110, 106, 74, 75, 203, 219, 218, 154, 186, 187], f=93, g=30
[00:00:11:34:492] Expansion 9700000: state [255, 239, 175, 173, 141, 137, 136, 200, 232, 248, 252, 188, 190, 186, 154, 155, 219, 203, 75, 73, 89, 93, 92, 94, 90, 122, 106, 110, 108], f=93, g=28
[00:00:11:41:559] Expansion 9800000: state [255, 239, 175, 173, 141, 137, 136, 200, 232, 248, 252, 220, 222, 158, 154, 26, 24, 28, 60, 44, 108, 110, 78, 74, 75, 203], f=93, g=25
[00:00:11:48:587] Expansion 9900000: state [255, 239, 175, 173, 141, 137, 136, 200, 232, 248, 250, 122, 58, 26, 24, 25, 89, 217, 221, 220, 156, 188, 60, 44, 12, 76, 78, 74], f=93, g=27
[00:00:11:55:694] Expansion 10000000: state [255, 239, 175, 173, 141, 137, 136, 200, 232, 248, 250, 122, 106, 74, 75, 203, 219, 155, 154, 26, 24, 88, 92, 76, 12, 44, 60], f=93, g=26
[00:00:12:02:817] Expansion 10100000: state [255, 239, 175, 173, 141, 137, 136, 200, 232, 248, 250, 186, 154, 26, 90, 91, 89, 93, 92, 124, 60, 44, 12], f=93, g=22
[00:00:12:10:014] Expansion 10200000: state [255, 239, 175, 173, 141, 137, 136, 200, 232, 248, 250, 186, 187, 155, 219, 91, 75, 73, 77, 76, 92, 124, 60, 56], f=93, g=23
[00:00:12:17:183] Expansion 10300000: state [255, 239, 175, 173, 141, 137, 136, 200, 232, 248, 250, 218, 219, 203, 75, 74, 78, 76, 108, 124, 60, 56, 24, 88, 89, 121], f=93, g=25
[00:00:12:24:403] Expansion 10400000: state [255, 239, 175, 173, 141, 137, 136, 200, 232, 248, 249, 121, 89, 88, 24, 28, 60, 44, 108, 76, 78, 206, 142], f=93, g=22
[00:00:12:31:575] Expansion 10500000: state [255, 239, 175, 173, 141, 137, 136, 200, 232, 248, 249, 121, 89, 91, 90, 218, 154, 158, 142, 206, 78, 76, 12, 28, 60, 56], f=93, g=25
[00:00:12:40:594] Expansion 10600000: state [255, 239, 175, 173, 141, 137, 136, 200, 232, 248, 249, 185, 187, 155, 219, 91, 89, 88, 92, 76, 108, 110, 106], f=93, g=22
[00:00:12:47:720] Expansion 10700000: state [255, 239, 175, 173, 141, 137, 136, 200, 232, 248, 249, 185, 187, 186, 58, 56, 60, 44, 108, 76, 78, 94, 90, 91, 75], f=93, g=24
[00:00:12:54:943] Expansion 10800000: state [255, 239, 175, 173, 141, 137, 136, 200, 232, 248, 249, 185, 187, 186, 190, 158, 222, 220, 92, 28, 24, 26, 90, 74, 75, 73], f=93, g=25
[00:00:13:02:102] Expansion 10900000: state [255, 239, 175, 173, 141, 137, 136, 200, 232, 248, 249, 217, 89, 93, 77, 109, 108, 44, 60, 28, 156, 158, 222, 94, 78, 74, 75, 203], f=93, g=27
[00:00:13:09:176] Expansion 11000000: state [255, 239, 175, 173, 141, 137, 136, 200, 232, 248, 249, 217, 221, 220, 222, 206, 78, 76, 108, 44, 60, 188, 190, 186, 58, 122, 90, 88, 24, 25], f=93, g=29
[00:00:13:16:312] Expansion 11100000: state [255, 239, 175, 173, 141, 137, 136, 200, 232, 248, 249, 217, 219, 203, 75, 74, 78, 206, 222, 158, 156, 188, 60, 44, 108, 109, 77], f=93, g=26
[00:00:13:23:292] Expansion 11200000: state [255, 239, 175, 173, 141, 137, 136, 200, 232, 236, 108, 44, 12, 28, 156, 188, 190, 186, 250, 218, 222, 94, 78, 74, 75, 91, 89, 217, 221], f=93, g=28
[00:00:13:30:241] Expansion 11300000: state [255, 239, 175, 173, 141, 137, 136, 200, 232, 236, 108, 44, 60, 28, 156, 220, 221, 217, 89, 121, 120, 122, 58, 186, 184], f=93, g=24
[00:00:13:37:278] Expansion 11400000: state [255, 239, 175, 173, 141, 137, 136, 200, 232, 236, 108, 44, 60, 56, 58, 186, 154, 155, 219, 217, 221, 220, 222], f=93, g=22
[00:00:13:44:226] Expansion 11500000: state [255, 239, 175, 173, 141, 137, 136, 200, 232, 236, 108, 76, 12, 28, 24, 88, 90, 74, 75, 73], f=93, g=19
[00:00:13:51:335] Expansion 11600000: state [255, 239, 175, 173, 141, 137, 136, 200, 232, 236, 108, 76, 92, 220, 156, 188, 184, 56, 120, 122, 106, 74, 75, 203, 219, 155], f=93, g=25
[00:00:13:58:563] Expansion 11700000: state [255, 239, 175, 173, 141, 137, 136, 200, 232, 236, 108, 76, 78, 74, 75, 203, 219, 155, 187, 186, 58, 26, 24, 88, 89, 93, 221, 220, 156, 188], f=93, g=29
[00:00:14:05:737] Expansion 11800000: state [255, 239, 175, 173, 141, 137, 136, 200, 232, 236, 108, 76, 77, 73, 89, 121, 120, 56, 24, 28, 156, 188, 190, 186, 154, 218, 90], f=93, g=26
[00:00:14:12:919] Expansion 11900000: state [255, 239, 175, 173, 141, 137, 136, 200, 232, 236, 108, 124, 60, 28, 24, 26, 154, 155, 187, 185, 249, 121, 89, 73, 75, 74, 78, 94, 222, 220], f=93, g=29
[00:00:14:19:898] Expansion 12000000: state [255, 239, 175, 173, 141, 137, 136, 200, 232, 236, 108, 124, 92, 28, 156, 158, 154, 155, 219, 91, 89, 25], f=93, g=21
[00:00:14:26:974] Expansion 12100000: state [255, 239, 175, 173, 141, 137, 136, 200, 232, 236, 108, 124, 120, 122, 58, 26, 24, 28, 156, 220, 222, 218, 219, 217, 89, 73], f=93, g=25
[00:00:14:34:083] Expansion 12200000: state [255, 239, 175, 173, 141, 137, 136, 200, 232, 236, 108, 110, 78, 74, 75, 73, 89, 93, 221, 220, 156, 188, 184, 185, 187, 155, 154, 218, 250, 122, 58], f=93, g=30
[00:00:14:41:210] Expansion 12300000: state [255, 239, 175, 173, 141, 137, 136, 200, 232, 236, 108, 110, 78, 206, 222, 218, 90, 26, 58, 186, 184, 188, 156, 28, 92, 93, 221, 217], f=93, g=27
[00:00:14:48:303] Expansion 12400000: state [255, 239, 175, 173, 141, 137, 136, 200, 232, 236, 108, 110, 106, 74, 10, 26, 58, 56, 60, 188, 190, 158, 222, 94], f=93, g=23
[00:00:14:55:532] Expansion 12500000: state [255, 239, 175, 173, 141, 137, 136, 200, 232, 236, 108, 110, 106, 122, 90, 26, 24, 28, 156, 158, 190, 186, 187, 185], f=93, g=23
[00:00:15:02:722] Expansion 12600000: state [255, 239, 175, 173, 141, 137, 136, 200, 232, 236, 108, 109, 77, 73, 89, 121, 120, 122, 250, 218, 222, 220, 92], f=93, g=22
[00:00:15:09:932] Expansion 12700000: state [255, 239, 175, 173, 141, 137, 136, 200, 232, 236, 108, 109, 77, 73, 75, 91, 219, 218, 222, 158, 190, 188, 184, 185, 249, 121, 120, 88, 24, 28], f=93, g=29
[00:00:15:17:132] Expansion 12800000: state [255, 239, 175, 173, 141, 137, 136, 200, 232, 236, 108, 109, 77, 93, 92, 94, 78, 74, 106, 122, 120, 56, 60, 188, 156, 158, 154, 186, 170], f=93, g=28
[00:00:15:24:213] Expansion 12900000: state [255, 239, 175, 173, 141, 137, 136, 200, 232, 236, 252, 124, 60, 28, 156, 158, 222, 206, 78, 74, 106, 122, 250, 186, 184, 185, 249], f=93, g=26
[00:00:15:31:140] Expansion 13000000: state [255, 239, 175, 173, 141, 137, 136, 200, 232, 236, 252, 124, 92, 28, 24, 25, 89, 121, 249, 185, 187, 186, 154, 158, 222, 206, 78, 74, 90, 122], f=93, g=29
[00:00:15:38:333] Expansion 13100000: state [255, 239, 175, 173, 141, 137, 136, 200, 232, 236, 252, 124, 120, 88, 24, 28, 12, 44, 46, 110, 78, 206, 142, 158, 154, 218, 219, 91, 75, 73, 77, 109], f=93, g=31
[00:00:15:47:747] Expansion 13200000: state [255, 239, 175, 173, 141, 137, 136, 200, 232, 236, 252, 188, 60, 28, 24, 26, 58, 186, 187, 185, 249, 217, 219, 203, 75, 73, 77, 76, 78, 94, 222], f=93, g=30
[00:00:15:54:662] Expansion 13300000: state [255, 239, 175, 173, 141, 137, 136, 200, 232, 236, 252, 188, 60, 56, 120, 122, 90, 218, 154, 155, 187, 185, 249, 217, 89, 73, 75], f=93, g=26
[00:00:16:01:652] Expansion 13400000: state [255, 239, 175, 173, 141, 137, 136, 200, 232, 236, 252, 188, 156, 158, 142, 206, 78, 76, 77, 93, 221, 217, 219, 155, 187, 186, 250, 122, 120, 121], f=93, g=29
[00:00:16:08:659] Expansion 13500000: state [255, 239, 175, 173, 141, 137, 136, 200, 232, 236, 252, 188, 184, 186, 154, 26, 24, 28, 92, 94, 78, 110, 106, 122, 120, 121], f=93, g=25
[00:00:16:15:732] Expansion 13600000: state [255, 239, 175, 173, 141, 137, 136, 200, 232, 236, 252, 188, 190, 158, 154, 155, 219, 91, 89, 73, 77, 109], f=93, g=21
[00:00:16:22:898] Expansion 13700000: state [255, 239, 175, 173, 141, 137, 136, 200, 232, 236, 252, 220, 92, 28, 12, 44, 46, 110, 106, 122, 250, 218, 219, 91, 89, 121], f=93, g=25
[00:00:16:29:938] Expansion 13800000: state [255, 239, 175, 173, 141, 137, 136, 200, 232, 236, 252, 220, 156, 28, 12, 76, 78, 74, 90, 91, 89, 121, 120, 56, 58, 186, 187, 155], f=93, g=27
[00:00:16:36:942] Expansion 13900000: state [255, 239, 175, 173, 141, 137, 136, 200, 232, 236, 252, 220, 156, 158, 154, 155, 187, 185, 184, 56, 120, 88, 90, 94, 78, 76], f=93, g=25
[00:00:16:43:957] Expansion 14000000: state [255, 239, 175, 173, 141, 137, 136, 200, 232, 236, 252, 220, 222, 206, 78, 74, 90, 122, 58, 186, 187, 155, 219, 217, 89, 25, 24, 28, 60], f=93, g=28
[00:00:16:51:002] Expansion 14100000: state [255, 239, 175, 173, 141, 137, 136, 200, 232, 236, 252, 220, 221, 93, 89, 121, 249, 185, 187, 155, 154, 26, 58, 56, 60, 28, 12, 76, 78], f=93, g=28
[00:00:16:58:102] Expansion 14200000: state [255, 239, 175, 173, 141, 137, 136, 200, 232, 234, 106, 74, 10, 26, 154, 186, 184, 185, 249, 217, 221, 93, 77, 76, 12, 28, 156], f=93, g=26
[00:00:17:05:297] Expansion 14300000: state [255, 239, 175, 173, 141, 137, 136, 200, 232, 234, 106, 74, 90, 88, 24, 28, 60, 188, 190, 158, 222, 220, 221, 217, 219, 155, 187, 185], f=93, g=27
[00:00:17:12:558] Expansion 14400000: state [255, 239, 175, 173, 141, 137, 136, 200, 232, 234, 106, 74, 90, 91, 89, 121, 249, 185, 187, 155, 154, 158, 222, 220, 252, 124, 60, 56, 24], f=93, g=28
[00:00:17:19:855] Expansion 14500000: state [255, 239, 175, 173, 141, 137, 136, 200, 232, 234, 106, 74, 78, 76, 77, 93, 221, 220, 222, 218, 219, 155, 187, 185, 184, 188, 60, 124, 120, 88], f=93, g=29
[00:00:17:27:071] Expansion 14600000: state [255, 239, 175, 173, 141, 137, 136, 200, 232, 234, 106, 74, 78, 94, 92, 93, 77, 109, 108, 44, 60, 56, 120, 121, 249, 185, 187, 186, 190, 158], f=93, g=29
[00:00:17:34:407] Expansion 14700000: state [255, 239, 175, 173, 141, 137, 136, 200, 232, 234, 106, 74, 75, 73, 77, 109, 108, 44, 12, 28, 24, 56, 120, 121, 249, 217, 219, 218, 222, 220], f=93, g=29
[00:00:17:41:778] Expansion 14800000: state [255, 239, 175, 173, 141, 137, 136, 200, 232, 234, 106, 74, 75, 91, 89, 25, 24, 28, 156, 188, 252, 124, 108, 44, 46], f=93, g=24
[00:00:17:48:908] Expansion 14900000: state [255, 239, 175, 173, 141, 137, 136, 200, 232, 234, 106, 122, 58, 26, 154, 158, 156, 188, 60, 44, 12, 76, 77, 73, 89, 217, 219, 203], f=93, g=27
[00:00:17:56:092] Expansion 15000000: state [255, 239, 175, 173, 141, 137, 136, 200, 232, 234, 106, 122, 58, 186, 190, 188, 60, 44, 108, 109, 77, 73, 89, 88, 92, 94, 78, 206], f=93, g=27
[00:00:18:03:450] Expansion 15100000: state [255, 239, 175, 173, 141, 137, 136, 200, 232, 234, 106, 122, 90, 218, 154, 158, 190, 188, 252, 220, 221, 217, 89, 25, 24], f=93, g=24
[00:00:18:13:829] Expansion 15200000: state [255, 239, 175, 173, 141, 137, 136, 200, 232, 234, 106, 122, 120, 56, 24, 28, 12, 76, 77, 73, 89, 91, 219, 155, 154, 186, 190, 188, 252, 220], f=93, g=29
[00:00:18:20:900] Expansion 15300000: state [255, 239, 175, 173, 141, 137, 136, 200, 232, 234, 106, 122, 120, 124, 108, 76, 78, 206, 142, 158, 190, 188, 184, 185, 187, 155, 219, 203, 75, 73, 89, 25], f=93, g=31
[00:00:18:28:139] Expansion 15400000: state [255, 239, 175, 173, 141, 137, 136, 200, 232, 234, 106, 110, 46, 44, 12, 76, 77, 73, 75, 91, 90, 88, 24, 56, 184, 186, 154, 158, 222, 220, 221, 217, 249], f=93, g=32
[00:00:18:35:203] Expansion 15500000: state [255, 239, 175, 173, 141, 137, 136, 200, 232, 234, 106, 110, 46, 44, 60, 188, 184, 186, 154, 218, 222, 94, 92, 76, 77, 73, 89, 217], f=93, g=27
[00:00:18:42:339] Expansion 15600000: state [255, 239, 175, 173, 141, 137, 136, 200, 232, 234, 106, 110, 78, 76, 92, 93, 89, 121, 249, 185, 187, 155, 219, 218, 90, 26, 58, 56, 60, 188, 190], f=93, g=30
[00:00:18:49:676] Expansion 15700000: state [255, 239, 175, 173, 141, 137, 136, 200, 232, 234, 106, 110, 78, 206, 222, 158, 154, 26, 58, 56, 120, 88, 92, 93, 77, 73, 75], f=93, g=26
[00:00:18:56:888] Expansion 15800000: state [255, 239, 175, 173, 141, 137, 136, 200, 232, 234, 106, 110, 78, 94, 92, 93, 221, 217, 219, 155, 187, 185, 184, 56, 60, 44], f=93, g=25
[00:00:19:03:949] Expansion 15900000: state [255, 239, 175, 173, 141, 137, 136, 200, 232, 234, 106, 110, 108, 76, 12, 28, 24, 88, 89, 121, 249, 185, 184, 188], f=93, g=23
[00:00:19:11:149] Expansion 16000000: state [255, 239, 175, 173, 141, 137, 136, 200, 232, 234, 106, 110, 108, 124, 60, 28, 156, 158, 154, 186, 187, 185, 249, 121, 89, 91], f=93, g=25
[00:00:19:18:318] Expansion 16100000: state [255, 239, 175, 173, 141, 137, 136, 200, 232, 234, 106, 110, 108, 109, 77, 73, 75, 91, 219, 217, 249, 121, 120, 88, 24, 26, 154, 186, 184, 188, 156, 220, 222], f=93, g=32
[00:00:19:25:516] Expansion 16200000: state [255, 239, 175, 173, 141, 137, 136, 200, 232, 234, 170, 186, 58, 26, 90, 94, 222, 220, 252, 188, 60, 28, 12, 76, 77, 93, 89, 25], f=93, g=27
[00:00:19:32:632] Expansion 16300000: state [255, 239, 175, 173, 141, 137, 136, 200, 232, 234, 170, 186, 58, 122, 120, 124, 60, 44, 46, 110, 78, 76, 77, 93, 221, 217, 219, 203, 75], f=93, g=28
[00:00:19:39:849] Expansion 16400000: state [255, 239, 175, 173, 141, 137, 136, 200, 232, 234, 170, 186, 154, 218, 219, 91, 89, 25, 24, 56, 60, 44, 108, 110, 78, 94, 92, 220, 156], f=93, g=28
[00:00:19:47:112] Expansion 16500000: state [255, 239, 175, 173, 141, 137, 136, 200, 232, 234, 170, 186, 154, 155, 219, 203, 75, 73, 77, 109, 108, 44, 60, 28, 156, 220, 222, 94, 90, 88, 120, 121, 249], f=93, g=32
[00:00:19:54:196] Expansion 16600000: state [255, 239, 175, 173, 141, 137, 136, 200, 232, 234, 170, 186, 184, 188, 60, 44, 108, 109, 77, 73, 75, 203, 219, 217, 249, 121, 120, 88, 90, 94, 222, 220], f=93, g=31
[00:00:20:01:443] Expansion 16700000: state [255, 239, 175, 173, 141, 137, 136, 200, 232, 234, 170, 186, 184, 185, 249, 217, 219, 91, 75, 73, 77, 109, 108, 110, 78, 94, 92], f=93, g=26
[00:00:20:08:787] Expansion 16800000: state [255, 239, 175, 173, 141, 137, 136, 200, 232, 234, 170, 186, 190, 158, 222, 220, 92, 93, 89, 121, 120, 56, 60, 44, 46, 110, 78, 74, 10, 26], f=93, g=29
[00:00:20:15:978] Expansion 16900000: state [255, 239, 175, 173, 141, 137, 136, 200, 232, 234, 170, 186, 187, 155, 219, 91, 75, 74, 78, 94, 222, 158, 156, 28, 24, 88], f=93, g=25
[00:00:20:23:190] Expansion 17000000: state [255, 239, 175, 173, 141, 137, 136, 200, 232, 234, 170, 186, 187, 155, 219, 218, 222, 158, 156, 188, 252, 124, 120, 56, 24, 26, 10, 74, 78, 110, 46, 44, 12], f=93, g=32
[00:00:20:30:436] Expansion 17100000: state [255, 239, 175, 173, 141, 137, 136, 200, 232, 234, 170, 186, 187, 185, 249, 217, 221, 220, 222, 206, 78, 76, 108, 44, 60, 56, 120, 122, 90, 91, 75], f=93, g=30
[00:00:20:37:635] Expansion 17200000: state [255, 239, 175, 173, 141, 137, 136, 200, 232, 234, 250, 122, 58, 26, 154, 158, 156, 220, 221, 217, 89, 73, 75], f=93, g=22
[00:00:20:44:659] Expansion 17300000: state [255, 239, 175, 173, 141, 137, 136, 200, 232, 234, 250, 122, 58, 56, 60, 44, 108, 109, 77, 93, 92, 220, 156, 158, 142, 206, 78, 74, 75, 91, 219, 155, 187, 185], f=93, g=33
[00:00:20:51:840] Expansion 17400000: state [255, 239, 175, 173, 141, 137, 136, 200, 232, 234, 250, 122, 90, 88, 24, 28, 60, 44, 108, 76, 77, 73, 75, 203, 219, 217, 221, 220, 252], f=93, g=28
[00:00:21:00:322] Expansion 17500000: state [255, 239, 175, 173, 141, 137, 136, 200, 232, 234, 250, 122, 120, 56, 184, 185, 187, 155, 219, 91, 75, 73, 77, 93, 92, 28, 156, 158, 142, 206, 78, 110, 108], f=93, g=32
[00:00:21:07:293] Expansion 17600000: state [255, 239, 175, 173, 141, 137, 136, 200, 232, 234, 250, 122, 120, 124, 252, 188, 190, 158, 154, 26, 10, 74, 75, 203, 219, 217, 249, 185, 187], f=93, g=28
[00:00:21:14:487] Expansion 17700000: state [255, 239, 175, 173, 141, 137, 136, 200, 232, 234, 250, 186, 58, 26, 90, 94, 78, 206, 142, 158, 156, 28, 60, 44, 108, 109, 77, 73, 89, 121, 249], f=93, g=30
[00:00:21:21:641] Expansion 17800000: state [255, 239, 175, 173, 141, 137, 136, 200, 232, 234, 250, 186, 154, 158, 142, 206, 78, 110, 46, 44, 60, 56, 120, 88, 90, 91, 219, 217, 249, 185], f=93, g=29
[00:00:21:28:763] Expansion 17900000: state [255, 239, 175, 173, 141, 137, 136, 200, 232, 234, 250, 186, 184, 56, 120, 124, 92, 220, 221, 217], f=93, g=19
[00:00:21:35:829] Expansion 18000000: state [255, 239, 175, 173, 141, 137, 136, 200, 232, 234, 250, 186, 190, 158, 142, 206, 78, 110, 108, 44, 12, 28, 92, 88, 90, 91], f=93, g=25
[00:00:21:46:553] Expansion 18100000: state [255, 239, 175, 173, 141, 137, 136, 200, 232, 234, 250, 186, 187, 155, 219, 91, 75, 73, 77, 76, 78, 206, 222, 220, 156, 28, 24, 56, 120], f=93, g=28
[00:00:21:53:762] Expansion 18200000: state [255, 239, 175, 173, 141, 137, 136, 200, 232, 234, 250, 186, 187, 185, 249, 121, 120, 124, 108, 76, 12, 28, 156, 158, 222, 206], f=93, g=25
[00:00:22:00:969] Expansion 18300000: state [255, 239, 175, 173, 141, 137, 136, 200, 232, 234, 250, 218, 154, 26, 10, 74, 78, 76, 77, 93, 221, 220, 156], f=93, g=22
[00:00:22:08:054] Expansion 18400000: state [255, 239, 175, 173, 141, 137, 136, 200, 232, 234, 250, 218, 222, 158, 156, 188, 252, 124, 108, 76, 78, 74, 75, 91, 89, 25, 24, 56], f=93, g=27
[00:00:22:15:038] Expansion 18500000: state [255, 239, 175, 173, 141, 137, 136, 200, 232, 234, 250, 218, 219, 203, 75, 74, 78, 76, 108, 124, 252, 220, 156, 28, 24, 56, 58], f=93, g=26
[00:00:22:22:058] Expansion 18600000: state [255, 239, 175, 173, 141, 137, 136, 200, 232, 233, 249, 121, 89, 25, 24, 26, 58, 186, 187, 155, 219, 218, 222, 220, 252, 124, 108, 110, 106], f=93, g=28
[00:00:22:29:366] Expansion 18700000: state [255, 239, 175, 173, 141, 137, 136, 200, 232, 233, 249, 121, 89, 73, 75, 74, 90, 94, 222, 220, 252, 188, 60, 44, 108, 76], f=93, g=25
[00:00:22:36:594] Expansion 18800000: state [255, 239, 175, 173, 141, 137, 136, 200, 232, 233, 249, 121, 89, 88, 92, 220, 222, 158, 190, 186, 58, 56, 60, 44, 46, 110, 78, 74, 75], f=93, g=28
[00:00:22:43:877] Expansion 18900000: state [255, 239, 175, 173, 141, 137, 136, 200, 232, 233, 249, 121, 89, 93, 92, 28, 156, 158, 222, 218, 219, 155, 187, 186, 58, 122, 106, 74, 78], f=93, g=28
[00:00:22:51:053] Expansion 19000000: state [255, 239, 175, 173, 141, 137, 136, 200, 232, 233, 249, 121, 89, 91, 75, 74, 78, 76, 12, 28, 156, 158, 154, 26, 58, 122], f=93, g=25
[00:00:22:58:167] Expansion 19100000: state [255, 239, 175, 173, 141, 137, 136, 200, 232, 233, 249, 121, 120, 56, 24, 28, 92, 76, 108, 110, 106, 74, 90, 91, 219, 155, 187, 186, 190, 158, 222], f=93, g=30
[00:00:23:05:331] Expansion 19200000: state [255, 239, 175, 173, 141, 137, 136, 200, 232, 233, 249, 121, 120, 88, 24, 28, 12, 44, 108, 109, 77, 73, 75, 74, 78, 94, 222, 218, 154, 186, 184, 188, 252], f=93, g=32
[00:00:23:12:387] Expansion 19300000: state [255, 239, 175, 173, 141, 137, 136, 200, 232, 233, 249, 121, 120, 124, 108, 110, 78, 74, 75, 91, 219, 155, 187, 186, 58, 26, 24, 28, 156], f=93, g=28
[00:00:23:19:407] Expansion 19400000: state [255, 239, 175, 173, 141, 137, 136, 200, 232, 233, 249, 121, 120, 122, 106, 110, 108, 76, 77, 73, 75, 203, 219, 218, 222, 220, 156, 28, 60], f=93, g=28
[00:00:23:26:281] Expansion 19500000: state [255, 239, 175, 173, 141, 137, 136, 200, 232, 233, 249, 185, 184, 56, 60, 28, 156, 158, 222, 218, 250, 122, 106, 110, 108, 76, 77, 73, 89, 88], f=93, g=29
[00:00:23:33:154] Expansion 19600000: state [255, 239, 175, 173, 141, 137, 136, 200, 232, 233, 249, 185, 184, 188, 60, 44, 108, 110, 106, 122, 250, 218, 219, 91, 89, 73, 77], f=93, g=26
[00:00:23:40:189] Expansion 19700000: state [255, 239, 175, 173, 141, 137, 136, 200, 232, 233, 249, 185, 184, 188, 252, 124, 120, 122, 106, 74, 75, 73, 77, 93, 221], f=93, g=24
[00:00:23:47:315] Expansion 19800000: state [255, 239, 175, 173, 141, 137, 136, 200, 232, 233, 249, 185, 184, 186, 58, 122, 106, 110, 46, 44, 60, 28, 156, 220, 221, 93, 89, 91, 219, 155], f=93, g=29
[00:00:23:54:381] Expansion 19900000: state [255, 239, 175, 173, 141, 137, 136, 200, 232, 233, 249, 185, 184, 186, 250, 218, 90, 74, 106, 110, 46, 44, 60, 28, 24, 25, 89, 73, 77], f=93, g=28
[00:00:24:01:516] Expansion 20000000: state [255, 239, 175, 173, 141, 137, 136, 200, 232, 233, 249, 185, 187, 155, 154, 218, 90, 88, 24, 28, 60, 124, 108, 76], f=93, g=23
[00:00:24:08:576] Expansion 20100000: state [255, 239, 175, 173, 141, 137, 136, 200, 232, 233, 249, 185, 187, 155, 219, 91, 75, 73, 77, 76, 92, 124, 252], f=93, g=22
[00:00:24:15:643] Expansion 20200000: state [255, 239, 175, 173, 141, 137, 136, 200, 232, 233, 249, 185, 187, 155, 219, 203, 75, 74, 106, 110, 108, 76, 77, 93, 89, 25, 24, 28, 156, 220, 222, 206], f=93, g=31
[00:00:24:22:687] Expansion 20300000: state [255, 239, 175, 173, 141, 137, 136, 200, 232, 233, 249, 185, 187, 186, 58, 26, 24, 88, 92, 93, 77, 109, 108, 110, 78, 74, 75, 203, 219, 218, 222, 158, 156, 188], f=93, g=33
