--------------------------
date: cubes
number_of_graphs: 1
graph_type: cube
size_of_graphs: [8, 8]
heuristic: heuristic0
snake: True
run_uni: True
run_bi: False
run_multi: False
cube_first_dims: 8
cube_buffer_dim: 3
backward_sym_generation: False

---------- cubes/8d_cube ----------
[00:00:00:06:673] Expansion 100000: state [255, 223, 207, 203, 75, 73, 72, 200, 136, 168, 40, 56, 24, 26, 90, 94, 92, 124, 252, 248, 250, 234, 106, 110, 46, 174, 175, 173, 189, 157], f=100, g=29
[00:00:00:13:526] Expansion 200000: state [255, 223, 207, 203, 75, 73, 72, 200, 136, 168, 40, 56, 120, 124, 252, 220, 156, 157, 189, 185, 187, 171, 175, 174, 238, 234, 250, 218, 154], f=100, g=28
[00:00:00:20:581] Expansion 300000: state [255, 223, 207, 203, 75, 73, 72, 200, 136, 168, 40, 56, 60, 124, 92, 220, 156, 157, 189, 173, 175, 174, 238, 110, 106, 122, 90], f=100, g=26
[00:00:00:27:723] Expansion 400000: state [255, 223, 207, 203, 75, 73, 72, 200, 136, 168, 40, 56, 58, 122, 250, 218, 154, 155, 153, 157, 156, 220, 92, 124, 108, 109, 237, 173, 175, 174, 142], f=100, g=30
[00:00:00:34:790] Expansion 500000: state [255, 223, 207, 203, 75, 73, 72, 200, 136, 168, 40, 44, 108, 110, 238, 174, 175, 173, 189, 185, 187, 186, 58, 122, 120, 248, 252], f=100, g=26
[00:00:00:42:082] Expansion 600000: state [255, 223, 207, 203, 75, 73, 72, 200, 136, 168, 40, 44, 60, 124, 252, 236, 238, 110, 106, 122, 250, 218, 154, 155, 153, 157], f=100, g=25
[00:00:00:49:475] Expansion 700000: state [255, 223, 207, 203, 75, 73, 72, 200, 136, 168, 40, 44, 46, 110, 238, 234, 250, 248, 252, 220, 156, 158, 154, 155, 187, 185], f=100, g=25
[00:00:00:56:459] Expansion 800000: state [255, 223, 207, 203, 75, 73, 72, 200, 136, 168, 40, 44, 45, 109, 237, 236, 252, 124, 120, 122, 90, 26, 154, 158, 142, 174, 175, 171, 187, 185, 189, 157, 141], f=100, g=32
[00:00:01:03:558] Expansion 900000: state [255, 223, 207, 203, 75, 73, 72, 200, 136, 168, 40, 42, 10, 26, 90, 94, 78, 110, 108, 109, 45, 173, 189, 157, 153, 155, 187], f=100, g=26
[00:00:01:10:771] Expansion 1000000: state [255, 223, 207, 203, 75, 73, 72, 200, 136, 168, 40, 42, 106, 122, 250, 186, 154, 155, 153, 25, 24, 28, 60, 124, 108, 236], f=100, g=25
[00:00:01:18:059] Expansion 1100000: state [255, 223, 207, 203, 75, 73, 72, 200, 136, 168, 40, 42, 58, 26, 154, 155, 187, 171, 175, 173, 189, 188, 156, 220, 92, 124], f=100, g=25
[00:00:01:25:241] Expansion 1200000: state [255, 223, 207, 203, 75, 73, 72, 200, 136, 168, 40, 42, 46, 174, 238, 234, 250, 186, 154, 26, 24, 28, 60, 188, 189, 173, 237, 109], f=100, g=27
[00:00:01:32:634] Expansion 1300000: state [255, 223, 207, 203, 75, 73, 72, 200, 136, 168, 40, 42, 46, 110, 108, 109, 237, 173, 189, 188, 60, 28, 24, 26, 154, 218, 250, 122], f=100, g=27
[00:00:01:39:826] Expansion 1400000: state [255, 223, 207, 203, 75, 73, 72, 200, 136, 168, 40, 42, 43, 171, 175, 173, 141, 157, 153, 155, 154, 186, 250, 122, 90, 94, 92, 93], f=100, g=27
[00:00:01:47:179] Expansion 1500000: state [255, 223, 207, 203, 75, 73, 72, 200, 136, 168, 40, 41, 45, 173, 237, 236, 252, 248, 250, 218, 154, 158, 156, 157, 153, 217], f=100, g=25
[00:00:01:54:377] Expansion 1600000: state [255, 223, 207, 203, 75, 73, 72, 200, 136, 168, 40, 41, 45, 173, 175, 174, 46, 110, 78, 94, 92, 124, 120, 248, 250, 218, 154, 158, 156, 157, 153, 185], f=100, g=31
[00:00:02:01:516] Expansion 1700000: state [255, 223, 207, 203, 75, 73, 72, 200, 136, 168, 40, 41, 45, 109, 108, 110, 238, 174, 142, 158, 156, 157, 153, 25, 24, 26, 90, 218, 250, 248, 252], f=100, g=30
[00:00:02:08:886] Expansion 1800000: state [255, 223, 207, 203, 75, 73, 72, 200, 136, 168, 40, 41, 43, 171, 187, 185, 153, 25, 24, 28, 60, 188, 252, 248, 250, 218, 90, 94, 78, 110, 108, 109, 237], f=100, g=32
[00:00:02:16:141] Expansion 1900000: state [255, 223, 207, 203, 75, 73, 72, 200, 136, 168, 40, 41, 43, 171, 175, 173, 237, 236, 108, 110, 78, 94, 92, 28, 60, 188, 190, 186, 58], f=100, g=28
[00:00:02:23:382] Expansion 2000000: state [255, 223, 207, 203, 75, 73, 72, 200, 136, 168, 184, 56, 24, 28, 92, 220, 252, 236, 108, 110, 46, 42, 43, 41, 45, 173, 141, 157, 153, 155, 154, 218, 250], f=100, g=32
[00:00:02:30:620] Expansion 2100000: state [255, 223, 207, 203, 75, 73, 72, 200, 136, 168, 184, 56, 120, 124, 108, 109, 45, 173, 189, 157, 153, 155, 154, 158, 142, 174, 46, 42, 43, 171], f=100, g=29
[00:00:02:38:088] Expansion 2200000: state [255, 223, 207, 203, 75, 73, 72, 200, 136, 168, 184, 56, 60, 124, 92, 94, 90, 218, 250, 234, 106, 42, 46, 174, 175, 173, 141, 157, 153, 25], f=100, g=29
[00:00:02:45:309] Expansion 2300000: state [255, 223, 207, 203, 75, 73, 72, 200, 136, 168, 184, 248, 120, 124, 60, 44, 45, 109, 237, 236, 238, 234, 106, 42, 10, 26, 154, 155, 153, 157, 141], f=100, g=30
[00:00:02:52:577] Expansion 2400000: state [255, 223, 207, 203, 75, 73, 72, 200, 136, 168, 184, 248, 252, 124, 108, 44, 45, 41, 43, 42, 106, 234, 238, 174, 142, 158, 156, 157, 153, 25, 24, 26, 90, 94], f=100, g=33
[00:00:02:59:648] Expansion 2500000: state [255, 223, 207, 203, 75, 73, 72, 200, 136, 168, 184, 248, 250, 122, 58, 42, 46, 174, 190, 158, 154, 155, 153, 157, 189, 173, 237, 236, 108, 124, 92, 220], f=100, g=31
[00:00:03:06:755] Expansion 2600000: state [255, 223, 207, 203, 75, 73, 72, 200, 136, 168, 184, 248, 250, 234, 106, 42, 46, 174, 190, 158, 154, 155, 153, 157, 141, 173, 45, 109, 108, 124, 92, 28], f=100, g=31
[00:00:03:14:178] Expansion 2700000: state [255, 223, 207, 203, 75, 73, 72, 200, 136, 168, 184, 188, 156, 28, 92, 94, 90, 26, 154, 155, 187, 171, 175, 173, 237, 236, 108, 44], f=100, g=27
[00:00:03:21:323] Expansion 2800000: state [255, 223, 207, 203, 75, 73, 72, 200, 136, 168, 184, 188, 252, 236, 237, 173, 45, 44, 46, 110, 106, 234, 250, 218, 154, 26, 24, 25, 153], f=100, g=28
[00:00:03:28:623] Expansion 2900000: state [255, 223, 207, 203, 75, 73, 72, 200, 136, 168, 184, 186, 154, 26, 10, 42, 106, 110, 78, 94, 92, 220, 156, 157, 141, 173, 237, 233], f=100, g=27
[00:00:03:35:848] Expansion 3000000: state [255, 223, 207, 203, 75, 73, 72, 200, 136, 168, 184, 186, 250, 218, 90, 94, 78, 110, 106, 42, 43, 41, 45, 173, 141, 157, 156, 158, 142], f=100, g=28
[00:00:03:43:055] Expansion 3100000: state [255, 223, 207, 203, 75, 73, 72, 200, 136, 168, 184, 186, 187, 171, 43, 42, 46, 110, 238, 236, 237, 173, 141, 157, 156, 220, 92, 93], f=100, g=27
[00:00:03:50:838] Expansion 3200000: state [255, 223, 207, 203, 75, 73, 72, 200, 136, 168, 184, 185, 153, 157, 156, 220, 92, 94, 90, 26, 10, 42, 43, 171, 175, 174, 238, 236, 237, 109, 45], f=100, g=30
[00:00:03:58:074] Expansion 3300000: state [255, 223, 207, 203, 75, 73, 72, 200, 136, 168, 184, 185, 189, 173, 45, 44, 108, 124, 120, 122, 106, 42, 10, 26, 24, 28, 156, 158, 142], f=100, g=28
[00:00:04:05:300] Expansion 3400000: state [255, 223, 207, 203, 75, 73, 72, 200, 136, 168, 184, 185, 187, 171, 43, 41, 45, 109, 108, 110, 46, 174, 190, 158, 156, 157, 141], f=100, g=26
[00:00:04:12:497] Expansion 3500000: state [255, 223, 207, 203, 75, 73, 72, 200, 136, 168, 172, 44, 60, 124, 92, 94, 78, 110, 106, 234, 250, 218, 154, 26, 10], f=100, g=24
[00:00:04:19:541] Expansion 3600000: state [255, 223, 207, 203, 75, 73, 72, 200, 136, 168, 172, 236, 252, 220, 156, 158, 154, 218, 90, 122, 58, 56, 24, 25, 153, 185, 187, 171, 43, 41], f=100, g=29
[00:00:04:26:572] Expansion 3700000: state [255, 223, 207, 203, 75, 73, 72, 200, 136, 168, 172, 188, 156, 157, 153, 155, 187, 171, 43, 42, 10, 26, 90, 218, 250, 234, 238, 110, 108, 109, 45], f=100, g=30
[00:00:04:33:767] Expansion 3800000: state [255, 223, 207, 203, 75, 73, 72, 200, 136, 168, 172, 174, 142, 158, 156, 28, 24, 26, 10, 42, 43, 41, 45, 109, 108, 124, 120, 122, 250, 186, 187, 185], f=100, g=31
[00:00:04:40:874] Expansion 3900000: state [255, 223, 207, 203, 75, 73, 72, 200, 136, 168, 172, 174, 190, 186, 187, 185, 153, 25, 24, 28, 60, 124, 120, 122, 90], f=100, g=24
[00:00:04:48:099] Expansion 4000000: state [255, 223, 207, 203, 75, 73, 72, 200, 136, 168, 172, 173, 45, 109, 108, 110, 106, 122, 90, 218, 154, 158, 156, 157, 153, 25, 24], f=100, g=26
[00:00:04:56:030] Expansion 4100000: state [255, 223, 207, 203, 75, 73, 72, 200, 136, 168, 172, 173, 189, 185, 153, 155, 154, 218, 90, 94, 78, 110, 108, 124, 60, 28, 156, 220], f=100, g=27
[00:00:05:03:298] Expansion 4200000: state [255, 223, 207, 203, 75, 73, 72, 200, 136, 168, 170, 42, 106, 122, 250, 218, 154, 155, 153, 157, 156, 28, 92, 124, 108, 109], f=100, g=25
[00:00:05:10:571] Expansion 4300000: state [255, 223, 207, 203, 75, 73, 72, 200, 136, 168, 170, 42, 46, 110, 78, 94, 90, 218, 154, 155, 153, 157, 189, 173, 175], f=100, g=24
[00:00:05:17:829] Expansion 4400000: state [255, 223, 207, 203, 75, 73, 72, 200, 136, 168, 170, 234, 106, 110, 78, 94, 90, 218, 154, 155, 153, 157, 156, 220, 252, 236, 237, 109, 45, 41], f=100, g=29
[00:00:05:25:275] Expansion 4500000: state [255, 223, 207, 203, 75, 73, 72, 200, 136, 168, 170, 234, 238, 110, 108, 109, 45, 173, 141, 157, 153, 155, 154, 26, 90, 122, 120, 248, 252, 220, 92, 93], f=100, g=31
[00:00:05:32:344] Expansion 4600000: state [255, 223, 207, 203, 75, 73, 72, 200, 136, 168, 170, 186, 250, 218, 90, 94, 78, 110, 108, 44, 45, 173, 141, 157, 153, 25, 24, 28], f=100, g=27
[00:00:05:39:394] Expansion 4700000: state [255, 223, 207, 203, 75, 73, 72, 200, 136, 168, 170, 174, 46, 110, 106, 122, 250, 218, 154, 26, 24, 25, 153, 185, 189, 173, 45, 109], f=100, g=27
[00:00:05:46:521] Expansion 4800000: state [255, 223, 207, 203, 75, 73, 72, 200, 136, 168, 170, 174, 238, 236, 108, 44, 45, 173, 189, 185, 153, 25, 24, 28, 92], f=100, g=24
[00:00:05:53:623] Expansion 4900000: state [255, 223, 207, 203, 75, 73, 72, 200, 136, 168, 170, 174, 175, 173, 237, 236, 252, 124, 92, 28, 24, 25, 153, 217], f=100, g=23
[00:00:06:01:596] Expansion 5000000: state [255, 223, 207, 203, 75, 73, 72, 200, 136, 168, 170, 171, 187, 155, 153, 25, 24, 26, 90, 122, 120, 124, 252, 236, 237, 109, 45, 41], f=100, g=27
[00:00:06:08:729] Expansion 5100000: state [255, 223, 207, 203, 75, 73, 72, 200, 136, 168, 170, 171, 187, 185, 189, 173, 237, 236, 252, 124, 60, 28, 156, 158, 154, 218, 90, 94, 78, 110, 46], f=100, g=30
[00:00:06:15:905] Expansion 5200000: state [255, 223, 207, 203, 75, 73, 72, 200, 136, 168, 169, 41, 45, 44, 108, 124, 120, 122, 90, 94, 78], f=100, g=20
[00:00:06:22:955] Expansion 5300000: state [255, 223, 207, 203, 75, 73, 72, 200, 136, 168, 169, 41, 45, 44, 46, 110, 238, 236, 252, 220, 92, 28, 24, 25, 153, 155, 187, 186, 250], f=100, g=28
[00:00:06:30:191] Expansion 5400000: state [255, 223, 207, 203, 75, 73, 72, 200, 136, 168, 169, 41, 45, 109, 237, 236, 252, 220, 92, 94, 78, 110, 106, 42, 58, 26, 154, 155, 153, 157, 141], f=100, g=30
[00:00:06:37:469] Expansion 5500000: state [255, 223, 207, 203, 75, 73, 72, 200, 136, 168, 169, 41, 43, 42, 106, 110, 238, 174, 190, 188, 156, 220, 92, 93], f=100, g=23
[00:00:06:44:729] Expansion 5600000: state [255, 223, 207, 203, 75, 73, 72, 200, 136, 168, 169, 233, 237, 109, 45, 44, 46, 42, 10, 26, 24, 25, 153, 157, 156, 220, 252, 124], f=100, g=27
[00:00:06:51:842] Expansion 5700000: state [255, 223, 207, 203, 75, 73, 72, 200, 136, 168, 169, 233, 237, 109, 108, 110, 106, 234, 250, 186, 58, 26, 24, 28, 156, 157, 153], f=100, g=26
[00:00:06:59:058] Expansion 5800000: state [255, 223, 207, 203, 75, 73, 72, 200, 136, 168, 169, 233, 237, 236, 238, 110, 78, 94, 92, 28, 156, 158, 190, 186, 58, 56], f=100, g=25
[00:00:07:06:691] Expansion 5900000: state [255, 223, 207, 203, 75, 73, 72, 200, 136, 168, 169, 185, 153, 157, 156, 28, 92, 94, 78, 110, 106, 122, 120], f=100, g=22
[00:00:07:14:563] Expansion 6000000: state [255, 223, 207, 203, 75, 73, 72, 200, 136, 168, 169, 185, 153, 155, 154, 158, 190, 174, 238, 234, 106, 122, 120, 124, 108, 109, 237], f=100, g=26
[00:00:07:22:382] Expansion 6100000: state [255, 223, 207, 203, 75, 73, 72, 200, 136, 168, 169, 185, 187, 155, 154, 26, 90, 122, 120, 56, 60, 28, 156, 220, 252, 236, 238, 234], f=100, g=27
[00:00:07:30:902] Expansion 6200000: state [255, 223, 207, 203, 75, 73, 72, 200, 136, 168, 169, 173, 45, 44, 108, 124, 252, 188, 190, 186, 187, 155, 153, 25, 24, 26, 90], f=100, g=26
[00:00:07:37:994] Expansion 6300000: state [255, 223, 207, 203, 75, 73, 72, 200, 136, 168, 169, 173, 45, 109, 108, 124, 60, 28, 24, 26, 10, 42, 46, 174, 190, 186, 250, 248], f=100, g=27
[00:00:07:45:272] Expansion 6400000: state [255, 223, 207, 203, 75, 73, 72, 200, 136, 168, 169, 173, 141, 157, 153, 155, 187, 186, 58, 56, 120, 124, 92, 94, 78, 110, 106, 234], f=100, g=27
[00:00:07:52:450] Expansion 6500000: state [255, 223, 207, 203, 75, 73, 72, 200, 136, 168, 169, 173, 237, 109, 108, 110, 46, 174, 142, 158, 156, 28, 92, 94, 90, 122, 250, 248], f=100, g=27
[00:00:07:59:609] Expansion 6600000: state [255, 223, 207, 203, 75, 73, 72, 200, 136, 168, 169, 173, 237, 236, 238, 174, 46, 42, 58, 56, 120, 124, 92, 220, 156, 158, 154, 218], f=100, g=27
[00:00:08:06:877] Expansion 6700000: state [255, 223, 207, 203, 75, 73, 72, 200, 136, 168, 169, 173, 189, 157, 156, 158, 190, 186, 250, 248, 120, 56, 60, 44, 46, 42, 10, 26, 90, 94, 92, 93], f=100, g=31
[00:00:08:14:149] Expansion 6800000: state [255, 223, 207, 203, 75, 73, 72, 200, 136, 168, 169, 173, 175, 174, 238, 110, 78, 94, 92, 28, 156, 188, 252, 248, 120, 56, 58, 186, 154, 155, 153], f=100, g=30
[00:00:08:21:530] Expansion 6900000: state [255, 223, 207, 203, 75, 73, 72, 200, 136, 168, 169, 171, 43, 42, 106, 110, 108, 44, 60, 28, 24, 26, 154, 186, 190], f=100, g=24
[00:00:08:28:805] Expansion 7000000: state [255, 223, 207, 203, 75, 73, 72, 200, 136, 168, 169, 171, 187, 155, 153, 25, 24, 26, 90, 122, 106, 42, 46, 174, 142], f=100, g=24
[00:00:08:36:120] Expansion 7100000: state [255, 223, 207, 203, 75, 73, 72, 200, 136, 168, 169, 171, 187, 186, 154, 26, 24, 56, 60, 188, 252, 220, 92], f=100, g=22
[00:00:08:43:387] Expansion 7200000: state [255, 223, 207, 203, 75, 73, 72, 200, 136, 168, 169, 171, 175, 174, 142, 158, 154, 218, 250, 122, 106, 110, 78, 94, 92, 28, 24, 56], f=100, g=27
[00:00:08:50:711] Expansion 7300000: state [255, 223, 207, 203, 75, 73, 72, 200, 136, 152, 24, 56, 40, 44, 45, 173, 169, 171, 187, 186, 250, 122, 106], f=100, g=22
[00:00:08:57:868] Expansion 7400000: state [255, 223, 207, 203, 75, 73, 72, 200, 136, 152, 24, 56, 120, 248, 250, 234, 106, 110, 108, 236, 172, 173, 169, 185, 187], f=100, g=24
[00:00:09:05:116] Expansion 7500000: state [255, 223, 207, 203, 75, 73, 72, 200, 136, 152, 24, 56, 60, 188, 252, 220, 92, 94, 90, 218, 250, 234, 238, 110, 108, 109, 45, 173, 141, 157], f=100, g=29
[00:00:09:12:242] Expansion 7600000: state [255, 223, 207, 203, 75, 73, 72, 200, 136, 152, 24, 56, 58, 122, 106, 110, 108, 236, 237, 233, 169, 171, 170, 174, 190, 158], f=100, g=25
[00:00:09:19:367] Expansion 7700000: state [255, 223, 207, 203, 75, 73, 72, 200, 136, 152, 24, 28, 92, 124, 120, 122, 250, 186, 170, 171, 43, 41, 45, 44, 172, 236, 238, 110], f=100, g=27
[00:00:09:26:480] Expansion 7800000: state [255, 223, 207, 203, 75, 73, 72, 200, 136, 152, 24, 28, 92, 94, 90, 122, 58, 186, 187, 185, 189, 188, 172, 174, 46, 110], f=100, g=25
[00:00:09:33:566] Expansion 7900000: state [255, 223, 207, 203, 75, 73, 72, 200, 136, 152, 24, 28, 60, 188, 189, 173, 175, 174, 238, 110, 106, 42, 58, 186, 250, 218], f=100, g=25
[00:00:09:42:147] Expansion 8000000: state [255, 223, 207, 203, 75, 73, 72, 200, 136, 152, 24, 26, 10, 42, 46, 110, 78, 94, 92, 220, 252, 248, 250, 186, 187, 185, 169, 41, 45, 109], f=100, g=29
[00:00:09:49:341] Expansion 8100000: state [255, 223, 207, 203, 75, 73, 72, 200, 136, 152, 24, 26, 90, 122, 120, 248, 252, 188, 60, 44, 46, 174, 175, 173, 169], f=100, g=24
[00:00:09:56:562] Expansion 8200000: state [255, 223, 207, 203, 75, 73, 72, 200, 136, 152, 24, 26, 90, 94, 92, 220, 252, 236, 238, 110, 106, 42, 170, 186, 187], f=100, g=24
[00:00:10:03:815] Expansion 8300000: state [255, 223, 207, 203, 75, 73, 72, 200, 136, 152, 24, 26, 58, 186, 187, 171, 175, 174, 46, 44, 60, 124, 252], f=100, g=22
[00:00:10:11:054] Expansion 8400000: state [255, 223, 207, 203, 75, 73, 72, 200, 136, 152, 184, 56, 60, 124, 108, 110, 78, 94, 90, 122, 250, 234, 170, 171, 187], f=100, g=24
[00:00:10:18:378] Expansion 8500000: state [255, 223, 207, 203, 75, 73, 72, 200, 136, 152, 184, 248, 250, 218, 90, 26, 58, 42, 43, 41, 169, 173, 175, 174, 238, 236, 108, 44, 60, 28, 92, 93], f=100, g=31
[00:00:10:25:687] Expansion 8600000: state [255, 223, 207, 203, 75, 73, 72, 200, 136, 152, 184, 188, 189, 173, 45, 41, 43, 42, 170, 234, 238, 110, 108, 124], f=100, g=23
[00:00:10:33:120] Expansion 8700000: state [255, 223, 207, 203, 75, 73, 72, 200, 136, 152, 184, 186, 187, 171, 175, 174, 46, 44, 108, 236, 252, 220, 92, 94], f=100, g=23
[00:00:10:41:075] Expansion 8800000: state [255, 223, 207, 203, 75, 73, 72, 200, 136, 152, 156, 28, 92, 124, 108, 236, 238, 174, 170, 42, 43, 41, 169, 185, 187], f=100, g=24
[00:00:10:48:147] Expansion 8900000: state [255, 223, 207, 203, 75, 73, 72, 200, 136, 152, 156, 28, 92, 94, 90, 26, 10, 42, 40, 44, 45, 109, 237, 233, 169, 171, 187, 186, 250, 234, 238, 174], f=100, g=31
[00:00:10:55:235] Expansion 9000000: state [255, 223, 207, 203, 75, 73, 72, 200, 136, 152, 156, 28, 60, 44, 45, 173, 189, 185, 187, 171, 170, 234, 250, 218, 90, 26], f=100, g=25
[00:00:11:02:260] Expansion 9100000: state [255, 223, 207, 203, 75, 73, 72, 200, 136, 152, 156, 28, 60, 124, 252, 236, 237, 109, 45, 41, 43, 171, 175, 174, 46, 110, 78, 94, 90, 122, 58], f=100, g=30
[00:00:11:09:404] Expansion 9200000: state [255, 223, 207, 203, 75, 73, 72, 200, 136, 152, 156, 220, 92, 94, 78, 110, 108, 109, 237, 173, 189, 185, 187, 186, 170, 234], f=100, g=25
[00:00:11:16:542] Expansion 9300000: state [255, 223, 207, 203, 75, 73, 72, 200, 136, 152, 156, 220, 252, 124, 108, 110, 46, 174, 175, 173, 169, 185, 187, 186, 250, 122, 90, 94], f=100, g=27
[00:00:11:23:679] Expansion 9400000: state [255, 223, 207, 203, 75, 73, 72, 200, 136, 152, 156, 220, 252, 248, 250, 122, 106, 42, 46, 174, 142], f=100, g=20
[00:00:11:30:744] Expansion 9500000: state [255, 223, 207, 203, 75, 73, 72, 200, 136, 152, 156, 188, 172, 236, 238, 110, 78, 94, 90, 218, 250, 186, 187, 171, 43, 42, 40, 56, 120], f=100, g=28
[00:00:11:37:867] Expansion 9600000: state [255, 223, 207, 203, 75, 73, 72, 200, 136, 152, 156, 188, 252, 248, 250, 186, 58, 56, 40, 41, 169, 171, 175, 174, 238, 110, 108, 109, 237], f=100, g=28
[00:00:11:44:999] Expansion 9700000: state [255, 223, 207, 203, 75, 73, 72, 200, 136, 152, 156, 188, 189, 185, 169, 41, 43, 42, 58, 186, 250, 248, 120, 124, 108, 110, 238, 174], f=100, g=27
[00:00:11:52:081] Expansion 9800000: state [255, 223, 207, 203, 75, 73, 72, 200, 136, 152, 156, 158, 142, 174, 238, 110, 106, 122, 250, 186, 187, 185, 189, 173, 237], f=100, g=24
[00:00:11:59:180] Expansion 9900000: state [255, 223, 207, 203, 75, 73, 72, 200, 136, 152, 156, 158, 190, 174, 238, 234, 106, 122, 58, 56, 60, 44, 108, 109, 237, 173, 169, 171, 187], f=100, g=28
[00:00:12:06:286] Expansion 10000000: state [255, 223, 207, 203, 75, 73, 72, 200, 136, 152, 156, 158, 190, 186, 187, 185, 189, 173, 45, 109, 108, 236, 238, 234, 106, 42, 40, 56], f=100, g=27
[00:00:12:13:439] Expansion 10100000: state [255, 223, 207, 203, 75, 73, 72, 200, 136, 152, 156, 157, 141, 173, 175, 171, 170, 186, 250, 218, 90, 94, 92, 124, 60, 44, 46, 110, 238], f=100, g=28
[00:00:12:20:609] Expansion 10200000: state [255, 223, 207, 203, 75, 73, 72, 200, 136, 152, 156, 157, 189, 173, 175, 171, 170, 186, 250, 218, 90, 94, 92, 124, 120, 56, 40, 41], f=100, g=27
[00:00:12:27:851] Expansion 10300000: state [255, 223, 207, 203, 75, 73, 72, 200, 136, 152, 156, 157, 189, 185, 187, 171, 170, 234, 106, 110, 46, 44, 40, 56, 58, 26, 90, 94, 92, 124, 252], f=100, g=30
[00:00:12:36:881] Expansion 10400000: state [255, 223, 207, 203, 75, 73, 72, 200, 136, 152, 154, 26, 90, 122, 106, 110, 108, 109, 237, 233, 169, 171, 175, 174, 172, 188, 189], f=100, g=26
[00:00:12:44:063] Expansion 10500000: state [255, 223, 207, 203, 75, 73, 72, 200, 136, 152, 154, 26, 90, 94, 92, 220, 252, 236, 238, 174, 170, 42, 43, 41, 45, 173, 189, 185], f=100, g=27
[00:00:12:51:295] Expansion 10600000: state [255, 223, 207, 203, 75, 73, 72, 200, 136, 152, 154, 26, 58, 122, 106, 110, 78, 94, 92, 28, 60, 44, 172, 174, 170, 171, 169, 233], f=100, g=27
[00:00:12:58:563] Expansion 10700000: state [255, 223, 207, 203, 75, 73, 72, 200, 136, 152, 154, 218, 90, 122, 120, 124, 252, 188, 189, 185, 187, 171, 175], f=100, g=22
[00:00:13:05:821] Expansion 10800000: state [255, 223, 207, 203, 75, 73, 72, 200, 136, 152, 154, 218, 250, 122, 58, 56, 60, 124, 108, 110, 46, 174, 170, 171, 43, 41, 45], f=100, g=26
[00:00:13:13:094] Expansion 10900000: state [255, 223, 207, 203, 75, 73, 72, 200, 136, 152, 154, 218, 250, 248, 120, 124, 60, 44, 45, 173, 189, 185, 187, 171, 170, 42, 106], f=100, g=26
[00:00:13:20:362] Expansion 11000000: state [255, 223, 207, 203, 75, 73, 72, 200, 136, 152, 154, 186, 170, 171, 43, 41, 40, 56, 120, 122, 90, 94, 78, 110, 238, 236, 237, 173, 189, 157], f=100, g=29
[00:00:13:27:643] Expansion 11100000: state [255, 223, 207, 203, 75, 73, 72, 200, 136, 152, 154, 186, 190, 188, 60, 44, 108, 236, 237, 173, 169, 171, 43, 42, 106, 122, 90, 94, 78], f=100, g=28
[00:00:13:35:004] Expansion 11200000: state [255, 223, 207, 203, 75, 73, 72, 200, 136, 152, 154, 158, 142, 174, 170, 42, 58, 56, 60, 28, 92, 94, 78, 110, 108, 236, 237, 233, 169, 185], f=100, g=29
[00:00:13:42:303] Expansion 11300000: state [255, 223, 207, 203, 75, 73, 72, 200, 136, 152, 154, 158, 190, 174, 170, 42, 58, 56, 60, 44, 108, 236, 237, 173], f=100, g=23
[00:00:13:49:579] Expansion 11400000: state [255, 223, 207, 203, 75, 73, 72, 200, 136, 152, 154, 158, 190, 188, 252, 248, 250, 122, 106, 42, 46], f=100, g=20
[00:00:13:56:956] Expansion 11500000: state [255, 223, 207, 203, 75, 73, 72, 200, 136, 152, 154, 155, 187, 171, 170, 42, 46, 110, 108, 236, 237, 173, 189, 188, 190], f=100, g=24
[00:00:14:04:320] Expansion 11600000: state [255, 223, 207, 203, 75, 73, 72, 200, 136, 152, 154, 155, 187, 185, 169, 173, 172, 174, 170, 42, 106, 122, 90, 94, 92, 28, 60], f=100, g=26
[00:00:14:11:708] Expansion 11700000: state [255, 223, 207, 203, 75, 73, 72, 200, 136, 152, 153, 185, 169, 41, 45, 109, 108, 236, 172, 188, 60, 56, 58, 26, 90, 218, 250], f=100, g=26
[00:00:14:19:103] Expansion 11800000: state [255, 223, 207, 203, 75, 73, 72, 200, 136, 152, 153, 185, 169, 173, 45, 44, 46, 42, 10, 26, 90, 218, 250, 186, 190, 188, 252, 124, 120, 56], f=100, g=29
[00:00:14:28:715] Expansion 11900000: state [255, 223, 207, 203, 75, 73, 72, 200, 136, 152, 153, 185, 169, 171, 170, 42, 58, 56, 60, 44, 108, 236, 252, 248], f=100, g=23
[00:00:14:36:073] Expansion 12000000: state [255, 223, 207, 203, 75, 73, 72, 200, 136, 152, 153, 185, 189, 173, 237, 236, 252, 124, 60, 56, 40, 41, 43, 171, 170, 186, 250, 122, 90, 26], f=100, g=29
[00:00:14:43:480] Expansion 12100000: state [255, 223, 207, 203, 75, 73, 72, 200, 136, 152, 153, 185, 187, 171, 43, 41, 40, 44, 172, 188, 252, 248, 250, 122, 90, 94, 92, 28], f=100, g=27
[00:00:14:50:852] Expansion 12200000: state [255, 223, 207, 203, 75, 73, 72, 200, 136, 152, 153, 185, 187, 171, 175, 174, 172, 188, 60, 28, 92, 94, 90, 26, 10, 42, 40, 41, 45, 109, 108, 110], f=100, g=31
[00:00:14:58:214] Expansion 12300000: state [255, 223, 207, 203, 75, 73, 72, 200, 136, 152, 153, 157, 141, 173, 45, 41, 43, 42, 170, 234, 250, 122, 120, 56, 60, 188, 252], f=100, g=26
[00:00:15:05:611] Expansion 12400000: state [255, 223, 207, 203, 75, 73, 72, 200, 136, 152, 153, 157, 141, 173, 169, 171, 187, 186, 250, 234, 238, 110, 78, 94, 92, 28, 60, 44], f=100, g=27
[00:00:15:12:918] Expansion 12500000: state [255, 223, 207, 203, 75, 73, 72, 200, 136, 152, 153, 157, 141, 173, 175, 171, 187, 186, 250, 218, 90, 94, 92, 220, 252, 188, 60, 44, 46, 110, 106], f=100, g=30
[00:00:15:20:599] Expansion 12600000: state [255, 223, 207, 203, 75, 73, 72, 200, 136, 152, 153, 157, 189, 173, 172, 44, 108, 110, 78, 94, 92, 220, 252, 248, 250, 186, 170, 171], f=100, g=27
[00:00:15:28:229] Expansion 12700000: state [255, 223, 207, 203, 75, 73, 72, 200, 136, 152, 153, 157, 189, 188, 60, 56, 120, 122, 90, 94, 78, 110, 108, 236, 237, 233, 169, 171, 170, 174, 142], f=100, g=30
[00:00:15:35:874] Expansion 12800000: state [255, 223, 207, 203, 75, 73, 72, 200, 136, 152, 153, 157, 189, 188, 190, 174, 175, 171, 169, 41, 40, 42, 106, 234, 250, 248, 120, 124, 108, 236], f=100, g=29
[00:00:15:43:185] Expansion 12900000: state [255, 223, 207, 203, 75, 73, 72, 200, 136, 152, 153, 155, 187, 171, 169, 233, 237, 109, 108, 110, 106, 234, 250, 218, 90, 26, 58, 56, 60], f=100, g=28
[00:00:15:50:498] Expansion 13000000: state [255, 223, 207, 203, 75, 73, 72, 200, 136, 152, 153, 155, 187, 171, 175, 173, 172, 44, 60, 124, 252, 248, 250, 234, 106, 42, 10, 26, 90], f=100, g=28
[00:00:15:58:099] Expansion 13100000: state [255, 223, 207, 203, 75, 73, 72, 200, 136, 152, 153, 155, 187, 186, 250, 122, 106, 110, 78, 94, 92, 28, 60, 56, 40, 41, 45, 173, 189], f=100, g=28
[00:00:16:05:622] Expansion 13200000: state [255, 223, 207, 203, 75, 73, 72, 200, 136, 140, 172, 44, 40, 41, 43, 171, 187, 186, 250, 218, 90, 94, 92, 28, 24, 25, 153, 157, 189], f=100, g=28
[00:00:16:13:023] Expansion 13300000: state [255, 223, 207, 203, 75, 73, 72, 200, 136, 140, 172, 44, 46, 110, 106, 234, 170, 171, 169, 185, 153, 25, 24], f=100, g=22
[00:00:16:20:416] Expansion 13400000: state [255, 223, 207, 203, 75, 73, 72, 200, 136, 140, 172, 236, 108, 110, 106, 42, 40, 56, 24, 25, 153, 155], f=100, g=21
[00:00:16:27:714] Expansion 13500000: state [255, 223, 207, 203, 75, 73, 72, 200, 136, 140, 172, 236, 238, 110, 46, 42, 58, 56, 60, 28, 92, 94, 90, 218, 154, 155, 187, 185, 189], f=100, g=28
[00:00:16:35:019] Expansion 13600000: state [255, 223, 207, 203, 75, 73, 72, 200, 136, 140, 172, 236, 237, 233, 169, 185, 187, 155, 154, 26, 10, 42, 40, 56, 60], f=100, g=24
[00:00:16:42:381] Expansion 13700000: state [255, 223, 207, 203, 75, 73, 72, 200, 136, 140, 172, 188, 184, 248, 250, 234, 238, 110, 78, 94, 92, 28, 24, 25, 153, 155, 187, 171, 169, 41, 40], f=100, g=30
[00:00:16:49:754] Expansion 13800000: state [255, 223, 207, 203, 75, 73, 72, 200, 136, 140, 172, 188, 252, 248, 250, 122, 58, 42, 46, 110, 108, 109, 237, 233, 169, 185, 153, 25, 24, 28], f=100, g=29
[00:00:16:57:124] Expansion 13900000: state [255, 223, 207, 203, 75, 73, 72, 200, 136, 140, 172, 188, 189, 157, 153, 155, 187, 171, 170, 234, 250, 248, 120, 56, 24, 26, 90, 94, 78, 110, 108, 109, 45], f=100, g=32
[00:00:17:04:502] Expansion 14000000: state [255, 223, 207, 203, 75, 73, 72, 200, 136, 140, 172, 174, 46, 110, 108, 124, 60, 28, 24, 26, 90, 122, 250, 186, 184, 185, 153, 155], f=100, g=27
[00:00:17:11:831] Expansion 14100000: state [255, 223, 207, 203, 75, 73, 72, 200, 136, 140, 172, 174, 238, 110, 106, 122, 250, 218, 154, 155, 187, 185, 169, 41, 40, 56, 24, 28, 92, 124, 252], f=100, g=30
[00:00:17:19:178] Expansion 14200000: state [255, 223, 207, 203, 75, 73, 72, 200, 136, 140, 172, 174, 190, 186, 58, 122, 90, 94], f=100, g=17
[00:00:17:26:679] Expansion 14300000: state [255, 223, 207, 203, 75, 73, 72, 200, 136, 140, 172, 173, 45, 41, 40, 42, 46, 110, 238, 234, 250, 248, 120, 124, 60, 28, 24, 25, 153, 155, 154, 158, 190], f=100, g=32
[00:00:17:34:155] Expansion 14400000: state [255, 223, 207, 203, 75, 73, 72, 200, 136, 140, 172, 173, 169, 185, 153, 155, 154, 218, 90, 94, 78, 110, 108, 124, 60, 56, 40, 42, 10], f=100, g=28
[00:00:17:41:583] Expansion 14500000: state [255, 223, 207, 203, 75, 73, 72, 200, 136, 140, 172, 173, 189, 157, 153, 155, 154, 26, 90, 94, 92, 220, 252, 248, 184, 56, 40, 41, 43, 171, 170, 234, 106, 110, 46], f=100, g=34
[00:00:17:48:946] Expansion 14600000: state [255, 223, 207, 203, 75, 73, 72, 200, 136, 140, 172, 173, 175, 171, 187, 185, 184, 248, 252, 124, 92, 94, 90, 122, 106], f=100, g=24
[00:00:17:56:431] Expansion 14700000: state [255, 223, 207, 203, 75, 73, 72, 200, 136, 140, 156, 28, 24, 56, 120, 124, 252, 236, 237, 109, 45, 41, 43, 42, 46, 110, 78, 94, 90, 218, 154, 155, 153, 185, 189], f=100, g=34
[00:00:18:03:928] Expansion 14800000: state [255, 223, 207, 203, 75, 73, 72, 200, 136, 140, 156, 28, 24, 26, 154, 186, 250, 122, 106, 110, 238, 174], f=100, g=21
[00:00:18:11:525] Expansion 14900000: state [255, 223, 207, 203, 75, 73, 72, 200, 136, 140, 156, 28, 24, 26, 90, 94, 78, 110, 106, 42, 43, 171, 187, 185, 184, 248, 252, 236, 237, 173, 45, 44], f=100, g=31
[00:00:18:19:078] Expansion 15000000: state [255, 223, 207, 203, 75, 73, 72, 200, 136, 140, 156, 28, 24, 25, 153, 185, 187, 186, 170, 174, 46, 110, 106, 122, 90], f=100, g=24
[00:00:18:26:272] Expansion 15100000: state [255, 223, 207, 203, 75, 73, 72, 200, 136, 140, 156, 28, 92, 124, 108, 236, 237, 173, 189, 185, 184, 248, 250, 234, 170], f=100, g=24
[00:00:18:33:699] Expansion 15200000: state [255, 223, 207, 203, 75, 73, 72, 200, 136, 140, 156, 28, 92, 124, 120, 122, 106, 42, 46, 174, 175, 173, 189, 185], f=100, g=23
[00:00:18:40:910] Expansion 15300000: state [255, 223, 207, 203, 75, 73, 72, 200, 136, 140, 156, 28, 92, 94, 78, 110, 106, 234, 250, 186, 58, 56, 40, 41, 43], f=100, g=24
[00:00:18:48:057] Expansion 15400000: state [255, 223, 207, 203, 75, 73, 72, 200, 136, 140, 156, 28, 92, 94, 90, 26, 154, 155, 187, 185, 184, 248, 250, 234, 238, 174, 175, 173, 45, 44, 40], f=100, g=30
[00:00:18:55:203] Expansion 15500000: state [255, 223, 207, 203, 75, 73, 72, 200, 136, 140, 156, 28, 92, 94, 90, 122, 120, 56, 40, 42, 170, 234, 238, 110, 108, 109, 45, 173, 169, 185, 187], f=100, g=30
[00:00:19:02:347] Expansion 15600000: state [255, 223, 207, 203, 75, 73, 72, 200, 136, 140, 156, 28, 60, 44, 46, 174, 175, 173, 169, 185, 184, 186, 58, 122, 90], f=100, g=24
[00:00:19:09:497] Expansion 15700000: state [255, 223, 207, 203, 75, 73, 72, 200, 136, 140, 156, 28, 60, 56, 184, 185, 169, 41, 45, 109, 237, 236, 238, 174, 46, 42, 106, 122], f=100, g=27
[00:00:19:16:600] Expansion 15800000: state [255, 223, 207, 203, 75, 73, 72, 200, 136, 140, 156, 28, 60, 124, 108, 110, 78, 94, 90, 122, 250, 234, 170, 174, 175, 173, 189, 185, 153, 217], f=100, g=29
[00:00:19:23:689] Expansion 15900000: state [255, 223, 207, 203, 75, 73, 72, 200, 136, 140, 156, 28, 60, 124, 252, 248, 184, 185, 153, 155, 154, 26, 10, 42, 43, 41, 45, 173, 237, 233], f=100, g=29
[00:00:19:30:858] Expansion 16000000: state [255, 223, 207, 203, 75, 73, 72, 200, 136, 140, 156, 220, 92, 124, 60, 56, 184, 185, 189, 173, 175, 174, 46, 42, 106, 122, 90, 26], f=100, g=27
[00:00:19:38:026] Expansion 16100000: state [255, 223, 207, 203, 75, 73, 72, 200, 136, 140, 156, 220, 92, 124, 108, 110, 238, 234, 170, 171, 43, 41, 40, 56, 58, 122, 90, 218], f=100, g=27
[00:00:19:45:198] Expansion 16200000: state [255, 223, 207, 203, 75, 73, 72, 200, 136, 140, 156, 220, 92, 124, 120, 248, 250, 218, 154, 155, 187, 171, 169, 41, 45], f=100, g=24
[00:00:19:52:330] Expansion 16300000: state [255, 223, 207, 203, 75, 73, 72, 200, 136, 140, 156, 220, 92, 94, 78, 110, 108, 236, 237, 233, 169, 41, 43, 42, 10, 26, 24, 56, 184, 186, 187, 155], f=100, g=31
[00:00:19:59:500] Expansion 16400000: state [255, 223, 207, 203, 75, 73, 72, 200, 136, 140, 156, 220, 92, 94, 90, 26, 24, 25, 153, 155, 187, 171, 169, 173, 45, 44, 46, 174, 238, 236], f=100, g=29
[00:00:20:06:706] Expansion 16500000: state [255, 223, 207, 203, 75, 73, 72, 200, 136, 140, 156, 220, 92, 94, 90, 218, 250, 234, 238, 236, 108, 44, 60, 56, 58, 42, 43, 171, 175, 173, 189, 185, 153], f=100, g=32
[00:00:20:13:836] Expansion 16600000: state [255, 223, 207, 203, 75, 73, 72, 200, 136, 140, 156, 220, 252, 124, 60, 44, 46, 42, 58, 122, 250, 218, 154, 155, 153, 217], f=100, g=25
[00:00:20:20:948] Expansion 16700000: state [255, 223, 207, 203, 75, 73, 72, 200, 136, 140, 156, 220, 252, 124, 108, 110, 106, 42, 40, 56, 24, 25, 153, 185, 187, 186, 250, 218], f=100, g=27
[00:00:20:28:089] Expansion 16800000: state [255, 223, 207, 203, 75, 73, 72, 200, 136, 140, 156, 220, 252, 124, 120, 122, 90, 94, 78, 110, 46, 42, 170, 171, 175, 173, 189, 185, 153, 155], f=100, g=29
[00:00:20:35:205] Expansion 16900000: state [255, 223, 207, 203, 75, 73, 72, 200, 136, 140, 156, 220, 252, 236, 238, 110, 78, 94, 90, 218, 154, 186, 170, 42, 40], f=100, g=24
[00:00:20:42:260] Expansion 17000000: state [255, 223, 207, 203, 75, 73, 72, 200, 136, 140, 156, 220, 252, 236, 237, 173, 169, 185, 184, 56, 24, 26, 90, 122, 106, 42, 43], f=100, g=26
[00:00:20:49:377] Expansion 17100000: state [255, 223, 207, 203, 75, 73, 72, 200, 136, 140, 156, 220, 252, 248, 120, 122, 90, 218, 154, 186, 187, 185, 189, 173, 45, 44, 108, 110, 238, 234], f=100, g=29
[00:00:20:56:481] Expansion 17200000: state [255, 223, 207, 203, 75, 73, 72, 200, 136, 140, 156, 220, 252, 248, 250, 218, 90, 94, 78, 110, 108, 44, 60, 56, 24, 25, 153, 185, 189, 173, 175, 171], f=100, g=31
[00:00:21:03:618] Expansion 17300000: state [255, 223, 207, 203, 75, 73, 72, 200, 136, 140, 156, 188, 60, 44, 45, 109, 237, 236, 238, 234, 170, 186, 187, 185], f=100, g=23
[00:00:21:10:750] Expansion 17400000: state [255, 223, 207, 203, 75, 73, 72, 200, 136, 140, 156, 188, 60, 124, 92, 94, 90, 26, 24, 25, 153, 155, 187, 186, 250, 234, 238, 174, 175, 173, 45], f=100, g=30
[00:00:21:17:868] Expansion 17500000: state [255, 223, 207, 203, 75, 73, 72, 200, 136, 140, 156, 188, 184, 56, 40, 44, 108, 109, 237, 173, 169, 171, 187, 155, 154, 218], f=100, g=25
[00:00:21:25:007] Expansion 17600000: state [255, 223, 207, 203, 75, 73, 72, 200, 136, 140, 156, 188, 184, 186, 58, 122, 90, 94, 78, 110, 108, 236, 237, 173], f=100, g=23
[00:00:21:32:139] Expansion 17700000: state [255, 223, 207, 203, 75, 73, 72, 200, 136, 140, 156, 188, 252, 124, 92, 94, 78, 110, 106, 122, 58, 186, 187, 185, 153, 217], f=100, g=25
[00:00:21:39:265] Expansion 17800000: state [255, 223, 207, 203, 75, 73, 72, 200, 136, 140, 156, 188, 252, 124, 120, 122, 58, 26, 154, 155, 153, 185, 169, 171, 170, 234, 238, 110, 46, 44, 40], f=100, g=30
[00:00:21:46:343] Expansion 17900000: state [255, 223, 207, 203, 75, 73, 72, 200, 136, 140, 156, 188, 252, 236, 237, 173, 45, 41, 43, 171, 187, 186, 250, 218, 90], f=100, g=24
[00:00:21:53:437] Expansion 18000000: state [255, 223, 207, 203, 75, 73, 72, 200, 136, 140, 156, 188, 252, 248, 250, 218, 90, 94, 78, 110, 106, 42, 170, 174, 175, 173, 169, 185, 153, 25, 24], f=100, g=30
[00:00:22:00:538] Expansion 18100000: state [255, 223, 207, 203, 75, 73, 72, 200, 136, 140, 156, 188, 190, 174, 238, 234, 250, 122, 58, 56, 40, 44, 108, 109, 237, 173, 169, 171, 187, 155, 153, 25], f=100, g=31
[00:00:22:07:627] Expansion 18200000: state [255, 223, 207, 203, 75, 73, 72, 200, 136, 140, 156, 188, 190, 186, 187, 155, 153, 25, 24, 56, 40, 41, 45, 173, 237, 236], f=100, g=25
[00:00:22:14:733] Expansion 18300000: state [255, 223, 207, 203, 75, 73, 72, 200, 136, 140, 156, 188, 189, 173, 237, 236, 108, 110, 46, 174, 170, 171, 187, 155, 154, 218, 90, 122], f=100, g=27
[00:00:22:21:877] Expansion 18400000: state [255, 223, 207, 203, 75, 73, 72, 200, 136, 140, 156, 188, 189, 185, 169, 233, 237, 236, 238, 110, 106, 42, 170, 186, 154, 218, 90, 94, 92], f=100, g=28
[00:00:22:29:030] Expansion 18500000: state [255, 223, 207, 203, 75, 73, 72, 200, 136, 140, 156, 158, 154, 26, 24, 56, 60, 44, 46, 42, 106, 234], f=100, g=21
[00:00:22:36:205] Expansion 18600000: state [255, 223, 207, 203, 75, 73, 72, 200, 136, 140, 156, 158, 154, 26, 90, 94, 92, 124, 120, 248, 250, 234, 170, 174, 175, 173, 169, 41, 43], f=100, g=28
[00:00:22:43:343] Expansion 18700000: state [255, 223, 207, 203, 75, 73, 72, 200, 136, 140, 156, 158, 154, 218, 90, 94, 78, 110, 106, 234, 170, 171, 169, 41, 45, 44, 60, 56, 24, 25, 153, 217], f=100, g=31
[00:00:22:50:458] Expansion 18800000: state [255, 223, 207, 203, 75, 73, 72, 200, 136, 140, 156, 158, 154, 218, 250, 248, 184, 56, 60, 44, 108, 110, 106, 42, 170, 171, 175, 173, 237], f=100, g=28
[00:00:22:57:577] Expansion 18900000: state [255, 223, 207, 203, 75, 73, 72, 200, 136, 140, 156, 158, 154, 186, 187, 171, 43, 41, 45, 173, 237, 236, 238, 110, 106, 122, 120, 124], f=100, g=27
[00:00:23:04:728] Expansion 19000000: state [255, 223, 207, 203, 75, 73, 72, 200, 136, 140, 156, 158, 154, 155, 153, 185, 184, 248, 120, 122, 58, 42, 43, 41, 45, 173, 237, 236, 238, 110, 78, 94, 92], f=100, g=32
[00:00:23:11:857] Expansion 19100000: state [255, 223, 207, 203, 75, 73, 72, 200, 136, 140, 156, 158, 154, 155, 187, 185, 184, 248, 252, 236, 237, 173, 175, 174, 46, 42, 58, 122, 90, 94, 92], f=100, g=30
[00:00:23:18:976] Expansion 19200000: state [255, 223, 207, 203, 75, 73, 72, 200, 136, 140, 156, 158, 190, 174, 170, 234, 250, 248, 120, 124, 108, 44, 40, 41, 169, 185], f=100, g=25
[00:00:23:26:052] Expansion 19300000: state [255, 223, 207, 203, 75, 73, 72, 200, 136, 140, 156, 158, 190, 174, 238, 236, 237, 233, 169, 171, 43, 42, 58, 56, 120, 124, 92, 93], f=100, g=27
[00:00:23:33:218] Expansion 19400000: state [255, 223, 207, 203, 75, 73, 72, 200, 136, 140, 156, 158, 190, 186, 184, 248, 120, 122, 90, 94, 78, 110, 108, 236, 237, 173, 169, 41, 43], f=100, g=28
[00:00:23:40:333] Expansion 19500000: state [255, 223, 207, 203, 75, 73, 72, 200, 136, 140, 156, 158, 190, 186, 187, 185, 169, 173, 237, 236, 252, 124, 120, 122, 90, 26, 10], f=100, g=26
[00:00:23:48:865] Expansion 19600000: state [255, 223, 207, 203, 75, 73, 72, 200, 136, 140, 156, 157, 153, 25, 24, 56, 58, 186, 154, 218, 90, 94, 78, 110, 46, 174, 175, 173, 237, 233], f=100, g=29
[00:00:23:55:982] Expansion 19700000: state [255, 223, 207, 203, 75, 73, 72, 200, 136, 140, 156, 157, 153, 25, 24, 26, 90, 94, 78, 110, 106, 42, 43, 171, 175, 174, 190, 186, 250], f=100, g=28
[00:00:24:03:103] Expansion 19800000: state [255, 223, 207, 203, 75, 73, 72, 200, 136, 140, 156, 157, 153, 185, 169, 233, 237, 236, 252, 248, 120, 122, 58, 42, 46, 44], f=100, g=25
[00:00:24:10:197] Expansion 19900000: state [255, 223, 207, 203, 75, 73, 72, 200, 136, 140, 156, 157, 153, 185, 184, 56, 40, 42, 10, 26, 90, 94, 92, 124, 108, 109, 237, 173, 175, 174, 238, 234], f=100, g=31
[00:00:24:17:268] Expansion 20000000: state [255, 223, 207, 203, 75, 73, 72, 200, 136, 140, 156, 157, 153, 185, 187, 171, 170, 174, 238, 236, 237, 109, 45, 44, 40, 56, 120, 124, 92, 94, 90, 218], f=100, g=31
[00:00:24:24:361] Expansion 20100000: state [255, 223, 207, 203, 75, 73, 72, 200, 136, 140, 156, 157, 153, 155, 154, 26, 90, 122, 106, 110, 108, 109, 237, 233, 169, 41, 40], f=100, g=26
[00:00:24:31:538] Expansion 20200000: state [255, 223, 207, 203, 75, 73, 72, 200, 136, 140, 156, 157, 153, 155, 154, 218, 250, 248, 120, 124, 108, 109, 237, 173, 169, 171, 170, 42, 46], f=100, g=28
[00:00:24:38:602] Expansion 20300000: state [255, 223, 207, 203, 75, 73, 72, 200, 136, 140, 156, 157, 153, 155, 187, 171, 169, 173, 45, 44, 40, 56, 58, 26, 90, 218, 250, 248, 252, 236, 238, 110], f=100, g=31
[00:00:24:45:678] Expansion 20400000: state [255, 223, 207, 203, 75, 73, 72, 200, 136, 140, 156, 157, 153, 155, 187, 186, 250, 248, 252, 124, 92, 94, 78, 110, 46, 44, 45, 109, 237], f=100, g=28
[00:00:24:52:785] Expansion 20500000: state [255, 223, 207, 203, 75, 73, 72, 200, 136, 140, 156, 157, 189, 173, 169, 41, 40, 42, 46, 110, 78, 94, 90, 26, 154, 155], f=100, g=25
[00:00:24:59:913] Expansion 20600000: state [255, 223, 207, 203, 75, 73, 72, 200, 136, 140, 156, 157, 189, 173, 237, 236, 238, 110, 78, 94, 92, 124, 60, 56, 58, 42, 43, 171, 187], f=100, g=28
[00:00:25:06:981] Expansion 20700000: state [255, 223, 207, 203, 75, 73, 72, 200, 136, 140, 156, 157, 189, 185, 169, 41, 45, 109, 237, 236, 238, 110, 46, 42, 58, 56, 60, 124, 92, 94, 90, 218], f=100, g=31
[00:00:25:14:057] Expansion 20800000: state [255, 223, 207, 203, 75, 73, 72, 200, 136, 140, 156, 157, 189, 185, 184, 248, 250, 122, 58, 42, 46], f=100, g=20
[00:00:25:21:095] Expansion 20900000: state [255, 223, 207, 203, 75, 73, 72, 200, 136, 140, 142, 174, 46, 42, 10, 26, 24, 56, 184, 185, 169, 173, 45, 109, 108, 124], f=100, g=25
[00:00:25:28:224] Expansion 21000000: state [255, 223, 207, 203, 75, 73, 72, 200, 136, 140, 142, 174, 46, 42, 106, 122, 90, 218, 154, 155, 153, 185, 189, 173, 45, 109, 108, 124, 60], f=100, g=28
[00:00:25:35:300] Expansion 21100000: state [255, 223, 207, 203, 75, 73, 72, 200, 136, 140, 142, 174, 46, 42, 43, 171, 169, 173, 189, 188, 184, 248, 120, 122, 90, 94, 92, 28, 24, 25], f=100, g=29
[00:00:25:42:449] Expansion 21200000: state [255, 223, 207, 203, 75, 73, 72, 200, 136, 140, 142, 174, 46, 44, 45, 173, 169, 171, 187, 186, 154, 218, 90, 94, 92, 124, 252], f=100, g=26
[00:00:25:49:516] Expansion 21300000: state [255, 223, 207, 203, 75, 73, 72, 200, 136, 140, 142, 174, 46, 110, 106, 122, 58, 56, 40, 41, 45, 173, 189, 157], f=100, g=23
[00:00:25:56:556] Expansion 21400000: state [255, 223, 207, 203, 75, 73, 72, 200, 136, 140, 142, 174, 46, 110, 108, 109, 237, 173, 189, 188, 60, 28, 92, 94, 90, 218, 154, 186, 187, 171, 43, 41, 40], f=100, g=32
[00:00:26:03:619] Expansion 21500000: state [255, 223, 207, 203, 75, 73, 72, 200, 136, 140, 142, 174, 170, 42, 106, 110, 78, 94, 92, 124, 60, 188, 189, 173, 169, 41], f=100, g=25
[00:00:26:10:652] Expansion 21600000: state [255, 223, 207, 203, 75, 73, 72, 200, 136, 140, 142, 174, 170, 234, 106, 122, 90, 94, 92, 220, 252, 188, 60, 44, 108, 109, 237, 233, 169, 185, 153, 25], f=100, g=31
[00:00:26:17:667] Expansion 21700000: state [255, 223, 207, 203, 75, 73, 72, 200, 136, 140, 142, 174, 170, 234, 250, 248, 252, 220, 92, 28, 60, 56, 58, 26, 154, 155, 153, 185, 169, 41, 45, 109, 108], f=100, g=32
[00:00:26:24:714] Expansion 21800000: state [255, 223, 207, 203, 75, 73, 72, 200, 136, 140, 142, 174, 170, 171, 43, 41, 40, 56, 60, 124, 92, 94, 78, 110, 106, 122, 250, 218, 154, 155, 153, 185, 189, 173, 237, 233], f=100, g=35
[00:00:26:31:806] Expansion 21900000: state [255, 223, 207, 203, 75, 73, 72, 200, 136, 140, 142, 174, 170, 171, 187, 155, 153, 25, 24, 26, 90, 122, 120, 248, 252, 188, 60, 44, 45], f=100, g=28
[00:00:26:38:874] Expansion 22000000: state [255, 223, 207, 203, 75, 73, 72, 200, 136, 140, 142, 174, 238, 110, 78, 94, 92, 220, 252, 248, 250, 218, 154, 155, 153, 157, 189, 173, 45, 44, 40], f=100, g=30
[00:00:26:45:969] Expansion 22100000: state [255, 223, 207, 203, 75, 73, 72, 200, 136, 140, 142, 174, 238, 110, 106, 122, 250, 218, 154, 26, 24, 25, 153, 157, 189, 188, 60, 44, 40], f=100, g=28
[00:00:26:53:094] Expansion 22200000: state [255, 223, 207, 203, 75, 73, 72, 200, 136, 140, 142, 174, 238, 110, 108, 109, 45, 173, 189, 185, 184, 248, 120, 122, 90, 94, 92], f=100, g=26
[00:00:27:00:199] Expansion 22300000: state [255, 223, 207, 203, 75, 73, 72, 200, 136, 140, 142, 174, 238, 234, 106, 122, 58, 186, 184, 248, 252, 220, 92, 28, 24, 25, 153, 157, 189, 173, 237, 109, 108, 44, 40, 41, 43, 171], f=100, g=37
[00:00:27:07:280] Expansion 22400000: state [255, 223, 207, 203, 75, 73, 72, 200, 136, 140, 142, 174, 238, 234, 250, 218, 90, 94, 92, 124, 108, 44, 40, 42, 43, 171, 169, 185, 153], f=100, g=28
[00:00:27:14:334] Expansion 22500000: state [255, 223, 207, 203, 75, 73, 72, 200, 136, 140, 142, 174, 238, 236, 108, 124, 120, 248, 184, 188, 189, 173, 169, 171, 43, 42, 58, 26, 90, 218], f=100, g=29
[00:00:27:21:380] Expansion 22600000: state [255, 223, 207, 203, 75, 73, 72, 200, 136, 140, 142, 174, 238, 236, 252, 248, 250, 122, 106, 42, 43, 41, 169, 173, 189, 157, 153, 155], f=100, g=27
[00:00:27:28:458] Expansion 22700000: state [255, 223, 207, 203, 75, 73, 72, 200, 136, 140, 142, 174, 238, 236, 237, 233, 169, 171, 187, 155, 154, 26, 10, 42, 40, 44, 60, 124, 92, 94, 78], f=100, g=30
[00:00:27:35:550] Expansion 22800000: state [255, 223, 207, 203, 75, 73, 72, 200, 136, 140, 142, 174, 190, 186, 250, 122, 120, 56, 40, 41, 169, 233, 237, 109, 108, 110, 78, 94, 92, 220, 252], f=100, g=30
[00:00:27:42:653] Expansion 22900000: state [255, 223, 207, 203, 75, 73, 72, 200, 136, 140, 142, 174, 190, 188, 60, 56, 24, 26, 10, 42, 43, 41, 169, 173], f=100, g=23
[00:00:27:49:790] Expansion 23000000: state [255, 223, 207, 203, 75, 73, 72, 200, 136, 140, 142, 174, 190, 188, 252, 236, 108, 44, 45, 41, 169, 185, 153, 155, 154, 218, 250, 122], f=100, g=27
[00:00:27:56:899] Expansion 23100000: state [255, 223, 207, 203, 75, 73, 72, 200, 136, 140, 142, 174, 175, 171, 43, 41, 40, 56, 184, 185, 153, 155, 154, 218, 250, 234, 106, 110, 108, 124, 252, 220], f=100, g=31
[00:00:28:03:990] Expansion 23200000: state [255, 223, 207, 203, 75, 73, 72, 200, 136, 140, 142, 174, 175, 171, 169, 41, 40, 42, 58, 122, 90, 218, 154, 155, 153, 157, 189, 188, 252, 236, 108, 110, 78], f=100, g=32
[00:00:28:11:140] Expansion 23300000: state [255, 223, 207, 203, 75, 73, 72, 200, 136, 140, 142, 174, 175, 171, 169, 185, 189, 188, 252, 124, 92, 94, 90, 218, 250, 234, 106, 42, 40, 44], f=100, g=29
[00:00:28:18:255] Expansion 23400000: state [255, 223, 207, 203, 75, 73, 72, 200, 136, 140, 142, 174, 175, 173, 45, 41, 43, 42, 106, 110, 108, 236, 252, 188, 184, 186, 154, 155, 153, 25, 24, 28], f=100, g=31
[00:00:28:25:735] Expansion 23500000: state [255, 223, 207, 203, 75, 73, 72, 200, 136, 140, 142, 174, 175, 173, 169, 185, 187, 155, 154, 218, 250, 234, 106, 110, 108, 124, 60, 188], f=100, g=27
[00:00:28:33:191] Expansion 23600000: state [255, 223, 207, 203, 75, 73, 72, 200, 136, 140, 142, 174, 175, 173, 189, 185, 187, 186, 250, 234, 106, 110, 78, 94, 92, 28, 60, 56, 40, 41], f=100, g=29
[00:00:28:40:648] Expansion 23700000: state [255, 223, 207, 203, 75, 73, 72, 200, 136, 140, 142, 158, 154, 26, 24, 56, 60, 188, 252, 248, 250, 234, 106, 110, 108, 109, 45, 41, 169, 185], f=100, g=29
[00:00:28:48:155] Expansion 23800000: state [255, 223, 207, 203, 75, 73, 72, 200, 136, 140, 142, 158, 154, 26, 90, 122, 106, 42, 170, 171, 187, 185, 184, 56, 60, 44, 108, 236, 237, 233], f=100, g=29
[00:00:28:55:643] Expansion 23900000: state [255, 223, 207, 203, 75, 73, 72, 200, 136, 140, 142, 158, 154, 26, 90, 94, 92, 220, 252, 248, 184, 185, 189, 173, 175, 171, 170, 234, 106, 110, 46, 44, 40, 41], f=100, g=33
[00:00:29:03:085] Expansion 24000000: state [255, 223, 207, 203, 75, 73, 72, 200, 136, 140, 142, 158, 154, 218, 90, 122, 58, 42, 46, 110, 108, 236, 237, 173, 189, 185, 153, 217], f=100, g=27
[00:00:29:10:536] Expansion 24100000: state [255, 223, 207, 203, 75, 73, 72, 200, 136, 140, 142, 158, 154, 218, 90, 94, 78, 110, 238, 234, 170, 171, 43, 41, 45, 173, 189, 185, 153, 25, 24, 56, 60, 124, 252, 248], f=100, g=35
[00:00:29:17:984] Expansion 24200000: state [255, 223, 207, 203, 75, 73, 72, 200, 136, 140, 142, 158, 154, 218, 250, 122, 106, 42, 170, 171, 169, 173, 237, 109, 108, 44, 60, 28, 92, 220], f=100, g=29
[00:00:29:25:377] Expansion 24300000: state [255, 223, 207, 203, 75, 73, 72, 200, 136, 140, 142, 158, 154, 218, 250, 234, 238, 236, 108, 124, 60, 188, 184, 185, 187, 171, 175, 173, 45, 41, 40, 42, 46], f=100, g=32
[00:00:29:32:744] Expansion 24400000: state [255, 223, 207, 203, 75, 73, 72, 200, 136, 140, 142, 158, 154, 186, 170, 42, 106, 110, 108, 124, 60, 188, 189, 173, 45], f=100, g=24
[00:00:29:40:138] Expansion 24500000: state [255, 223, 207, 203, 75, 73, 72, 200, 136, 140, 142, 158, 154, 186, 250, 122, 90, 94, 92, 124, 108, 109, 45, 173, 189, 185, 153], f=100, g=26
[00:00:29:47:512] Expansion 24600000: state [255, 223, 207, 203, 75, 73, 72, 200, 136, 140, 142, 158, 154, 186, 187, 185, 153, 25, 24, 28, 92, 124, 108, 44, 46, 42, 106, 234, 238], f=100, g=28
[00:00:29:54:998] Expansion 24700000: state [255, 223, 207, 203, 75, 73, 72, 200, 136, 140, 142, 158, 154, 155, 153, 25, 24, 28, 60, 124, 252, 236, 237, 173, 169, 171, 43, 42, 106, 110], f=100, g=29
[00:00:30:02:479] Expansion 24800000: state [255, 223, 207, 203, 75, 73, 72, 200, 136, 140, 142, 158, 154, 155, 153, 185, 189, 188, 60, 124, 120, 122, 250, 234, 170, 42, 40, 41, 45, 109, 237, 233], f=100, g=31
[00:00:30:09:948] Expansion 24900000: state [255, 223, 207, 203, 75, 73, 72, 200, 136, 140, 142, 158, 154, 155, 187, 171, 43, 42, 46, 44, 45, 173, 237, 236, 252, 188, 184, 56, 24, 28, 92, 93], f=100, g=31
[00:00:30:17:307] Expansion 25000000: state [255, 223, 207, 203, 75, 73, 72, 200, 136, 140, 142, 158, 154, 155, 187, 185, 169, 233, 237, 236, 238, 234, 106, 42, 58, 56, 60, 28, 92, 93], f=100, g=29
[00:00:30:24:383] Expansion 25100000: state [255, 223, 207, 203, 75, 73, 72, 200, 136, 140, 142, 158, 190, 186, 170, 42, 46, 110, 108, 109, 237, 233, 169, 185, 153, 25, 24, 28], f=100, g=27
[00:00:30:31:480] Expansion 25200000: state [255, 223, 207, 203, 75, 73, 72, 200, 136, 140, 142, 158, 190, 186, 184, 185, 169, 173, 237, 236, 252, 124, 92, 94, 78, 110, 46], f=100, g=26
[00:00:30:38:512] Expansion 25300000: state [255, 223, 207, 203, 75, 73, 72, 200, 136, 140, 142, 158, 190, 186, 250, 248, 120, 56, 60, 28, 92, 94, 90, 26, 10, 42, 43, 171, 175, 173, 189], f=100, g=30
[00:00:30:45:580] Expansion 25400000: state [255, 223, 207, 203, 75, 73, 72, 200, 136, 140, 142, 158, 190, 186, 187, 185, 153, 25, 24, 28, 60, 124, 108, 110, 106, 42, 40], f=100, g=26
[00:00:30:52:660] Expansion 25500000: state [255, 223, 207, 203, 75, 73, 72, 200, 136, 140, 142, 158, 190, 188, 60, 124, 120, 248, 250, 234, 106, 110, 78, 94, 90, 26, 24, 25, 153, 217], f=100, g=29
[00:00:30:59:783] Expansion 25600000: state [255, 223, 207, 203, 75, 73, 72, 200, 136, 140, 142, 158, 190, 188, 184, 185, 187, 171, 43, 41, 45, 173, 237, 236, 238, 110, 106, 122, 90, 26, 24, 28, 92, 220], f=100, g=33
[00:00:31:06:816] Expansion 25700000: state [255, 223, 207, 203, 75, 73, 72, 200, 136, 140, 142, 158, 190, 188, 252, 236, 237, 173, 45, 44, 40, 42, 43, 171], f=100, g=23
[00:00:31:13:872] Expansion 25800000: state [255, 223, 207, 203, 75, 73, 72, 200, 136, 140, 142, 158, 190, 188, 189, 173, 169, 41, 40, 42, 170, 234, 250, 218, 90, 94, 78, 110], f=100, g=27
[00:00:31:20:974] Expansion 25900000: state [255, 223, 207, 203, 75, 73, 72, 200, 136, 140, 141, 173, 45, 41, 40, 56, 58, 26, 154, 155, 187, 171, 170, 234, 250, 248, 252, 124, 108, 110], f=100, g=29
[00:00:31:28:053] Expansion 26000000: state [255, 223, 207, 203, 75, 73, 72, 200, 136, 140, 141, 173, 45, 41, 43, 42, 106, 122, 120, 248, 252, 188, 190, 186, 154, 155, 153, 25, 24], f=100, g=28
[00:00:31:35:143] Expansion 26100000: state [255, 223, 207, 203, 75, 73, 72, 200, 136, 140, 141, 173, 45, 41, 43, 171, 187, 185, 153, 25, 24, 28, 92, 124, 108, 110, 238, 174, 190, 158, 154, 218, 90], f=100, g=32
[00:00:31:42:272] Expansion 26200000: state [255, 223, 207, 203, 75, 73, 72, 200, 136, 140, 141, 173, 45, 44, 108, 110, 78, 94, 92, 220, 252, 188, 190, 186, 58, 26, 24, 25, 153, 185], f=100, g=29
[00:00:31:49:426] Expansion 26300000: state [255, 223, 207, 203, 75, 73, 72, 200, 136, 140, 141, 173, 45, 44, 46, 110, 78, 94, 90, 26, 24, 56, 184, 185, 187, 171], f=100, g=25
[00:00:31:56:569] Expansion 26400000: state [255, 223, 207, 203, 75, 73, 72, 200, 136, 140, 141, 173, 45, 109, 108, 110, 46, 42, 43, 171, 187, 186, 154, 26, 24, 25, 153], f=100, g=26
[00:00:32:03:711] Expansion 26500000: state [255, 223, 207, 203, 75, 73, 72, 200, 136, 140, 141, 173, 169, 41, 40, 44, 46, 110, 106, 122, 90, 94, 92, 124, 252, 188, 190, 186, 187, 155], f=100, g=29
[00:00:32:10:844] Expansion 26600000: state [255, 223, 207, 203, 75, 73, 72, 200, 136, 140, 141, 173, 169, 41, 43, 42, 46, 110, 78, 94, 92, 124, 120, 248, 250, 186, 154, 26, 24], f=100, g=28
[00:00:32:18:104] Expansion 26700000: state [255, 223, 207, 203, 75, 73, 72, 200, 136, 140, 141, 173, 169, 185, 184, 56, 24, 28, 92, 94, 90, 122, 106, 42, 170, 174, 238, 236, 108, 109], f=100, g=29
[00:00:32:25:339] Expansion 26800000: state [255, 223, 207, 203, 75, 73, 72, 200, 136, 140, 141, 173, 169, 185, 187, 186, 250, 234, 238, 110, 46, 42, 10, 26, 90], f=100, g=24
[00:00:32:32:509] Expansion 26900000: state [255, 223, 207, 203, 75, 73, 72, 200, 136, 140, 141, 173, 169, 171, 170, 186, 58, 122, 120, 248, 252, 236, 108, 44, 60, 28, 92], f=100, g=26
[00:00:32:39:704] Expansion 27000000: state [255, 223, 207, 203, 75, 73, 72, 200, 136, 140, 141, 173, 169, 171, 187, 186, 190, 174, 238, 110, 108, 124, 92, 94, 90, 26, 24, 56, 40, 42], f=100, g=29
[00:00:32:46:826] Expansion 27100000: state [255, 223, 207, 203, 75, 73, 72, 200, 136, 140, 141, 173, 237, 109, 108, 110, 46, 174, 170, 171, 187, 185, 184, 188, 252, 220, 92, 28, 24, 26, 10], f=100, g=30
[00:00:32:53:930] Expansion 27200000: state [255, 223, 207, 203, 75, 73, 72, 200, 136, 140, 141, 173, 237, 236, 108, 110, 46, 42, 170, 186, 250, 218, 90, 94, 92, 220], f=100, g=25
[00:00:33:01:015] Expansion 27300000: state [255, 223, 207, 203, 75, 73, 72, 200, 136, 140, 141, 173, 237, 236, 252, 248, 120, 122, 106, 42, 10, 26, 24, 25, 153, 155, 187, 186, 190, 174], f=100, g=29
[00:00:33:08:093] Expansion 27400000: state [255, 223, 207, 203, 75, 73, 72, 200, 136, 140, 141, 173, 189, 185, 153, 25, 24, 56, 120, 124, 252, 236, 238, 234, 250], f=100, g=24
[00:00:33:15:311] Expansion 27500000: state [255, 223, 207, 203, 75, 73, 72, 200, 136, 140, 141, 173, 189, 185, 184, 248, 250, 218, 154, 26, 58, 42, 106, 110, 78, 94], f=100, g=25
[00:00:33:22:516] Expansion 27600000: state [255, 223, 207, 203, 75, 73, 72, 200, 136, 140, 141, 173, 189, 185, 187, 186, 190, 174, 238, 236, 252, 124, 60, 44, 40, 42, 106], f=100, g=26
[00:00:33:29:695] Expansion 27700000: state [255, 223, 207, 203, 75, 73, 72, 200, 136, 140, 141, 173, 189, 188, 252, 248, 250, 122, 90, 94, 92, 28, 24, 56, 40, 44, 46, 110, 238], f=100, g=28
[00:00:33:36:873] Expansion 27800000: state [255, 223, 207, 203, 75, 73, 72, 200, 136, 140, 141, 173, 175, 171, 43, 42, 46, 44, 108, 236, 252, 188, 184, 186, 154, 218, 90, 94, 92, 28, 24, 25, 153, 217], f=100, g=33
[00:00:33:44:057] Expansion 27900000: state [255, 223, 207, 203, 75, 73, 72, 200, 136, 140, 141, 173, 175, 171, 187, 155, 154, 158, 190, 188, 252, 248, 120, 122, 58, 42, 40], f=100, g=26
[00:00:33:51:216] Expansion 28000000: state [255, 223, 207, 203, 75, 73, 72, 200, 136, 140, 141, 173, 175, 174, 170, 234, 106, 110, 108, 236, 252, 188, 184, 185, 153, 25, 24, 28, 92, 93], f=100, g=29
[00:00:33:58:373] Expansion 28100000: state [255, 223, 207, 203, 75, 73, 72, 200, 136, 140, 141, 157, 153, 25, 24, 56, 40, 44, 46, 110, 238, 236, 252, 220, 92, 94, 90, 218, 250, 186, 170, 171, 43], f=100, g=32
[00:00:34:05:559] Expansion 28200000: state [255, 223, 207, 203, 75, 73, 72, 200, 136, 140, 141, 157, 153, 25, 24, 56, 60, 124, 252, 236, 237, 233, 169, 171, 187, 186, 190, 174, 46, 42, 106, 122, 90], f=100, g=32
[00:00:34:12:790] Expansion 28300000: state [255, 223, 207, 203, 75, 73, 72, 200, 136, 140, 141, 157, 153, 25, 24, 28, 60, 44, 40, 42, 106, 122, 120, 248, 252, 236, 237, 233, 169, 171, 175, 174, 190, 186], f=100, g=33
[00:00:34:19:992] Expansion 28400000: state [255, 223, 207, 203, 75, 73, 72, 200, 136, 140, 141, 157, 153, 25, 24, 26, 154, 186, 250, 234, 106, 110, 78, 94, 92, 124, 60, 44, 40, 41, 43, 171, 175], f=100, g=32
[00:00:34:27:235] Expansion 28500000: state [255, 223, 207, 203, 75, 73, 72, 200, 136, 140, 141, 157, 153, 25, 24, 26, 58, 186, 170, 174, 46, 44, 40, 41, 169, 233, 237, 236, 252, 124], f=100, g=29
[00:00:34:34:414] Expansion 28600000: state [255, 223, 207, 203, 75, 73, 72, 200, 136, 140, 141, 157, 153, 185, 169, 41, 45, 109, 108, 236, 238, 174, 190, 186, 58, 42, 10], f=100, g=26
[00:00:34:41:613] Expansion 28700000: state [255, 223, 207, 203, 75, 73, 72, 200, 136, 140, 141, 157, 153, 185, 169, 233, 237, 109, 108, 124, 120, 248, 250, 234, 106, 42, 58, 26, 154], f=100, g=28
[00:00:34:48:797] Expansion 28800000: state [255, 223, 207, 203, 75, 73, 72, 200, 136, 140, 141, 157, 153, 185, 169, 171, 170, 42, 106, 110, 78, 94, 90, 218, 154, 158], f=100, g=25
[00:00:34:55:978] Expansion 28900000: state [255, 223, 207, 203, 75, 73, 72, 200, 136, 140, 141, 157, 153, 185, 184, 56, 58, 26, 154, 158, 190, 174, 175, 171, 43, 41, 45, 109, 108, 110, 106, 234, 250], f=100, g=32
[00:00:35:03:078] Expansion 29000000: state [255, 223, 207, 203, 75, 73, 72, 200, 136, 140, 141, 157, 153, 185, 184, 186, 190, 174, 238, 110, 108, 109, 45, 41, 43, 42, 10, 26, 24, 28, 92, 94], f=100, g=31
[00:00:35:10:252] Expansion 29100000: state [255, 223, 207, 203, 75, 73, 72, 200, 136, 140, 141, 157, 153, 185, 187, 171, 175, 174, 46, 42, 106, 234, 250, 248, 252, 124, 60, 28, 24, 26, 154, 158], f=100, g=31
[00:00:35:17:413] Expansion 29200000: state [255, 223, 207, 203, 75, 73, 72, 200, 136, 140, 141, 157, 153, 155, 154, 26, 10, 42, 46, 174, 238, 234, 250, 122, 120, 124, 60], f=100, g=26
[00:00:35:24:662] Expansion 29300000: state [255, 223, 207, 203, 75, 73, 72, 200, 136, 140, 141, 157, 153, 155, 154, 26, 58, 56, 184, 248, 250, 234, 170, 171, 43, 41, 45, 44], f=100, g=27
[00:00:35:31:840] Expansion 29400000: state [255, 223, 207, 203, 75, 73, 72, 200, 136, 140, 141, 157, 153, 155, 154, 218, 250, 234, 170, 171, 169, 41, 40, 56, 184, 188, 252, 236, 108, 110, 78, 94], f=100, g=31
[00:00:35:38:979] Expansion 29500000: state [255, 223, 207, 203, 75, 73, 72, 200, 136, 140, 141, 157, 153, 155, 154, 158, 190, 174, 46, 44, 40, 56, 120, 124, 252, 220], f=100, g=25
[00:00:35:46:144] Expansion 29600000: state [255, 223, 207, 203, 75, 73, 72, 200, 136, 140, 141, 157, 153, 155, 187, 171, 43, 42, 58, 26, 90, 218, 250, 234, 238, 174, 190, 188, 60, 124, 108, 109, 45], f=100, g=32
[00:00:35:53:346] Expansion 29700000: state [255, 223, 207, 203, 75, 73, 72, 200, 136, 140, 141, 157, 153, 155, 187, 171, 170, 174, 46, 110, 106, 122, 58, 26, 24, 28, 60, 124], f=100, g=27
[00:00:36:00:467] Expansion 29800000: state [255, 223, 207, 203, 75, 73, 72, 200, 136, 140, 141, 157, 153, 155, 187, 186, 250, 248, 252, 236, 108, 110, 46, 42, 40, 56, 60, 28, 92, 94], f=100, g=29
[00:00:36:07:613] Expansion 29900000: state [255, 223, 207, 203, 75, 73, 72, 200, 136, 140, 141, 157, 189, 185, 169, 41, 45, 109, 237, 236, 238, 174, 190, 186, 154, 26, 24, 56, 120, 124, 92, 94, 78], f=100, g=32
[00:00:36:14:764] Expansion 30000000: state [255, 223, 207, 203, 75, 73, 72, 200, 136, 140, 141, 157, 189, 185, 169, 171, 43, 42, 40, 56, 120, 124, 252, 236, 238, 174, 190, 186, 154, 218], f=100, g=29
[00:00:36:21:963] Expansion 30100000: state [255, 223, 207, 203, 75, 73, 72, 200, 136, 140, 141, 157, 189, 185, 184, 56, 120, 122, 106, 110, 238, 174, 170, 171, 43], f=100, g=24
[00:00:36:29:065] Expansion 30200000: state [255, 223, 207, 203, 75, 73, 72, 200, 136, 140, 141, 157, 189, 185, 187, 155, 154, 26, 90, 94, 92, 124, 252, 248, 250, 234, 238, 174, 46, 42, 40, 41, 45], f=100, g=32
[00:00:36:36:180] Expansion 30300000: state [255, 223, 207, 203, 75, 73, 72, 200, 136, 140, 141, 157, 189, 185, 187, 171, 170, 174, 190, 158, 154, 26, 58, 122, 250, 248, 252, 220], f=100, g=27
[00:00:36:43:312] Expansion 30400000: state [255, 223, 207, 203, 75, 73, 72, 200, 136, 140, 141, 157, 189, 188, 60, 44, 108, 110, 78, 94, 90, 218, 250, 186, 170, 171, 169, 233, 237], f=100, g=28
[00:00:36:50:517] Expansion 30500000: state [255, 223, 207, 203, 75, 73, 72, 200, 136, 140, 141, 157, 189, 188, 184, 248, 120, 122, 90, 218, 154, 155, 187, 171, 169, 41, 45, 44, 46, 110], f=100, g=29
[00:00:36:57:671] Expansion 30600000: state [255, 223, 207, 203, 75, 73, 72, 200, 136, 140, 141, 157, 189, 188, 252, 220, 92, 94, 78, 110, 106, 122, 120, 56, 24, 26, 154, 186, 170, 171, 169, 233, 237], f=100, g=32
[00:00:37:04:781] Expansion 30700000: state [255, 223, 207, 203, 75, 73, 72, 200, 136, 140, 141, 157, 189, 188, 190, 158, 154, 218, 90, 122, 106, 234, 170, 171, 175], f=100, g=24
[00:00:37:11:937] Expansion 30800000: state [255, 223, 207, 203, 75, 73, 72, 200, 136, 138, 10, 42, 40, 56, 24, 28, 92, 220, 252, 188, 189, 185, 169, 171, 175, 174, 238], f=100, g=26
[00:00:37:19:270] Expansion 30900000: state [255, 223, 207, 203, 75, 73, 72, 200, 136, 138, 10, 42, 40, 56, 120, 122, 90, 94, 92, 220, 252, 188, 190, 174, 238, 110, 108, 109, 237, 173, 141, 157, 153, 25], f=100, g=33
[00:00:37:26:451] Expansion 31000000: state [255, 223, 207, 203, 75, 73, 72, 200, 136, 138, 10, 42, 40, 44, 60, 28, 24, 25, 153, 185, 187, 171, 175, 173, 237, 236, 252, 248, 120, 122, 90, 94, 78, 110], f=100, g=33
[00:00:37:33:703] Expansion 31100000: state [255, 223, 207, 203, 75, 73, 72, 200, 136, 138, 10, 42, 40, 41, 169, 173, 237, 236, 238, 110, 78, 94, 92, 28, 156, 188, 190, 186, 250], f=100, g=28
[00:00:37:41:023] Expansion 31200000: state [255, 223, 207, 203, 75, 73, 72, 200, 136, 138, 10, 42, 106, 234, 250, 186, 190, 158, 156, 28, 24, 56, 120, 124, 252, 236, 237, 173, 169, 41], f=100, g=29
[00:00:37:52:066] Expansion 31300000: state [255, 223, 207, 203, 75, 73, 72, 200, 136, 138, 10, 42, 106, 234, 238, 236, 172, 173, 141, 157, 153, 25, 24, 28, 92, 94, 90], f=100, g=26
[00:00:37:59:406] Expansion 31400000: state [255, 223, 207, 203, 75, 73, 72, 200, 136, 138, 10, 42, 106, 122, 250, 186, 190, 158, 156, 157, 153, 185, 169, 41, 45, 44, 108, 236, 237], f=100, g=28
[00:00:38:06:782] Expansion 31500000: state [255, 223, 207, 203, 75, 73, 72, 200, 136, 138, 10, 42, 106, 110, 108, 236, 172, 173, 169, 185, 184, 248, 250, 218, 90, 94, 92, 28, 24, 25], f=100, g=29
[00:00:38:14:175] Expansion 31600000: state [255, 223, 207, 203, 75, 73, 72, 200, 136, 138, 10, 42, 58, 56, 24, 28, 92, 124, 252, 188, 172, 44, 45, 41, 169, 185, 187, 155], f=100, g=27
[00:00:38:21:550] Expansion 31700000: state [255, 223, 207, 203, 75, 73, 72, 200, 136, 138, 10, 42, 58, 186, 250, 218, 90, 94, 78, 110, 238, 236, 252, 220, 156, 28, 60, 44, 45, 41, 169, 185, 153, 155], f=100, g=33
[00:00:38:28:884] Expansion 31800000: state [255, 223, 207, 203, 75, 73, 72, 200, 136, 138, 10, 42, 58, 122, 120, 248, 252, 220, 92, 28, 24, 25, 153, 185, 187, 171, 175, 173, 172, 44, 108, 110, 78], f=100, g=32
[00:00:38:36:102] Expansion 31900000: state [255, 223, 207, 203, 75, 73, 72, 200, 136, 138, 10, 42, 46, 44, 108, 109, 237, 233, 169, 171, 187, 155, 153, 25, 24, 56, 184, 248, 250, 122, 90, 94, 92, 220, 156, 158], f=100, g=35
[00:00:38:43:354] Expansion 32000000: state [255, 223, 207, 203, 75, 73, 72, 200, 136, 138, 10, 42, 46, 174, 238, 236, 237, 233, 169, 185, 184, 248, 120, 122, 90, 94, 92, 220, 156], f=100, g=28
[00:00:38:50:650] Expansion 32100000: state [255, 223, 207, 203, 75, 73, 72, 200, 136, 138, 10, 42, 46, 110, 108, 236, 237, 173, 141, 157, 156, 28, 24, 56, 184, 248, 250, 122], f=100, g=27
[00:00:38:57:904] Expansion 32200000: state [255, 223, 207, 203, 75, 73, 72, 200, 136, 138, 10, 42, 43, 41, 169, 233, 237, 236, 172, 174, 190, 186, 187, 155, 153, 157, 156, 220], f=100, g=27
[00:00:39:05:438] Expansion 32300000: state [255, 223, 207, 203, 75, 73, 72, 200, 136, 138, 10, 42, 43, 41, 45, 44, 108, 236, 252, 220, 92, 94, 90, 218, 250, 186, 184, 185, 153, 157, 141], f=100, g=30
[00:00:39:13:019] Expansion 32400000: state [255, 223, 207, 203, 75, 73, 72, 200, 136, 138, 10, 42, 43, 41, 45, 109, 237, 236, 252, 124, 92, 28, 24, 25, 153, 185, 184, 186, 250, 234], f=100, g=29
[00:00:39:20:665] Expansion 32500000: state [255, 223, 207, 203, 75, 73, 72, 200, 136, 138, 10, 42, 43, 171, 169, 173, 189, 157, 156, 158, 190, 186, 184, 248, 252, 236, 238, 110, 78, 94, 90, 218], f=100, g=31
[00:00:39:28:292] Expansion 32600000: state [255, 223, 207, 203, 75, 73, 72, 200, 136, 138, 10, 42, 43, 171, 187, 186, 190, 174, 172, 173, 237, 109, 108, 110, 78, 94, 92, 220, 252, 248, 120, 56], f=100, g=31
[00:00:39:35:575] Expansion 32700000: state [255, 223, 207, 203, 75, 73, 72, 200, 136, 138, 10, 26, 24, 56, 40, 41, 169, 185, 187, 186, 250, 122, 106, 110, 46, 174, 172, 236, 252, 124, 92, 93], f=100, g=31
[00:00:39:42:825] Expansion 32800000: state [255, 223, 207, 203, 75, 73, 72, 200, 136, 138, 10, 26, 24, 56, 120, 124, 92, 220, 156, 158, 190, 186, 250, 234, 238, 110, 46, 44, 172, 173, 169, 233], f=100, g=31
[00:00:39:51:218] Expansion 32900000: state [255, 223, 207, 203, 75, 73, 72, 200, 136, 138, 10, 26, 24, 28, 156, 220, 252, 124, 108, 110, 106, 234, 250, 186, 187, 171, 43], f=100, g=26
[00:00:39:58:378] Expansion 33000000: state [255, 223, 207, 203, 75, 73, 72, 200, 136, 138, 10, 26, 24, 28, 92, 220, 252, 248, 184, 186, 190, 174, 238, 110, 108, 44, 45, 41, 169], f=100, g=28
[00:00:40:05:716] Expansion 33100000: state [255, 223, 207, 203, 75, 73, 72, 200, 136, 138, 10, 26, 24, 28, 60, 124, 252, 248, 250, 122, 106, 110, 238, 174, 175, 171, 187, 155, 153, 157], f=100, g=29
[00:00:40:13:418] Expansion 33200000: state [255, 223, 207, 203, 75, 73, 72, 200, 136, 138, 10, 26, 24, 25, 153, 157, 156, 188, 252, 248, 120, 122, 106, 234, 238, 174, 175, 173, 45, 41], f=100, g=29
[00:00:40:21:097] Expansion 33300000: state [255, 223, 207, 203, 75, 73, 72, 200, 136, 138, 10, 26, 90, 218, 250, 186, 190, 174, 46, 44, 60, 28, 156, 157, 153, 155], f=100, g=25
[00:00:40:28:460] Expansion 33400000: state [255, 223, 207, 203, 75, 73, 72, 200, 136, 138, 10, 26, 90, 218, 250, 234, 238, 236, 237, 109, 45, 44, 60, 188, 189, 185, 169], f=100, g=26
[00:00:40:35:750] Expansion 33500000: state [255, 223, 207, 203, 75, 73, 72, 200, 136, 138, 10, 26, 90, 122, 106, 234, 238, 236, 252, 248, 184, 186, 187, 155, 153, 157, 156, 28, 60, 44, 40, 41, 169, 173], f=100, g=33
[00:00:40:43:073] Expansion 33600000: state [255, 223, 207, 203, 75, 73, 72, 200, 136, 138, 10, 26, 90, 122, 120, 56, 60, 188, 156, 157, 153, 185, 169, 171, 175, 174, 238, 110, 108, 109, 45], f=100, g=30
[00:00:40:50:390] Expansion 33700000: state [255, 223, 207, 203, 75, 73, 72, 200, 136, 138, 10, 26, 90, 122, 250, 186, 187, 185, 169, 173, 45, 44, 108, 124, 92, 28, 156, 158], f=100, g=27
[00:00:40:57:744] Expansion 33800000: state [255, 223, 207, 203, 75, 73, 72, 200, 136, 138, 10, 26, 90, 94, 78, 110, 106, 234, 250, 186, 187, 171, 43, 41, 45, 109, 237, 236, 252, 188, 60], f=100, g=30
[00:00:41:05:260] Expansion 33900000: state [255, 223, 207, 203, 75, 73, 72, 200, 136, 138, 10, 26, 90, 94, 92, 28, 156, 158, 190, 174, 175, 171, 43, 41, 45, 109, 108, 236, 252, 248, 250], f=100, g=30
[00:00:41:12:657] Expansion 34000000: state [255, 223, 207, 203, 75, 73, 72, 200, 136, 138, 10, 26, 90, 94, 92, 220, 252, 236, 238, 234, 250, 186], f=100, g=21
[00:00:41:20:040] Expansion 34100000: state [255, 223, 207, 203, 75, 73, 72, 200, 136, 138, 10, 26, 58, 56, 40, 41, 45, 109, 237, 236, 172, 174, 190, 158, 156, 220, 92, 94, 78], f=100, g=28
[00:00:41:27:391] Expansion 34200000: state [255, 223, 207, 203, 75, 73, 72, 200, 136, 138, 10, 26, 58, 186, 184, 248, 252, 124, 60, 44, 45, 173, 141, 157], f=100, g=23
[00:00:41:34:775] Expansion 34300000: state [255, 223, 207, 203, 75, 73, 72, 200, 136, 138, 10, 26, 58, 122, 106, 234, 238, 174, 46, 44, 40, 41, 43, 171, 187, 185, 189, 157, 156, 28, 92, 124], f=100, g=31
[00:00:41:42:016] Expansion 34400000: state [255, 223, 207, 203, 75, 73, 72, 200, 136, 138, 10, 26, 58, 122, 120, 124, 252, 236, 172, 174, 190, 158, 156, 157, 153, 185, 187, 171, 43, 41], f=100, g=29
[00:00:41:49:188] Expansion 34500000: state [255, 223, 207, 203, 75, 73, 72, 200, 136, 138, 170, 42, 40, 44, 45, 173, 169, 185, 184, 188, 252, 236, 238, 110, 78, 94, 90, 122], f=100, g=27
[00:00:41:56:638] Expansion 34600000: state [255, 223, 207, 203, 75, 73, 72, 200, 136, 138, 170, 42, 58, 26, 24, 28, 156, 188, 189, 185, 169, 233, 237, 236, 108, 124, 120, 248, 250], f=100, g=28
[00:00:42:04:019] Expansion 34700000: state [255, 223, 207, 203, 75, 73, 72, 200, 136, 138, 170, 42, 46, 110, 78, 94, 90, 122, 120, 248, 184, 188, 156, 157, 141, 173, 45, 41], f=100, g=27
[00:00:42:11:350] Expansion 34800000: state [255, 223, 207, 203, 75, 73, 72, 200, 136, 138, 170, 234, 106, 122, 58, 56, 24, 28, 156, 220, 252, 236, 172, 44, 45, 109], f=100, g=25
[00:00:42:24:530] Expansion 34900000: state [255, 223, 207, 203, 75, 73, 72, 200, 136, 138, 170, 234, 250, 122, 58, 26, 24, 25, 153, 185, 169, 41, 45, 109, 108, 124, 60, 188, 156, 220], f=100, g=29
[00:00:42:31:707] Expansion 35000000: state [255, 223, 207, 203, 75, 73, 72, 200, 136, 138, 170, 234, 250, 218, 90, 94, 92, 124, 60, 44, 172, 173, 169, 185, 153, 157, 156, 158], f=100, g=27
[00:00:42:38:892] Expansion 35100000: state [255, 223, 207, 203, 75, 73, 72, 200, 136, 138, 170, 234, 238, 236, 108, 124, 92, 94, 90, 26, 58, 56, 40, 41, 169, 173, 189, 157, 153, 217], f=100, g=29
[00:00:42:46:166] Expansion 35200000: state [255, 223, 207, 203, 75, 73, 72, 200, 136, 138, 170, 186, 184, 56, 120, 124, 92, 94, 78, 110, 46, 44, 172, 173, 237, 109], f=100, g=25
[00:00:42:53:435] Expansion 35300000: state [255, 223, 207, 203, 75, 73, 72, 200, 136, 138, 170, 186, 250, 218, 90, 26, 24, 25, 153, 185, 169, 173, 172, 44, 60, 124, 252], f=100, g=26
[00:00:43:00:680] Expansion 35400000: state [255, 223, 207, 203, 75, 73, 72, 200, 136, 138, 170, 186, 190, 188, 252, 236, 238, 110, 46, 44, 45, 173, 169, 185, 153, 155], f=100, g=25
[00:00:43:08:031] Expansion 35500000: state [255, 223, 207, 203, 75, 73, 72, 200, 136, 138, 170, 174, 46, 44, 40, 41, 169, 185, 153, 25, 24, 28, 156, 220, 252, 248, 120, 122, 90, 94, 78], f=100, g=30
[00:00:43:15:383] Expansion 35600000: state [255, 223, 207, 203, 75, 73, 72, 200, 136, 138, 170, 174, 172, 44, 60, 28, 24, 25, 153, 185, 184, 248, 120, 122, 106], f=100, g=24
[00:00:43:22:713] Expansion 35700000: state [255, 223, 207, 203, 75, 73, 72, 200, 136, 138, 170, 174, 238, 110, 108, 109, 237, 233, 169, 185, 153, 157, 156, 28, 92], f=100, g=24
[00:00:43:30:023] Expansion 35800000: state [255, 223, 207, 203, 75, 73, 72, 200, 136, 138, 170, 174, 190, 188, 156, 157, 141, 173, 45], f=100, g=18
[00:00:43:37:406] Expansion 35900000: state [255, 223, 207, 203, 75, 73, 72, 200, 136, 138, 170, 171, 43, 41, 40, 44, 108, 236, 237, 173, 189, 185, 184, 248, 120, 122, 90, 218], f=100, g=27
[00:00:43:44:665] Expansion 36000000: state [255, 223, 207, 203, 75, 73, 72, 200, 136, 138, 170, 171, 169, 41, 45, 109, 108, 236, 252, 248, 184, 56, 24, 28, 156], f=100, g=24
[00:00:43:52:076] Expansion 36100000: state [255, 223, 207, 203, 75, 73, 72, 200, 136, 138, 170, 171, 169, 173, 237, 236, 238, 110, 78, 94, 90, 218, 250], f=100, g=22
[00:00:43:59:750] Expansion 36200000: state [255, 223, 207, 203, 75, 73, 72, 200, 136, 138, 170, 171, 187, 185, 153, 157, 141, 173, 237, 236, 252, 248, 250, 218, 90, 94, 78, 110, 46, 44, 60, 56, 58], f=100, g=32
[00:00:44:07:565] Expansion 36300000: state [255, 223, 207, 203, 75, 73, 72, 200, 136, 138, 170, 171, 175, 173, 237, 109, 108, 110, 106, 122, 58, 26, 24, 25, 153, 185, 184, 188, 190, 158], f=100, g=29
[00:00:44:15:436] Expansion 36400000: state [255, 223, 207, 203, 75, 73, 72, 200, 136, 138, 154, 26, 24, 56, 120, 124, 92, 220, 156, 157, 189, 185, 169, 171, 43, 42, 106, 234], f=100, g=27
[00:00:44:22:922] Expansion 36500000: state [255, 223, 207, 203, 75, 73, 72, 200, 136, 138, 154, 26, 24, 28, 156, 157, 189, 173, 169, 171, 43, 42, 106, 122, 120, 124, 108, 236, 238, 174, 190], f=100, g=30
[00:00:44:30:283] Expansion 36600000: state [255, 223, 207, 203, 75, 73, 72, 200, 136, 138, 154, 26, 24, 25, 153, 185, 169, 41, 45, 44, 108, 124, 252, 248, 250, 234], f=100, g=25
[00:00:44:37:792] Expansion 36700000: state [255, 223, 207, 203, 75, 73, 72, 200, 136, 138, 154, 26, 24, 25, 153, 157, 189, 173, 237, 236, 108, 110, 106, 122, 250, 248], f=100, g=25
[00:00:44:45:372] Expansion 36800000: state [255, 223, 207, 203, 75, 73, 72, 200, 136, 138, 154, 26, 90, 122, 120, 56, 184, 185, 169, 173, 45, 109, 108, 236, 252, 220, 156, 157], f=100, g=27
[00:00:44:52:810] Expansion 36900000: state [255, 223, 207, 203, 75, 73, 72, 200, 136, 138, 154, 26, 90, 122, 250, 248, 252, 220, 92, 28, 60, 44, 172, 174, 175, 171, 187, 185, 153, 157], f=100, g=29
[00:00:45:00:280] Expansion 37000000: state [255, 223, 207, 203, 75, 73, 72, 200, 136, 138, 154, 26, 90, 94, 92, 28, 60, 44, 46, 42, 43, 171, 175, 173, 237, 236, 238, 234, 250, 248, 184, 185], f=100, g=31
[00:00:45:07:662] Expansion 37100000: state [255, 223, 207, 203, 75, 73, 72, 200, 136, 138, 154, 26, 90, 94, 92, 124, 252, 188, 184, 185, 169, 173, 175, 174, 46, 110, 106, 234, 250], f=100, g=28
[00:00:45:15:112] Expansion 37200000: state [255, 223, 207, 203, 75, 73, 72, 200, 136, 138, 154, 26, 58, 42, 43, 171, 169, 173, 45, 44, 60, 188, 252, 248, 250, 234, 238, 110], f=100, g=27
[00:00:45:22:545] Expansion 37300000: state [255, 223, 207, 203, 75, 73, 72, 200, 136, 138, 154, 26, 58, 122, 106, 110, 46, 44, 40, 41, 43, 171, 175, 173, 237, 236, 252, 188, 184, 185, 153], f=100, g=30
[00:00:45:29:949] Expansion 37400000: state [255, 223, 207, 203, 75, 73, 72, 200, 136, 138, 154, 218, 90, 122, 58, 42, 40, 41, 169, 185, 189], f=100, g=20
[00:00:45:37:417] Expansion 37500000: state [255, 223, 207, 203, 75, 73, 72, 200, 136, 138, 154, 218, 90, 122, 106, 42, 46, 44, 108, 236, 252], f=100, g=20
[00:00:45:44:787] Expansion 37600000: state [255, 223, 207, 203, 75, 73, 72, 200, 136, 138, 154, 218, 90, 122, 106, 110, 238, 174, 175, 171, 187, 185, 153, 157, 156, 188, 252, 124], f=100, g=27
[00:00:45:52:126] Expansion 37700000: state [255, 223, 207, 203, 75, 73, 72, 200, 136, 138, 154, 218, 90, 94, 78, 110, 46, 42, 43, 41, 45, 173, 141, 157, 156, 220, 252, 248, 184, 56, 60], f=100, g=30
[00:00:45:59:504] Expansion 37800000: state [255, 223, 207, 203, 75, 73, 72, 200, 136, 138, 154, 218, 90, 94, 92, 28, 24, 56, 58, 42, 46, 174, 238, 236, 237, 109, 45, 41, 169, 185, 189, 157, 141], f=100, g=32
[00:00:46:06:822] Expansion 37900000: state [255, 223, 207, 203, 75, 73, 72, 200, 136, 138, 154, 218, 90, 94, 92, 220, 252, 236, 237, 233, 169, 171, 175, 174, 46, 42, 58, 56, 24, 25, 153, 157, 141], f=100, g=32
[00:00:46:14:098] Expansion 38000000: state [255, 223, 207, 203, 75, 73, 72, 200, 136, 138, 154, 218, 250, 122, 58, 42, 43, 41, 169, 185, 153, 157, 156, 28, 60, 124, 252, 236, 172, 174, 190], f=100, g=30
[00:00:46:21:338] Expansion 38100000: state [255, 223, 207, 203, 75, 73, 72, 200, 136, 138, 154, 218, 250, 122, 106, 42, 46, 174, 238, 236, 252, 124, 60, 56, 24, 25, 153, 157], f=100, g=27
[00:00:46:28:629] Expansion 38200000: state [255, 223, 207, 203, 75, 73, 72, 200, 136, 138, 154, 218, 250, 122, 120, 56, 40, 44, 45, 109, 237, 236, 252, 188, 156, 157, 153, 185, 187, 171, 175], f=100, g=30
[00:00:46:35:930] Expansion 38300000: state [255, 223, 207, 203, 75, 73, 72, 200, 136, 138, 154, 218, 250, 234, 106, 42, 46, 174, 175, 173, 189, 157, 156, 220, 92, 124, 120, 56, 24], f=100, g=28
[00:00:46:43:249] Expansion 38400000: state [255, 223, 207, 203, 75, 73, 72, 200, 136, 138, 154, 218, 250, 234, 238, 110, 108, 109, 45, 173, 175, 171, 43, 42, 40, 56, 184, 188, 252, 220], f=100, g=29
[00:00:46:50:554] Expansion 38500000: state [255, 223, 207, 203, 75, 73, 72, 200, 136, 138, 154, 218, 250, 248, 120, 56, 60, 44, 172, 174, 238, 110, 78, 94, 92, 220, 156, 157, 189, 185, 187, 171, 43, 42], f=100, g=33
[00:00:46:57:858] Expansion 38600000: state [255, 223, 207, 203, 75, 73, 72, 200, 136, 138, 154, 218, 250, 248, 252, 124, 108, 44, 45, 173, 169, 185, 153, 25, 24, 56, 58, 42], f=100, g=27
[00:00:47:05:091] Expansion 38700000: state [255, 223, 207, 203, 75, 73, 72, 200, 136, 138, 154, 186, 58, 42, 46, 110, 238, 236, 252, 124, 92, 28, 24, 25, 153, 185, 169, 171, 175], f=100, g=28
[00:00:47:12:419] Expansion 38800000: state [255, 223, 207, 203, 75, 73, 72, 200, 136, 138, 154, 186, 58, 122, 120, 248, 252, 188, 156, 28, 24, 25, 153, 185, 169, 41, 45, 109, 108], f=100, g=28
[00:00:47:19:687] Expansion 38900000: state [255, 223, 207, 203, 75, 73, 72, 200, 136, 138, 154, 186, 184, 248, 252, 236, 238, 174, 46, 42, 40, 41, 45, 173, 189, 157, 156, 28, 92, 93], f=100, g=29
[00:00:47:26:983] Expansion 39000000: state [255, 223, 207, 203, 75, 73, 72, 200, 136, 138, 154, 186, 250, 122, 90, 94, 92, 28, 156, 188, 172, 174, 238, 110, 108], f=100, g=24
[00:00:47:34:265] Expansion 39100000: state [255, 223, 207, 203, 75, 73, 72, 200, 136, 138, 154, 186, 250, 122, 120, 56, 60, 28, 156, 157, 141, 173, 45, 109, 108, 110, 78, 94], f=100, g=27
[00:00:47:41:572] Expansion 39200000: state [255, 223, 207, 203, 75, 73, 72, 200, 136, 138, 154, 186, 250, 234, 238, 174, 175, 171, 43, 41, 40, 56, 60, 28, 92, 93], f=100, g=25
[00:00:47:48:796] Expansion 39300000: state [255, 223, 207, 203, 75, 73, 72, 200, 136, 138, 154, 186, 190, 174, 46, 42, 40, 56, 24, 28, 92, 220], f=100, g=21
[00:00:47:56:043] Expansion 39400000: state [255, 223, 207, 203, 75, 73, 72, 200, 136, 138, 154, 186, 190, 174, 175, 173, 189, 185, 153, 25, 24, 56, 60, 44, 108, 236, 252, 220, 92, 94, 90, 122, 106, 42, 43, 41], f=100, g=35
[00:00:48:09:208] Expansion 39500000: state [255, 223, 207, 203, 75, 73, 72, 200, 136, 138, 154, 186, 187, 171, 43, 42, 46, 174, 238, 236, 108, 109, 45, 173, 189, 188, 156, 220, 92, 94, 90, 122, 120, 56, 24, 25, 153, 217], f=100, g=37
[00:00:48:16:510] Expansion 39600000: state [255, 223, 207, 203, 75, 73, 72, 200, 136, 138, 154, 186, 187, 185, 153, 25, 24, 56, 60, 124, 92, 94, 90, 122, 106, 110, 238, 236, 237, 173, 175], f=100, g=30
[00:00:48:23:827] Expansion 39700000: state [255, 223, 207, 203, 75, 73, 72, 200, 136, 138, 154, 186, 187, 185, 189, 188, 172, 174, 46, 110, 108, 109, 45, 41, 40, 56, 120, 122, 90, 94], f=100, g=29
[00:00:48:31:027] Expansion 39800000: state [255, 223, 207, 203, 75, 73, 72, 200, 136, 138, 154, 158, 156, 28, 92, 94, 78, 110, 238, 236, 252, 248, 250, 122, 58, 56, 40, 41, 45, 173, 175, 171], f=100, g=31
[00:00:48:38:220] Expansion 39900000: state [255, 223, 207, 203, 75, 73, 72, 200, 136, 138, 154, 158, 156, 220, 92, 94, 78, 110, 106, 42, 43, 171, 169, 173, 172, 44, 60, 56, 184, 248, 250], f=100, g=30
[00:00:48:45:437] Expansion 40000000: state [255, 223, 207, 203, 75, 73, 72, 200, 136, 138, 154, 158, 156, 188, 60, 56, 120, 248, 250, 234, 238, 174, 46, 42, 43, 171, 169, 173, 237], f=100, g=28
[00:00:48:52:611] Expansion 40100000: state [255, 223, 207, 203, 75, 73, 72, 200, 136, 138, 154, 158, 156, 157, 141, 173, 169, 185, 184, 56, 58, 122, 90, 94, 78, 110, 108, 124, 252], f=100, g=28
[00:00:48:59:866] Expansion 40200000: state [255, 223, 207, 203, 75, 73, 72, 200, 136, 138, 154, 158, 156, 157, 153, 185, 187, 171, 43, 42, 106, 234, 238, 236, 237, 173], f=100, g=25
[00:00:49:07:359] Expansion 40300000: state [255, 223, 207, 203, 75, 73, 72, 200, 136, 138, 154, 158, 190, 174, 46, 44, 45, 109, 237, 236, 252, 124, 120, 56, 24, 25, 153, 157, 189], f=100, g=28
[00:00:49:14:881] Expansion 40400000: state [255, 223, 207, 203, 75, 73, 72, 200, 136, 138, 154, 158, 190, 174, 238, 234, 250, 248, 252, 124, 92, 28, 24, 25, 153, 185, 189, 173, 45, 41, 43], f=100, g=30
[00:00:49:22:211] Expansion 40500000: state [255, 223, 207, 203, 75, 73, 72, 200, 136, 138, 154, 158, 190, 188, 172, 173, 45, 41, 40, 42, 46, 110, 238, 234, 250, 248, 120, 124, 92, 28, 24, 25, 153, 185, 187], f=100, g=34
[00:00:49:29:606] Expansion 40600000: state [255, 223, 207, 203, 75, 73, 72, 200, 136, 138, 154, 158, 190, 188, 189, 185, 169, 171, 43, 42, 46, 110, 238, 234, 250, 122, 90, 94, 92], f=100, g=28
[00:00:49:36:997] Expansion 40700000: state [255, 223, 207, 203, 75, 73, 72, 200, 136, 138, 154, 155, 153, 25, 24, 28, 156, 188, 252, 124, 108, 109, 237, 173, 169, 41, 43, 42, 106, 234, 238, 174], f=100, g=31
[00:00:49:44:285] Expansion 40800000: state [255, 223, 207, 203, 75, 73, 72, 200, 136, 138, 154, 155, 153, 185, 169, 41, 43, 42, 106, 234, 238, 174, 190, 188, 156, 28, 92, 93], f=100, g=27
[00:00:49:51:753] Expansion 40900000: state [255, 223, 207, 203, 75, 73, 72, 200, 136, 138, 154, 155, 153, 185, 184, 56, 58, 42, 43, 41, 45, 44, 172, 236, 238, 110, 78, 94], f=100, g=27
[00:00:49:59:147] Expansion 41000000: state [255, 223, 207, 203, 75, 73, 72, 200, 136, 138, 154, 155, 153, 157, 141, 173, 45, 41, 40, 42, 46, 110, 238, 234, 250, 122, 90, 94, 92, 124, 60], f=100, g=30
[00:00:50:06:584] Expansion 41100000: state [255, 223, 207, 203, 75, 73, 72, 200, 136, 138, 154, 155, 153, 157, 156, 28, 92, 94, 78, 110, 238, 236, 172, 173, 175, 171, 43, 41, 40, 56, 184, 248, 250, 122], f=100, g=33
[00:00:50:13:880] Expansion 41200000: state [255, 223, 207, 203, 75, 73, 72, 200, 136, 138, 154, 155, 153, 157, 156, 188, 184, 248, 120, 122, 106, 110, 238, 174, 175, 171, 169, 233, 237], f=100, g=28
[00:00:50:21:518] Expansion 41300000: state [255, 223, 207, 203, 75, 73, 72, 200, 136, 138, 154, 155, 153, 157, 189, 188, 252, 248, 120, 122, 106, 234, 238, 174, 46, 44, 45], f=100, g=26
[00:00:50:29:281] Expansion 41400000: state [255, 223, 207, 203, 75, 73, 72, 200, 136, 138, 154, 155, 187, 171, 43, 42, 58, 122, 250, 234, 238, 110, 78, 94, 92, 124, 60, 44, 45, 173, 237], f=100, g=30
[00:00:50:36:999] Expansion 41500000: state [255, 223, 207, 203, 75, 73, 72, 200, 136, 138, 154, 155, 187, 171, 169, 173, 45, 109, 108, 110, 46, 174, 190, 188, 60, 28, 92, 93], f=100, g=27
[00:00:50:44:839] Expansion 41600000: state [255, 223, 207, 203, 75, 73, 72, 200, 136, 138, 154, 155, 187, 171, 175, 173, 189, 188, 60, 124, 92, 94, 90, 122, 106, 234, 238, 236], f=100, g=27
[00:00:50:52:275] Expansion 41700000: state [255, 223, 207, 203, 75, 73, 72, 200, 136, 138, 154, 155, 187, 185, 169, 173, 141, 157, 156, 28, 24, 56, 120, 248, 250, 234, 238, 110, 46], f=100, g=28
[00:00:50:59:701] Expansion 41800000: state [255, 223, 207, 203, 75, 73, 72, 200, 136, 138, 154, 155, 187, 185, 189, 157, 156, 28, 92, 94, 90, 122, 120, 248, 252, 236, 237, 109, 45, 41, 40, 42], f=100, g=31
[00:00:51:07:117] Expansion 41900000: state [255, 223, 207, 203, 75, 73, 72, 200, 136, 138, 142, 174, 46, 42, 40, 41, 45, 109, 108, 236, 252, 248, 250, 186, 187, 155, 153], f=100, g=26
[00:00:51:14:437] Expansion 42000000: state [255, 223, 207, 203, 75, 73, 72, 200, 136, 138, 142, 174, 46, 42, 43, 41, 169, 185, 189, 188, 156, 28, 92, 124, 120], f=100, g=24
[00:00:51:22:007] Expansion 42100000: state [255, 223, 207, 203, 75, 73, 72, 200, 136, 138, 142, 174, 46, 44, 108, 236, 237, 173, 169, 171, 187, 186], f=100, g=21
[00:00:51:29:644] Expansion 42200000: state [255, 223, 207, 203, 75, 73, 72, 200, 136, 138, 142, 174, 46, 110, 78, 94, 90, 26, 58, 186, 187, 171, 43, 41, 45, 173, 141, 157, 156, 188, 60], f=100, g=30
[00:00:51:37:213] Expansion 42300000: state [255, 223, 207, 203, 75, 73, 72, 200, 136, 138, 142, 174, 46, 110, 106, 122, 90, 94, 92, 220, 252, 188, 184, 185, 169, 233, 237], f=100, g=26
[00:00:51:44:892] Expansion 42400000: state [255, 223, 207, 203, 75, 73, 72, 200, 136, 138, 142, 174, 46, 110, 108, 109, 237, 173, 169, 171, 187, 186, 250, 248], f=100, g=23
[00:00:51:52:498] Expansion 42500000: state [255, 223, 207, 203, 75, 73, 72, 200, 136, 138, 142, 174, 172, 236, 108, 124, 92, 94, 90, 122, 58, 186, 187, 185, 153, 157], f=100, g=25
[00:00:52:00:047] Expansion 42600000: state [255, 223, 207, 203, 75, 73, 72, 200, 136, 138, 142, 174, 172, 188, 156, 28, 24, 25, 153, 185, 169, 41, 40, 42, 58, 122, 120, 124, 108], f=100, g=28
[00:00:52:07:685] Expansion 42700000: state [255, 223, 207, 203, 75, 73, 72, 200, 136, 138, 142, 174, 172, 173, 141, 157, 153, 25, 24, 26, 90, 94, 92, 220, 252, 248, 250, 234, 106, 42, 40, 41], f=100, g=31
[00:00:52:15:399] Expansion 42800000: state [255, 223, 207, 203, 75, 73, 72, 200, 136, 138, 142, 174, 238, 110, 78, 94, 90, 218, 250, 248, 120, 56, 40, 41, 45, 173, 189, 188], f=100, g=27
[00:00:52:26:047] Expansion 42900000: state [255, 223, 207, 203, 75, 73, 72, 200, 136, 138, 142, 174, 238, 110, 106, 42, 43, 41, 169, 173, 189, 157, 153, 155, 187, 186, 250, 248, 252, 220, 92, 94, 90, 26, 24, 56, 60], f=100, g=36
[00:00:52:33:289] Expansion 43000000: state [255, 223, 207, 203, 75, 73, 72, 200, 136, 138, 142, 174, 238, 110, 108, 124, 60, 188, 184, 186, 250, 218, 90, 26, 24, 25, 153, 157, 141, 173, 169, 171, 43, 42], f=100, g=33
[00:00:52:40:577] Expansion 43100000: state [255, 223, 207, 203, 75, 73, 72, 200, 136, 138, 142, 174, 238, 234, 106, 42, 40, 41, 169, 173, 189, 157, 153, 25, 24, 28, 60], f=100, g=26
[00:00:52:47:837] Expansion 43200000: state [255, 223, 207, 203, 75, 73, 72, 200, 136, 138, 142, 174, 238, 234, 250, 122, 58, 56, 40, 44, 108, 124, 252, 188, 189, 157, 153, 25], f=100, g=27
[00:00:52:55:278] Expansion 43300000: state [255, 223, 207, 203, 75, 73, 72, 200, 136, 138, 142, 174, 238, 234, 250, 248, 184, 56, 24, 25, 153, 157, 156, 220, 92, 124, 108, 44, 45, 41, 169, 233, 237], f=100, g=32
[00:00:53:02:444] Expansion 43400000: state [255, 223, 207, 203, 75, 73, 72, 200, 136, 138, 142, 174, 238, 236, 108, 109, 45, 41, 43, 171, 187, 186, 58, 56, 60, 28, 92, 94, 78], f=100, g=28
[00:00:53:09:637] Expansion 43500000: state [255, 223, 207, 203, 75, 73, 72, 200, 136, 138, 142, 174, 238, 236, 237, 109, 45, 41, 43, 171, 187, 155, 153, 157, 189, 188, 184, 56, 58, 26, 90, 94, 92, 124], f=100, g=33
[00:00:53:16:895] Expansion 43600000: state [255, 223, 207, 203, 75, 73, 72, 200, 136, 138, 142, 174, 190, 186, 58, 122, 90, 94, 78, 110, 108, 44, 40, 41, 169, 185, 153, 25, 24, 28, 156, 220, 252, 248], f=100, g=33
[00:00:53:24:145] Expansion 43700000: state [255, 223, 207, 203, 75, 73, 72, 200, 136, 138, 142, 174, 190, 186, 250, 234, 106, 42, 43, 41, 169, 173, 237, 236, 108, 44, 60, 56, 24, 26, 90, 94], f=100, g=31
[00:00:53:31:469] Expansion 43800000: state [255, 223, 207, 203, 75, 73, 72, 200, 136, 138, 142, 174, 190, 186, 187, 185, 169, 173, 141, 157, 156, 28, 24, 26, 90, 94, 78, 110, 108, 124, 252], f=100, g=30
[00:00:53:38:762] Expansion 43900000: state [255, 223, 207, 203, 75, 73, 72, 200, 136, 138, 142, 174, 190, 188, 184, 185, 153, 25, 24, 26, 90, 94, 78, 110, 108, 109, 237, 173, 141], f=100, g=28
[00:00:53:46:092] Expansion 44000000: state [255, 223, 207, 203, 75, 73, 72, 200, 136, 138, 142, 174, 175, 171, 43, 41, 45, 44, 108, 110, 78, 94, 90, 122, 58, 186, 184, 248, 252, 220, 156, 157, 153], f=100, g=32
[00:00:53:53:365] Expansion 44100000: state [255, 223, 207, 203, 75, 73, 72, 200, 136, 138, 142, 174, 175, 171, 169, 233, 237, 109, 108, 124, 60, 56, 24, 26, 90, 218], f=100, g=25
[00:00:54:00:743] Expansion 44200000: state [255, 223, 207, 203, 75, 73, 72, 200, 136, 138, 142, 174, 175, 171, 187, 185, 184, 188, 156, 28, 92, 124, 108, 109, 45, 41, 40, 42, 58, 122, 90, 218], f=100, g=31
[00:00:54:08:025] Expansion 44300000: state [255, 223, 207, 203, 75, 73, 72, 200, 136, 138, 142, 174, 175, 173, 45, 109, 108, 110, 78, 94, 92, 220, 252, 188, 60, 56, 24, 25, 153, 155, 187, 186], f=100, g=31
[00:00:54:15:641] Expansion 44400000: state [255, 223, 207, 203, 75, 73, 72, 200, 136, 138, 142, 174, 175, 173, 237, 109, 108, 110, 106, 234, 250, 218, 90, 94, 92, 28, 24, 56, 184, 188], f=100, g=29
[00:00:54:23:051] Expansion 44500000: state [255, 223, 207, 203, 75, 73, 72, 200, 136, 138, 142, 158, 156, 28, 24, 56, 58, 186, 187, 171, 169, 173, 45, 44, 108, 110, 78, 94, 90], f=100, g=28
[00:00:54:30:234] Expansion 44600000: state [255, 223, 207, 203, 75, 73, 72, 200, 136, 138, 142, 158, 156, 28, 92, 124, 108, 44, 46, 42, 43, 41, 169, 185, 184, 248, 250, 234, 238], f=100, g=28
[00:00:54:37:388] Expansion 44700000: state [255, 223, 207, 203, 75, 73, 72, 200, 136, 138, 142, 158, 156, 28, 92, 94, 90, 122, 58, 186, 187, 185, 169, 41, 45, 109, 237, 236, 238], f=100, g=28
[00:00:54:44:511] Expansion 44800000: state [255, 223, 207, 203, 75, 73, 72, 200, 136, 138, 142, 158, 156, 220, 92, 124, 60, 44, 45, 41, 43, 42, 58, 186, 187, 155, 153, 25], f=100, g=27
[00:00:54:51:788] Expansion 44900000: state [255, 223, 207, 203, 75, 73, 72, 200, 136, 138, 142, 158, 156, 220, 92, 94, 90, 26, 24, 56, 184, 185, 189, 173, 45, 44, 108], f=100, g=26
[00:00:54:59:038] Expansion 45000000: state [255, 223, 207, 203, 75, 73, 72, 200, 136, 138, 142, 158, 156, 220, 252, 124, 120, 56, 24, 26, 90, 218, 250, 186, 187, 185, 169, 41, 43, 42, 46, 110, 78], f=100, g=32
[00:00:55:06:333] Expansion 45100000: state [255, 223, 207, 203, 75, 73, 72, 200, 136, 138, 142, 158, 156, 220, 252, 248, 250, 218, 90, 26, 58, 42, 43, 171, 187, 185, 153], f=100, g=26
[00:00:55:13:491] Expansion 45200000: state [255, 223, 207, 203, 75, 73, 72, 200, 136, 138, 142, 158, 156, 188, 172, 173, 175, 171, 187, 185, 153, 25, 24, 56, 120, 248, 250, 234, 238, 110, 78], f=100, g=30
[00:00:55:20:772] Expansion 45300000: state [255, 223, 207, 203, 75, 73, 72, 200, 136, 138, 142, 158, 156, 188, 252, 236, 237, 233, 169, 41, 40, 42, 46, 110, 78, 94, 90, 26, 24, 25, 153], f=100, g=30
[00:00:55:28:000] Expansion 45400000: state [255, 223, 207, 203, 75, 73, 72, 200, 136, 138, 142, 158, 156, 157, 141, 173, 169, 185, 187, 186, 250, 218, 90, 94, 78, 110, 108, 124, 60, 56], f=100, g=29
[00:00:55:41:877] Expansion 45500000: state [255, 223, 207, 203, 75, 73, 72, 200, 136, 138, 142, 158, 156, 157, 153, 25, 24, 26, 90, 122, 250, 248, 252, 236, 108, 44, 40, 41, 169, 173, 175], f=100, g=30
[00:00:55:49:148] Expansion 45600000: state [255, 223, 207, 203, 75, 73, 72, 200, 136, 138, 142, 158, 156, 157, 153, 185, 187, 171, 175, 173, 172, 44, 60, 56, 120, 248, 250, 234, 106, 110], f=100, g=29
[00:00:55:56:380] Expansion 45700000: state [255, 223, 207, 203, 75, 73, 72, 200, 136, 138, 142, 158, 156, 157, 153, 155, 187, 186, 250, 248, 120, 56, 40, 44, 108, 109, 237, 173, 175], f=100, g=28
[00:00:56:03:599] Expansion 45800000: state [255, 223, 207, 203, 75, 73, 72, 200, 136, 138, 142, 158, 156, 157, 189, 185, 184, 186, 250, 122, 120, 124, 252, 236, 238, 110, 46, 42, 40, 41, 45, 109], f=100, g=31
[00:00:56:10:755] Expansion 45900000: state [255, 223, 207, 203, 75, 73, 72, 200, 136, 138, 142, 158, 190, 186, 184, 248, 252, 220, 92, 94, 90, 26, 24, 25, 153, 157, 189, 173, 237, 109, 108, 44, 40, 41, 43, 171], f=100, g=35
[00:00:56:17:906] Expansion 46000000: state [255, 223, 207, 203, 75, 73, 72, 200, 136, 138, 142, 158, 190, 186, 250, 218, 90, 94, 92, 28, 60, 56, 40, 41, 45, 109, 108, 236, 172], f=100, g=28
[00:00:56:25:024] Expansion 46100000: state [255, 223, 207, 203, 75, 73, 72, 200, 136, 138, 142, 158, 190, 186, 187, 155, 153, 157, 141, 173, 237, 236, 252, 220, 92, 28, 60, 56, 120, 122, 106, 42], f=100, g=31
[00:00:56:32:290] Expansion 46200000: state [255, 223, 207, 203, 75, 73, 72, 200, 136, 138, 142, 158, 190, 186, 187, 185, 189, 173, 45, 41, 40, 42, 46, 110, 238, 236, 252, 124, 120, 122, 90, 26], f=100, g=31
[00:00:56:39:411] Expansion 46300000: state [255, 223, 207, 203, 75, 73, 72, 200, 136, 138, 142, 158, 190, 188, 172, 173, 141, 157, 153, 155, 187, 171, 43, 41, 40, 56, 120, 122, 106, 110, 108, 109], f=100, g=31
