--------------------------
date: cubes
number_of_graphs: 1
graph_type: cube
size_of_graphs: [8, 8]
heuristic: heuristic0
snake: True
run_uni: True
run_bi: False
run_multi: False
cube_first_dims: 8
cube_buffer_dim: 3
backward_sym_generation: False

---------- cubes/8d_cube ----------
[00:00:00:07:126] Expansion 100000: state [255, 223, 207, 203, 75, 73, 72, 200, 136, 168, 40, 44, 12, 28, 92, 94, 90, 218, 154, 158, 190, 174, 238, 236, 252, 248, 249], f=95, g=26
[00:00:00:14:402] Expansion 200000: state [255, 223, 207, 203, 75, 73, 72, 200, 136, 168, 40, 42, 106, 122, 90, 218, 154, 186, 187, 171, 175, 174, 238, 236, 108, 124, 92, 220, 156, 157, 189], f=95, g=30
[00:00:00:21:718] Expansion 300000: state [255, 223, 207, 203, 75, 73, 72, 200, 136, 168, 40, 42, 43, 171, 175, 173, 189, 188, 252, 248, 120, 122, 90, 94, 78, 110, 238, 234], f=95, g=27
[00:00:00:29:187] Expansion 400000: state [255, 223, 207, 203, 75, 73, 72, 200, 136, 168, 184, 248, 120, 122, 90, 94, 92, 220, 156, 157, 189, 173, 175], f=95, g=22
[00:00:00:36:701] Expansion 500000: state [255, 223, 207, 203, 75, 73, 72, 200, 136, 168, 184, 185, 187, 171, 43, 42, 46, 174, 142, 158, 156, 220, 92, 124, 120], f=95, g=24
[00:00:00:44:186] Expansion 600000: state [255, 223, 207, 203, 75, 73, 72, 200, 136, 168, 172, 174, 142, 158, 156, 220, 92, 124, 60, 56, 58, 42, 106, 234, 250, 248, 249, 185, 187, 155], f=95, g=29
[00:00:00:51:736] Expansion 700000: state [255, 223, 207, 203, 75, 73, 72, 200, 136, 168, 170, 234, 106, 110, 78, 94, 90, 218, 154, 155, 187, 185, 189, 157, 156, 28, 60, 124, 252, 236], f=95, g=29
[00:00:00:58:894] Expansion 800000: state [255, 223, 207, 203, 75, 73, 72, 200, 136, 168, 169, 41, 43, 42, 106, 122, 250, 186, 154, 158, 142, 174, 238, 236, 108, 124, 60, 188], f=95, g=27
[00:00:01:06:656] Expansion 900000: state [255, 223, 207, 203, 75, 73, 72, 200, 136, 168, 169, 185, 249, 248, 250, 122, 106, 110, 238, 174, 190, 188, 60, 124, 92], f=95, g=24
[00:00:01:13:892] Expansion 1000000: state [255, 223, 207, 203, 75, 73, 72, 200, 136, 168, 169, 173, 141, 157, 156, 158, 154, 186, 58, 42, 46, 174], f=95, g=21
[00:00:01:21:795] Expansion 1100000: state [255, 223, 207, 203, 75, 73, 72, 200, 136, 168, 169, 171, 187, 155, 154, 218, 90, 122, 106, 234, 238, 236, 252, 220], f=95, g=23
[00:00:01:29:346] Expansion 1200000: state [255, 223, 207, 203, 75, 73, 72, 200, 136, 152, 184, 56, 58, 122, 106, 110, 78, 94, 92, 28, 12], f=95, g=20
[00:00:01:36:932] Expansion 1300000: state [255, 223, 207, 203, 75, 73, 72, 200, 136, 152, 184, 186, 250, 218, 90, 94, 78, 110, 106, 42, 40, 44, 172, 173, 189, 157], f=95, g=25
[00:00:01:45:391] Expansion 1400000: state [255, 223, 207, 203, 75, 73, 72, 200, 136, 152, 156, 28, 12, 44, 46, 110, 238, 234, 170, 186, 187, 185, 169], f=95, g=22
[00:00:01:53:022] Expansion 1500000: state [255, 223, 207, 203, 75, 73, 72, 200, 136, 152, 156, 28, 60, 44, 40, 42, 106, 110, 78, 94, 90, 218, 250, 248, 249, 185, 187, 171, 175, 174, 190], f=95, g=30
[00:00:02:00:806] Expansion 1600000: state [255, 223, 207, 203, 75, 73, 72, 200, 136, 152, 156, 220, 92, 124, 108, 236, 238, 234, 170, 186, 187, 185, 169, 173], f=95, g=23
[00:00:02:08:395] Expansion 1700000: state [255, 223, 207, 203, 75, 73, 72, 200, 136, 152, 156, 220, 252, 124, 120, 122, 90, 94, 78, 110, 238, 174, 172, 44, 40, 41, 169, 171], f=95, g=27
[00:00:02:16:511] Expansion 1800000: state [255, 223, 207, 203, 75, 73, 72, 200, 136, 152, 156, 188, 172, 236, 108, 110, 46, 42, 43, 171, 169, 233, 249, 121, 120, 122, 90, 94], f=95, g=27
[00:00:02:23:713] Expansion 1900000: state [255, 223, 207, 203, 75, 73, 72, 200, 136, 152, 156, 188, 189, 173, 175, 174, 238, 110, 78, 94, 90, 218, 250, 248, 120], f=95, g=24
[00:00:02:30:901] Expansion 2000000: state [255, 223, 207, 203, 75, 73, 72, 200, 136, 152, 156, 158, 190, 174, 172, 236, 252, 248, 249, 233, 169, 41, 43, 42, 106, 122, 90, 94, 92], f=95, g=28
[00:00:02:39:251] Expansion 2100000: state [255, 223, 207, 203, 75, 73, 72, 200, 136, 152, 156, 157, 141, 173, 169, 171, 170, 42, 46, 110, 78, 94, 92, 124, 60], f=95, g=24
[00:00:02:46:616] Expansion 2200000: state [255, 223, 207, 203, 75, 73, 72, 200, 136, 152, 156, 157, 189, 173, 175, 171, 170, 186, 58, 56, 40, 44, 46, 110, 78, 94, 92, 124], f=95, g=27
[00:00:02:54:030] Expansion 2300000: state [255, 223, 207, 203, 75, 73, 72, 200, 136, 152, 154, 218, 90, 122, 106, 234, 170, 174, 172, 44, 40, 41, 169, 185, 249, 248, 252, 124, 92, 28], f=95, g=29
[00:00:03:00:991] Expansion 2400000: state [255, 223, 207, 203, 75, 73, 72, 200, 136, 152, 154, 218, 90, 94, 92, 220, 252, 236, 108, 44, 46, 42, 58, 56, 120, 121, 249, 185, 189, 173, 141], f=95, g=30
[00:00:03:07:896] Expansion 2500000: state [255, 223, 207, 203, 75, 73, 72, 200, 136, 152, 154, 218, 250, 234, 238, 110, 46, 42, 40, 56, 120, 121, 249, 185, 189, 188], f=95, g=25
[00:00:03:15:034] Expansion 2600000: state [255, 223, 207, 203, 75, 73, 72, 200, 136, 152, 154, 186, 170, 42, 40, 56, 120, 248, 252, 236, 172, 173, 169, 233], f=95, g=23
[00:00:03:22:243] Expansion 2700000: state [255, 223, 207, 203, 75, 73, 72, 200, 136, 152, 154, 186, 250, 248, 252, 220, 92, 94, 78, 110, 106, 42, 43, 171, 175, 174], f=95, g=25
[00:00:03:29:575] Expansion 2800000: state [255, 223, 207, 203, 75, 73, 72, 200, 136, 152, 154, 158, 142, 174, 46, 44, 60, 28, 92, 94, 90, 122, 250, 248, 249, 233, 169, 173, 189], f=95, g=28
[00:00:03:36:857] Expansion 2900000: state [255, 223, 207, 203, 75, 73, 72, 200, 136, 152, 154, 158, 190, 174, 46, 110, 108, 124, 252, 248, 250, 122, 58], f=95, g=22
[00:00:03:44:066] Expansion 3000000: state [255, 223, 207, 203, 75, 73, 72, 200, 136, 152, 154, 158, 190, 188, 252, 248, 250, 122, 106, 110, 46, 44, 40, 41, 43], f=95, g=24
[00:00:03:51:388] Expansion 3100000: state [255, 223, 207, 203, 75, 73, 72, 200, 136, 152, 154, 155, 187, 185, 169, 41, 40, 56, 60, 124, 92, 94, 78, 110], f=95, g=23
[00:00:03:58:788] Expansion 3200000: state [255, 223, 207, 203, 75, 73, 72, 200, 136, 140, 12, 44, 40, 42, 170, 234, 238, 110, 78, 94, 90, 218, 154, 158, 190, 188, 184, 185, 249, 217], f=95, g=29
[00:00:04:06:504] Expansion 3300000: state [255, 223, 207, 203, 75, 73, 72, 200, 136, 140, 12, 44, 108, 124, 120, 56, 184, 188, 190, 174, 175, 171, 43, 42, 106, 234], f=95, g=25
[00:00:04:14:240] Expansion 3400000: state [255, 223, 207, 203, 75, 73, 72, 200, 136, 140, 12, 44, 60, 124, 92, 94, 90, 218, 154, 158, 190, 174, 175, 171, 169, 185, 184], f=95, g=26
[00:00:04:22:942] Expansion 3500000: state [255, 223, 207, 203, 75, 73, 72, 200, 136, 140, 12, 28, 92, 220, 252, 236, 238, 110, 106, 122, 120, 121, 249, 185, 184, 186, 154, 218], f=95, g=27
[00:00:04:30:421] Expansion 3600000: state [255, 223, 207, 203, 75, 73, 72, 200, 136, 140, 12, 28, 92, 94, 78, 110, 106, 42, 58, 56, 120, 121, 249, 233, 169, 171, 175, 174, 190, 188, 252], f=95, g=30
[00:00:04:37:659] Expansion 3700000: state [255, 223, 207, 203, 75, 73, 72, 200, 136, 140, 12, 28, 60, 56, 120, 122, 90, 94, 78, 110, 238, 174, 190, 186, 187, 155], f=95, g=25
[00:00:04:45:300] Expansion 3800000: state [255, 223, 207, 203, 75, 73, 72, 200, 136, 140, 172, 44, 40, 41, 169, 233, 249, 121, 120, 124, 92], f=95, g=20
[00:00:04:52:765] Expansion 3900000: state [255, 223, 207, 203, 75, 73, 72, 200, 136, 140, 172, 236, 238, 110, 106, 122, 250, 218, 154, 155, 187, 171, 43, 41, 40, 56, 60, 124, 92], f=95, g=28
[00:00:05:00:272] Expansion 4000000: state [255, 223, 207, 203, 75, 73, 72, 200, 136, 140, 172, 174, 238, 110, 78, 94, 92, 220, 252, 248, 250, 218, 154, 155, 187, 171, 169, 41, 40, 42, 58], f=95, g=30
[00:00:05:09:196] Expansion 4100000: state [255, 223, 207, 203, 75, 73, 72, 200, 136, 140, 172, 173, 175, 171, 187, 186, 58, 122, 120, 124, 92], f=95, g=20
[00:00:05:16:478] Expansion 4200000: state [255, 223, 207, 203, 75, 73, 72, 200, 136, 140, 156, 28, 92, 94, 90, 122, 250, 186, 190, 174, 46, 42, 43, 171, 169, 185], f=95, g=25
[00:00:05:23:877] Expansion 4300000: state [255, 223, 207, 203, 75, 73, 72, 200, 136, 140, 156, 220, 92, 124, 60, 44, 46, 42, 170, 171, 169, 185, 184, 248, 250, 122, 90], f=95, g=26
[00:00:05:31:267] Expansion 4400000: state [255, 223, 207, 203, 75, 73, 72, 200, 136, 140, 156, 220, 252, 124, 60, 44, 40, 41, 43, 171, 175, 174, 238, 110, 78, 94, 90, 218, 154, 186, 184, 185, 249, 217], f=95, g=33
[00:00:05:38:938] Expansion 4500000: state [255, 223, 207, 203, 75, 73, 72, 200, 136, 140, 156, 188, 60, 44, 108, 110, 238, 234, 170, 42, 43, 41, 169, 185, 187, 155, 154, 218, 90, 122, 120, 248], f=95, g=31
[00:00:05:46:528] Expansion 4600000: state [255, 223, 207, 203, 75, 73, 72, 200, 136, 140, 156, 188, 252, 248, 120, 122, 90, 218, 154, 186, 187, 171, 169, 41, 40, 44, 108, 110], f=95, g=27
[00:00:05:54:154] Expansion 4700000: state [255, 223, 207, 203, 75, 73, 72, 200, 136, 140, 156, 158, 154, 218, 90, 122, 120, 124, 252, 236, 238, 174, 170, 171, 169, 41, 40, 44], f=95, g=27
[00:00:06:01:406] Expansion 4800000: state [255, 223, 207, 203, 75, 73, 72, 200, 136, 140, 156, 158, 154, 155, 187, 171, 170, 234, 106, 122, 120, 248, 252, 236, 108, 44, 40, 41], f=95, g=27
[00:00:06:10:566] Expansion 4900000: state [255, 223, 207, 203, 75, 73, 72, 200, 136, 140, 156, 157, 189, 173, 169, 41, 43, 42, 170, 234, 238, 236, 108, 44, 60, 56, 120, 122, 90, 94, 92, 93], f=95, g=31
[00:00:06:18:058] Expansion 5000000: state [255, 223, 207, 203, 75, 73, 72, 200, 136, 140, 156, 157, 189, 185, 184, 186, 58, 122, 120, 124, 60, 44, 40, 41, 43, 171, 175, 174, 238, 234], f=95, g=29
[00:00:06:25:376] Expansion 5100000: state [255, 223, 207, 203, 75, 73, 72, 200, 136, 140, 142, 174, 170, 234, 106, 110, 108, 236, 252, 220, 92, 28, 60, 56, 120, 121, 249, 233, 169, 41], f=95, g=29
[00:00:06:32:882] Expansion 5200000: state [255, 223, 207, 203, 75, 73, 72, 200, 136, 140, 142, 174, 238, 236, 252, 124, 120, 122, 90, 218, 154, 186, 187], f=95, g=22
[00:00:06:40:391] Expansion 5300000: state [255, 223, 207, 203, 75, 73, 72, 200, 136, 140, 142, 174, 175, 173, 169, 185, 249, 248, 250, 218, 90, 94, 78, 110, 108, 124], f=95, g=25
[00:00:06:47:397] Expansion 5400000: state [255, 223, 207, 203, 75, 73, 72, 200, 136, 140, 142, 158, 154, 218, 250, 248, 120, 56, 40, 41, 169, 173, 189, 188], f=95, g=23
[00:00:06:54:326] Expansion 5500000: state [255, 223, 207, 203, 75, 73, 72, 200, 136, 140, 142, 158, 154, 155, 187, 171, 170, 234, 250, 248, 120, 56, 60], f=95, g=22
[00:00:07:01:744] Expansion 5600000: state [255, 223, 207, 203, 75, 73, 72, 200, 136, 140, 142, 158, 190, 188, 252, 248, 249, 185, 169, 41, 40, 42, 106, 110, 78, 94, 92, 28], f=95, g=27
[00:00:07:09:448] Expansion 5700000: state [255, 223, 207, 203, 75, 73, 72, 200, 136, 140, 141, 173, 169, 233, 249, 248, 250, 218, 90, 94, 92, 28, 60, 188, 190, 174, 238, 110, 108], f=95, g=28
[00:00:07:16:831] Expansion 5800000: state [255, 223, 207, 203, 75, 73, 72, 200, 136, 140, 141, 173, 169, 171, 170, 234, 250, 122, 58, 56, 40, 44, 46, 110, 78, 94, 92, 124, 252, 188, 190], f=95, g=30
[00:00:07:24:146] Expansion 5900000: state [255, 223, 207, 203, 75, 73, 72, 200, 136, 140, 141, 173, 189, 185, 187, 171, 43, 42, 58, 122, 250, 234, 238, 110, 108, 44, 60, 28], f=95, g=27
[00:00:07:33:551] Expansion 6000000: state [255, 223, 207, 203, 75, 73, 72, 200, 136, 140, 141, 173, 175, 171, 170, 186, 250, 122, 90, 94, 92, 28, 60, 44, 46, 110, 238, 236], f=95, g=27
[00:00:07:40:798] Expansion 6100000: state [255, 223, 207, 203, 75, 73, 72, 200, 136, 140, 141, 157, 189, 185, 169, 41, 43, 42, 106, 122, 90, 94, 92, 28, 60, 44, 108, 236, 238, 174, 190, 186, 154], f=95, g=32
[00:00:07:48:070] Expansion 6200000: state [255, 223, 207, 203, 75, 73, 72, 200, 136, 140, 141, 157, 189, 185, 187, 171, 43, 42, 46, 174, 190, 158, 154, 218, 250, 122, 120, 121], f=95, g=27
[00:00:07:55:387] Expansion 6300000: state [255, 223, 207, 203, 75, 73, 72, 200, 136, 140, 141, 157, 189, 188, 190, 158, 154, 218, 90, 122, 120, 248, 249, 233, 169, 171, 170, 234, 238, 236, 108, 44], f=95, g=31
[00:00:08:02:418] Expansion 6400000: state [255, 223, 207, 203, 75, 73, 72, 200, 136, 138, 10, 42, 40, 44, 108, 236, 238, 174, 175, 173, 169, 233, 249, 121, 120, 122, 250, 186, 184, 188, 156, 28, 92, 94], f=95, g=33
[00:00:08:09:688] Expansion 6500000: state [255, 223, 207, 203, 75, 73, 72, 200, 136, 138, 10, 42, 106, 234, 238, 236, 172, 173, 175, 171, 187, 185, 184, 248, 120, 124, 92, 220, 156, 158], f=95, g=29
[00:00:08:16:935] Expansion 6600000: state [255, 223, 207, 203, 75, 73, 72, 200, 136, 138, 10, 42, 58, 56, 120, 248, 250, 218, 90, 94, 92, 93], f=95, g=21
[00:00:08:24:176] Expansion 6700000: state [255, 223, 207, 203, 75, 73, 72, 200, 136, 138, 10, 42, 46, 44, 172, 173, 189, 157, 156, 28, 92, 124, 120, 248, 250, 186, 187], f=95, g=26
[00:00:08:31:444] Expansion 6800000: state [255, 223, 207, 203, 75, 73, 72, 200, 136, 138, 10, 42, 43, 41, 169, 185, 249, 121, 120, 122, 90, 94, 92, 28, 60, 188, 190, 174, 238, 110, 108], f=95, g=30
[00:00:08:38:802] Expansion 6900000: state [255, 223, 207, 203, 75, 73, 72, 200, 136, 138, 10, 42, 43, 171, 187, 186, 250, 234, 238, 174, 172, 173, 189, 157, 156, 28, 92, 124, 120, 121, 249], f=95, g=30
[00:00:08:46:170] Expansion 7000000: state [255, 223, 207, 203, 75, 73, 72, 200, 136, 138, 170, 42, 46, 110, 238, 236, 252, 248, 184, 185, 169, 173], f=95, g=21
[00:00:08:53:518] Expansion 7100000: state [255, 223, 207, 203, 75, 73, 72, 200, 136, 138, 170, 186, 58, 122, 106, 110, 108, 124, 60, 188, 172, 173, 169, 185, 249, 121], f=95, g=25
[00:00:09:00:905] Expansion 7200000: state [255, 223, 207, 203, 75, 73, 72, 200, 136, 138, 170, 174, 172, 173, 169, 41, 40, 56, 58, 122, 90, 94, 92, 220, 252, 248, 249, 121], f=95, g=27
[00:00:09:08:496] Expansion 7300000: state [255, 223, 207, 203, 75, 73, 72, 200, 136, 138, 170, 171, 169, 185, 189, 188, 252, 248, 120, 122, 90, 94, 92, 28], f=95, g=23
[00:00:09:15:616] Expansion 7400000: state [255, 223, 207, 203, 75, 73, 72, 200, 136, 138, 154, 218, 90, 122, 106, 42, 43, 171, 175, 174, 172, 44, 60, 56, 184, 248, 252, 220, 156, 157, 189], f=95, g=30
[00:00:09:23:058] Expansion 7500000: state [255, 223, 207, 203, 75, 73, 72, 200, 136, 138, 154, 218, 90, 94, 78, 110, 238, 174, 172, 44, 12, 28, 156, 157, 189, 185, 169, 41], f=95, g=27
[00:00:09:29:985] Expansion 7600000: state [255, 223, 207, 203, 75, 73, 72, 200, 136, 138, 154, 218, 250, 122, 58, 42, 40, 41, 169, 173, 172, 236, 108, 124, 60], f=95, g=24
[00:00:09:36:793] Expansion 7700000: state [255, 223, 207, 203, 75, 73, 72, 200, 136, 138, 154, 218, 250, 234, 106, 42, 46, 174, 175, 173, 141, 157, 156, 220, 92, 124, 60, 56, 184, 185, 249, 121], f=95, g=31
[00:00:09:43:594] Expansion 7800000: state [255, 223, 207, 203, 75, 73, 72, 200, 136, 138, 154, 218, 250, 248, 184, 185, 187, 171, 43, 42, 46, 44, 172, 173, 141, 157, 156, 28], f=95, g=27
[00:00:09:50:764] Expansion 7900000: state [255, 223, 207, 203, 75, 73, 72, 200, 136, 138, 154, 186, 58, 122, 90, 94, 92, 124, 252, 236, 238, 174, 175, 173, 141], f=95, g=24
[00:00:09:57:916] Expansion 8000000: state [255, 223, 207, 203, 75, 73, 72, 200, 136, 138, 154, 186, 250, 122, 90, 94, 78, 110, 108, 44, 60, 188, 156, 157], f=95, g=23
[00:00:10:05:053] Expansion 8100000: state [255, 223, 207, 203, 75, 73, 72, 200, 136, 138, 154, 186, 250, 248, 252, 220, 92, 28, 60, 44, 172, 174], f=95, g=21
[00:00:10:12:221] Expansion 8200000: state [255, 223, 207, 203, 75, 73, 72, 200, 136, 138, 154, 186, 187, 171, 43, 42, 46, 110, 238, 236, 172, 173, 189, 157, 156, 28, 60, 56, 120, 248], f=95, g=29
[00:00:10:19:487] Expansion 8300000: state [255, 223, 207, 203, 75, 73, 72, 200, 136, 138, 154, 158, 156, 28, 92, 124, 108, 236, 172, 174, 175, 171, 169, 185, 184, 248, 250, 122, 90], f=95, g=28
[00:00:10:26:715] Expansion 8400000: state [255, 223, 207, 203, 75, 73, 72, 200, 136, 138, 154, 158, 156, 220, 92, 94, 78, 110, 238, 236, 172, 44, 40, 42, 43, 171, 169, 185, 249, 121, 120, 122], f=95, g=31
[00:00:10:33:629] Expansion 8500000: state [255, 223, 207, 203, 75, 73, 72, 200, 136, 138, 154, 158, 156, 157, 141, 173, 169, 185, 184, 248, 250, 122, 106, 42, 46, 44, 108, 236, 238], f=95, g=28
[00:00:10:40:544] Expansion 8600000: state [255, 223, 207, 203, 75, 73, 72, 200, 136, 138, 154, 158, 190, 174, 238, 110, 106, 42, 40, 56, 60, 124, 252, 248, 249, 233, 169, 171, 187], f=95, g=28
[00:00:10:47:388] Expansion 8700000: state [255, 223, 207, 203, 75, 73, 72, 200, 136, 138, 154, 155, 187, 171, 43, 41, 40, 44, 46, 110, 238, 236, 252, 188, 156, 28, 92], f=95, g=26
[00:00:10:54:327] Expansion 8800000: state [255, 223, 207, 203, 75, 73, 72, 200, 136, 138, 154, 155, 187, 171, 169, 173, 189, 188, 252, 220, 92, 94, 78, 110, 108, 44, 40, 56, 120, 122, 250, 234], f=95, g=31
[00:00:11:01:276] Expansion 8900000: state [255, 223, 207, 203, 75, 73, 72, 200, 136, 138, 154, 155, 187, 185, 184, 56, 60, 124, 252, 220, 156, 157, 141, 173, 172, 174, 238, 234, 106, 42], f=95, g=29
[00:00:11:08:623] Expansion 9000000: state [255, 223, 207, 203, 75, 73, 72, 200, 136, 138, 142, 174, 46, 42, 43, 171, 187, 185, 189, 157, 156, 220, 252, 236], f=95, g=23
[00:00:11:16:188] Expansion 9100000: state [255, 223, 207, 203, 75, 73, 72, 200, 136, 138, 142, 174, 172, 188, 60, 124, 92, 94, 90, 218, 250, 248, 249, 233, 169, 41, 40, 42, 106, 110], f=95, g=29
[00:00:11:23:511] Expansion 9200000: state [255, 223, 207, 203, 75, 73, 72, 200, 136, 138, 142, 174, 238, 110, 108, 44, 40, 42, 43, 171, 187, 185, 249, 233], f=95, g=23
[00:00:11:31:027] Expansion 9300000: state [255, 223, 207, 203, 75, 73, 72, 200, 136, 138, 142, 174, 238, 236, 252, 248, 250, 122, 90, 94, 92, 28, 60, 44, 40, 42, 43, 171, 169, 185, 189, 157, 141], f=95, g=32
[00:00:11:38:611] Expansion 9400000: state [255, 223, 207, 203, 75, 73, 72, 200, 136, 138, 142, 174, 175, 171, 169, 233, 249, 248, 250, 122, 90, 94, 78, 110, 108, 44, 40], f=95, g=26
[00:00:11:46:250] Expansion 9500000: state [255, 223, 207, 203, 75, 73, 72, 200, 136, 138, 142, 158, 156, 28, 12, 44, 172, 173, 169, 185, 184, 56, 58, 42, 106, 234, 250, 218, 90, 94, 78], f=95, g=30
[00:00:11:56:438] Expansion 9600000: state [255, 223, 207, 203, 75, 73, 72, 200, 136, 138, 142, 158, 156, 220, 92, 124, 108, 44, 46, 42, 106, 122, 250, 248, 249, 185], f=95, g=25
[00:00:12:03:515] Expansion 9700000: state [255, 223, 207, 203, 75, 73, 72, 200, 136, 138, 142, 158, 156, 188, 184, 56, 40, 44, 108, 236, 238, 234, 250, 122, 90, 94], f=95, g=25
[00:00:12:10:691] Expansion 9800000: state [255, 223, 207, 203, 75, 73, 72, 200, 136, 138, 142, 158, 156, 157, 189, 173, 172, 44, 60, 124, 92, 94, 78, 110, 106, 234, 250, 248, 249, 217], f=95, g=29
[00:00:12:17:721] Expansion 9900000: state [255, 223, 207, 203, 75, 73, 72, 200, 136, 138, 142, 158, 190, 186, 187, 185, 169, 41, 40, 56, 120, 248, 252, 236, 108, 110, 78], f=95, g=26
[00:00:12:24:848] Expansion 10000000: state [255, 223, 207, 203, 75, 73, 72, 200, 136, 137, 169, 41, 40, 44, 12, 28, 156, 220, 252, 248, 120], f=95, g=20
[00:00:12:32:103] Expansion 10100000: state [255, 223, 207, 203, 75, 73, 72, 200, 136, 137, 169, 41, 43, 42, 170, 174, 238, 110, 108, 124, 92, 220, 156, 188, 184, 248, 250, 218, 154], f=95, g=28
[00:00:12:39:384] Expansion 10200000: state [255, 223, 207, 203, 75, 73, 72, 200, 136, 137, 169, 233, 249, 121, 120, 56, 58, 186, 190, 158, 156, 28, 92, 94, 78, 110, 238, 236, 172], f=95, g=28
[00:00:12:46:701] Expansion 10300000: state [255, 223, 207, 203, 75, 73, 72, 200, 136, 137, 169, 233, 249, 248, 252, 188, 156, 158, 154, 186, 58, 122, 106, 110, 238, 174], f=95, g=25
[00:00:12:54:355] Expansion 10400000: state [255, 223, 207, 203, 75, 73, 72, 200, 136, 137, 169, 185, 184, 188, 252, 236, 108, 110, 106, 42, 40], f=95, g=20
[00:00:13:02:069] Expansion 10500000: state [255, 223, 207, 203, 75, 73, 72, 200, 136, 137, 169, 185, 249, 248, 252, 124, 60, 28, 156, 158, 190, 186, 170, 234, 238], f=95, g=24
[00:00:13:09:883] Expansion 10600000: state [255, 223, 207, 203, 75, 73, 72, 200, 136, 137, 169, 185, 189, 157, 156, 158, 154, 186, 250, 234, 106, 42, 40, 56, 60, 124, 108, 236, 172, 174, 175], f=95, g=30
[00:00:13:17:510] Expansion 10700000: state [255, 223, 207, 203, 75, 73, 72, 200, 136, 137, 169, 185, 187, 155, 154, 158, 156, 220, 92, 94, 78, 110, 238, 174, 172, 44], f=95, g=25
[00:00:13:24:859] Expansion 10800000: state [255, 223, 207, 203, 75, 73, 72, 200, 136, 137, 169, 173, 172, 236, 252, 124, 60, 28, 156, 158, 190, 186, 170, 234, 106, 110, 78, 94, 90, 218], f=95, g=29
[00:00:13:32:254] Expansion 10900000: state [255, 223, 207, 203, 75, 73, 72, 200, 136, 137, 169, 173, 189, 157, 156, 158, 154, 218, 250, 234, 238, 236, 108, 124, 60, 56], f=95, g=25
[00:00:13:39:570] Expansion 11000000: state [255, 223, 207, 203, 75, 73, 72, 200, 136, 137, 169, 173, 175, 174, 170, 42, 58, 56, 120, 248, 252, 220, 156, 28, 12, 44, 108, 110, 78, 94], f=95, g=29
[00:00:13:47:251] Expansion 11100000: state [255, 223, 207, 203, 75, 73, 72, 200, 136, 137, 169, 171, 43, 42, 58, 56, 60, 44, 108], f=95, g=18
[00:00:13:54:757] Expansion 11200000: state [255, 223, 207, 203, 75, 73, 72, 200, 136, 137, 169, 171, 170, 174, 238, 110, 106, 122, 58, 56, 184, 188, 252, 124], f=95, g=23
[00:00:14:02:181] Expansion 11300000: state [255, 223, 207, 203, 75, 73, 72, 200, 136, 137, 169, 171, 187, 186, 154, 158, 156, 220, 92, 94, 78, 110, 108, 44, 40, 56, 120, 121, 249], f=95, g=28
[00:00:14:12:829] Expansion 11400000: state [255, 223, 207, 203, 75, 73, 72, 200, 136, 137, 169, 171, 175, 174, 238, 236, 252, 248, 120, 56, 58, 186, 154, 218, 90, 94, 92, 28, 12], f=95, g=28
[00:00:14:20:110] Expansion 11500000: state [255, 223, 207, 203, 75, 73, 72, 200, 136, 137, 141, 173, 172, 236, 252, 220, 156, 28, 60, 56, 184, 185, 187, 171, 170, 42, 106, 110, 78, 94], f=95, g=29
[00:00:14:27:464] Expansion 11600000: state [255, 223, 207, 203, 75, 73, 72, 200, 136, 137, 141, 173, 172, 174, 170, 234, 106, 110, 78, 94, 92, 220, 156, 158, 154, 155, 187, 185, 249, 248, 120, 56, 40, 41, 43], f=95, g=34
[00:00:14:35:062] Expansion 11700000: state [255, 223, 207, 203, 75, 73, 72, 200, 136, 137, 141, 173, 189, 185, 249, 121, 120, 124, 92, 28, 156, 158, 142, 174, 170, 42, 106, 110, 78], f=95, g=28
[00:00:14:42:492] Expansion 11800000: state [255, 223, 207, 203, 75, 73, 72, 200, 136, 137, 141, 173, 189, 185, 187, 171, 43, 41, 40, 44, 46, 174, 190, 158, 156, 28, 92, 94, 90, 218, 250], f=95, g=30
[00:00:14:50:089] Expansion 11900000: state [255, 223, 207, 203, 75, 73, 72, 200, 136, 137, 141, 173, 189, 188, 156, 158, 154, 155, 187, 171, 43, 42, 46, 44, 108, 124, 92, 94, 90, 122, 250, 248, 249, 233], f=95, g=33
[00:00:14:57:768] Expansion 12000000: state [255, 223, 207, 203, 75, 73, 72, 200, 136, 137, 141, 173, 175, 171, 43, 42, 58, 56, 184, 188, 190, 158, 154, 218, 90, 94, 92, 28, 12], f=95, g=28
[00:00:15:05:383] Expansion 12100000: state [255, 223, 207, 203, 75, 73, 72, 200, 136, 137, 141, 173, 175, 171, 187, 185, 249, 121, 120, 56, 40, 44, 108, 110, 78, 94, 90, 218, 154], f=95, g=28
[00:00:15:12:659] Expansion 12200000: state [255, 223, 207, 203, 75, 73, 72, 200, 136, 137, 141, 173, 175, 174, 170, 42, 58, 56, 60, 44, 108, 110, 78, 94, 90, 218, 154, 158, 156], f=95, g=28
[00:00:15:19:848] Expansion 12300000: state [255, 223, 207, 203, 75, 73, 72, 200, 136, 137, 141, 157, 156, 28, 12, 44, 172, 174, 190, 186, 58, 122, 120, 124, 252], f=95, g=24
[00:00:15:27:285] Expansion 12400000: state [255, 223, 207, 203, 75, 73, 72, 200, 136, 137, 141, 157, 156, 28, 60, 124, 120, 248, 249, 185, 187, 186, 170, 42, 46, 110, 78, 94, 90], f=95, g=28
[00:00:15:34:643] Expansion 12500000: state [255, 223, 207, 203, 75, 73, 72, 200, 136, 137, 141, 157, 156, 220, 252, 248, 184, 185, 187, 155, 154, 218, 90, 94, 78, 110, 238, 174, 170, 42, 43], f=95, g=30
[00:00:15:42:297] Expansion 12600000: state [255, 223, 207, 203, 75, 73, 72, 200, 136, 137, 141, 157, 156, 158, 142, 174, 172, 44, 108, 124, 120, 122, 106], f=95, g=22
[00:00:15:49:632] Expansion 12700000: state [255, 223, 207, 203, 75, 73, 72, 200, 136, 137, 141, 157, 156, 158, 190, 174, 170, 234, 106, 122, 58, 56, 184, 248, 252, 124, 108, 44, 12], f=95, g=28
[00:00:15:56:875] Expansion 12800000: state [255, 223, 207, 203, 75, 73, 72, 200, 136, 137, 141, 157, 189, 185, 249, 248, 120, 56, 60, 28, 92, 94, 90, 218, 154, 186, 190, 174, 175, 171, 43, 42, 106, 234], f=95, g=33
[00:00:16:04:053] Expansion 12900000: state [255, 223, 207, 203, 75, 73, 72, 200, 136, 137, 141, 157, 189, 185, 187, 171, 175, 174, 172, 44, 12, 28, 92, 124, 120, 122, 106, 110, 78], f=95, g=28
[00:00:16:11:273] Expansion 13000000: state [255, 223, 207, 203, 75, 73, 72, 200, 136, 137, 141, 157, 189, 188, 252, 236, 108, 44, 40, 56, 120, 122, 250, 234, 170, 174, 175], f=95, g=26
[00:00:16:18:576] Expansion 13100000: state [255, 223, 207, 203, 75, 73, 72, 200, 232, 168, 40, 56, 58, 122, 106, 110, 108, 124, 252, 220, 156, 158, 142, 174, 175, 173, 189, 185, 249, 121], f=95, g=29
[00:00:16:26:030] Expansion 13200000: state [255, 223, 207, 203, 75, 73, 72, 200, 232, 168, 40, 42, 10, 138, 154, 218, 90, 122, 120, 124, 252, 188, 189, 173, 175, 171, 187], f=95, g=26
[00:00:16:33:390] Expansion 13300000: state [255, 223, 207, 203, 75, 73, 72, 200, 232, 168, 40, 42, 46, 110, 108, 124, 252, 220, 156, 157, 141, 173, 175, 171, 187, 155, 154, 138, 142], f=95, g=28
[00:00:16:40:827] Expansion 13400000: state [255, 223, 207, 203, 75, 73, 72, 200, 232, 168, 184, 56, 60, 124, 252, 220, 156, 140, 141, 173, 175], f=95, g=20
[00:00:16:48:049] Expansion 13500000: state [255, 223, 207, 203, 75, 73, 72, 200, 232, 168, 184, 186, 190, 174, 46, 110, 78, 94, 90, 122, 120, 124, 60, 28, 156, 140], f=95, g=25
[00:00:16:55:206] Expansion 13600000: state [255, 223, 207, 203, 75, 73, 72, 200, 232, 168, 172, 140, 156, 28, 92, 124, 120, 56, 58, 42, 43, 171, 187], f=95, g=22
[00:00:17:02:217] Expansion 13700000: state [255, 223, 207, 203, 75, 73, 72, 200, 232, 168, 172, 173, 175, 171, 187, 186, 58, 122, 106, 110, 78, 94, 92, 220], f=95, g=23
[00:00:17:09:245] Expansion 13800000: state [255, 223, 207, 203, 75, 73, 72, 200, 232, 168, 170, 171, 187, 155, 154, 218, 250, 122, 106, 110, 108, 44, 60, 188, 252, 220, 92, 93], f=95, g=27
[00:00:17:16:683] Expansion 13900000: state [255, 223, 207, 203, 75, 73, 72, 200, 232, 168, 169, 137, 141, 157, 156, 158, 154, 186, 250, 122, 90, 94, 78, 110, 108, 124, 60], f=95, g=26
[00:00:17:27:241] Expansion 14000000: state [255, 223, 207, 203, 75, 73, 72, 200, 232, 168, 169, 185, 187, 186, 58, 122, 90, 94, 78, 110, 46, 44, 12, 28], f=95, g=23
[00:00:17:34:341] Expansion 14100000: state [255, 223, 207, 203, 75, 73, 72, 200, 232, 168, 169, 173, 189, 188, 190, 174, 142, 140, 12, 44, 108, 110, 106, 42, 58], f=95, g=24
[00:00:17:41:350] Expansion 14200000: state [255, 223, 207, 203, 75, 73, 72, 200, 232, 168, 169, 171, 187, 186, 250, 122, 106, 42, 46, 44, 108, 124, 92, 93], f=95, g=23
[00:00:17:48:506] Expansion 14300000: state [255, 223, 207, 203, 75, 73, 72, 200, 232, 248, 120, 56, 40, 41, 169, 137, 141, 140, 142, 158, 190, 188, 189], f=95, g=22
[00:00:17:55:684] Expansion 14400000: state [255, 223, 207, 203, 75, 73, 72, 200, 232, 248, 120, 56, 58, 42, 170, 138, 154, 152, 156, 157, 141, 137, 169, 41], f=95, g=23
[00:00:18:03:057] Expansion 14500000: state [255, 223, 207, 203, 75, 73, 72, 200, 232, 248, 120, 124, 60, 188, 156, 140, 142, 138, 154, 186, 187, 185, 169, 41, 43, 42, 106, 110, 78], f=95, g=28
[00:00:18:10:686] Expansion 14600000: state [255, 223, 207, 203, 75, 73, 72, 200, 232, 248, 120, 124, 92, 94, 78, 110, 238, 174, 175, 173, 189, 188, 156, 140, 12, 44, 40, 42, 58], f=95, g=28
[00:00:18:17:786] Expansion 14700000: state [255, 223, 207, 203, 75, 73, 72, 200, 232, 248, 120, 122, 58, 42, 170, 138, 154, 155, 187, 185, 189, 188, 60, 28, 92, 220], f=95, g=25
[00:00:18:24:618] Expansion 14800000: state [255, 223, 207, 203, 75, 73, 72, 200, 232, 248, 120, 122, 90, 94, 78, 110, 108, 44, 12, 140, 156, 188, 189, 173, 169, 171, 187, 155, 154], f=95, g=28
[00:00:18:31:649] Expansion 14900000: state [255, 223, 207, 203, 75, 73, 72, 200, 232, 248, 120, 122, 106, 42, 43, 41, 169, 173, 141, 140, 142, 158, 190, 188, 60], f=95, g=24
[00:00:18:38:893] Expansion 15000000: state [255, 223, 207, 203, 75, 73, 72, 200, 232, 248, 184, 56, 60, 44, 12, 140, 141, 173, 169, 171, 170, 174, 238], f=95, g=22
[00:00:18:45:974] Expansion 15100000: state [255, 223, 207, 203, 75, 73, 72, 200, 232, 248, 184, 152, 154, 138, 142, 174, 172, 44, 60, 124, 92, 94, 90, 122, 106, 42, 43, 41, 169, 137], f=95, g=29
[00:00:18:53:341] Expansion 15200000: state [255, 223, 207, 203, 75, 73, 72, 200, 232, 248, 184, 188, 189, 173, 169, 171, 187, 155, 154, 218, 90, 122, 106, 42, 40, 44, 12, 28, 92], f=95, g=28
[00:00:19:00:430] Expansion 15300000: state [255, 223, 207, 203, 75, 73, 72, 200, 232, 248, 184, 185, 169, 41, 40, 44, 12, 140, 156, 220, 92, 94, 90, 122, 106, 110, 238, 174, 170, 138], f=95, g=29
[00:00:19:08:006] Expansion 15400000: state [255, 223, 207, 203, 75, 73, 72, 200, 232, 248, 184, 185, 187, 155, 154, 218, 90, 94, 92, 220, 156, 140, 12, 44, 60], f=95, g=24
[00:00:19:15:476] Expansion 15500000: state [255, 223, 207, 203, 75, 73, 72, 200, 232, 248, 252, 124, 60, 44, 172, 173, 169, 41, 43, 42, 170, 138, 154, 158, 156], f=95, g=24
[00:00:19:22:927] Expansion 15600000: state [255, 223, 207, 203, 75, 73, 72, 200, 232, 248, 252, 124, 92, 94, 78, 110, 106, 42, 40, 44, 172, 140, 142, 158, 190, 186, 187, 185], f=95, g=27
[00:00:19:30:160] Expansion 15700000: state [255, 223, 207, 203, 75, 73, 72, 200, 232, 248, 252, 124, 108, 110, 46, 174, 175, 171, 169, 185, 189, 157, 156, 152], f=95, g=23
[00:00:19:37:216] Expansion 15800000: state [255, 223, 207, 203, 75, 73, 72, 200, 232, 248, 252, 188, 156, 157, 141, 173, 169, 171, 170, 174, 238, 110, 106], f=95, g=22
[00:00:19:44:305] Expansion 15900000: state [255, 223, 207, 203, 75, 73, 72, 200, 232, 248, 252, 220, 92, 28, 60, 44, 108, 110, 106, 42, 43, 171, 169, 173, 141, 140], f=95, g=25
[00:00:19:51:308] Expansion 16000000: state [255, 223, 207, 203, 75, 73, 72, 200, 232, 248, 252, 220, 156, 140, 172, 173, 175, 171, 43, 41, 40, 56, 58, 122, 90, 218, 154], f=95, g=26
[00:00:19:58:293] Expansion 16100000: state [255, 223, 207, 203, 75, 73, 72, 200, 232, 248, 250, 122, 58, 42, 46, 174, 172, 173, 189, 185, 187, 155, 154, 152, 156], f=95, g=24
[00:00:20:06:755] Expansion 16200000: state [255, 223, 207, 203, 75, 73, 72, 200, 232, 248, 250, 122, 90, 94, 78, 110, 238, 174, 172, 140, 156, 28, 60, 56, 40, 42, 10, 138, 154, 155, 187, 185, 189], f=95, g=32
[00:00:20:13:636] Expansion 16300000: state [255, 223, 207, 203, 75, 73, 72, 200, 232, 248, 250, 122, 106, 42, 43, 41, 169, 173, 189, 188, 156, 28, 92, 94], f=95, g=23
[00:00:20:20:637] Expansion 16400000: state [255, 223, 207, 203, 75, 73, 72, 200, 232, 248, 250, 186, 154, 138, 142, 174, 238, 110, 78, 94, 92, 124, 60, 188, 189], f=95, g=24
[00:00:20:27:720] Expansion 16500000: state [255, 223, 207, 203, 75, 73, 72, 200, 232, 248, 250, 186, 187, 185, 169, 173, 175, 174, 46, 42, 40, 56, 60, 188, 156, 220, 92, 93], f=95, g=27
[00:00:20:34:586] Expansion 16600000: state [255, 223, 207, 203, 75, 73, 72, 200, 232, 248, 250, 218, 154, 138, 10, 42, 58, 56, 60, 188, 190, 174, 175, 173, 169], f=95, g=24
[00:00:20:41:339] Expansion 16700000: state [255, 223, 207, 203, 75, 73, 72, 200, 232, 248, 250, 218, 154, 158, 190, 174, 175, 173, 169, 41, 43, 42, 106, 110, 108, 124, 92, 93], f=95, g=27
[00:00:20:48:342] Expansion 16800000: state [255, 223, 207, 203, 75, 73, 72, 200, 232, 248, 249, 185, 169, 137, 141, 140, 156, 152, 154, 186, 190, 174, 238, 110, 106, 42, 40, 56, 60, 124, 92, 94, 90], f=95, g=32
[00:00:20:55:528] Expansion 16900000: state [255, 223, 207, 203, 75, 73, 72, 200, 232, 248, 249, 185, 169, 171, 43, 42, 40, 56, 60, 28, 156, 140, 142, 138, 154, 218, 90, 122], f=95, g=27
[00:00:21:02:999] Expansion 17000000: state [255, 223, 207, 203, 75, 73, 72, 200, 232, 248, 249, 185, 189, 173, 141, 140, 156, 28, 92, 124, 108, 44, 40, 41, 43, 171, 170, 186, 154, 155], f=95, g=29
[00:00:21:10:391] Expansion 17100000: state [255, 223, 207, 203, 75, 73, 72, 200, 232, 248, 249, 185, 187, 155, 154, 152, 156, 140, 172, 44, 46, 42, 58], f=95, g=22
[00:00:21:17:409] Expansion 17200000: state [255, 223, 207, 203, 75, 73, 72, 200, 232, 248, 249, 185, 187, 186, 154, 138, 142, 174, 238, 110, 78, 94, 92, 28, 12, 44, 40, 41], f=95, g=27
[00:00:21:24:821] Expansion 17300000: state [255, 223, 207, 203, 75, 73, 72, 200, 232, 236, 108, 44, 40, 56, 120, 122, 90, 94, 92, 28, 156, 140, 142, 174, 190, 186, 187, 171, 43], f=95, g=28
[00:00:21:32:250] Expansion 17400000: state [255, 223, 207, 203, 75, 73, 72, 200, 232, 236, 108, 44, 60, 28, 156, 157, 189, 173, 169, 171, 43, 42, 10, 138, 154, 218, 250, 122, 120, 121, 249], f=95, g=30
[00:00:21:39:269] Expansion 17500000: state [255, 223, 207, 203, 75, 73, 72, 200, 232, 236, 108, 44, 46, 42, 43, 41, 169, 185, 189, 188, 190, 186, 154, 218, 90, 94, 92, 28], f=95, g=27
[00:00:21:46:401] Expansion 17600000: state [255, 223, 207, 203, 75, 73, 72, 200, 232, 236, 108, 124, 60, 188, 184, 152, 154, 218, 250, 122, 58, 42, 40, 41, 169, 171, 175, 174, 142, 140, 141, 157], f=95, g=31
[00:00:21:53:705] Expansion 17700000: state [255, 223, 207, 203, 75, 73, 72, 200, 232, 236, 108, 124, 92, 94, 90, 218, 154, 158, 190, 174, 175, 173, 141, 137], f=95, g=23
[00:00:22:00:746] Expansion 17800000: state [255, 223, 207, 203, 75, 73, 72, 200, 232, 236, 108, 124, 120, 122, 250, 186, 187, 171, 169, 41, 40, 42, 10, 138, 142, 174], f=95, g=25
[00:00:22:07:852] Expansion 17900000: state [255, 223, 207, 203, 75, 73, 72, 200, 232, 236, 108, 110, 46, 174, 142, 140, 156, 188, 184, 185, 249, 121, 120, 122, 58], f=95, g=24
[00:00:22:14:895] Expansion 18000000: state [255, 223, 207, 203, 75, 73, 72, 200, 232, 236, 108, 110, 78, 94, 90, 122, 58, 186, 154, 138, 142, 174, 175, 171, 169, 137, 141, 157, 156], f=95, g=28
[00:00:22:26:718] Expansion 18100000: state [255, 223, 207, 203, 75, 73, 72, 200, 232, 236, 108, 110, 78, 94, 92, 220, 156, 152, 154, 186, 187, 171, 169, 41, 40, 42], f=95, g=25
[00:00:22:33:773] Expansion 18200000: state [255, 223, 207, 203, 75, 73, 72, 200, 232, 236, 108, 110, 106, 122, 90, 94, 92, 28, 156, 152, 184, 185, 189, 173, 175, 174, 170, 138], f=95, g=27
[00:00:22:40:851] Expansion 18300000: state [255, 223, 207, 203, 75, 73, 72, 200, 232, 236, 172, 44, 60, 124, 120, 122, 58, 42, 10, 138, 142, 158, 156, 152, 184, 185, 249, 217], f=95, g=27
[00:00:22:47:900] Expansion 18400000: state [255, 223, 207, 203, 75, 73, 72, 200, 232, 236, 172, 140, 141, 137, 169, 171, 43, 42, 106, 122, 120, 121, 249, 217], f=95, g=23
[00:00:22:55:236] Expansion 18500000: state [255, 223, 207, 203, 75, 73, 72, 200, 232, 236, 172, 174, 142, 138, 154, 155, 187, 185, 184, 56, 60, 124, 92, 220, 156, 157, 141, 137], f=95, g=27
[00:00:23:02:508] Expansion 18600000: state [255, 223, 207, 203, 75, 73, 72, 200, 232, 236, 172, 173, 169, 185, 187, 186, 170, 42, 40, 56, 60, 28, 92, 94], f=95, g=23
[00:00:23:09:648] Expansion 18700000: state [255, 223, 207, 203, 75, 73, 72, 200, 232, 236, 252, 124, 60, 28, 156, 157, 189, 185, 187, 155, 154, 218, 90, 122, 58, 42, 43], f=95, g=26
[00:00:23:16:773] Expansion 18800000: state [255, 223, 207, 203, 75, 73, 72, 200, 232, 236, 252, 124, 92, 28, 12, 140, 141, 137, 169, 171, 175, 174, 46, 42, 58, 122], f=95, g=25
[00:00:23:23:925] Expansion 18900000: state [255, 223, 207, 203, 75, 73, 72, 200, 232, 236, 252, 124, 92, 94, 90, 218, 154, 155, 187, 171, 169, 173, 141, 140, 12, 44, 46, 42, 10], f=95, g=28
[00:00:23:31:202] Expansion 19000000: state [255, 223, 207, 203, 75, 73, 72, 200, 232, 236, 252, 124, 120, 122, 90, 218, 154, 158, 156, 157, 189, 173, 175, 174, 46, 110, 78], f=95, g=26
[00:00:23:38:668] Expansion 19100000: state [255, 223, 207, 203, 75, 73, 72, 200, 232, 236, 252, 188, 60, 44, 46, 110, 78, 94, 90, 218, 154, 158, 142, 140, 141, 137, 169, 185, 249, 121, 120], f=95, g=30
[00:00:23:45:675] Expansion 19200000: state [255, 223, 207, 203, 75, 73, 72, 200, 232, 236, 252, 188, 184, 186, 187, 171, 169, 137, 141, 140, 12, 44, 46, 42, 106], f=95, g=24
[00:00:23:52:692] Expansion 19300000: state [255, 223, 207, 203, 75, 73, 72, 200, 232, 236, 252, 220, 92, 28, 12, 140, 142, 174, 190, 186, 184, 56, 120, 122, 106, 42, 43, 171, 169, 173, 189, 157], f=95, g=31
[00:00:23:59:894] Expansion 19400000: state [255, 223, 207, 203, 75, 73, 72, 200, 232, 236, 252, 220, 92, 94, 78, 110, 106, 42, 43, 41, 169, 185, 184, 56, 120, 121], f=95, g=25
[00:00:24:06:889] Expansion 19500000: state [255, 223, 207, 203, 75, 73, 72, 200, 232, 236, 252, 220, 156, 140, 12, 44, 46, 42, 43, 171, 169, 185, 249, 121, 120, 122, 90, 94], f=95, g=27
[00:00:24:14:059] Expansion 19600000: state [255, 223, 207, 203, 75, 73, 72, 200, 232, 236, 252, 220, 156, 157, 189, 185, 184, 56, 58, 122, 90, 94, 78, 110, 46, 174, 142, 138, 154], f=95, g=28
[00:00:24:21:200] Expansion 19700000: state [255, 223, 207, 203, 75, 73, 72, 200, 232, 236, 238, 110, 46, 42, 43, 41, 169, 185, 187, 155, 154, 158, 156, 188, 60], f=95, g=24
[00:00:24:28:513] Expansion 19800000: state [255, 223, 207, 203, 75, 73, 72, 200, 232, 236, 238, 110, 46, 44, 60, 56, 120, 121, 249, 185, 187, 171, 170, 138, 154, 152, 156, 157], f=95, g=27
[00:00:24:35:499] Expansion 19900000: state [255, 223, 207, 203, 75, 73, 72, 200, 232, 236, 238, 110, 78, 94, 90, 122, 120, 124, 60, 28, 156, 157, 141, 173, 169, 41, 43, 42, 10, 138, 154, 186], f=95, g=31
[00:00:24:42:631] Expansion 20000000: state [255, 223, 207, 203, 75, 73, 72, 200, 232, 236, 238, 110, 78, 94, 92, 124, 60, 44, 40, 42, 58, 122, 250, 218, 154, 152, 156, 140, 141, 173, 169, 185, 249, 121], f=95, g=33
[00:00:24:50:075] Expansion 20100000: state [255, 223, 207, 203, 75, 73, 72, 200, 232, 236, 238, 110, 106, 42, 170, 171, 175, 173, 189, 185, 249, 121, 120, 124, 60, 44, 12, 140, 156, 158, 154, 155], f=95, g=31
[00:00:24:57:583] Expansion 20200000: state [255, 223, 207, 203, 75, 73, 72, 200, 232, 236, 238, 110, 106, 122, 250, 186, 154, 152, 156, 140, 141, 173, 175, 171, 43, 41, 40, 44, 60, 124, 92], f=95, g=30
[00:00:25:04:903] Expansion 20300000: state [255, 223, 207, 203, 75, 73, 72, 200, 232, 236, 238, 174, 46, 44, 60, 56, 120, 122, 250, 218, 154, 152, 156, 140, 141, 173, 189, 185, 187], f=95, g=28
[00:00:25:11:997] Expansion 20400000: state [255, 223, 207, 203, 75, 73, 72, 200, 232, 236, 238, 174, 142, 158, 154, 218, 90, 94, 92, 124, 60, 188, 189, 185, 187, 171, 43], f=95, g=26
[00:00:25:19:394] Expansion 20500000: state [255, 223, 207, 203, 75, 73, 72, 200, 232, 236, 238, 174, 190, 158, 154, 155, 187, 185, 189, 157, 141, 140, 12, 44, 40, 56, 120, 121], f=95, g=27
[00:00:25:26:772] Expansion 20600000: state [255, 223, 207, 203, 75, 73, 72, 200, 232, 236, 238, 174, 175, 171, 187, 185, 249, 121, 120, 124, 92, 94, 90, 218, 154, 138, 10, 42, 40, 44, 12, 140, 156], f=95, g=32
[00:00:25:34:205] Expansion 20700000: state [255, 223, 207, 203, 75, 73, 72, 200, 232, 234, 106, 42, 40, 56, 120, 124, 92, 94, 90, 218, 154, 186, 187, 171, 169, 137, 141, 157, 189, 188, 172], f=95, g=30
[00:00:25:41:374] Expansion 20800000: state [255, 223, 207, 203, 75, 73, 72, 200, 232, 234, 106, 42, 58, 186, 190, 174, 172, 44, 60, 28, 156, 157, 189, 185, 249, 121, 120], f=95, g=26
[00:00:25:48:661] Expansion 20900000: state [255, 223, 207, 203, 75, 73, 72, 200, 232, 234, 106, 42, 43, 171, 187, 185, 184, 56, 120, 124, 252, 220, 156, 158, 154, 218, 90, 94, 78], f=95, g=28
[00:00:25:55:723] Expansion 21000000: state [255, 223, 207, 203, 75, 73, 72, 200, 232, 234, 106, 122, 90, 218, 154, 158, 142, 174, 175, 171, 43, 41, 40, 44, 12, 28, 92, 124, 252, 188, 184, 185], f=95, g=31
[00:00:26:02:810] Expansion 21100000: state [255, 223, 207, 203, 75, 73, 72, 200, 232, 234, 106, 122, 120, 124, 60, 188, 189, 173, 175, 171, 187, 155, 154, 158, 142], f=95, g=24
[00:00:26:10:142] Expansion 21200000: state [255, 223, 207, 203, 75, 73, 72, 200, 232, 234, 106, 110, 46, 174, 172, 188, 189, 157, 141, 137, 169, 171, 187, 155, 154, 218, 90, 94, 92, 124], f=95, g=29
[00:00:26:17:614] Expansion 21300000: state [255, 223, 207, 203, 75, 73, 72, 200, 232, 234, 106, 110, 78, 94, 92, 124, 60, 56, 184, 185, 169, 137, 141, 140, 142], f=95, g=24
[00:00:26:25:141] Expansion 21400000: state [255, 223, 207, 203, 75, 73, 72, 200, 232, 234, 170, 42, 40, 56, 184, 185, 189, 173, 141, 140, 156, 220, 252, 124, 108, 110, 78, 94, 90, 218, 154, 155], f=95, g=31
[00:00:26:32:319] Expansion 21500000: state [255, 223, 207, 203, 75, 73, 72, 200, 232, 234, 170, 138, 154, 218, 90, 122, 120, 124, 92, 220, 156, 157, 141, 173, 172, 44, 40, 41, 43], f=95, g=28
[00:00:26:39:338] Expansion 21600000: state [255, 223, 207, 203, 75, 73, 72, 200, 232, 234, 170, 186, 187, 185, 189, 173, 141, 140, 12, 28, 92, 93], f=95, g=21
[00:00:26:46:593] Expansion 21700000: state [255, 223, 207, 203, 75, 73, 72, 200, 232, 234, 170, 171, 169, 137, 141, 140, 142, 158, 190, 188, 184, 56, 120, 124, 108], f=95, g=24
[00:00:26:54:000] Expansion 21800000: state [255, 223, 207, 203, 75, 73, 72, 200, 232, 234, 250, 122, 58, 42, 46, 110, 108, 124, 60, 28, 156, 152, 184, 185, 169, 173, 175], f=95, g=26
[00:00:27:00:964] Expansion 21900000: state [255, 223, 207, 203, 75, 73, 72, 200, 232, 234, 250, 122, 90, 94, 78, 110, 108, 124, 60, 56, 184, 152, 154, 158, 142, 174, 175, 171, 43, 42], f=95, g=29
[00:00:27:08:090] Expansion 22000000: state [255, 223, 207, 203, 75, 73, 72, 200, 232, 234, 250, 122, 120, 56, 40, 42, 46, 174, 142, 158, 154, 155, 187, 185, 189, 157, 141], f=95, g=26
[00:00:27:15:453] Expansion 22100000: state [255, 223, 207, 203, 75, 73, 72, 200, 232, 234, 250, 122, 120, 124, 252, 220, 156, 28, 12, 44, 172, 174, 142, 138, 10, 42, 43, 41], f=95, g=27
[00:00:27:22:600] Expansion 22200000: state [255, 223, 207, 203, 75, 73, 72, 200, 232, 234, 250, 186, 154, 138, 142, 174, 175, 171, 43, 41, 40, 56, 120, 121, 249, 185, 189, 188, 252, 220, 92, 94], f=95, g=31
[00:00:27:29:731] Expansion 22300000: state [255, 223, 207, 203, 75, 73, 72, 200, 232, 234, 250, 186, 190, 174, 172, 140, 141, 137, 169, 171, 43, 42, 40, 56, 60, 28], f=95, g=25
[00:00:27:36:973] Expansion 22400000: state [255, 223, 207, 203, 75, 73, 72, 200, 232, 234, 250, 218, 90, 94, 78, 110, 108, 124, 252, 188, 156, 140, 142, 174, 175, 171, 169, 185], f=95, g=27
[00:00:27:43:886] Expansion 22500000: state [255, 223, 207, 203, 75, 73, 72, 200, 232, 234, 250, 218, 154, 138, 10, 42, 43, 41, 169, 173, 189, 157, 156, 220, 92, 94, 78, 110, 108, 44, 60, 56, 120, 121, 249], f=95, g=34
[00:00:27:50:764] Expansion 22600000: state [255, 223, 207, 203, 75, 73, 72, 200, 232, 234, 250, 218, 154, 158, 142, 174, 175, 171, 169, 41, 40, 44, 108, 110, 78, 94], f=95, g=25
[00:00:27:57:650] Expansion 22700000: state [255, 223, 207, 203, 75, 73, 72, 200, 232, 234, 238, 110, 46, 42, 10, 138, 154, 155, 187, 171, 175, 173, 189, 157, 156, 28, 92, 94], f=95, g=27
[00:00:28:05:230] Expansion 22800000: state [255, 223, 207, 203, 75, 73, 72, 200, 232, 234, 238, 110, 46, 42, 43, 171, 175, 173, 172, 140, 142, 158, 154, 152, 184, 185, 249, 121, 120, 124, 60, 28], f=95, g=31
[00:00:28:12:739] Expansion 22900000: state [255, 223, 207, 203, 75, 73, 72, 200, 232, 234, 238, 110, 78, 94, 90, 218, 154, 158, 142, 140, 172, 188, 60, 124, 120, 121, 249, 185, 169, 41, 40, 42, 10], f=95, g=32
[00:00:28:19:929] Expansion 23000000: state [255, 223, 207, 203, 75, 73, 72, 200, 232, 234, 238, 110, 78, 94, 92, 28, 60, 188, 172, 173, 169, 185, 249, 121, 120, 122, 58, 186, 154, 138], f=95, g=29
[00:00:28:27:197] Expansion 23100000: state [255, 223, 207, 203, 75, 73, 72, 200, 232, 234, 238, 110, 108, 44, 40, 56, 58, 186, 187, 185, 169, 137, 141, 140, 156, 220], f=95, g=25
[00:00:28:34:413] Expansion 23200000: state [255, 223, 207, 203, 75, 73, 72, 200, 232, 234, 238, 110, 108, 124, 92, 94, 90, 122, 58, 42, 10, 138, 154, 152, 156, 140, 141, 137, 169, 171], f=95, g=29
[00:00:28:41:667] Expansion 23300000: state [255, 223, 207, 203, 75, 73, 72, 200, 232, 234, 238, 174, 46, 44, 40, 56, 120, 124, 252, 220, 156, 152, 154, 186, 187, 185, 169, 173], f=95, g=27
[00:00:28:56:025] Expansion 23400000: state [255, 223, 207, 203, 75, 73, 72, 200, 232, 234, 238, 174, 142, 140, 141, 173, 189, 188, 60, 56, 40, 41, 43, 171, 187, 155], f=95, g=25
[00:00:29:03:135] Expansion 23500000: state [255, 223, 207, 203, 75, 73, 72, 200, 232, 234, 238, 174, 190, 158, 154, 218, 90, 94, 92, 124, 60, 56, 40, 42], f=95, g=23
[00:00:29:10:328] Expansion 23600000: state [255, 223, 207, 203, 75, 73, 72, 200, 232, 234, 238, 174, 175, 171, 187, 186, 58, 56, 40, 44, 12, 28, 156, 220, 252], f=95, g=24
[00:00:29:17:693] Expansion 23700000: state [255, 223, 207, 203, 75, 73, 72, 200, 232, 233, 169, 41, 40, 44, 60, 28, 92, 94, 78, 110, 106, 122, 58, 186, 154, 138], f=95, g=25
[00:00:29:24:879] Expansion 23800000: state [255, 223, 207, 203, 75, 73, 72, 200, 232, 233, 169, 41, 43, 42, 106, 110, 108, 44, 12, 140, 156, 152], f=95, g=21
[00:00:29:32:211] Expansion 23900000: state [255, 223, 207, 203, 75, 73, 72, 200, 232, 233, 169, 137, 141, 140, 156, 220, 92, 94, 90, 122, 58, 186], f=95, g=21
[00:00:29:39:555] Expansion 24000000: state [255, 223, 207, 203, 75, 73, 72, 200, 232, 233, 169, 137, 141, 157, 156, 158, 142, 174, 46, 44, 108, 124, 92, 94, 90, 218, 250, 186], f=95, g=27
[00:00:29:46:888] Expansion 24100000: state [255, 223, 207, 203, 75, 73, 72, 200, 232, 233, 169, 185, 184, 188, 252, 220, 92, 94, 78, 110, 238, 174, 142, 138], f=95, g=23
[00:00:29:54:307] Expansion 24200000: state [255, 223, 207, 203, 75, 73, 72, 200, 232, 233, 169, 185, 189, 157, 156, 158, 154, 186, 58, 56, 40, 44, 108, 110, 78], f=95, g=24
[00:00:30:01:540] Expansion 24300000: state [255, 223, 207, 203, 75, 73, 72, 200, 232, 233, 169, 185, 187, 155, 154, 158, 142, 140, 172, 44, 108, 124, 92, 94, 90, 122], f=95, g=25
[00:00:30:09:059] Expansion 24400000: state [255, 223, 207, 203, 75, 73, 72, 200, 232, 233, 169, 173, 141, 140, 156, 152, 184, 186, 190, 174, 46, 42, 106, 122, 120, 124, 92], f=95, g=26
[00:00:30:16:638] Expansion 24500000: state [255, 223, 207, 203, 75, 73, 72, 200, 232, 233, 169, 173, 141, 157, 156, 158, 190, 186, 58, 122, 90, 94, 92, 124, 108, 110], f=95, g=25
[00:00:30:24:032] Expansion 24600000: state [255, 223, 207, 203, 75, 73, 72, 200, 232, 233, 169, 173, 189, 157, 156, 220, 92, 94, 90, 122, 120, 56, 60, 44, 46, 110, 238], f=95, g=26
[00:00:30:31:274] Expansion 24700000: state [255, 223, 207, 203, 75, 73, 72, 200, 232, 233, 169, 173, 175, 174, 142, 158, 154, 218, 90, 122, 58, 42, 40, 44, 108, 124, 252, 188, 184], f=95, g=28
[00:00:30:38:510] Expansion 24800000: state [255, 223, 207, 203, 75, 73, 72, 200, 232, 233, 169, 171, 43, 42, 58, 56, 60, 44, 108, 110, 238, 174, 142, 140, 156, 152, 154], f=95, g=26
[00:00:30:46:048] Expansion 24900000: state [255, 223, 207, 203, 75, 73, 72, 200, 232, 233, 169, 171, 170, 174, 190, 158, 154, 218, 90, 122, 120, 124, 92, 28, 12, 140, 141, 157], f=95, g=27
[00:00:30:53:381] Expansion 25000000: state [255, 223, 207, 203, 75, 73, 72, 200, 232, 233, 169, 171, 187, 186, 184, 56, 120, 122, 106, 110, 238, 174, 172, 140, 12, 28], f=95, g=25
[00:00:31:01:007] Expansion 25100000: state [255, 223, 207, 203, 75, 73, 72, 200, 232, 233, 169, 171, 175, 174, 238, 110, 108, 124, 92, 94, 90, 122, 58, 42, 10, 138, 154, 152, 156, 140, 141], f=95, g=30
[00:00:31:08:635] Expansion 25200000: state [255, 223, 207, 203, 75, 73, 72, 200, 232, 233, 249, 121, 120, 56, 60, 44, 46, 174, 142, 140, 156, 152, 154, 218, 90], f=95, g=24
[00:00:31:16:258] Expansion 25300000: state [255, 223, 207, 203, 75, 73, 72, 200, 232, 233, 249, 121, 120, 124, 92, 94, 90, 218, 154, 152, 156, 157, 141, 173, 175, 174, 170, 42, 40], f=95, g=28
[00:00:31:23:695] Expansion 25400000: state [255, 223, 207, 203, 75, 73, 72, 200, 232, 233, 249, 121, 120, 122, 90, 218, 154, 186, 190, 174, 142, 140, 156, 157], f=95, g=23
[00:00:31:31:105] Expansion 25500000: state [255, 223, 207, 203, 75, 73, 72, 200, 232, 233, 249, 121, 120, 122, 250, 186, 184, 152, 156, 140, 141, 173, 175, 174, 46, 44], f=95, g=25
[00:00:31:38:625] Expansion 25600000: state [255, 223, 207, 203, 75, 73, 72, 200, 232, 233, 249, 185, 184, 152, 156, 28, 60, 44, 172, 173, 175, 171, 170, 42, 106, 122, 90, 94], f=95, g=27
[00:00:31:45:961] Expansion 25700000: state [255, 223, 207, 203, 75, 73, 72, 200, 232, 233, 249, 185, 184, 186, 154, 218, 90, 94, 92, 124, 108, 44, 40], f=95, g=22
[00:00:31:53:244] Expansion 25800000: state [255, 223, 207, 203, 75, 73, 72, 200, 232, 233, 249, 185, 189, 157, 156, 140, 142, 138, 154, 218, 90, 122, 58, 56, 60, 44, 46, 110, 238], f=95, g=28
[00:00:32:00:807] Expansion 25900000: state [255, 223, 207, 203, 75, 73, 72, 200, 232, 233, 249, 185, 189, 173, 172, 44, 108, 110, 78, 94, 90, 122, 250, 186, 190, 158, 142, 138, 10], f=95, g=28
[00:00:32:08:313] Expansion 26000000: state [255, 223, 207, 203, 75, 73, 72, 200, 232, 233, 249, 185, 189, 173, 175, 174, 190, 186, 58, 56], f=95, g=19
[00:00:32:15:446] Expansion 26100000: state [255, 223, 207, 203, 75, 73, 72, 200, 232, 233, 249, 185, 187, 155, 154, 138, 142, 174, 46, 42, 106, 122, 120, 124, 252, 188], f=95, g=25
[00:00:32:22:496] Expansion 26200000: state [255, 223, 207, 203, 75, 73, 72, 200, 232, 233, 249, 185, 187, 171, 43, 42, 40, 44, 12, 140, 142, 158, 190, 188, 252, 220, 92, 94, 90, 122], f=95, g=29
[00:00:32:29:924] Expansion 26300000: state [255, 223, 207, 203, 75, 73, 72, 200, 232, 233, 249, 185, 187, 171, 175, 174, 46, 44, 40, 56, 120, 122, 90, 94, 92, 28, 156, 158], f=95, g=27
[00:00:32:37:030] Expansion 26400000: state [255, 223, 207, 203, 75, 73, 72, 200, 232, 233, 249, 185, 187, 186, 250, 218, 90, 94, 78, 110, 106, 42, 10, 138, 142, 174, 175, 173, 141, 157, 156, 28, 60, 44], f=95, g=33
[00:00:32:44:451] Expansion 26500000: state [255, 223, 207, 203, 75, 73, 72, 200, 216, 152, 184, 188, 60, 28, 12, 140, 141, 137, 169, 171, 170, 234, 106, 110, 78, 94], f=95, g=25
[00:00:32:51:755] Expansion 26600000: state [255, 223, 207, 203, 75, 73, 72, 200, 216, 152, 184, 186, 58, 42, 40, 41, 169, 233, 249, 121, 120], f=95, g=20
[00:00:32:59:213] Expansion 26700000: state [255, 223, 207, 203, 75, 73, 72, 200, 216, 152, 184, 185, 169, 41, 43, 42, 106, 110, 238, 236, 172, 44, 60, 28, 92, 94], f=95, g=25
[00:00:33:06:617] Expansion 26800000: state [255, 223, 207, 203, 75, 73, 72, 200, 216, 152, 156, 28, 12, 44, 108, 110, 238, 174, 175, 173, 189, 185, 249, 121, 120, 122, 90, 94], f=95, g=27
[00:00:33:13:873] Expansion 26900000: state [255, 223, 207, 203, 75, 73, 72, 200, 216, 152, 156, 28, 60, 56, 58, 42, 106, 234, 238, 236, 172, 168, 169, 185, 249, 121], f=95, g=25
[00:00:33:21:157] Expansion 27000000: state [255, 223, 207, 203, 75, 73, 72, 200, 216, 152, 156, 140, 142, 138, 170, 168, 40, 44, 60, 124, 92, 94], f=95, g=21
[00:00:33:28:826] Expansion 27100000: state [255, 223, 207, 203, 75, 73, 72, 200, 216, 152, 156, 188, 60, 44, 46, 174, 170, 186, 187, 185, 249, 121, 120], f=95, g=22
[00:00:33:36:095] Expansion 27200000: state [255, 223, 207, 203, 75, 73, 72, 200, 216, 152, 156, 188, 189, 173, 175, 174, 46, 110, 106, 234, 250, 186, 58, 56, 120, 121, 249], f=95, g=26
[00:00:33:43:498] Expansion 27300000: state [255, 223, 207, 203, 75, 73, 72, 200, 216, 152, 156, 158, 190, 186, 58, 122, 120, 124, 92, 94, 78, 110, 46, 44, 172, 173, 175, 171], f=95, g=27
[00:00:33:50:832] Expansion 27400000: state [255, 223, 207, 203, 75, 73, 72, 200, 216, 152, 156, 157, 141, 173, 172, 236, 108, 124, 120, 122, 58, 42, 170], f=95, g=22
[00:00:33:58:206] Expansion 27500000: state [255, 223, 207, 203, 75, 73, 72, 200, 216, 152, 156, 157, 189, 185, 187, 186, 190, 174, 46, 110, 108, 124, 120, 122, 90, 94], f=95, g=25
[00:00:34:05:220] Expansion 27600000: state [255, 223, 207, 203, 75, 73, 72, 200, 216, 152, 154, 138, 170, 42, 46, 110, 78, 94, 90, 122, 120, 124, 60, 188, 172, 140, 12], f=95, g=26
[00:00:34:12:191] Expansion 27700000: state [255, 223, 207, 203, 75, 73, 72, 200, 216, 152, 154, 138, 142, 140, 172, 173, 189, 185, 187, 171, 43, 41, 40, 56, 120, 122, 250, 234, 238, 110, 78, 94, 92], f=95, g=32
[00:00:34:19:364] Expansion 27800000: state [255, 223, 207, 203, 75, 73, 72, 200, 216, 152, 154, 186, 58, 42, 43, 41, 169, 137, 141, 140, 12, 44, 60, 188, 252, 236, 238, 234], f=95, g=27
[00:00:34:26:475] Expansion 27900000: state [255, 223, 207, 203, 75, 73, 72, 200, 216, 152, 154, 186, 170, 171, 169, 185, 189, 188, 172, 44, 108, 110, 106, 122, 120, 121], f=95, g=25
[00:00:34:33:427] Expansion 28000000: state [255, 223, 207, 203, 75, 73, 72, 200, 216, 152, 154, 186, 190, 174, 142, 140, 12, 28, 92, 94, 90, 122, 120, 121, 249, 185, 169, 41, 43, 42], f=95, g=29
[00:00:34:40:426] Expansion 28100000: state [255, 223, 207, 203, 75, 73, 72, 200, 216, 152, 154, 186, 187, 185, 249, 121, 120, 56, 60, 188, 172, 174, 238, 234], f=95, g=23
[00:00:34:47:443] Expansion 28200000: state [255, 223, 207, 203, 75, 73, 72, 200, 216, 152, 154, 158, 142, 140, 141, 173, 189, 185, 187, 171, 170, 234, 238, 110, 46, 44, 40, 56, 58, 122, 90, 94, 92, 124, 252], f=95, g=34
[00:00:34:54:742] Expansion 28300000: state [255, 223, 207, 203, 75, 73, 72, 200, 216, 152, 154, 158, 190, 174, 172, 44, 60], f=95, g=16
[00:00:35:01:855] Expansion 28400000: state [255, 223, 207, 203, 75, 73, 72, 200, 216, 152, 154, 158, 190, 188, 189, 173, 169, 171, 170, 42, 46, 110, 78, 94, 92, 93], f=95, g=25
[00:00:35:08:843] Expansion 28500000: state [255, 223, 207, 203, 75, 73, 72, 200, 216, 152, 154, 155, 187, 171, 175, 174, 46, 110, 78, 94, 92, 28, 60, 56, 120, 122], f=95, g=25
[00:00:35:15:822] Expansion 28600000: state [255, 223, 207, 203, 75, 73, 72, 200, 216, 152, 154, 155, 187, 185, 189, 188, 172, 140, 12, 28, 92, 124, 108, 110, 46, 42, 58, 122, 250, 234], f=95, g=29
[00:00:35:23:198] Expansion 28700000: state [255, 223, 207, 203, 75, 73, 72, 200, 216, 248, 120, 56, 60, 28, 92, 94, 78, 110, 106, 234, 170, 171, 169, 185, 189, 157, 141, 140, 172], f=95, g=28
[00:00:35:30:379] Expansion 28800000: state [255, 223, 207, 203, 75, 73, 72, 200, 216, 248, 120, 124, 60, 28, 156, 140, 141, 137, 169, 168, 40, 42, 58, 186, 190, 174, 238, 236], f=95, g=27
[00:00:35:37:805] Expansion 28900000: state [255, 223, 207, 203, 75, 73, 72, 200, 216, 248, 120, 124, 92, 28, 156, 157, 141, 173, 175, 171, 43, 42, 106, 110], f=95, g=23
[00:00:35:45:208] Expansion 29000000: state [255, 223, 207, 203, 75, 73, 72, 200, 216, 248, 120, 124, 108, 110, 46, 174, 142, 158, 156, 188, 189, 173, 169, 41], f=95, g=23
[00:00:35:52:237] Expansion 29100000: state [255, 223, 207, 203, 75, 73, 72, 200, 216, 248, 120, 122, 90, 94, 78, 110, 46, 42, 43, 41, 169, 173, 189, 188, 60, 28, 12, 140, 142, 138, 154, 155], f=95, g=31
[00:00:35:59:255] Expansion 29200000: state [255, 223, 207, 203, 75, 73, 72, 200, 216, 248, 120, 122, 90, 94, 92, 28, 60, 188, 172, 140, 142, 138, 10, 42, 40, 41, 169, 185], f=95, g=27
[00:00:36:06:678] Expansion 29300000: state [255, 223, 207, 203, 75, 73, 72, 200, 216, 248, 120, 122, 106, 110, 238, 174, 172, 173, 189, 157, 156, 158, 154, 155, 187, 171, 43], f=95, g=26
[00:00:36:21:837] Expansion 29400000: state [255, 223, 207, 203, 75, 73, 72, 200, 216, 248, 184, 56, 58, 122, 106, 234, 238, 174, 172, 140, 156, 158], f=95, g=21
[00:00:36:29:112] Expansion 29500000: state [255, 223, 207, 203, 75, 73, 72, 200, 216, 248, 184, 188, 189, 157, 141, 140, 142, 138, 154, 155, 187, 171, 43, 42, 40], f=95, g=24
[00:00:36:36:285] Expansion 29600000: state [255, 223, 207, 203, 75, 73, 72, 200, 216, 248, 184, 186, 187, 171, 169, 173, 141, 140, 12, 28, 92, 124, 108, 236, 238], f=95, g=24
[00:00:36:44:039] Expansion 29700000: state [255, 223, 207, 203, 75, 73, 72, 200, 216, 248, 184, 185, 187, 171, 43, 41, 40, 44, 172, 140, 141, 137], f=95, g=21
[00:00:36:51:541] Expansion 29800000: state [255, 223, 207, 203, 75, 73, 72, 200, 216, 248, 252, 124, 60, 56, 58, 42, 43, 41, 169, 173, 175, 174, 238], f=95, g=22
[00:00:36:58:919] Expansion 29900000: state [255, 223, 207, 203, 75, 73, 72, 200, 216, 248, 252, 124, 92, 94, 90, 122, 58, 56, 40, 41, 43, 171, 170, 174, 172], f=95, g=24
[00:00:37:06:094] Expansion 30000000: state [255, 223, 207, 203, 75, 73, 72, 200, 216, 248, 252, 188, 60, 44, 12, 140, 141, 173, 169, 185, 187, 155, 154, 138, 10, 42, 106, 110, 78, 94, 90], f=95, g=30
[00:00:37:13:344] Expansion 30100000: state [255, 223, 207, 203, 75, 73, 72, 200, 216, 248, 252, 188, 189, 173, 169, 171, 187, 155, 154, 138, 10, 42, 40], f=95, g=22
[00:00:37:20:571] Expansion 30200000: state [255, 223, 207, 203, 75, 73, 72, 200, 216, 248, 252, 236, 108, 110, 106, 122, 90, 94, 92, 28, 12, 140, 141, 173, 189, 185, 187, 186, 170, 138], f=95, g=29
[00:00:37:27:808] Expansion 30300000: state [255, 223, 207, 203, 75, 73, 72, 200, 216, 248, 252, 236, 238, 174, 170, 138, 154, 155, 187, 185, 169, 41, 40, 44, 12, 28, 92], f=95, g=26
[00:00:37:34:966] Expansion 30400000: state [255, 223, 207, 203, 75, 73, 72, 200, 216, 248, 250, 122, 58, 56, 40, 168, 169, 173, 175, 174, 46, 110, 108, 124, 92], f=95, g=24
[00:00:37:42:040] Expansion 30500000: state [255, 223, 207, 203, 75, 73, 72, 200, 216, 248, 250, 122, 90, 94, 92, 28, 12, 44, 108, 110, 238, 174, 190, 158, 154, 138, 10, 42, 43, 41, 169, 233], f=95, g=31
[00:00:37:49:017] Expansion 30600000: state [255, 223, 207, 203, 75, 73, 72, 200, 216, 248, 250, 122, 106, 42, 43, 41, 169, 173, 175, 174, 142, 140, 12, 44, 60, 124, 92, 94], f=95, g=27
[00:00:37:56:457] Expansion 30700000: state [255, 223, 207, 203, 75, 73, 72, 200, 216, 248, 250, 186, 154, 138, 10, 42, 46, 110, 108, 124, 60, 28, 156, 157, 141, 173, 169, 233], f=95, g=27
[00:00:38:03:642] Expansion 30800000: state [255, 223, 207, 203, 75, 73, 72, 200, 216, 248, 250, 186, 187, 171, 43, 42, 46, 174, 172, 236, 108, 124, 60, 28], f=95, g=23
[00:00:38:11:254] Expansion 30900000: state [255, 223, 207, 203, 75, 73, 72, 200, 216, 248, 250, 234, 170, 138, 154, 158, 156, 157, 141, 173, 172, 236, 108, 124, 60, 56, 40, 41, 43], f=95, g=28
[00:00:38:18:882] Expansion 31000000: state [255, 223, 207, 203, 75, 73, 72, 200, 216, 248, 249, 185, 169, 41, 40, 56, 58, 186, 154, 158, 156, 188, 172, 174, 238], f=95, g=24
[00:00:38:26:222] Expansion 31100000: state [255, 223, 207, 203, 75, 73, 72, 200, 216, 248, 249, 185, 169, 173, 141, 140, 142, 138, 170, 42, 106, 110, 108, 44, 60, 28, 92, 94], f=95, g=27
[00:00:38:33:560] Expansion 31200000: state [255, 223, 207, 203, 75, 73, 72, 200, 216, 248, 249, 185, 189, 157, 156, 140, 172, 236, 108, 110, 106, 122, 58, 56, 40], f=95, g=24
[00:00:38:40:740] Expansion 31300000: state [255, 223, 207, 203, 75, 73, 72, 200, 216, 248, 249, 185, 187, 155, 154, 138, 142, 140, 156, 28, 60, 44, 46, 110, 78, 94, 90, 122, 58], f=95, g=28
[00:00:38:47:848] Expansion 31400000: state [255, 223, 207, 203, 75, 73, 72, 200, 216, 248, 249, 185, 187, 186, 190, 174, 175, 173, 141, 157, 156, 28, 60, 56, 40, 42], f=95, g=25
[00:00:38:55:208] Expansion 31500000: state [255, 223, 207, 203, 75, 73, 72, 200, 216, 248, 249, 233, 169, 168, 40, 42, 58, 186, 154, 138, 142, 174, 238, 236, 108], f=95, g=24
[00:00:39:02:472] Expansion 31600000: state [255, 223, 207, 203, 75, 73, 72, 200, 216, 248, 249, 233, 169, 171, 43, 42, 106, 122, 90, 94, 92, 28, 60, 188, 190, 158, 154], f=95, g=26
[00:00:39:09:656] Expansion 31700000: state [255, 223, 207, 203, 75, 73, 72, 200, 216, 220, 92, 28, 12, 140, 142, 174, 170, 234, 106, 122, 58, 56, 40, 41, 169, 185, 187, 155], f=95, g=27
[00:00:39:17:292] Expansion 31800000: state [255, 223, 207, 203, 75, 73, 72, 200, 216, 220, 92, 28, 12, 44, 108, 236, 238, 234, 250, 122, 120, 121, 249, 185, 184, 188, 190, 158, 154, 138, 10, 42, 43, 171, 175, 173, 141, 157], f=95, g=37
[00:00:39:24:887] Expansion 31900000: state [255, 223, 207, 203, 75, 73, 72, 200, 216, 220, 92, 28, 60, 56, 184, 186, 154, 138, 10, 42, 46, 110, 108, 236, 172, 173, 169], f=95, g=26
[00:00:39:32:567] Expansion 32000000: state [255, 223, 207, 203, 75, 73, 72, 200, 216, 220, 92, 124, 60, 44, 40, 42, 106, 122, 250, 186, 154, 138, 142, 140, 141, 157, 189], f=95, g=26
[00:00:39:40:186] Expansion 32100000: state [255, 223, 207, 203, 75, 73, 72, 200, 216, 220, 92, 124, 108, 44, 40, 41, 169, 185, 189, 157, 141, 140, 142, 138, 154, 186, 250, 234, 238], f=95, g=28
[00:00:39:47:700] Expansion 32200000: state [255, 223, 207, 203, 75, 73, 72, 200, 216, 220, 92, 124, 120, 56, 40, 44, 172, 140, 142, 138, 170, 186, 187], f=95, g=22
[00:00:39:55:221] Expansion 32300000: state [255, 223, 207, 203, 75, 73, 72, 200, 216, 220, 92, 124, 120, 121, 249, 185, 169, 41, 40, 44, 12, 140, 142, 158, 154, 186, 170, 234, 238, 236], f=95, g=29
[00:00:40:02:900] Expansion 32400000: state [255, 223, 207, 203, 75, 73, 72, 200, 216, 220, 92, 94, 78, 110, 106, 42, 58, 56, 120, 121, 249, 185, 187, 171, 175, 174], f=95, g=25
[00:00:40:10:481] Expansion 32500000: state [255, 223, 207, 203, 75, 73, 72, 200, 216, 220, 92, 94, 78, 110, 108, 44, 60, 188, 189, 173, 169, 233, 249, 121, 120, 122, 250, 234, 170], f=95, g=28
[00:00:40:17:748] Expansion 32600000: state [255, 223, 207, 203, 75, 73, 72, 200, 216, 220, 92, 94, 90, 122, 58, 56, 40, 168, 172, 174, 175, 171, 187, 185, 249, 233], f=95, g=25
[00:00:40:24:667] Expansion 32700000: state [255, 223, 207, 203, 75, 73, 72, 200, 216, 220, 92, 94, 90, 122, 120, 56, 40, 42, 170, 186, 190, 188, 172, 173, 169, 185, 249], f=95, g=26
[00:00:40:31:730] Expansion 32800000: state [255, 223, 207, 203, 75, 73, 72, 200, 216, 220, 92, 94, 90, 122, 250, 234, 238, 174, 142, 140, 141, 157, 189, 188, 184, 168, 169, 171, 43], f=95, g=28
[00:00:40:43:206] Expansion 32900000: state [255, 223, 207, 203, 75, 73, 72, 200, 216, 220, 156, 28, 60, 56, 120, 122, 90, 94, 78, 110, 46, 42, 10, 138, 154, 186, 187, 171, 169, 233, 249], f=95, g=30
[00:00:40:50:661] Expansion 33000000: state [255, 223, 207, 203, 75, 73, 72, 200, 216, 220, 156, 140, 172, 44, 46, 110, 106, 122, 120, 56, 184, 186, 187], f=95, g=22
[00:00:40:58:268] Expansion 33100000: state [255, 223, 207, 203, 75, 73, 72, 200, 216, 220, 156, 140, 141, 137, 169, 171, 170, 234, 238, 110, 78, 94, 90, 122, 120, 56, 40, 44], f=95, g=27
[00:00:41:05:938] Expansion 33200000: state [255, 223, 207, 203, 75, 73, 72, 200, 216, 220, 156, 188, 172, 174, 142, 138, 10, 42, 40, 41, 169, 185, 187, 186, 250, 122, 90, 94, 78, 110, 108], f=95, g=30
[00:00:41:13:547] Expansion 33300000: state [255, 223, 207, 203, 75, 73, 72, 200, 216, 220, 156, 158, 142, 174, 46, 44, 108, 124, 120, 122, 58, 186, 187, 171, 169, 173, 189], f=95, g=26
[00:00:41:21:072] Expansion 33400000: state [255, 223, 207, 203, 75, 73, 72, 200, 216, 220, 156, 158, 154, 155, 187, 185, 169, 41, 40, 56, 120, 122, 106, 110, 46, 174, 172], f=95, g=26
[00:00:41:28:479] Expansion 33500000: state [255, 223, 207, 203, 75, 73, 72, 200, 216, 220, 156, 157, 141, 137, 169, 171, 175, 174, 190, 186, 58, 122, 106, 110, 108], f=95, g=24
[00:00:41:36:414] Expansion 33600000: state [255, 223, 207, 203, 75, 73, 72, 200, 216, 220, 156, 157, 189, 173, 175, 174, 238, 234, 106, 122, 120, 124, 108, 44, 40, 168, 184, 186], f=95, g=27
[00:00:41:44:417] Expansion 33700000: state [255, 223, 207, 203, 75, 73, 72, 200, 216, 220, 252, 124, 60, 44, 172, 173, 169, 41, 43, 42, 106, 234, 250, 186, 154, 158], f=95, g=25
[00:00:41:52:197] Expansion 33800000: state [255, 223, 207, 203, 75, 73, 72, 200, 216, 220, 252, 124, 108, 110, 106, 122, 58, 56, 184, 185, 187, 155, 154, 138, 170, 174, 172, 140, 141], f=95, g=28
[00:00:41:59:932] Expansion 33900000: state [255, 223, 207, 203, 75, 73, 72, 200, 216, 220, 252, 124, 120, 121, 249, 185, 184, 186, 170, 171, 175, 173, 172, 44, 46], f=95, g=24
[00:00:42:07:355] Expansion 34000000: state [255, 223, 207, 203, 75, 73, 72, 200, 216, 220, 252, 188, 172, 173, 169, 185, 187, 155, 154, 138, 10, 42, 106, 122, 90, 94, 78], f=95, g=26
[00:00:42:23:265] Expansion 34100000: state [255, 223, 207, 203, 75, 73, 72, 200, 216, 220, 252, 188, 189, 173, 169, 41, 40, 44, 108, 110, 106, 234, 170, 138, 10], f=95, g=24
[00:00:42:30:959] Expansion 34200000: state [255, 223, 207, 203, 75, 73, 72, 200, 216, 220, 252, 236, 108, 110, 78, 94, 90, 122, 120, 121, 249, 185, 189, 157, 141, 137], f=95, g=25
[00:00:42:38:517] Expansion 34300000: state [255, 223, 207, 203, 75, 73, 72, 200, 216, 220, 252, 236, 238, 110, 106, 42, 43, 171, 169, 168, 184, 186, 154, 138, 142, 140, 12], f=95, g=26
[00:00:42:46:030] Expansion 34400000: state [255, 223, 207, 203, 75, 73, 72, 200, 216, 218, 90, 122, 58, 42, 46, 174, 190, 188, 184, 168, 169, 137, 141, 140, 12, 28, 92, 93], f=95, g=27
[00:00:42:53:450] Expansion 34500000: state [255, 223, 207, 203, 75, 73, 72, 200, 216, 218, 90, 122, 58, 186, 190, 174, 175, 171, 169, 137, 141, 157, 156, 28, 60, 124, 252], f=95, g=26
[00:00:43:00:538] Expansion 34600000: state [255, 223, 207, 203, 75, 73, 72, 200, 216, 218, 90, 122, 106, 234, 170, 171, 43, 41, 40, 56, 184, 185, 189, 157, 156, 28, 92, 124, 252, 236], f=95, g=29
