--------------------------
date: cubes
number_of_graphs: 1
graph_type: cube
size_of_graphs: [8, 8]
heuristic: heuristic0
snake: True
run_uni: True
run_bi: False
run_multi: False
cube_first_dims: 8
cube_buffer_dim: 3
backward_sym_generation: False

---------- cubes/8d_cube ----------
[00:00:00:06:933] Expansion 100000: state [255, 223, 207, 203, 75, 73, 72, 200, 136, 168, 40, 56, 58, 26, 154, 218, 250, 234, 238, 110, 108, 109, 237, 173, 189, 188, 156], f=96, g=26
[00:00:00:14:069] Expansion 200000: state [255, 223, 207, 203, 75, 73, 72, 200, 136, 168, 40, 44, 108, 109, 237, 173, 175, 174, 142, 158, 156, 220, 252, 248, 250, 186, 187, 185], f=96, g=27
[00:00:00:21:091] Expansion 300000: state [255, 223, 207, 203, 75, 73, 72, 200, 136, 168, 40, 44, 45, 173, 189, 188, 156, 220, 92, 94, 78, 110, 238, 234, 250, 186, 58], f=96, g=26
[00:00:00:28:314] Expansion 400000: state [255, 223, 207, 203, 75, 73, 72, 200, 136, 168, 40, 42, 106, 122, 250, 218, 154, 155, 187, 171, 175, 173, 189, 157, 156, 220, 92, 124, 108, 236], f=96, g=29
[00:00:00:35:416] Expansion 500000: state [255, 223, 207, 203, 75, 73, 72, 200, 136, 168, 40, 42, 46, 174, 175, 173, 237, 109, 108, 124, 120, 248, 249, 185, 187, 186, 154, 158, 156, 188], f=96, g=29
[00:00:00:42:578] Expansion 600000: state [255, 223, 207, 203, 75, 73, 72, 200, 136, 168, 40, 41, 45, 173, 189, 157, 156, 220, 92, 124, 108, 110, 238, 234, 250, 122, 90, 26, 154, 155, 187], f=96, g=30
[00:00:00:49:960] Expansion 700000: state [255, 223, 207, 203, 75, 73, 72, 200, 136, 168, 40, 41, 43, 171, 187, 155, 154, 158, 142, 174, 238, 110, 108, 124, 92, 94, 90], f=96, g=26
[00:00:00:57:193] Expansion 800000: state [255, 223, 207, 203, 75, 73, 72, 200, 136, 168, 184, 56, 120, 122, 90, 94, 92, 220, 252, 236, 108, 110, 46, 174, 175], f=96, g=24
[00:00:01:04:299] Expansion 900000: state [255, 223, 207, 203, 75, 73, 72, 200, 136, 168, 184, 248, 120, 122, 106, 234, 238, 236, 108, 44, 45, 41, 43, 171, 187, 155, 154, 158, 156, 220, 92], f=96, g=30
[00:00:01:11:554] Expansion 1000000: state [255, 223, 207, 203, 75, 73, 72, 200, 136, 168, 184, 188, 156, 158, 154, 218, 90, 122, 106, 234, 238, 174, 175, 173, 45, 44, 108, 124, 92, 93], f=96, g=29
[00:00:01:18:601] Expansion 1100000: state [255, 223, 207, 203, 75, 73, 72, 200, 136, 168, 184, 186, 250, 234, 106, 42, 10, 26, 90, 94, 92, 220, 156, 158, 142, 174, 175, 173, 45, 44, 108, 236], f=96, g=31
[00:00:01:25:986] Expansion 1200000: state [255, 223, 207, 203, 75, 73, 72, 200, 136, 168, 184, 185, 187, 155, 154, 26, 58, 42, 46, 174, 175, 173, 141, 157, 156, 220, 252], f=96, g=26
[00:00:01:33:137] Expansion 1300000: state [255, 223, 207, 203, 75, 73, 72, 200, 136, 168, 172, 236, 108, 110, 46, 42, 58, 56, 120, 248, 249, 185, 189, 157, 156, 220, 92, 94, 90, 218, 154], f=96, g=30
[00:00:01:40:125] Expansion 1400000: state [255, 223, 207, 203, 75, 73, 72, 200, 136, 168, 172, 174, 238, 110, 108, 124, 252, 220, 156, 158, 154, 218, 90, 94], f=96, g=23
[00:00:01:47:603] Expansion 1500000: state [255, 223, 207, 203, 75, 73, 72, 200, 136, 168, 170, 42, 10, 26, 154, 218, 250, 122, 120, 56, 60, 188, 156, 220], f=96, g=23
[00:00:01:54:626] Expansion 1600000: state [255, 223, 207, 203, 75, 73, 72, 200, 136, 168, 170, 234, 250, 122, 58, 56, 60, 124, 108, 236, 237, 173, 141, 157, 156], f=96, g=24
[00:00:02:01:541] Expansion 1700000: state [255, 223, 207, 203, 75, 73, 72, 200, 136, 168, 170, 174, 46, 110, 108, 124, 252, 248, 250, 122, 90, 26, 154, 155, 187, 185, 189, 157, 156], f=96, g=28
[00:00:02:08:541] Expansion 1800000: state [255, 223, 207, 203, 75, 73, 72, 200, 136, 168, 170, 171, 43, 41, 45, 109, 237, 236, 252, 188, 190, 158, 154, 218, 90, 122, 120, 121], f=96, g=27
[00:00:02:15:643] Expansion 1900000: state [255, 223, 207, 203, 75, 73, 72, 200, 136, 168, 169, 41, 45, 109, 108, 236, 252, 248, 250, 122, 106, 42, 10, 26, 154, 158, 156, 157], f=96, g=27
[00:00:02:23:216] Expansion 2000000: state [255, 223, 207, 203, 75, 73, 72, 200, 136, 168, 169, 185, 249, 248, 252, 236, 108, 44, 60, 56, 58, 186, 154, 158, 156], f=96, g=24
[00:00:02:30:305] Expansion 2100000: state [255, 223, 207, 203, 75, 73, 72, 200, 136, 168, 169, 185, 187, 186, 154, 158, 156, 220, 252, 236, 238, 174, 46, 44, 60, 56, 120, 122, 106], f=96, g=28
[00:00:02:37:369] Expansion 2200000: state [255, 223, 207, 203, 75, 73, 72, 200, 136, 168, 169, 173, 237, 109, 108, 110, 46, 174, 142, 158, 156, 220, 252, 248, 250, 186, 58, 56], f=96, g=27
[00:00:02:44:470] Expansion 2300000: state [255, 223, 207, 203, 75, 73, 72, 200, 136, 168, 169, 173, 175, 174, 190, 158, 154, 218, 90, 94, 92, 220, 252, 236, 108, 110, 106, 42, 58], f=96, g=28
[00:00:02:51:653] Expansion 2400000: state [255, 223, 207, 203, 75, 73, 72, 200, 136, 168, 169, 171, 175, 174, 46, 110, 78, 94, 92, 220, 156, 158, 154, 186, 250, 122, 120], f=96, g=26
[00:00:02:58:775] Expansion 2500000: state [255, 223, 207, 203, 75, 73, 72, 200, 136, 152, 184, 248, 120, 122, 58, 42, 170, 171, 175, 173], f=96, g=19
[00:00:03:06:461] Expansion 2600000: state [255, 223, 207, 203, 75, 73, 72, 200, 136, 152, 184, 188, 252, 220, 92, 94, 90, 122, 106, 110, 108, 109, 45, 41, 169, 171, 170, 174, 142], f=96, g=28
[00:00:03:13:737] Expansion 2700000: state [255, 223, 207, 203, 75, 73, 72, 200, 136, 152, 184, 186, 187, 171, 175, 173, 172, 236, 238, 110, 46, 42, 10, 26, 90, 218], f=96, g=25
[00:00:03:21:060] Expansion 2800000: state [255, 223, 207, 203, 75, 73, 72, 200, 136, 152, 156, 220, 92, 124, 60, 44, 172, 173, 189, 185, 249, 248, 250, 234, 170, 171, 43], f=96, g=26
[00:00:03:28:015] Expansion 2900000: state [255, 223, 207, 203, 75, 73, 72, 200, 136, 152, 156, 220, 92, 94, 78, 110, 106, 42, 58, 186, 190, 174, 172, 173, 169, 185, 249, 248, 120], f=96, g=28
[00:00:03:34:929] Expansion 3000000: state [255, 223, 207, 203, 75, 73, 72, 200, 136, 152, 156, 220, 92, 94, 90, 218, 250, 248, 249, 185, 169, 173, 237, 236, 108, 44, 46, 174], f=96, g=27
[00:00:03:41:856] Expansion 3100000: state [255, 223, 207, 203, 75, 73, 72, 200, 136, 152, 156, 220, 252, 124, 120, 121, 249, 185, 187, 186, 250, 218, 90, 94, 78, 110, 106, 42, 40, 41], f=96, g=29
[00:00:03:48:725] Expansion 3200000: state [255, 223, 207, 203, 75, 73, 72, 200, 136, 152, 156, 220, 252, 248, 250, 234, 106, 110, 108, 109, 45, 173, 172], f=96, g=22
[00:00:03:55:619] Expansion 3300000: state [255, 223, 207, 203, 75, 73, 72, 200, 136, 152, 156, 188, 60, 124, 108, 109, 237, 173, 169, 185, 187, 186, 170, 174, 46], f=96, g=24
[00:00:04:02:468] Expansion 3400000: state [255, 223, 207, 203, 75, 73, 72, 200, 136, 152, 156, 188, 252, 124, 108, 110, 238, 174, 175, 173, 45, 41, 40, 56, 58, 186, 187, 155], f=96, g=27
[00:00:04:09:294] Expansion 3500000: state [255, 223, 207, 203, 75, 73, 72, 200, 136, 152, 156, 188, 190, 174, 238, 236, 108, 44, 45, 173, 169, 185, 249, 248, 250, 122, 106, 42, 10], f=96, g=28
[00:00:04:16:248] Expansion 3600000: state [255, 223, 207, 203, 75, 73, 72, 200, 136, 152, 156, 188, 189, 185, 169, 171, 43, 42, 58, 186, 250, 234, 238, 236, 108, 109], f=96, g=25
[00:00:04:23:089] Expansion 3700000: state [255, 223, 207, 203, 75, 73, 72, 200, 136, 152, 156, 158, 142, 174, 172, 44, 108, 110, 78, 94, 90, 122, 120, 121, 249, 185, 187, 171, 43], f=96, g=28
[00:00:04:29:948] Expansion 3800000: state [255, 223, 207, 203, 75, 73, 72, 200, 136, 152, 156, 158, 142, 174, 175, 173, 45, 41, 40, 42, 58, 26, 90, 94, 78, 110, 108, 124, 252, 248, 249, 185, 187, 155], f=96, g=33
[00:00:04:36:765] Expansion 3900000: state [255, 223, 207, 203, 75, 73, 72, 200, 136, 152, 156, 158, 190, 174, 238, 234, 250, 218, 90, 26, 58, 56, 40, 44, 45, 173, 169, 171, 187], f=96, g=28
[00:00:04:43:630] Expansion 4000000: state [255, 223, 207, 203, 75, 73, 72, 200, 136, 152, 156, 158, 190, 186, 250, 234, 106, 42, 43, 41, 45, 44, 172, 236, 252, 124, 120, 121, 249, 185, 189], f=96, g=30
[00:00:04:50:568] Expansion 4100000: state [255, 223, 207, 203, 75, 73, 72, 200, 136, 152, 156, 157, 141, 173, 169, 41, 43, 42, 170, 174, 238, 110, 78, 94, 90, 218, 250, 248, 252, 124, 60], f=96, g=30
[00:00:04:57:517] Expansion 4200000: state [255, 223, 207, 203, 75, 73, 72, 200, 136, 152, 156, 157, 141, 173, 175, 171, 43, 42, 40, 56, 120, 124, 108, 236, 238, 234, 250, 218, 90, 94, 78], f=96, g=30
[00:00:05:04:481] Expansion 4300000: state [255, 223, 207, 203, 75, 73, 72, 200, 136, 152, 156, 157, 189, 173, 172, 174, 190, 186, 58, 122, 90, 94], f=96, g=21
[00:00:05:11:736] Expansion 4400000: state [255, 223, 207, 203, 75, 73, 72, 200, 136, 152, 156, 157, 189, 185, 169, 171, 175, 174, 190, 186, 58, 42, 40, 44, 45, 109, 237, 236, 252, 124, 92, 94, 90, 218], f=96, g=33
[00:00:05:18:633] Expansion 4500000: state [255, 223, 207, 203, 75, 73, 72, 200, 136, 152, 154, 26, 10, 42, 40, 44, 108, 110, 238, 174, 190, 188, 189, 173], f=96, g=23
[00:00:05:25:897] Expansion 4600000: state [255, 223, 207, 203, 75, 73, 72, 200, 136, 152, 154, 26, 90, 122, 120, 248, 249, 185, 169, 171, 175, 174, 238, 110, 108, 44, 12], f=96, g=26
[00:00:05:33:025] Expansion 4700000: state [255, 223, 207, 203, 75, 73, 72, 200, 136, 152, 154, 26, 90, 94, 92, 220, 252, 236, 237, 173, 175, 174, 46, 42, 40, 41], f=96, g=25
[00:00:05:40:941] Expansion 4800000: state [255, 223, 207, 203, 75, 73, 72, 200, 136, 152, 154, 26, 58, 56, 120, 248, 250], f=96, g=16
[00:00:05:48:072] Expansion 4900000: state [255, 223, 207, 203, 75, 73, 72, 200, 136, 152, 154, 218, 90, 122, 106, 42, 170, 174, 238, 236, 108, 44, 45, 41, 169, 185, 249, 217], f=96, g=27
[00:00:05:55:238] Expansion 5000000: state [255, 223, 207, 203, 75, 73, 72, 200, 136, 152, 154, 218, 90, 94, 92, 220, 252, 188, 60, 44, 108, 109, 237, 173, 169, 171, 170], f=96, g=26
[00:00:06:02:278] Expansion 5100000: state [255, 223, 207, 203, 75, 73, 72, 200, 136, 152, 154, 218, 250, 122, 120, 124, 108, 44, 172, 173, 189, 185, 249, 217], f=96, g=23
[00:00:06:09:392] Expansion 5200000: state [255, 223, 207, 203, 75, 73, 72, 200, 136, 152, 154, 218, 250, 248, 249, 185, 189, 173, 45, 109, 108, 110, 106, 42, 40, 56, 60], f=96, g=26
[00:00:06:16:599] Expansion 5300000: state [255, 223, 207, 203, 75, 73, 72, 200, 136, 152, 154, 186, 170, 171, 43, 41, 40, 44, 46, 110, 78, 94, 92, 124, 252, 188, 189, 185, 249, 121], f=96, g=29
[00:00:06:24:797] Expansion 5400000: state [255, 223, 207, 203, 75, 73, 72, 200, 136, 152, 154, 186, 190, 174, 175, 173, 237, 236, 252, 124, 92, 94], f=96, g=21
[00:00:06:32:015] Expansion 5500000: state [255, 223, 207, 203, 75, 73, 72, 200, 136, 152, 154, 158, 142, 174, 46, 110, 108, 236, 252, 220, 92, 94, 90, 122, 120, 56, 40, 41, 43], f=96, g=28
[00:00:06:39:169] Expansion 5600000: state [255, 223, 207, 203, 75, 73, 72, 200, 136, 152, 154, 158, 142, 174, 175, 171, 187, 185, 249, 248, 120, 122, 106, 42, 10], f=96, g=24
[00:00:06:46:362] Expansion 5700000: state [255, 223, 207, 203, 75, 73, 72, 200, 136, 152, 154, 158, 190, 188, 60, 44, 40, 42, 58, 122, 250, 248, 249, 185, 187, 171, 175, 173, 237, 236, 238], f=96, g=30
[00:00:06:53:553] Expansion 5800000: state [255, 223, 207, 203, 75, 73, 72, 200, 136, 152, 154, 155, 187, 171, 43, 42, 40, 56, 120, 122, 90, 94, 78, 110, 108, 236, 237, 173, 189, 188, 190, 174], f=96, g=31
[00:00:07:00:846] Expansion 5900000: state [255, 223, 207, 203, 75, 73, 72, 200, 136, 152, 154, 155, 187, 185, 169, 41, 40, 42, 58, 122, 90, 94, 92, 124, 108, 236, 238, 174, 142], f=96, g=28
[00:00:07:08:225] Expansion 6000000: state [255, 223, 207, 203, 75, 73, 72, 200, 136, 152, 154, 155, 187, 185, 189, 173, 237, 236, 238, 234, 170, 42, 46], f=96, g=22
[00:00:07:15:281] Expansion 6100000: state [255, 223, 207, 203, 75, 73, 72, 200, 136, 140, 12, 44, 40, 42, 106, 110, 78, 94, 90, 26, 154, 158, 190, 174, 175, 173, 169, 185, 184, 248, 250], f=96, g=30
[00:00:07:22:276] Expansion 6200000: state [255, 223, 207, 203, 75, 73, 72, 200, 136, 140, 12, 44, 108, 236, 252, 248, 120, 122, 90, 218, 154, 158, 190, 174, 170, 171, 187], f=96, g=26
[00:00:07:29:259] Expansion 6300000: state [255, 223, 207, 203, 75, 73, 72, 200, 136, 140, 12, 44, 108, 110, 106, 122, 90, 26, 154, 158, 190, 174, 170, 171, 187, 185], f=96, g=25
[00:00:07:36:251] Expansion 6400000: state [255, 223, 207, 203, 75, 73, 72, 200, 136, 140, 12, 44, 60, 188, 184, 185, 169, 173, 237, 236, 238, 110, 78, 94, 90, 26, 10, 42, 43], f=96, g=28
[00:00:07:43:208] Expansion 6500000: state [255, 223, 207, 203, 75, 73, 72, 200, 136, 140, 12, 44, 46, 42, 170, 186, 187, 185, 249, 121, 120, 124, 252, 236], f=96, g=23
[00:00:07:50:169] Expansion 6600000: state [255, 223, 207, 203, 75, 73, 72, 200, 136, 140, 12, 44, 45, 41, 169, 185, 249, 121, 120, 124, 92, 94, 90, 218, 250, 234, 106, 42, 58], f=96, g=28
[00:00:07:57:161] Expansion 6700000: state [255, 223, 207, 203, 75, 73, 72, 200, 136, 140, 12, 44, 45, 173, 169, 171, 170, 174, 238, 236, 252, 248, 120, 56, 58], f=96, g=24
[00:00:08:04:138] Expansion 6800000: state [255, 223, 207, 203, 75, 73, 72, 200, 136, 140, 12, 44, 45, 109, 237, 236, 238, 110, 78, 94, 90, 26, 10, 42, 170, 171, 169, 185, 249, 121, 120, 124], f=96, g=31
[00:00:08:11:200] Expansion 6900000: state [255, 223, 207, 203, 75, 73, 72, 200, 136, 140, 172, 236, 108, 124, 120, 248, 250, 218, 154, 155, 187, 185], f=96, g=21
[00:00:08:19:662] Expansion 7000000: state [255, 223, 207, 203, 75, 73, 72, 200, 136, 140, 172, 188, 60, 124, 108, 110, 46, 42, 43, 171, 187, 185, 249, 248, 250, 218, 90], f=96, g=26
[00:00:08:26:651] Expansion 7100000: state [255, 223, 207, 203, 75, 73, 72, 200, 136, 140, 172, 174, 46, 42, 10, 26, 90, 94, 92, 124, 120, 56, 184], f=96, g=22
[00:00:08:33:763] Expansion 7200000: state [255, 223, 207, 203, 75, 73, 72, 200, 136, 140, 172, 174, 175, 171, 43, 41, 40, 56, 58, 186, 154, 218, 90, 94, 92, 220, 252, 248], f=96, g=27
[00:00:08:41:019] Expansion 7300000: state [255, 223, 207, 203, 75, 73, 72, 200, 136, 140, 172, 173, 237, 109, 108, 124, 252, 248, 250, 186, 154, 26, 10, 42, 43, 171], f=96, g=25
[00:00:08:48:214] Expansion 7400000: state [255, 223, 207, 203, 75, 73, 72, 200, 136, 140, 156, 220, 92, 124, 108, 44, 40, 42, 170, 174, 175, 173, 169, 185, 184, 248], f=96, g=25
[00:00:08:55:204] Expansion 7500000: state [255, 223, 207, 203, 75, 73, 72, 200, 136, 140, 156, 220, 92, 124, 120, 122, 90, 26, 154, 186, 187, 185, 189, 173, 45, 41, 40, 42, 46, 174, 238, 234], f=96, g=31
[00:00:09:02:157] Expansion 7600000: state [255, 223, 207, 203, 75, 73, 72, 200, 136, 140, 156, 220, 92, 94, 90, 26, 10, 42, 106, 234, 238, 174, 190, 186, 187, 185, 249, 121, 120, 56, 60, 44, 108], f=96, g=32
[00:00:09:09:157] Expansion 7700000: state [255, 223, 207, 203, 75, 73, 72, 200, 136, 140, 156, 220, 92, 94, 90, 218, 250, 248, 249, 185, 169, 41, 40, 56, 60], f=96, g=24
[00:00:09:16:122] Expansion 7800000: state [255, 223, 207, 203, 75, 73, 72, 200, 136, 140, 156, 220, 252, 124, 108, 110, 106, 42, 58, 186, 190, 174, 175, 173, 169, 185, 249], f=96, g=26
[00:00:09:23:042] Expansion 7900000: state [255, 223, 207, 203, 75, 73, 72, 200, 136, 140, 156, 220, 252, 236, 108, 109, 45, 173, 175, 174, 190, 186, 250, 122, 90, 94], f=96, g=25
[00:00:09:29:917] Expansion 8000000: state [255, 223, 207, 203, 75, 73, 72, 200, 136, 140, 156, 220, 252, 248, 120, 122, 90, 26, 154, 186, 170, 234, 238, 110, 46, 44, 40, 41, 169, 173, 237], f=96, g=30
[00:00:09:36:841] Expansion 8100000: state [255, 223, 207, 203, 75, 73, 72, 200, 136, 140, 156, 188, 60, 44, 108, 109, 237, 173, 175, 174, 238, 234, 250, 248, 249, 185, 187, 155, 154, 26, 58, 42, 43, 41], f=96, g=33
[00:00:09:43:750] Expansion 8200000: state [255, 223, 207, 203, 75, 73, 72, 200, 136, 140, 156, 188, 60, 124, 108, 236, 237, 173, 175, 174, 46, 42, 106, 122], f=96, g=23
[00:00:09:50:682] Expansion 8300000: state [255, 223, 207, 203, 75, 73, 72, 200, 136, 140, 156, 188, 184, 248, 250, 234, 238, 236, 237, 173, 169, 171, 43, 42, 58, 26, 90, 94, 78], f=96, g=28
[00:00:09:57:659] Expansion 8400000: state [255, 223, 207, 203, 75, 73, 72, 200, 136, 140, 156, 188, 252, 124, 120, 56, 40, 41, 43, 171, 170, 186, 250, 218, 90, 94, 78, 110], f=96, g=27
[00:00:10:04:566] Expansion 8500000: state [255, 223, 207, 203, 75, 73, 72, 200, 136, 140, 156, 188, 252, 248, 250, 218, 90, 26, 10, 42, 43, 171, 175, 174, 238, 110, 108, 109, 237], f=96, g=28
[00:00:10:11:478] Expansion 8600000: state [255, 223, 207, 203, 75, 73, 72, 200, 136, 140, 156, 188, 190, 186, 58, 122, 106, 110, 108, 236, 237], f=96, g=20
[00:00:10:18:450] Expansion 8700000: state [255, 223, 207, 203, 75, 73, 72, 200, 136, 140, 156, 188, 189, 173, 175, 171, 170, 186, 250, 248, 120, 56, 40, 44, 108, 110, 238], f=96, g=26
[00:00:10:25:407] Expansion 8800000: state [255, 223, 207, 203, 75, 73, 72, 200, 136, 140, 156, 158, 154, 26, 10, 42, 106, 110, 238, 236, 252, 124, 120, 121, 249, 185, 189, 173, 175], f=96, g=28
[00:00:10:33:057] Expansion 8900000: state [255, 223, 207, 203, 75, 73, 72, 200, 136, 140, 156, 158, 154, 26, 58, 42, 170, 234, 238, 236, 237, 173, 169, 185, 184, 248, 120, 124, 60, 44], f=96, g=29
[00:00:10:39:929] Expansion 9000000: state [255, 223, 207, 203, 75, 73, 72, 200, 136, 140, 156, 158, 154, 218, 90, 94, 78, 110, 108, 124, 120, 56, 58, 42, 170, 171, 187, 185, 189, 173, 45], f=96, g=30
[00:00:10:46:765] Expansion 9100000: state [255, 223, 207, 203, 75, 73, 72, 200, 136, 140, 156, 158, 154, 186, 58, 56, 40, 41, 43, 171, 175, 173, 189, 185, 249, 248, 252, 124, 92, 94, 78, 110], f=96, g=31
[00:00:10:53:625] Expansion 9200000: state [255, 223, 207, 203, 75, 73, 72, 200, 136, 140, 156, 158, 154, 155, 187, 171, 169, 41, 40, 42, 106, 110, 78, 94, 92, 124, 120, 121], f=96, g=27
[00:00:11:00:548] Expansion 9300000: state [255, 223, 207, 203, 75, 73, 72, 200, 136, 140, 156, 158, 190, 174, 46, 110, 106, 234, 250, 218, 90, 26, 58, 56, 40, 41, 45, 173, 189, 185, 249, 217], f=96, g=31
[00:00:11:07:361] Expansion 9400000: state [255, 223, 207, 203, 75, 73, 72, 200, 136, 140, 156, 158, 190, 174, 175, 171, 169, 41, 45, 109, 237, 236, 252, 124, 120, 56, 58], f=96, g=26
[00:00:11:14:225] Expansion 9500000: state [255, 223, 207, 203, 75, 73, 72, 200, 136, 140, 156, 158, 190, 186, 187, 171, 43, 42, 46, 110, 238, 236, 252, 124, 120, 121, 249, 217], f=96, g=27
[00:00:11:21:185] Expansion 9600000: state [255, 223, 207, 203, 75, 73, 72, 200, 136, 140, 156, 157, 189, 173, 169, 41, 43, 42, 10, 26, 154, 186, 184, 248, 120, 124, 108, 236, 238], f=96, g=28
[00:00:11:28:158] Expansion 9700000: state [255, 223, 207, 203, 75, 73, 72, 200, 136, 140, 156, 157, 189, 173, 175, 171, 43, 42, 40, 56, 60, 124, 92, 94, 90, 26, 154, 155], f=96, g=27
[00:00:11:35:124] Expansion 9800000: state [255, 223, 207, 203, 75, 73, 72, 200, 136, 140, 156, 157, 189, 185, 169, 171, 175, 174, 238, 110, 108, 44, 60, 56, 58, 26, 154], f=96, g=26
[00:00:11:41:985] Expansion 9900000: state [255, 223, 207, 203, 75, 73, 72, 200, 136, 140, 156, 157, 189, 185, 187, 155, 154, 26, 58, 56, 60, 44, 46, 110, 238, 234, 170], f=96, g=26
[00:00:11:49:007] Expansion 10000000: state [255, 223, 207, 203, 75, 73, 72, 200, 136, 140, 142, 174, 46, 42, 43, 41, 45, 109, 108, 124, 252, 248, 184, 56], f=96, g=23
[00:00:11:56:183] Expansion 10100000: state [255, 223, 207, 203, 75, 73, 72, 200, 136, 140, 142, 174, 170, 42, 10, 26, 90, 94, 78, 110, 108, 236, 237, 173, 189, 185, 184, 56, 120, 121], f=96, g=29
[00:00:12:03:341] Expansion 10200000: state [255, 223, 207, 203, 75, 73, 72, 200, 136, 140, 142, 174, 170, 186, 187, 185, 169, 41, 40, 44, 108, 236, 252, 248, 120, 122, 90], f=96, g=26
[00:00:12:10:473] Expansion 10300000: state [255, 223, 207, 203, 75, 73, 72, 200, 136, 140, 142, 174, 238, 110, 106, 122, 90, 218, 154, 155, 187, 185, 249, 248, 252, 124, 60, 44, 45, 41], f=96, g=29
[00:00:12:17:671] Expansion 10400000: state [255, 223, 207, 203, 75, 73, 72, 200, 136, 140, 142, 174, 238, 234, 250, 218, 90, 26, 10, 42, 43, 171, 187, 185, 184, 188, 60, 124, 92], f=96, g=28
[00:00:12:24:784] Expansion 10500000: state [255, 223, 207, 203, 75, 73, 72, 200, 136, 140, 142, 174, 238, 236, 237, 173, 169, 185, 249, 121, 120, 122, 58, 42, 43], f=96, g=24
[00:00:12:33:596] Expansion 10600000: state [255, 223, 207, 203, 75, 73, 72, 200, 136, 140, 142, 174, 190, 188, 252, 124, 120, 56, 40, 42, 10, 26, 154, 155, 187, 185, 169, 173, 237, 109], f=96, g=29
[00:00:12:40:708] Expansion 10700000: state [255, 223, 207, 203, 75, 73, 72, 200, 136, 140, 142, 174, 175, 171, 187, 155, 154, 218, 250, 122, 58, 42, 40, 41, 45, 109, 108, 124, 252, 188, 184], f=96, g=30
[00:00:12:47:903] Expansion 10800000: state [255, 223, 207, 203, 75, 73, 72, 200, 136, 140, 142, 174, 175, 173, 237, 236, 252, 188, 184, 185, 249, 121, 120, 122, 90, 94], f=96, g=25
[00:00:12:55:176] Expansion 10900000: state [255, 223, 207, 203, 75, 73, 72, 200, 136, 140, 142, 158, 154, 26, 90, 122, 250, 234, 238, 236, 108, 44, 45, 41, 43, 171, 187, 185, 189, 188], f=96, g=29
[00:00:13:02:343] Expansion 11000000: state [255, 223, 207, 203, 75, 73, 72, 200, 136, 140, 142, 158, 154, 26, 58, 56, 120, 124, 92, 94, 78, 110, 106, 234, 170, 171, 169, 173, 45], f=96, g=28
[00:00:13:09:550] Expansion 11100000: state [255, 223, 207, 203, 75, 73, 72, 200, 136, 140, 142, 158, 154, 218, 90, 94, 92, 220, 252, 188, 189, 185, 169, 41, 43, 42, 46], f=96, g=26
[00:00:13:16:669] Expansion 11200000: state [255, 223, 207, 203, 75, 73, 72, 200, 136, 140, 142, 158, 154, 218, 250, 248, 252, 188, 60, 56, 40, 41, 45, 109, 108, 110, 78], f=96, g=26
[00:00:13:23:816] Expansion 11300000: state [255, 223, 207, 203, 75, 73, 72, 200, 136, 140, 142, 158, 154, 186, 250, 248, 252, 236, 108, 109, 45], f=96, g=20
[00:00:13:31:129] Expansion 11400000: state [255, 223, 207, 203, 75, 73, 72, 200, 136, 140, 142, 158, 154, 155, 187, 185, 169, 41, 40, 42, 106, 234, 238, 236, 108, 124, 120, 248], f=96, g=27
[00:00:13:38:394] Expansion 11500000: state [255, 223, 207, 203, 75, 73, 72, 200, 136, 140, 142, 158, 190, 186, 184, 185, 169, 41, 40, 42, 106, 234, 238, 236, 252, 124, 92, 94, 90, 26], f=96, g=29
[00:00:13:45:539] Expansion 11600000: state [255, 223, 207, 203, 75, 73, 72, 200, 136, 140, 142, 158, 190, 188, 60, 124, 108, 109, 45, 173, 175, 171, 170], f=96, g=22
[00:00:13:52:690] Expansion 11700000: state [255, 223, 207, 203, 75, 73, 72, 200, 136, 140, 142, 158, 190, 188, 189, 173, 237, 236, 108, 110, 78, 94, 90, 26, 58, 56, 40, 41, 43, 171, 170, 234], f=96, g=31
[00:00:14:02:277] Expansion 11800000: state [255, 223, 207, 203, 75, 73, 72, 200, 136, 140, 141, 173, 45, 41, 43, 42, 58, 56, 120, 124, 108, 110, 238, 174, 190, 158, 154], f=96, g=26
[00:00:14:09:529] Expansion 11900000: state [255, 223, 207, 203, 75, 73, 72, 200, 136, 140, 141, 173, 45, 44, 60, 56, 120, 122, 90, 94, 92, 220, 252, 236, 238, 174, 170, 42, 43], f=96, g=28
[00:00:14:16:762] Expansion 12000000: state [255, 223, 207, 203, 75, 73, 72, 200, 136, 140, 141, 173, 45, 109, 108, 110, 238, 174, 190, 158, 154, 155, 187, 185, 249, 121, 120, 122, 58, 42, 10], f=96, g=30
[00:00:14:24:074] Expansion 12100000: state [255, 223, 207, 203, 75, 73, 72, 200, 136, 140, 141, 173, 169, 185, 249, 121, 120, 56, 40, 44, 46, 110, 78, 94, 90, 218, 154, 186, 170, 234], f=96, g=29
[00:00:14:31:464] Expansion 12200000: state [255, 223, 207, 203, 75, 73, 72, 200, 136, 140, 141, 173, 169, 171, 170, 42, 40, 56, 184, 248, 250, 122, 90, 94, 92, 124, 108, 236, 238], f=96, g=28
[00:00:14:38:773] Expansion 12300000: state [255, 223, 207, 203, 75, 73, 72, 200, 136, 140, 141, 173, 237, 109, 108, 124, 120, 122, 106, 234, 238, 174, 190, 158, 154, 155, 187, 171, 43, 41, 40], f=96, g=30
[00:00:14:45:953] Expansion 12400000: state [255, 223, 207, 203, 75, 73, 72, 200, 136, 140, 141, 173, 237, 236, 252, 220, 92, 94, 90, 26, 58, 186, 187, 171, 43, 41, 40, 44, 46, 110], f=96, g=29
[00:00:14:53:236] Expansion 12500000: state [255, 223, 207, 203, 75, 73, 72, 200, 136, 140, 141, 173, 189, 185, 249, 248, 252, 220, 92, 94, 90, 122, 106, 42, 43], f=96, g=24
[00:00:15:00:554] Expansion 12600000: state [255, 223, 207, 203, 75, 73, 72, 200, 136, 140, 141, 173, 189, 188, 252, 248, 250, 234, 238, 110, 46, 44, 40, 41, 43, 171, 187, 155, 154, 26, 58], f=96, g=30
[00:00:15:07:848] Expansion 12700000: state [255, 223, 207, 203, 75, 73, 72, 200, 136, 140, 141, 173, 175, 171, 187, 185, 249, 248, 252, 124, 92, 94, 90, 122, 58, 56, 40, 44, 46], f=96, g=28
[00:00:15:15:101] Expansion 12800000: state [255, 223, 207, 203, 75, 73, 72, 200, 136, 140, 141, 157, 189, 185, 169, 41, 40, 42, 170, 234, 250, 122, 90, 26], f=96, g=23
[00:00:15:22:465] Expansion 12900000: state [255, 223, 207, 203, 75, 73, 72, 200, 136, 140, 141, 157, 189, 185, 184, 56, 58, 42, 170, 234, 250, 218, 90, 94, 78, 110, 108, 236, 252], f=96, g=28
[00:00:15:29:621] Expansion 13000000: state [255, 223, 207, 203, 75, 73, 72, 200, 136, 140, 141, 157, 189, 185, 249, 248, 252, 236, 238, 174, 175, 171, 43, 41, 40, 56, 58, 26, 90], f=96, g=28
[00:00:15:36:910] Expansion 13100000: state [255, 223, 207, 203, 75, 73, 72, 200, 136, 140, 141, 157, 189, 185, 187, 186, 170, 42, 106, 110, 238, 236, 237, 109, 45, 44, 60, 56, 120], f=96, g=28
[00:00:15:43:977] Expansion 13200000: state [255, 223, 207, 203, 75, 73, 72, 200, 136, 140, 141, 157, 189, 188, 252, 124, 92, 94, 90, 218, 250, 186, 58, 56, 40, 41, 43, 171, 175], f=96, g=28
[00:00:15:51:059] Expansion 13300000: state [255, 223, 207, 203, 75, 73, 72, 200, 136, 140, 141, 157, 189, 188, 190, 186, 170, 234, 238, 110, 108, 44, 40, 56, 120, 248, 249], f=96, g=26
[00:00:15:58:285] Expansion 13400000: state [255, 223, 207, 203, 75, 73, 72, 200, 136, 138, 10, 42, 40, 44, 45, 109, 237, 236, 252, 220, 92, 94, 90, 218, 250, 186, 187, 185, 249, 121], f=96, g=29
[00:00:16:08:294] Expansion 13500000: state [255, 223, 207, 203, 75, 73, 72, 200, 136, 138, 10, 42, 106, 122, 90, 94, 92, 124, 108, 236, 238, 174, 175, 171, 187, 185, 189, 188, 156, 158], f=96, g=29
[00:00:16:15:552] Expansion 13600000: state [255, 223, 207, 203, 75, 73, 72, 200, 136, 138, 10, 42, 58, 56, 120, 121, 249, 185, 189, 173, 45, 44, 108, 236, 238, 174, 190, 158, 156, 220, 92], f=96, g=30
[00:00:16:22:776] Expansion 13700000: state [255, 223, 207, 203, 75, 73, 72, 200, 136, 138, 10, 42, 46, 44, 45, 173, 141, 157, 156, 220, 92, 94, 90, 218, 250, 248, 120], f=96, g=26
[00:00:16:30:019] Expansion 13800000: state [255, 223, 207, 203, 75, 73, 72, 200, 136, 138, 10, 42, 43, 41, 169, 173, 237, 236, 108, 124, 92, 220, 156, 188, 184], f=96, g=24
[00:00:16:37:312] Expansion 13900000: state [255, 223, 207, 203, 75, 73, 72, 200, 136, 138, 10, 42, 43, 171, 187, 185, 189, 173, 45, 109, 108, 124, 92, 220], f=96, g=23
[00:00:16:44:581] Expansion 14000000: state [255, 223, 207, 203, 75, 73, 72, 200, 136, 138, 10, 26, 90, 218, 250, 234, 238, 174, 190, 188, 189, 173, 169, 41, 40], f=96, g=24
[00:00:16:51:840] Expansion 14100000: state [255, 223, 207, 203, 75, 73, 72, 200, 136, 138, 10, 26, 90, 122, 120, 248, 184, 186, 190, 174, 46, 110, 108, 109, 237, 173, 189, 157, 156, 220, 92, 93], f=96, g=31
[00:00:16:59:108] Expansion 14200000: state [255, 223, 207, 203, 75, 73, 72, 200, 136, 138, 10, 26, 90, 94, 78, 110, 106, 234, 250, 186, 187, 171, 169, 173, 172, 188, 252, 124, 120, 121], f=96, g=29
[00:00:17:06:167] Expansion 14300000: state [255, 223, 207, 203, 75, 73, 72, 200, 136, 138, 10, 26, 90, 94, 92, 220, 252, 248, 250, 234, 106, 110, 46, 44, 40, 41, 169, 171, 187, 155], f=96, g=29
[00:00:17:13:282] Expansion 14400000: state [255, 223, 207, 203, 75, 73, 72, 200, 136, 138, 10, 26, 58, 56, 60, 44, 46, 110, 106, 234, 250, 248, 252, 220], f=96, g=23
[00:00:17:20:450] Expansion 14500000: state [255, 223, 207, 203, 75, 73, 72, 200, 136, 138, 10, 26, 58, 122, 120, 248, 252, 188, 189, 173, 175, 171, 43, 41, 40, 44, 46, 110, 78], f=96, g=28
[00:00:17:27:657] Expansion 14600000: state [255, 223, 207, 203, 75, 73, 72, 200, 136, 138, 170, 42, 58, 26, 90, 94, 92, 220, 252, 188, 189, 185, 249], f=96, g=22
[00:00:17:34:840] Expansion 14700000: state [255, 223, 207, 203, 75, 73, 72, 200, 136, 138, 170, 234, 250, 122, 120, 121, 249, 185, 189, 157, 156, 220, 252, 236, 172, 44, 46, 110, 78, 94], f=96, g=29
[00:00:17:41:962] Expansion 14800000: state [255, 223, 207, 203, 75, 73, 72, 200, 136, 138, 170, 186, 250, 122, 106, 110, 108, 44, 60, 188, 189, 173, 141], f=96, g=22
[00:00:17:49:084] Expansion 14900000: state [255, 223, 207, 203, 75, 73, 72, 200, 136, 138, 170, 174, 238, 110, 78, 94, 90, 26, 58, 56, 60, 124, 252, 248, 249, 185, 169, 173, 45], f=96, g=28
[00:00:17:56:187] Expansion 15000000: state [255, 223, 207, 203, 75, 73, 72, 200, 136, 138, 170, 171, 43, 41, 45, 44, 108, 110, 78, 94, 90, 26, 58, 56, 120, 248, 252], f=96, g=26
[00:00:18:03:457] Expansion 15100000: state [255, 223, 207, 203, 75, 73, 72, 200, 136, 138, 170, 171, 175, 173, 237, 236, 252, 248, 250, 122, 90, 94, 78, 110, 46, 44, 40], f=96, g=26
[00:00:18:10:844] Expansion 15200000: state [255, 223, 207, 203, 75, 73, 72, 200, 136, 138, 154, 26, 90, 122, 250, 234, 238, 236, 108, 109, 45, 41, 169, 185, 189, 188, 190], f=96, g=26
[00:00:18:18:094] Expansion 15300000: state [255, 223, 207, 203, 75, 73, 72, 200, 136, 138, 154, 26, 90, 94, 92, 220, 252, 188, 60, 56, 120, 121, 249, 185, 187, 171, 175, 174, 238, 234, 250], f=96, g=30
[00:00:18:25:415] Expansion 15400000: state [255, 223, 207, 203, 75, 73, 72, 200, 136, 138, 154, 26, 58, 42, 46, 174, 175, 173, 237, 236, 252, 124, 92], f=96, g=22
[00:00:18:32:720] Expansion 15500000: state [255, 223, 207, 203, 75, 73, 72, 200, 136, 138, 154, 26, 58, 122, 120, 248, 252, 220, 92, 94, 78, 110, 46, 44, 172, 173, 169, 185], f=96, g=27
[00:00:18:43:646] Expansion 15600000: state [255, 223, 207, 203, 75, 73, 72, 200, 136, 138, 154, 218, 90, 122, 106, 234, 238, 236, 108, 109, 45, 41, 169, 185, 189, 188, 156], f=96, g=26
[00:00:18:50:901] Expansion 15700000: state [255, 223, 207, 203, 75, 73, 72, 200, 136, 138, 154, 218, 90, 94, 78, 110, 238, 236, 252, 220, 156, 157, 141, 173, 175, 171, 187, 185, 184, 56, 60], f=96, g=30
[00:00:18:57:916] Expansion 15800000: state [255, 223, 207, 203, 75, 73, 72, 200, 136, 138, 154, 218, 250, 122, 58, 56, 40, 44, 172, 173, 237, 109], f=96, g=21
[00:00:19:05:163] Expansion 15900000: state [255, 223, 207, 203, 75, 73, 72, 200, 136, 138, 154, 218, 250, 234, 106, 42, 43, 171, 187, 185, 184, 188, 172, 44, 108, 124, 92, 220], f=96, g=27
[00:00:19:12:340] Expansion 16000000: state [255, 223, 207, 203, 75, 73, 72, 200, 136, 138, 154, 218, 250, 248, 252, 124, 60, 56, 58, 42, 106, 110, 238, 174, 172, 173, 189], f=96, g=26
[00:00:19:19:618] Expansion 16100000: state [255, 223, 207, 203, 75, 73, 72, 200, 136, 138, 154, 186, 184, 56, 40, 44, 46, 110, 106, 122, 90, 94, 92, 124, 252, 236, 237, 173, 189, 157, 156], f=96, g=30
[00:00:19:26:855] Expansion 16200000: state [255, 223, 207, 203, 75, 73, 72, 200, 136, 138, 154, 186, 250, 122, 120, 124, 92, 220, 156, 188, 172, 174, 175, 171, 43, 41], f=96, g=25
[00:00:19:34:112] Expansion 16300000: state [255, 223, 207, 203, 75, 73, 72, 200, 136, 138, 154, 186, 190, 174, 175, 171, 169, 185, 249, 121, 120, 122, 106, 110, 108, 44, 12], f=96, g=26
[00:00:19:41:426] Expansion 16400000: state [255, 223, 207, 203, 75, 73, 72, 200, 136, 138, 154, 186, 187, 185, 249, 121, 120, 56, 60, 44, 172, 236, 238, 234, 106, 42], f=96, g=25
[00:00:19:49:719] Expansion 16500000: state [255, 223, 207, 203, 75, 73, 72, 200, 136, 138, 154, 158, 156, 220, 92, 94, 90, 122, 250, 248, 184, 185, 187, 171, 43, 41, 40, 44, 172, 236], f=96, g=29
[00:00:19:56:548] Expansion 16600000: state [255, 223, 207, 203, 75, 73, 72, 200, 136, 138, 154, 158, 156, 188, 184, 185, 249, 121, 120, 122, 250, 234, 238, 110, 108, 44, 40, 42], f=96, g=27
[00:00:20:03:407] Expansion 16700000: state [255, 223, 207, 203, 75, 73, 72, 200, 136, 138, 154, 158, 156, 157, 189, 173, 172, 44, 108, 124, 252, 248, 250, 234, 106, 42, 43, 41], f=96, g=27
[00:00:20:10:375] Expansion 16800000: state [255, 223, 207, 203, 75, 73, 72, 200, 136, 138, 154, 158, 190, 174, 238, 110, 108, 44, 40, 42, 58, 122, 120, 248, 249, 185], f=96, g=25
[00:00:20:17:461] Expansion 16900000: state [255, 223, 207, 203, 75, 73, 72, 200, 136, 138, 154, 158, 190, 188, 252, 248, 120, 56, 58, 42, 43, 41, 45, 173, 141, 157], f=96, g=25
[00:00:20:24:691] Expansion 17000000: state [255, 223, 207, 203, 75, 73, 72, 200, 136, 138, 154, 155, 187, 171, 169, 41, 45, 44, 46, 42, 58, 122, 250, 234, 238, 236, 252, 188, 189, 157, 141], f=96, g=30
[00:00:20:31:934] Expansion 17100000: state [255, 223, 207, 203, 75, 73, 72, 200, 136, 138, 154, 155, 187, 185, 169, 41, 40, 56, 120, 248, 250, 234, 106, 110, 78, 94, 92, 220, 156, 188, 190], f=96, g=30
[00:00:20:39:224] Expansion 17200000: state [255, 223, 207, 203, 75, 73, 72, 200, 136, 138, 154, 155, 187, 185, 249, 121, 120, 122, 250, 234, 238, 174, 175, 173, 45, 44, 12], f=96, g=26
[00:00:20:46:402] Expansion 17300000: state [255, 223, 207, 203, 75, 73, 72, 200, 136, 138, 142, 174, 46, 42, 43, 41, 45, 109, 108, 124, 60, 188, 184, 186, 250, 122, 90], f=96, g=26
[00:00:20:53:503] Expansion 17400000: state [255, 223, 207, 203, 75, 73, 72, 200, 136, 138, 142, 174, 172, 44, 60, 124, 92, 94, 90, 26, 58, 186, 187, 185, 189, 157, 141], f=96, g=26
[00:00:21:00:571] Expansion 17500000: state [255, 223, 207, 203, 75, 73, 72, 200, 136, 138, 142, 174, 238, 110, 78, 94, 92, 124, 60, 44, 45, 41, 43, 171, 187, 186, 184, 248], f=96, g=27
[00:00:21:07:693] Expansion 17600000: state [255, 223, 207, 203, 75, 73, 72, 200, 136, 138, 142, 174, 238, 234, 250, 122, 120, 121, 249, 185, 184, 188, 156, 157, 141, 173, 237, 109], f=96, g=27
[00:00:21:14:775] Expansion 17700000: state [255, 223, 207, 203, 75, 73, 72, 200, 136, 138, 142, 174, 190, 186, 58, 42, 43, 171, 169, 173, 45, 109, 108, 110, 78, 94, 92, 220, 252, 248], f=96, g=29
[00:00:21:21:880] Expansion 17800000: state [255, 223, 207, 203, 75, 73, 72, 200, 136, 138, 142, 174, 175, 171, 43, 41, 40, 44, 60, 124, 120, 121, 249, 185, 189], f=96, g=24
[00:00:21:29:087] Expansion 17900000: state [255, 223, 207, 203, 75, 73, 72, 200, 136, 138, 142, 174, 175, 173, 169, 185, 249, 248, 120, 124, 108, 110, 78, 94, 90, 218], f=96, g=25
[00:00:21:36:088] Expansion 18000000: state [255, 223, 207, 203, 75, 73, 72, 200, 136, 138, 142, 158, 156, 220, 92, 94, 90, 26, 58, 42, 43, 171, 175, 173, 237, 236, 238, 110], f=96, g=27
[00:00:21:42:935] Expansion 18100000: state [255, 223, 207, 203, 75, 73, 72, 200, 136, 138, 142, 158, 156, 220, 252, 248, 184, 186, 58, 122, 90, 94, 78, 110, 46, 44, 40, 41, 43, 171, 175, 173, 141], f=96, g=32
[00:00:21:49:747] Expansion 18200000: state [255, 223, 207, 203, 75, 73, 72, 200, 136, 138, 142, 158, 156, 188, 184, 185, 187, 171, 43, 41, 45, 109, 108, 236, 238, 234, 250, 122, 90, 26], f=96, g=29
[00:00:21:56:587] Expansion 18300000: state [255, 223, 207, 203, 75, 73, 72, 200, 136, 138, 142, 158, 156, 157, 141, 173, 169, 185, 249, 248, 252, 236, 108, 110, 78, 94, 90, 122, 58, 42], f=96, g=29
[00:00:22:03:437] Expansion 18400000: state [255, 223, 207, 203, 75, 73, 72, 200, 136, 138, 142, 158, 156, 157, 189, 173, 237, 236, 108, 124, 120, 56, 58, 186, 187, 171], f=96, g=25
[00:00:22:10:379] Expansion 18500000: state [255, 223, 207, 203, 75, 73, 72, 200, 136, 138, 142, 158, 190, 186, 184, 185, 169, 173, 172, 44, 46, 42, 106, 122, 90, 218], f=96, g=25
[00:00:22:17:428] Expansion 18600000: state [255, 223, 207, 203, 75, 73, 72, 200, 136, 138, 142, 158, 190, 188, 172, 173, 45, 41, 40, 56, 120, 124, 92], f=96, g=22
[00:00:22:28:835] Expansion 18700000: state [255, 223, 207, 203, 75, 73, 72, 200, 136, 137, 169, 41, 40, 56, 60, 188, 172, 174, 142, 158, 154, 186, 250, 122, 106, 110, 108, 109], f=96, g=27
[00:00:22:36:012] Expansion 18800000: state [255, 223, 207, 203, 75, 73, 72, 200, 136, 137, 169, 41, 40, 42, 46, 174, 238, 236, 108, 124, 92, 94, 90, 122, 250, 248, 249, 121], f=96, g=27
[00:00:22:43:155] Expansion 18900000: state [255, 223, 207, 203, 75, 73, 72, 200, 136, 137, 169, 41, 45, 109, 108, 236, 172, 174, 190, 158, 154, 218, 250, 234, 106, 42, 10], f=96, g=26
[00:00:22:50:344] Expansion 19000000: state [255, 223, 207, 203, 75, 73, 72, 200, 136, 137, 169, 41, 43, 42, 10, 26, 154, 158, 156, 188, 172, 174, 238, 234, 250, 248, 249, 121], f=96, g=27
[00:00:22:57:572] Expansion 19100000: state [255, 223, 207, 203, 75, 73, 72, 200, 136, 137, 169, 185, 184, 56, 120, 122, 250, 218, 154, 158, 156, 220, 92, 94, 78, 110, 46, 174, 175], f=96, g=28
[00:00:23:04:826] Expansion 19200000: state [255, 223, 207, 203, 75, 73, 72, 200, 136, 137, 169, 185, 249, 121, 120, 56, 60, 44, 45, 109, 237, 236, 238, 110, 106, 42, 170, 186, 154, 218, 90, 94, 92, 220], f=96, g=33
[00:00:23:12:026] Expansion 19300000: state [255, 223, 207, 203, 75, 73, 72, 200, 136, 137, 169, 185, 249, 248, 252, 220, 92, 94, 90, 26, 10, 42, 40, 44, 172], f=96, g=24
[00:00:23:19:091] Expansion 19400000: state [255, 223, 207, 203, 75, 73, 72, 200, 136, 137, 169, 185, 189, 157, 156, 158, 154, 26, 58, 56, 60, 124, 252, 236, 238, 174, 170], f=96, g=26
[00:00:23:26:125] Expansion 19500000: state [255, 223, 207, 203, 75, 73, 72, 200, 136, 137, 169, 185, 187, 155, 154, 26, 10, 42, 40, 44, 108, 124, 252, 248, 250, 234, 238, 174, 142], f=96, g=28
[00:00:23:33:481] Expansion 19600000: state [255, 223, 207, 203, 75, 73, 72, 200, 136, 137, 169, 185, 187, 186, 154, 158, 156, 220, 252, 248, 120, 56, 60, 44, 172, 174, 238, 110, 106], f=96, g=28
[00:00:23:40:700] Expansion 19700000: state [255, 223, 207, 203, 75, 73, 72, 200, 136, 137, 169, 173, 45, 44, 60, 124, 252, 248, 250, 218, 90, 26, 58, 42, 170, 174, 190], f=96, g=26
[00:00:23:47:976] Expansion 19800000: state [255, 223, 207, 203, 75, 73, 72, 200, 136, 137, 169, 173, 172, 236, 252, 220, 156, 158, 154, 218, 250, 122, 58, 42, 46, 110, 78], f=96, g=26
[00:00:23:55:182] Expansion 19900000: state [255, 223, 207, 203, 75, 73, 72, 200, 136, 137, 169, 173, 237, 109, 108, 110, 106, 122, 90, 94, 92, 220, 156, 158, 154, 155], f=96, g=25
[00:00:24:02:330] Expansion 20000000: state [255, 223, 207, 203, 75, 73, 72, 200, 136, 137, 169, 173, 189, 157, 156, 220, 92, 94, 90, 26, 58, 56, 60, 44, 108, 236, 238, 234, 250, 248, 249, 121], f=96, g=31
[00:00:24:09:307] Expansion 20100000: state [255, 223, 207, 203, 75, 73, 72, 200, 136, 137, 169, 173, 189, 188, 252, 124, 120, 122, 106, 42, 10, 26, 154, 158, 142, 174], f=96, g=25
[00:00:24:16:545] Expansion 20200000: state [255, 223, 207, 203, 75, 73, 72, 200, 136, 137, 169, 173, 175, 174, 190, 188, 156, 220, 92, 94, 90, 26, 58, 56, 40, 44, 108, 110], f=96, g=27
[00:00:24:23:777] Expansion 20300000: state [255, 223, 207, 203, 75, 73, 72, 200, 136, 137, 169, 171, 43, 42, 46, 110, 78, 94, 90, 26, 154, 186, 190, 188, 189], f=96, g=24
[00:00:24:30:938] Expansion 20400000: state [255, 223, 207, 203, 75, 73, 72, 200, 136, 137, 169, 171, 187, 155, 154, 26, 10, 42, 106, 122, 250, 248, 184, 56, 60, 44, 172, 174, 190], f=96, g=28
[00:00:24:38:238] Expansion 20500000: state [255, 223, 207, 203, 75, 73, 72, 200, 136, 137, 169, 171, 187, 186, 154, 158, 142, 174, 46, 110, 78, 94, 90, 122, 120, 248, 249, 217], f=96, g=27
[00:00:24:45:445] Expansion 20600000: state [255, 223, 207, 203, 75, 73, 72, 200, 136, 137, 169, 171, 175, 174, 238, 110, 106, 122, 58, 186, 154, 158, 156, 157, 189], f=96, g=24
[00:00:24:52:707] Expansion 20700000: state [255, 223, 207, 203, 75, 73, 72, 200, 136, 137, 141, 173, 45, 41, 40, 42, 170, 174, 238, 236, 252, 220, 92, 94, 90, 26, 154, 155, 187, 185, 249, 217], f=96, g=31
[00:00:25:00:019] Expansion 20800000: state [255, 223, 207, 203, 75, 73, 72, 200, 136, 137, 141, 173, 45, 41, 43, 42, 46, 110, 238, 234, 250, 122, 120, 124, 92, 220, 156, 158], f=96, g=27
[00:00:25:07:388] Expansion 20900000: state [255, 223, 207, 203, 75, 73, 72, 200, 136, 137, 141, 173, 45, 44, 40, 42, 58, 186, 190, 188, 252, 236], f=96, g=21
[00:00:25:14:891] Expansion 21000000: state [255, 223, 207, 203, 75, 73, 72, 200, 136, 137, 141, 173, 45, 44, 60, 188, 190, 186, 170, 42, 106, 122, 120, 248], f=96, g=23
[00:00:25:22:460] Expansion 21100000: state [255, 223, 207, 203, 75, 73, 72, 200, 136, 137, 141, 173, 45, 109, 108, 124, 92, 220, 156, 188, 184, 185, 187, 171, 43, 42, 10, 26, 90, 218, 250, 234, 238, 174], f=96, g=33
[00:00:25:30:092] Expansion 21200000: state [255, 223, 207, 203, 75, 73, 72, 200, 136, 137, 141, 173, 172, 44, 108, 110, 78, 94, 92, 220, 156, 158, 190, 186, 250, 122, 120, 56], f=96, g=27
[00:00:25:37:562] Expansion 21300000: state [255, 223, 207, 203, 75, 73, 72, 200, 136, 137, 141, 173, 172, 188, 156, 158, 154, 26, 58, 122, 250, 234, 238, 110, 108, 124], f=96, g=25
[00:00:25:45:086] Expansion 21400000: state [255, 223, 207, 203, 75, 73, 72, 200, 136, 137, 141, 173, 237, 109, 108, 44, 40, 56, 120, 121, 249, 185, 187, 171, 170, 174, 142, 158, 156, 220, 92, 94, 90, 218, 250], f=96, g=34
[00:00:25:52:651] Expansion 21500000: state [255, 223, 207, 203, 75, 73, 72, 200, 136, 137, 141, 173, 237, 109, 108, 110, 78, 94, 90, 218, 154, 186, 58, 56], f=96, g=23
[00:00:25:59:985] Expansion 21600000: state [255, 223, 207, 203, 75, 73, 72, 200, 136, 137, 141, 173, 237, 236, 108, 110, 46, 174, 170, 171, 187, 155, 154, 218, 90, 94, 92, 220, 156, 188, 184, 56, 120, 121], f=96, g=33
[00:00:26:07:360] Expansion 21700000: state [255, 223, 207, 203, 75, 73, 72, 200, 136, 137, 141, 173, 237, 236, 238, 110, 78, 94, 92, 220, 156, 158, 154, 26, 10, 42, 43, 171, 187, 185, 249, 121], f=96, g=31
[00:00:26:14:600] Expansion 21800000: state [255, 223, 207, 203, 75, 73, 72, 200, 136, 137, 141, 173, 189, 185, 184, 248, 250, 234, 106, 42, 40, 44, 60, 124, 92, 220, 156, 158, 154, 26, 90], f=96, g=30
[00:00:26:22:006] Expansion 21900000: state [255, 223, 207, 203, 75, 73, 72, 200, 136, 137, 141, 173, 189, 185, 187, 171, 43, 41, 40, 56, 60, 124, 252, 220, 156, 158, 142], f=96, g=26
[00:00:26:29:214] Expansion 22000000: state [255, 223, 207, 203, 75, 73, 72, 200, 136, 137, 141, 173, 189, 188, 184, 56, 40, 44, 108, 236, 238, 234, 170, 171, 187, 155, 154, 218, 90], f=96, g=28
[00:00:26:36:478] Expansion 22100000: state [255, 223, 207, 203, 75, 73, 72, 200, 136, 137, 141, 173, 175, 171, 43, 42, 106, 122, 250, 186, 190, 158, 156, 220, 252, 124, 108], f=96, g=26
[00:00:26:49:074] Expansion 22200000: state [255, 223, 207, 203, 75, 73, 72, 200, 136, 137, 141, 173, 175, 171, 187, 185, 249, 121, 120, 122, 106, 42, 46, 44, 60, 188, 156], f=96, g=26
[00:00:26:56:298] Expansion 22300000: state [255, 223, 207, 203, 75, 73, 72, 200, 136, 137, 141, 173, 175, 174, 170, 186, 154, 26, 90, 94, 92, 220, 156, 188, 60, 44, 12], f=96, g=26
[00:00:27:03:412] Expansion 22400000: state [255, 223, 207, 203, 75, 73, 72, 200, 136, 137, 141, 157, 156, 220, 92, 124, 108, 110, 106, 122, 90, 218, 154, 155, 187, 185, 184, 56, 40, 41, 43], f=96, g=30
[00:00:27:10:342] Expansion 22500000: state [255, 223, 207, 203, 75, 73, 72, 200, 136, 137, 141, 157, 156, 220, 92, 94, 90, 122, 120, 248, 184, 186, 170, 234, 238, 110, 108, 44, 40, 41], f=96, g=29
[00:00:27:17:237] Expansion 22600000: state [255, 223, 207, 203, 75, 73, 72, 200, 136, 137, 141, 157, 156, 220, 252, 248, 184, 56, 60, 44, 46, 110, 238, 234, 170, 171, 175], f=96, g=26
[00:00:27:24:128] Expansion 22700000: state [255, 223, 207, 203, 75, 73, 72, 200, 136, 137, 141, 157, 156, 188, 172, 236, 237, 109, 45, 41, 43, 171, 170, 186, 250, 218, 90, 94, 78, 110, 46], f=96, g=30
[00:00:27:31:015] Expansion 22800000: state [255, 223, 207, 203, 75, 73, 72, 200, 136, 137, 141, 157, 156, 188, 252, 236, 237, 109, 45, 44, 40, 42, 10, 26, 90, 122, 120, 121, 249, 185, 187, 171, 175], f=96, g=32
[00:00:27:37:881] Expansion 22900000: state [255, 223, 207, 203, 75, 73, 72, 200, 136, 137, 141, 157, 156, 158, 142, 174, 238, 234, 250, 186, 58, 42, 10], f=96, g=22
[00:00:27:45:091] Expansion 23000000: state [255, 223, 207, 203, 75, 73, 72, 200, 136, 137, 141, 157, 156, 158, 154, 218, 90, 94, 78, 110, 106, 234, 170, 171, 187, 185, 249, 121, 120, 124, 60, 44, 172, 236, 237], f=96, g=34
[00:00:27:52:321] Expansion 23100000: state [255, 223, 207, 203, 75, 73, 72, 200, 136, 137, 141, 157, 156, 158, 154, 155, 187, 185, 249, 248, 120, 56, 58, 42, 170, 234, 238, 110, 78, 94, 90], f=96, g=30
[00:00:27:59:545] Expansion 23200000: state [255, 223, 207, 203, 75, 73, 72, 200, 136, 137, 141, 157, 189, 185, 184, 56, 120, 122, 250, 218, 154, 158, 142, 174, 175, 171, 43, 41, 45, 109], f=96, g=29
[00:00:28:07:117] Expansion 23300000: state [255, 223, 207, 203, 75, 73, 72, 200, 136, 137, 141, 157, 189, 185, 249, 121, 120, 56, 58, 186, 250, 218, 90, 94, 78, 110, 108, 109, 45, 41, 43], f=96, g=30
[00:00:28:14:605] Expansion 23400000: state [255, 223, 207, 203, 75, 73, 72, 200, 136, 137, 141, 157, 189, 185, 249, 248, 250, 186, 190, 174, 238, 110, 108, 124, 60, 56, 40, 42, 10, 26, 90, 94], f=96, g=31
[00:00:28:22:311] Expansion 23500000: state [255, 223, 207, 203, 75, 73, 72, 200, 136, 137, 141, 157, 189, 185, 187, 171, 170, 42, 40, 44, 172, 236, 252, 248, 250, 218, 154], f=96, g=26
[00:00:28:29:883] Expansion 23600000: state [255, 223, 207, 203, 75, 73, 72, 200, 136, 137, 141, 157, 189, 188, 60, 124, 92, 94, 78, 110, 106, 42, 43, 41, 45, 109], f=96, g=25
[00:00:28:37:426] Expansion 23700000: state [255, 223, 207, 203, 75, 73, 72, 200, 136, 137, 141, 157, 189, 188, 252, 124, 108, 44, 40, 42, 106, 122, 90, 26, 154, 186, 187], f=96, g=26
[00:00:28:44:706] Expansion 23800000: state [255, 223, 207, 203, 75, 73, 72, 200, 232, 168, 40, 56, 120, 124, 108, 110, 238, 174, 190, 186, 250, 218, 90], f=96, g=22
[00:00:28:51:777] Expansion 23900000: state [255, 223, 207, 203, 75, 73, 72, 200, 232, 168, 40, 56, 58, 122, 90, 94, 92, 124, 108, 109, 237, 173, 141, 157, 156, 188, 190, 174, 142, 138, 154, 155, 187, 185], f=96, g=33
[00:00:28:58:845] Expansion 24000000: state [255, 223, 207, 203, 75, 73, 72, 200, 232, 168, 40, 44, 46, 174, 142, 140, 156, 220, 252, 124, 120, 122, 106], f=96, g=22
[00:00:29:05:996] Expansion 24100000: state [255, 223, 207, 203, 75, 73, 72, 200, 232, 168, 40, 42, 106, 122, 90, 94, 92, 124, 108, 109, 237, 173, 175, 174], f=96, g=23
[00:00:29:13:284] Expansion 24200000: state [255, 223, 207, 203, 75, 73, 72, 200, 232, 168, 40, 42, 46, 110, 108, 109, 45, 173, 141, 140, 156, 152, 154, 186, 187, 185, 249, 121, 120], f=96, g=28
[00:00:29:20:776] Expansion 24300000: state [255, 223, 207, 203, 75, 73, 72, 200, 232, 168, 40, 41, 45, 109, 108, 110, 46, 174, 142, 140, 156, 220, 92, 94, 90, 218, 154, 186, 187], f=96, g=28
