--------------------------
date: cubes
number_of_graphs: 1
graph_type: cube
size_of_graphs: [8, 8]
heuristic: heuristic0
snake: True
run_uni: True
run_bi: False
run_multi: False
cube_first_dims: 8
cube_buffer_dim: 3
backward_sym_generation: False

---------- cubes/8d_cube ----------
[00:00:00:06:754] Expansion 100000: state [255, 223, 207, 203, 75, 73, 72, 200, 136, 168, 40, 42, 106, 122, 90, 218, 154, 186, 190, 174, 238, 236, 108, 109, 45, 173, 141, 157, 153], f=90, g=28
[00:00:00:13:625] Expansion 200000: state [255, 223, 207, 203, 75, 73, 72, 200, 136, 168, 40, 42, 43, 171, 175, 173, 45, 109, 108, 124, 120, 248, 250, 218], f=90, g=23
[00:00:00:20:450] Expansion 300000: state [255, 223, 207, 203, 75, 73, 72, 200, 136, 168, 40, 41, 45, 109, 108, 236, 238, 234, 106, 122, 120, 248, 249, 217], f=90, g=23
[00:00:00:27:377] Expansion 400000: state [255, 223, 207, 203, 75, 73, 72, 200, 136, 168, 184, 188, 252, 124, 108, 110, 78, 94, 90, 122, 58, 42, 43, 41, 57, 121, 249, 217, 153, 155, 154, 158, 142, 174], f=90, g=33
[00:00:00:34:665] Expansion 500000: state [255, 223, 207, 203, 75, 73, 72, 200, 136, 168, 184, 185, 57, 41, 45, 44, 108, 110, 238, 234, 250, 218, 90], f=90, g=22
[00:00:00:42:028] Expansion 600000: state [255, 223, 207, 203, 75, 73, 72, 200, 136, 168, 172, 174, 142, 158, 154, 186, 250, 248, 120, 121, 57, 41, 43], f=90, g=22
[00:00:00:49:110] Expansion 700000: state [255, 223, 207, 203, 75, 73, 72, 200, 136, 168, 170, 234, 106, 110, 46, 44, 45, 173, 237, 236, 252, 248, 249, 185, 187, 155, 154, 218, 90, 94], f=90, g=29
[00:00:00:56:077] Expansion 800000: state [255, 223, 207, 203, 75, 73, 72, 200, 136, 168, 170, 171, 43, 41, 45, 44, 46, 110, 106, 122, 120, 124, 252, 188, 190, 158, 154, 155, 153, 217], f=90, g=29
[00:00:01:03:344] Expansion 900000: state [255, 223, 207, 203, 75, 73, 72, 200, 136, 168, 169, 185, 249, 248, 120, 124, 108, 109, 45], f=90, g=18
[00:00:01:10:592] Expansion 1000000: state [255, 223, 207, 203, 75, 73, 72, 200, 136, 140, 172, 44, 108, 110, 106, 234, 170, 186, 184, 248, 249, 233, 169, 41, 57], f=90, g=24
[00:00:01:17:973] Expansion 1100000: state [255, 223, 207, 203, 75, 73, 72, 200, 136, 140, 172, 188, 184, 186, 58, 42, 43, 41, 169, 233, 237, 109, 108, 110, 78, 94, 90, 218], f=90, g=27
[00:00:01:25:241] Expansion 1200000: state [255, 223, 207, 203, 75, 73, 72, 200, 136, 140, 172, 174, 46, 42, 106, 122, 250, 218, 154, 155, 153, 185, 249, 121], f=90, g=23
[00:00:01:32:402] Expansion 1300000: state [255, 223, 207, 203, 75, 73, 72, 200, 136, 140, 172, 173, 169, 41, 43, 42, 106, 122, 120, 121, 249, 217, 153, 155, 187, 186], f=90, g=25
[00:00:01:39:785] Expansion 1400000: state [255, 223, 207, 203, 75, 73, 72, 200, 136, 140, 142, 174, 46, 44, 108, 236, 237, 233, 249, 121, 120, 122, 90], f=90, g=22
[00:00:01:46:992] Expansion 1500000: state [255, 223, 207, 203, 75, 73, 72, 200, 136, 140, 142, 174, 170, 234, 250, 248, 120, 124, 108, 236, 237, 173, 189, 185, 153, 217], f=90, g=25
[00:00:01:54:286] Expansion 1600000: state [255, 223, 207, 203, 75, 73, 72, 200, 136, 140, 142, 174, 238, 234, 106, 42, 58, 186, 154, 155, 153, 217, 249, 121, 57, 41, 45, 109, 108, 124, 252, 188], f=90, g=31
[00:00:02:01:624] Expansion 1700000: state [255, 223, 207, 203, 75, 73, 72, 200, 136, 140, 142, 174, 190, 186, 250, 248, 249, 233, 237, 236, 108, 110, 106, 42, 43, 41, 57], f=90, g=26
[00:00:02:09:200] Expansion 1800000: state [255, 223, 207, 203, 75, 73, 72, 200, 136, 140, 142, 174, 175, 171, 187, 185, 184, 188, 252, 236, 108, 44, 40, 42, 58, 122, 90, 94, 78], f=90, g=28
[00:00:02:16:566] Expansion 1900000: state [255, 223, 207, 203, 75, 73, 72, 200, 136, 140, 142, 158, 154, 218, 90, 94, 78, 110, 46, 44, 45, 173, 189, 185, 184, 248], f=90, g=25
[00:00:02:23:840] Expansion 2000000: state [255, 223, 207, 203, 75, 73, 72, 200, 136, 140, 142, 158, 154, 186, 170, 234, 238, 110, 78, 94, 90, 122, 120, 124, 252, 188, 189, 157, 153, 217, 249, 233, 169, 41, 43], f=90, g=34
[00:00:02:31:510] Expansion 2100000: state [255, 223, 207, 203, 75, 73, 72, 200, 136, 140, 142, 158, 154, 155, 153, 185, 57, 121, 120, 124, 252, 236, 238, 234, 106], f=90, g=24
[00:00:02:39:087] Expansion 2200000: state [255, 223, 207, 203, 75, 73, 72, 200, 136, 140, 142, 158, 154, 155, 187, 185, 249, 248, 120, 122, 90, 94, 78, 110, 108, 236, 237, 173, 45, 41, 43, 42, 170, 234], f=90, g=33
[00:00:02:46:307] Expansion 2300000: state [255, 223, 207, 203, 75, 73, 72, 200, 136, 140, 142, 158, 190, 186, 187, 185, 249, 248, 120, 122, 106, 110, 108, 44, 45, 41, 43], f=90, g=26
[00:00:02:53:562] Expansion 2400000: state [255, 223, 207, 203, 75, 73, 72, 200, 136, 140, 142, 158, 190, 188, 189, 173, 175, 171, 43, 41, 40, 44, 108, 110, 78, 94, 90, 122, 120, 248, 249, 217], f=90, g=31
[00:00:03:00:707] Expansion 2500000: state [255, 223, 207, 203, 75, 73, 72, 200, 136, 140, 141, 173, 45, 44, 108, 110, 238, 234, 250, 122, 58, 42, 43, 171, 187, 155, 154], f=90, g=26
[00:00:03:08:308] Expansion 2600000: state [255, 223, 207, 203, 75, 73, 72, 200, 136, 140, 141, 173, 169, 185, 187, 155, 154, 218, 90, 94, 78, 110, 46, 174, 190, 188, 252, 248], f=90, g=27
[00:00:03:15:512] Expansion 2700000: state [255, 223, 207, 203, 75, 73, 72, 200, 136, 140, 141, 173, 237, 236, 108, 44, 40, 41, 43, 171, 187, 155, 154, 218, 250, 248, 120, 121], f=90, g=27
[00:00:03:22:829] Expansion 2800000: state [255, 223, 207, 203, 75, 73, 72, 200, 136, 140, 141, 173, 189, 188, 252, 248, 120, 121, 57, 41, 40, 44, 108, 110, 238, 234, 170, 186, 58], f=90, g=28
[00:00:03:30:085] Expansion 2900000: state [255, 223, 207, 203, 75, 73, 72, 200, 136, 140, 141, 157, 153, 217, 249, 121, 57, 41, 45, 109, 108, 110, 238, 174, 190, 186, 58], f=90, g=26
[00:00:03:37:376] Expansion 3000000: state [255, 223, 207, 203, 75, 73, 72, 200, 136, 140, 141, 157, 153, 185, 57, 121, 120, 124, 252, 236, 238, 110, 46, 42, 58, 186, 250], f=90, g=26
[00:00:03:44:634] Expansion 3100000: state [255, 223, 207, 203, 75, 73, 72, 200, 136, 140, 141, 157, 153, 155, 154, 218, 90, 122, 106, 110, 108, 124, 252, 248, 249, 121, 57, 41, 43, 171, 175, 174, 190], f=90, g=32
[00:00:03:51:982] Expansion 3200000: state [255, 223, 207, 203, 75, 73, 72, 200, 136, 140, 141, 157, 153, 155, 187, 171, 169, 233, 249, 248, 120, 122, 90, 94, 78, 110, 46, 174, 190, 188], f=90, g=29
[00:00:03:59:712] Expansion 3300000: state [255, 223, 207, 203, 75, 73, 72, 200, 136, 140, 141, 157, 189, 185, 249, 233, 237, 236, 108, 44, 40, 42, 170, 186, 154, 218], f=90, g=25
[00:00:04:06:975] Expansion 3400000: state [255, 223, 207, 203, 75, 73, 72, 200, 136, 140, 141, 157, 189, 188, 252, 248, 250, 234, 170, 174, 46, 110, 108, 109, 237, 233], f=90, g=25
[00:00:04:14:212] Expansion 3500000: state [255, 223, 207, 203, 75, 73, 72, 200, 136, 138, 170, 42, 46, 110, 238, 236, 172, 173, 141, 157, 153, 185, 184, 248], f=90, g=23
[00:00:04:21:277] Expansion 3600000: state [255, 223, 207, 203, 75, 73, 72, 200, 136, 138, 170, 186, 187, 155, 153, 157, 189, 188, 172, 44, 45, 41, 57, 121, 120, 122, 90, 94, 78, 110, 238], f=90, g=30
[00:00:04:28:363] Expansion 3700000: state [255, 223, 207, 203, 75, 73, 72, 200, 136, 138, 154, 218, 90, 122, 58, 42, 40, 44, 108, 236, 238, 174, 190, 188, 189, 173, 169, 233, 249, 121, 57], f=90, g=30
[00:00:04:35:749] Expansion 3800000: state [255, 223, 207, 203, 75, 73, 72, 200, 136, 138, 154, 218, 90, 94, 78, 110, 46, 44, 45, 173, 237, 236, 252, 124, 120, 121, 249, 185, 153], f=90, g=28
[00:00:04:42:957] Expansion 3900000: state [255, 223, 207, 203, 75, 73, 72, 200, 136, 138, 154, 218, 250, 234, 238, 110, 46, 42, 40, 41, 57, 185, 249, 233, 237, 173, 141, 157], f=90, g=27
[00:00:04:50:110] Expansion 4000000: state [255, 223, 207, 203, 75, 73, 72, 200, 136, 138, 154, 186, 58, 122, 120, 121, 57, 185, 189, 173, 175, 174, 46, 44], f=90, g=23
[00:00:04:57:269] Expansion 4100000: state [255, 223, 207, 203, 75, 73, 72, 200, 136, 138, 154, 186, 250, 248, 120, 121, 57, 185, 189, 173, 141], f=90, g=20
[00:00:05:04:343] Expansion 4200000: state [255, 223, 207, 203, 75, 73, 72, 200, 136, 138, 154, 186, 187, 185, 153, 157, 141, 173, 172, 174, 238, 110, 106], f=90, g=22
[00:00:05:11:432] Expansion 4300000: state [255, 223, 207, 203, 75, 73, 72, 200, 136, 138, 154, 158, 190, 188, 172, 173, 175, 171, 43, 42, 46, 110, 238, 234], f=90, g=23
[00:00:05:18:560] Expansion 4400000: state [255, 223, 207, 203, 75, 73, 72, 200, 136, 138, 154, 155, 153, 217, 249, 248, 250, 122, 106, 110, 108, 44, 40], f=90, g=22
[00:00:05:25:683] Expansion 4500000: state [255, 223, 207, 203, 75, 73, 72, 200, 136, 138, 154, 155, 153, 157, 189, 173, 175, 174, 238, 110, 106, 122, 250, 248, 249, 121, 57, 41, 40, 44], f=90, g=29
[00:00:05:32:793] Expansion 4600000: state [255, 223, 207, 203, 75, 73, 72, 200, 136, 138, 154, 155, 187, 185, 169, 173, 237, 236, 238, 174, 46, 42], f=90, g=21
[00:00:05:39:926] Expansion 4700000: state [255, 223, 207, 203, 75, 73, 72, 200, 136, 138, 142, 174, 172, 44, 40, 42, 43, 171, 187, 186, 250, 248, 120, 121], f=90, g=23
[00:00:05:47:063] Expansion 4800000: state [255, 223, 207, 203, 75, 73, 72, 200, 136, 138, 142, 174, 238, 234, 106, 42, 43, 171, 187, 186, 184, 188, 189, 157, 153, 217, 249, 233, 237, 109, 108], f=90, g=30
[00:00:05:54:501] Expansion 4900000: state [255, 223, 207, 203, 75, 73, 72, 200, 136, 138, 142, 174, 190, 188, 252, 248, 120, 122, 58, 42, 43, 41, 45], f=90, g=22
[00:00:06:01:568] Expansion 5000000: state [255, 223, 207, 203, 75, 73, 72, 200, 136, 138, 142, 158, 190, 186, 58, 122, 120, 121, 57, 185, 153, 157, 141, 173, 45, 109, 108, 236, 252], f=90, g=28
[00:00:06:08:582] Expansion 5100000: state [255, 223, 207, 203, 75, 73, 72, 200, 136, 138, 142, 158, 190, 188, 172, 44, 108, 110, 238, 234, 250, 248, 249, 121, 57, 41, 169, 171], f=90, g=27
[00:00:06:15:604] Expansion 5200000: state [255, 223, 207, 203, 75, 73, 72, 200, 136, 138, 142, 158, 190, 188, 189, 173, 175, 171, 43, 41, 57, 121, 120, 122, 90, 94, 78], f=90, g=26
[00:00:06:22:769] Expansion 5300000: state [255, 223, 207, 203, 75, 73, 72, 200, 136, 137, 169, 233, 237, 109, 108, 124, 252, 188, 190, 158, 154, 218, 250, 122, 106, 42], f=90, g=25
[00:00:06:30:046] Expansion 5400000: state [255, 223, 207, 203, 75, 73, 72, 200, 136, 137, 169, 173, 237, 109, 108, 110, 238, 174, 170, 186, 250], f=90, g=20
[00:00:06:37:345] Expansion 5500000: state [255, 223, 207, 203, 75, 73, 72, 200, 136, 137, 153, 217, 249, 121, 57, 41, 43, 42, 58, 122, 90, 94, 78, 110, 238, 174, 175], f=90, g=26
[00:00:06:44:687] Expansion 5600000: state [255, 223, 207, 203, 75, 73, 72, 200, 136, 137, 153, 217, 249, 233, 237, 236, 108, 124, 120, 122, 250, 186, 170, 42], f=90, g=23
[00:00:06:51:958] Expansion 5700000: state [255, 223, 207, 203, 75, 73, 72, 200, 136, 137, 153, 185, 57, 41, 45, 173, 172, 174, 46, 110, 78, 94, 90, 218, 250, 248, 252, 124], f=90, g=27
[00:00:07:00:119] Expansion 5800000: state [255, 223, 207, 203, 75, 73, 72, 200, 136, 137, 153, 185, 184, 186, 250, 218, 90, 94, 78, 110, 238, 174, 172], f=90, g=22
[00:00:07:07:286] Expansion 5900000: state [255, 223, 207, 203, 75, 73, 72, 200, 136, 137, 153, 185, 189, 173, 45, 44, 108, 124, 120, 122, 90, 218, 154, 158, 142], f=90, g=24
[00:00:07:14:412] Expansion 6000000: state [255, 223, 207, 203, 75, 73, 72, 200, 136, 137, 153, 157, 189, 173, 45, 44, 40, 42, 58, 122, 250, 234, 238, 110, 78, 94], f=90, g=25
[00:00:07:21:640] Expansion 6100000: state [255, 223, 207, 203, 75, 73, 72, 200, 136, 137, 153, 157, 189, 188, 184, 186, 170, 234, 238, 110, 46, 44, 45, 41, 57, 121], f=90, g=25
[00:00:07:28:923] Expansion 6200000: state [255, 223, 207, 203, 75, 73, 72, 200, 136, 137, 153, 155, 154, 218, 250, 234, 106, 42, 46, 44, 45, 41, 57, 121, 120, 124, 252, 236, 237, 233], f=90, g=29
[00:00:07:36:197] Expansion 6300000: state [255, 223, 207, 203, 75, 73, 72, 200, 136, 137, 153, 155, 154, 158, 142, 174, 175, 173, 237, 233, 249, 248, 250, 234, 106, 110, 108, 44], f=90, g=27
[00:00:07:43:397] Expansion 6400000: state [255, 223, 207, 203, 75, 73, 72, 200, 136, 137, 153, 155, 187, 186, 58, 42, 40, 41, 45, 109, 108, 236, 238, 174, 142], f=90, g=24
[00:00:07:50:555] Expansion 6500000: state [255, 223, 207, 203, 75, 73, 72, 200, 136, 137, 141, 173, 45, 44, 40, 42, 170, 171, 187, 185, 184, 248, 252, 236, 238], f=90, g=24
[00:00:07:57:864] Expansion 6600000: state [255, 223, 207, 203, 75, 73, 72, 200, 136, 137, 141, 173, 172, 174, 190, 158, 154, 218, 90, 122, 106, 42, 43, 41, 57, 185, 184, 248, 252], f=90, g=28
[00:00:08:05:025] Expansion 6700000: state [255, 223, 207, 203, 75, 73, 72, 200, 136, 137, 141, 173, 237, 236, 252, 248, 249, 185, 187, 186, 190, 174, 46, 110, 78, 94], f=90, g=25
[00:00:08:13:137] Expansion 6800000: state [255, 223, 207, 203, 75, 73, 72, 200, 136, 137, 141, 173, 175, 174, 46, 44, 108, 124, 120, 121, 57, 41, 43], f=90, g=22
[00:00:08:20:316] Expansion 6900000: state [255, 223, 207, 203, 75, 73, 72, 200, 136, 137, 141, 157, 189, 185, 249, 248, 120, 122, 58, 186, 154, 158, 142, 174, 172, 236, 108, 109, 45, 41, 43], f=90, g=30
[00:00:08:27:482] Expansion 7000000: state [255, 223, 207, 203, 75, 73, 72, 200, 136, 137, 141, 157, 189, 188, 252, 124, 120, 121, 57, 41, 43, 42, 46, 174, 238, 234], f=90, g=25
[00:00:08:34:775] Expansion 7100000: state [255, 223, 207, 203, 75, 73, 72, 200, 216, 248, 120, 124, 108, 236, 237, 173, 169, 171, 170, 42], f=90, g=19
[00:00:08:41:963] Expansion 7200000: state [255, 223, 207, 203, 75, 73, 72, 200, 216, 248, 120, 122, 58, 42, 43, 171, 187, 185, 153, 137, 141, 173, 45, 44, 108, 236, 238, 174, 190, 188], f=90, g=29
[00:00:08:49:315] Expansion 7300000: state [255, 223, 207, 203, 75, 73, 72, 200, 216, 248, 120, 122, 90, 94, 78, 110, 238, 236, 172, 173, 175, 171, 187, 186, 154, 138], f=90, g=25
[00:00:08:56:550] Expansion 7400000: state [255, 223, 207, 203, 75, 73, 72, 200, 216, 248, 120, 122, 106, 110, 238, 174, 142, 140, 141, 157, 189, 185, 187, 171, 43, 41, 45, 109], f=90, g=27
[00:00:09:03:797] Expansion 7500000: state [255, 223, 207, 203, 75, 73, 72, 200, 216, 248, 120, 121, 57, 185, 189, 188, 190, 158, 154, 138, 170, 168, 40, 44, 46, 110, 238, 236], f=90, g=27
[00:00:09:10:942] Expansion 7600000: state [255, 223, 207, 203, 75, 73, 72, 200, 216, 248, 184, 186, 154, 155, 153, 157, 141, 173, 45, 44, 108, 236, 238, 234, 106, 122, 90, 94, 78], f=90, g=28
[00:00:09:18:165] Expansion 7700000: state [255, 223, 207, 203, 75, 73, 72, 200, 216, 248, 252, 124, 108, 110, 46, 42, 43, 171, 187, 186, 154, 138, 142, 140, 141, 157, 189], f=90, g=26
[00:00:09:25:420] Expansion 7800000: state [255, 223, 207, 203, 75, 73, 72, 200, 216, 248, 252, 188, 190, 158, 154, 155, 153, 137, 141, 173, 237, 109, 108, 44, 40, 41, 43, 171, 170, 234, 238], f=90, g=30
[00:00:09:33:761] Expansion 7900000: state [255, 223, 207, 203, 75, 73, 72, 200, 216, 248, 252, 236, 108, 110, 106, 234, 170, 171, 43, 41, 45, 173, 189, 157, 153, 155, 154], f=90, g=26
[00:00:09:40:644] Expansion 8000000: state [255, 223, 207, 203, 75, 73, 72, 200, 216, 248, 250, 122, 58, 42, 170, 174, 238, 236, 237, 109, 45, 41, 57, 185, 153, 157, 141], f=90, g=26
[00:00:09:48:189] Expansion 8100000: state [255, 223, 207, 203, 75, 73, 72, 200, 216, 248, 250, 122, 106, 110, 108, 44, 45, 41, 169, 168, 170, 174, 190, 188, 189, 157], f=90, g=25
[00:00:09:55:427] Expansion 8200000: state [255, 223, 207, 203, 75, 73, 72, 200, 216, 248, 250, 234, 106, 42, 43, 41, 57, 185, 153, 137, 141, 173, 175, 174, 190, 158, 154], f=90, g=26
[00:00:10:02:684] Expansion 8300000: state [255, 223, 207, 203, 75, 73, 72, 200, 216, 248, 249, 121, 57, 41, 45, 44, 108, 110, 106, 122, 58, 186, 170, 174, 142, 140, 141, 137], f=90, g=27
[00:00:10:09:888] Expansion 8400000: state [255, 223, 207, 203, 75, 73, 72, 200, 216, 248, 249, 185, 169, 173, 45, 44, 46, 110, 106, 234, 170], f=90, g=20
[00:00:10:17:112] Expansion 8500000: state [255, 223, 207, 203, 75, 73, 72, 200, 216, 248, 249, 233, 237, 109, 108, 110, 46, 42, 170, 171, 187, 155, 153, 137, 141, 140, 172, 188, 189], f=90, g=28
[00:00:10:24:362] Expansion 8600000: state [255, 223, 207, 203, 75, 73, 72, 200, 216, 220, 252, 124, 108, 110, 46, 174, 175, 173, 189, 157, 153, 155, 154, 186, 184, 168, 40, 41, 57], f=90, g=28
[00:00:10:31:714] Expansion 8700000: state [255, 223, 207, 203, 75, 73, 72, 200, 216, 220, 252, 124, 108, 109, 45, 173, 175, 171, 170, 42, 58, 122, 90], f=90, g=22
[00:00:10:39:061] Expansion 8800000: state [255, 223, 207, 203, 75, 73, 72, 200, 216, 220, 252, 124, 120, 122, 106, 42, 40, 41, 57, 185, 153, 137, 141, 173, 175, 174, 142, 138, 154, 186], f=90, g=29
[00:00:10:46:486] Expansion 8900000: state [255, 223, 207, 203, 75, 73, 72, 200, 216, 220, 252, 124, 120, 121, 57, 41, 43, 42, 58, 186, 190, 158, 142, 140, 141, 137, 153, 155], f=90, g=27
[00:00:10:53:816] Expansion 9000000: state [255, 223, 207, 203, 75, 73, 72, 200, 216, 220, 252, 188, 172, 140, 142, 138, 154, 186, 250, 122, 106, 42, 40, 41, 57, 121, 249, 233, 237, 109], f=90, g=29
[00:00:11:01:099] Expansion 9100000: state [255, 223, 207, 203, 75, 73, 72, 200, 216, 220, 252, 188, 184, 186, 170, 174, 46, 110, 78, 94, 90, 122, 120, 121, 249, 233, 237, 173, 141, 140], f=90, g=29
[00:00:11:09:851] Expansion 9200000: state [255, 223, 207, 203, 75, 73, 72, 200, 216, 220, 252, 188, 190, 158, 154, 155, 187, 185, 57, 41, 43, 42, 58, 122, 250, 234, 238, 110, 108, 109, 237, 173, 141], f=90, g=32
[00:00:11:17:078] Expansion 9300000: state [255, 223, 207, 203, 75, 73, 72, 200, 216, 220, 252, 188, 189, 157, 153, 137, 169, 233, 237, 109, 108, 110, 106, 42, 58, 186, 154, 158, 142, 140], f=90, g=29
[00:00:11:24:267] Expansion 9400000: state [255, 223, 207, 203, 75, 73, 72, 200, 216, 220, 252, 236, 108, 44, 46, 42, 106, 122, 120, 121, 249, 233, 169, 168, 184, 186], f=90, g=25
[00:00:11:32:098] Expansion 9500000: state [255, 223, 207, 203, 75, 73, 72, 200, 216, 220, 252, 236, 108, 109, 45, 173, 141, 157, 153, 185, 184, 186, 58, 122, 90, 94], f=90, g=25
[00:00:11:39:206] Expansion 9600000: state [255, 223, 207, 203, 75, 73, 72, 200, 216, 220, 252, 236, 238, 174, 46, 44, 40, 41, 43, 171, 187, 155, 154, 158], f=90, g=23
[00:00:11:46:305] Expansion 9700000: state [255, 223, 207, 203, 75, 73, 72, 200, 216, 220, 252, 236, 237, 173, 141, 157, 153, 155, 154, 186, 250, 122, 106, 110, 46, 44, 40], f=90, g=26
[00:00:11:53:357] Expansion 9800000: state [255, 223, 207, 203, 75, 73, 72, 200, 216, 218, 90, 122, 58, 186, 170, 168, 172, 173, 141, 157, 153, 185, 57, 121], f=90, g=23
[00:00:12:00:515] Expansion 9900000: state [255, 223, 207, 203, 75, 73, 72, 200, 216, 218, 90, 122, 106, 234, 170, 186, 190, 188, 189, 157, 141, 137, 169, 233, 249, 121], f=90, g=25
[00:00:12:07:855] Expansion 10000000: state [255, 223, 207, 203, 75, 73, 72, 200, 216, 218, 90, 122, 120, 124, 108, 44, 45, 41, 43, 42, 170, 138, 142, 140, 141, 137, 153, 185], f=90, g=27
[00:00:12:15:246] Expansion 10100000: state [255, 223, 207, 203, 75, 73, 72, 200, 216, 218, 90, 122, 120, 121, 57, 41, 45, 44, 46, 42], f=90, g=19
[00:00:12:22:571] Expansion 10200000: state [255, 223, 207, 203, 75, 73, 72, 200, 216, 218, 90, 94, 78, 110, 46, 42, 58, 186, 187, 155, 153, 137, 141, 173, 237, 233, 249, 121, 57, 41], f=90, g=29
[00:00:12:29:723] Expansion 10300000: state [255, 223, 207, 203, 75, 73, 72, 200, 216, 218, 90, 94, 78, 110, 108, 236, 252, 188, 184, 185, 153, 137, 141, 140, 142, 158], f=90, g=25
[00:00:12:37:045] Expansion 10400000: state [255, 223, 207, 203, 75, 73, 72, 200, 216, 218, 154, 138, 170, 42, 106, 122, 120, 124, 252, 188, 184, 185, 153, 157, 141, 173], f=90, g=25
[00:00:12:44:012] Expansion 10500000: state [255, 223, 207, 203, 75, 73, 72, 200, 216, 218, 154, 138, 142, 174, 46, 42, 43, 171, 187, 185, 249, 233, 237, 109, 108, 124, 120], f=90, g=26
[00:00:12:51:000] Expansion 10600000: state [255, 223, 207, 203, 75, 73, 72, 200, 216, 218, 154, 186, 170, 42, 40, 41, 45, 109, 237, 233, 249, 185, 153, 157, 141, 140, 172, 188, 252, 124, 120], f=90, g=30
[00:00:12:58:135] Expansion 10700000: state [255, 223, 207, 203, 75, 73, 72, 200, 216, 218, 154, 186, 190, 174, 238, 236, 237, 109, 45, 41, 57, 121, 120, 124], f=90, g=23
[00:00:13:05:400] Expansion 10800000: state [255, 223, 207, 203, 75, 73, 72, 200, 216, 218, 154, 158, 142, 140, 141, 157, 153, 185, 169, 41, 45, 44, 108, 236, 238, 234, 170, 42, 58], f=90, g=28
[00:00:13:12:526] Expansion 10900000: state [255, 223, 207, 203, 75, 73, 72, 200, 216, 218, 154, 158, 190, 174, 238, 234, 106, 42, 40, 44, 108, 124, 120, 121, 57, 185, 169, 137, 141, 157], f=90, g=29
[00:00:13:21:631] Expansion 11000000: state [255, 223, 207, 203, 75, 73, 72, 200, 216, 218, 154, 155, 153, 137, 141, 173, 189, 188, 190, 174, 238, 236, 108, 124, 120, 122, 106, 42, 40, 41, 57], f=90, g=30
[00:00:13:28:885] Expansion 11100000: state [255, 223, 207, 203, 75, 73, 72, 200, 216, 218, 154, 155, 153, 157, 189, 188, 252, 236, 238, 174, 46, 42, 40, 168, 169, 233, 249, 121, 120, 122], f=90, g=29
[00:00:13:36:064] Expansion 11200000: state [255, 223, 207, 203, 75, 73, 72, 200, 216, 218, 250, 122, 58, 42, 170, 174, 172, 236, 237, 233, 169, 185, 189, 157], f=90, g=23
[00:00:13:43:247] Expansion 11300000: state [255, 223, 207, 203, 75, 73, 72, 200, 216, 218, 250, 122, 120, 124, 108, 44, 40, 168, 169, 173, 189, 188], f=90, g=21
[00:00:13:50:707] Expansion 11400000: state [255, 223, 207, 203, 75, 73, 72, 200, 216, 218, 250, 122, 120, 121, 249, 233, 169, 41, 43, 42, 46, 110, 108, 109], f=90, g=23
[00:00:13:57:935] Expansion 11500000: state [255, 223, 207, 203, 75, 73, 72, 200, 216, 218, 250, 186, 190, 158, 142, 140, 141, 157, 153, 185, 249, 233, 237, 236, 238, 110, 46, 44, 45], f=90, g=28
[00:00:14:05:286] Expansion 11600000: state [255, 223, 207, 203, 75, 73, 72, 200, 216, 218, 250, 234, 106, 110, 108, 236, 252, 188, 190, 174, 142, 140, 141, 157, 153, 155, 187, 171, 169, 41, 57, 121, 249], f=90, g=32
[00:00:14:12:349] Expansion 11700000: state [255, 223, 207, 203, 75, 73, 72, 200, 216, 217, 153, 137, 169, 41, 57, 121, 120, 122, 106, 234, 170, 186, 190, 158, 142, 140, 172, 236, 237, 109], f=90, g=29
[00:00:14:19:564] Expansion 11800000: state [255, 223, 207, 203, 75, 73, 72, 200, 216, 217, 153, 137, 141, 140, 142, 174, 190, 186, 250, 122, 120, 121, 57, 41, 45, 44, 108, 236], f=90, g=27
[00:00:14:26:835] Expansion 11900000: state [255, 223, 207, 203, 75, 73, 72, 200, 216, 217, 153, 185, 57, 41, 45, 173, 237, 236, 108, 110, 46, 42, 170, 186, 190, 158, 142, 140], f=90, g=27
[00:00:14:34:141] Expansion 12000000: state [255, 223, 207, 203, 75, 73, 72, 200, 216, 217, 153, 185, 169, 171, 43, 42, 46, 174, 190], f=90, g=18
[00:00:14:41:334] Expansion 12100000: state [255, 223, 207, 203, 75, 73, 72, 200, 216, 217, 153, 185, 187, 186, 58, 42, 106, 234, 238, 174, 175, 173], f=90, g=21
[00:00:14:48:520] Expansion 12200000: state [255, 223, 207, 203, 75, 73, 72, 200, 216, 217, 153, 157, 141, 140, 142, 158, 190, 188, 252, 236, 237, 233, 169, 41, 43, 42, 106, 122, 90, 94], f=90, g=29
[00:00:14:55:733] Expansion 12300000: state [255, 223, 207, 203, 75, 73, 72, 200, 216, 217, 153, 157, 189, 173, 237, 236, 252, 124, 120, 122, 106, 110, 46, 174, 190, 186], f=90, g=25
[00:00:15:02:906] Expansion 12400000: state [255, 223, 207, 203, 75, 73, 72, 200, 216, 217, 153, 155, 154, 138, 142, 140, 141, 173, 169, 171, 43, 42, 40, 44, 108, 110, 238], f=90, g=26
[00:00:15:10:062] Expansion 12500000: state [255, 223, 207, 203, 75, 73, 72, 200, 216, 217, 153, 155, 154, 158, 142, 174, 46, 44, 45, 41, 57, 121, 120, 124, 252, 188, 189], f=90, g=26
[00:00:15:17:231] Expansion 12600000: state [255, 223, 207, 203, 75, 73, 72, 200, 216, 217, 153, 155, 187, 186, 170, 138, 142, 140, 141, 173, 45, 109, 108, 124, 120, 122, 90, 94], f=90, g=27
[00:00:15:24:521] Expansion 12700000: state [255, 223, 207, 203, 75, 73, 72, 200, 216, 217, 249, 121, 57, 41, 169, 171, 175, 174, 46, 110, 106, 234, 250, 186, 184, 188, 252, 236, 237], f=90, g=28
[00:00:15:34:172] Expansion 12800000: state [255, 223, 207, 203, 75, 73, 72, 200, 216, 217, 249, 121, 120, 124, 252, 188, 172, 140, 142, 138, 170, 171, 187, 155], f=90, g=23
[00:00:15:41:566] Expansion 12900000: state [255, 223, 207, 203, 75, 73, 72, 200, 216, 217, 249, 121, 120, 122, 106, 42, 170, 168, 169, 41, 45, 109, 237, 236, 252], f=90, g=24
[00:00:15:48:859] Expansion 13000000: state [255, 223, 207, 203, 75, 73, 72, 200, 216, 217, 249, 185, 57, 41, 45, 109, 108, 236, 172, 188, 190, 186, 250, 234, 106], f=90, g=24
[00:00:15:56:024] Expansion 13100000: state [255, 223, 207, 203, 75, 73, 72, 200, 216, 217, 249, 185, 184, 188, 190, 158, 154, 138, 170, 234, 238, 236, 108, 44, 45, 173, 175], f=90, g=26
[00:00:16:03:194] Expansion 13200000: state [255, 223, 207, 203, 75, 73, 72, 200, 216, 217, 249, 185, 187, 171, 170, 138, 142, 140, 172, 188, 252, 124, 108, 109, 45], f=90, g=24
[00:00:16:10:364] Expansion 13300000: state [255, 223, 207, 203, 75, 73, 72, 200, 216, 217, 249, 233, 169, 171, 43, 42, 106, 234, 238, 174, 142, 138, 154, 186, 184, 188, 252, 124, 108], f=90, g=28
[00:00:16:17:456] Expansion 13400000: state [255, 223, 207, 203, 75, 73, 72, 200, 216, 217, 249, 233, 237, 236, 252, 188, 189, 157], f=90, g=17
[00:00:16:24:768] Expansion 13500000: state [255, 223, 207, 203, 75, 73, 72, 200, 204, 140, 172, 168, 170, 171, 187, 185, 57, 121, 120, 124, 108, 109, 237], f=90, g=22
[00:00:16:32:135] Expansion 13600000: state [255, 223, 207, 203, 75, 73, 72, 200, 204, 140, 172, 188, 190, 186, 58, 122, 120, 124, 108, 109, 237, 233, 169, 137, 153, 157], f=90, g=25
[00:00:16:39:445] Expansion 13700000: state [255, 223, 207, 203, 75, 73, 72, 200, 204, 140, 172, 174, 238, 110, 108, 124, 120, 248, 184, 186, 58, 42, 43, 171], f=90, g=23
[00:00:16:46:920] Expansion 13800000: state [255, 223, 207, 203, 75, 73, 72, 200, 204, 140, 172, 173, 237, 109, 108, 110, 78, 94, 90, 122, 58, 42, 40, 41, 57, 185, 153, 155], f=90, g=27
[00:00:16:54:139] Expansion 13900000: state [255, 223, 207, 203, 75, 73, 72, 200, 204, 140, 142, 138, 170, 186, 190, 188, 189, 173, 45, 44, 108, 110, 106], f=90, g=22
[00:00:17:01:308] Expansion 14000000: state [255, 223, 207, 203, 75, 73, 72, 200, 204, 140, 142, 138, 154, 186, 184, 248, 249, 121, 57, 41, 45], f=90, g=20
[00:00:17:08:326] Expansion 14100000: state [255, 223, 207, 203, 75, 73, 72, 200, 204, 140, 142, 138, 154, 155, 187, 171, 169, 41, 45, 109, 108, 110, 78, 94, 90, 122, 250, 248, 249], f=90, g=28
[00:00:17:15:485] Expansion 14200000: state [255, 223, 207, 203, 75, 73, 72, 200, 204, 140, 142, 174, 46, 110, 108, 109, 45, 41, 43, 171, 187, 186, 250, 122], f=90, g=23
[00:00:17:22:651] Expansion 14300000: state [255, 223, 207, 203, 75, 73, 72, 200, 204, 140, 142, 174, 238, 110, 78, 94, 90, 122, 120, 124, 252, 188, 189, 173], f=90, g=23
[00:00:17:29:952] Expansion 14400000: state [255, 223, 207, 203, 75, 73, 72, 200, 204, 140, 142, 174, 190, 186, 58, 122, 90, 94, 78, 110, 108, 124, 252, 248, 249, 233, 169, 168], f=90, g=27
[00:00:17:37:346] Expansion 14500000: state [255, 223, 207, 203, 75, 73, 72, 200, 204, 140, 142, 174, 175, 171, 169, 41, 45, 109, 108, 110, 78, 94, 90, 122, 250, 248, 249, 217, 153, 157, 189], f=90, g=30
[00:00:17:44:744] Expansion 14600000: state [255, 223, 207, 203, 75, 73, 72, 200, 204, 140, 142, 158, 154, 218, 90, 94, 78, 110, 106, 42, 40, 168, 169, 185, 249, 248, 120, 124], f=90, g=27
[00:00:17:52:011] Expansion 14700000: state [255, 223, 207, 203, 75, 73, 72, 200, 204, 140, 142, 158, 154, 186, 184, 188, 189, 157, 153, 217, 249, 233, 169, 171, 43, 42, 46, 44, 108, 109], f=90, g=29
[00:00:17:59:299] Expansion 14800000: state [255, 223, 207, 203, 75, 73, 72, 200, 204, 140, 142, 158, 154, 155, 153, 157, 189, 188, 252, 124, 108, 110, 238, 234, 170, 42, 58, 122, 90, 94], f=90, g=29
[00:00:18:06:553] Expansion 14900000: state [255, 223, 207, 203, 75, 73, 72, 200, 204, 140, 142, 158, 190, 186, 187, 171, 43, 42, 106, 122, 120, 248, 249, 217], f=90, g=23
[00:00:18:13:826] Expansion 15000000: state [255, 223, 207, 203, 75, 73, 72, 200, 204, 140, 142, 158, 190, 188, 189, 173, 237, 233, 249, 217, 153, 155, 187, 171, 170, 234, 250, 122, 120, 124, 108, 110], f=90, g=31
[00:00:18:21:109] Expansion 15100000: state [255, 223, 207, 203, 75, 73, 72, 200, 204, 140, 141, 137, 153, 217, 249, 121, 57, 41, 45, 109, 108, 110, 78, 94, 90, 218, 154, 186, 190, 188, 252], f=90, g=30
[00:00:18:28:413] Expansion 15200000: state [255, 223, 207, 203, 75, 73, 72, 200, 204, 140, 141, 137, 153, 185, 189, 188, 252, 248, 250, 122, 58, 42, 46, 110, 78], f=90, g=24
[00:00:18:35:621] Expansion 15300000: state [255, 223, 207, 203, 75, 73, 72, 200, 204, 140, 141, 173, 45, 41, 40, 42, 58, 122, 90, 218, 154, 155, 187, 185, 184], f=90, g=24
[00:00:18:42:944] Expansion 15400000: state [255, 223, 207, 203, 75, 73, 72, 200, 204, 140, 141, 173, 169, 41, 40, 44, 108, 124, 252, 188, 190, 158, 154, 138, 170, 234, 106], f=90, g=26
[00:00:18:50:277] Expansion 15500000: state [255, 223, 207, 203, 75, 73, 72, 200, 204, 140, 141, 173, 237, 109, 108, 124, 252, 248, 184, 186, 58, 42, 43, 41], f=90, g=23
[00:00:19:00:491] Expansion 15600000: state [255, 223, 207, 203, 75, 73, 72, 200, 204, 140, 141, 173, 189, 188, 184, 168, 170, 42, 58, 122, 90, 218, 154, 155, 153, 217, 249, 233], f=90, g=27
[00:00:19:07:779] Expansion 15700000: state [255, 223, 207, 203, 75, 73, 72, 200, 204, 140, 141, 157, 153, 217, 249, 121, 57, 41, 40, 44, 46, 110, 78, 94, 90, 122, 58, 186, 184], f=90, g=28
[00:00:19:15:191] Expansion 15800000: state [255, 223, 207, 203, 75, 73, 72, 200, 204, 140, 141, 157, 153, 185, 169, 41, 45, 44, 108, 110, 238, 234, 170, 186, 154, 218, 90, 122], f=90, g=27
[00:00:19:22:488] Expansion 15900000: state [255, 223, 207, 203, 75, 73, 72, 200, 204, 140, 141, 157, 153, 155, 154, 218, 250, 248, 252, 188, 190, 174, 238, 110, 108, 109, 45, 41], f=90, g=27
[00:00:19:29:847] Expansion 16000000: state [255, 223, 207, 203, 75, 73, 72, 200, 204, 140, 141, 157, 189, 185, 169, 41, 45, 109, 108, 124, 120, 248, 250, 234, 106, 42, 46], f=90, g=26
[00:00:19:37:281] Expansion 16100000: state [255, 223, 207, 203, 75, 73, 72, 200, 204, 140, 141, 157, 189, 188, 252, 248, 120, 122, 90, 218, 154, 186, 170, 168, 169, 41, 45, 44], f=90, g=27
[00:00:19:44:696] Expansion 16200000: state [255, 223, 207, 203, 75, 73, 72, 200, 204, 236, 108, 44, 40, 42, 58, 122, 250, 248, 184, 188, 190, 174, 175, 173, 169, 137, 153, 155, 154, 138], f=90, g=29
[00:00:19:51:982] Expansion 16300000: state [255, 223, 207, 203, 75, 73, 72, 200, 204, 236, 108, 44, 45, 41, 43, 42, 106, 122, 90, 218, 154, 186, 190, 188, 189, 157, 153], f=90, g=26
[00:00:19:59:403] Expansion 16400000: state [255, 223, 207, 203, 75, 73, 72, 200, 204, 236, 108, 124, 120, 122, 250, 218, 154, 158, 142, 174, 175, 173, 189, 185, 57, 41, 43], f=90, g=26
[00:00:20:06:728] Expansion 16500000: state [255, 223, 207, 203, 75, 73, 72, 200, 204, 236, 108, 110, 78, 94, 90, 218, 154, 186, 170, 168, 40, 41, 45, 173, 189, 157, 153, 217], f=90, g=27
[00:00:20:14:201] Expansion 16600000: state [255, 223, 207, 203, 75, 73, 72, 200, 204, 236, 108, 110, 106, 234, 250, 248, 249, 185, 187, 155, 154, 158, 142, 174], f=90, g=23
[00:00:20:21:731] Expansion 16700000: state [255, 223, 207, 203, 75, 73, 72, 200, 204, 236, 108, 109, 45, 173, 169, 233, 249, 121, 120, 122, 106, 42, 46, 174, 190, 188], f=90, g=25
[00:00:20:29:066] Expansion 16800000: state [255, 223, 207, 203, 75, 73, 72, 200, 204, 236, 172, 188, 189, 157, 153, 217, 249, 233, 169, 171, 43, 42, 106, 234, 250, 218, 90, 94], f=90, g=27
[00:00:20:36:350] Expansion 16900000: state [255, 223, 207, 203, 75, 73, 72, 200, 204, 236, 252, 124, 120, 122, 90, 218, 154, 158, 142, 174, 170, 42, 43, 41, 169, 185, 187], f=90, g=26
[00:00:20:43:754] Expansion 17000000: state [255, 223, 207, 203, 75, 73, 72, 200, 204, 236, 252, 188, 184, 168, 40, 42, 106, 122, 250, 218, 154, 138, 142, 174, 175, 173, 141, 157, 153, 217, 249, 121], f=90, g=31
[00:00:20:50:997] Expansion 17100000: state [255, 223, 207, 203, 75, 73, 72, 200, 204, 236, 252, 188, 189, 157, 141, 137, 169, 168, 40, 44, 46, 174, 142, 158, 154, 218, 90, 122, 120, 121, 249], f=90, g=30
[00:00:20:58:250] Expansion 17200000: state [255, 223, 207, 203, 75, 73, 72, 200, 204, 236, 252, 248, 184, 186, 58, 122, 106, 110, 46, 44, 40, 41, 43, 171, 175, 173, 141, 157, 153], f=90, g=28
[00:00:21:05:491] Expansion 17300000: state [255, 223, 207, 203, 75, 73, 72, 200, 204, 236, 238, 110, 46, 42, 170, 138, 154, 218, 90, 122, 120, 121, 249, 217, 153, 137, 169, 173, 189], f=90, g=28
[00:00:21:12:828] Expansion 17400000: state [255, 223, 207, 203, 75, 73, 72, 200, 204, 236, 238, 110, 106, 42, 170, 138, 142, 158, 190, 188, 189, 173, 45, 41, 57, 121, 249, 217, 153, 137], f=90, g=29
[00:00:21:20:060] Expansion 17500000: state [255, 223, 207, 203, 75, 73, 72, 200, 204, 236, 238, 174, 170, 186, 58, 122, 120, 248, 249, 233, 169, 41, 57], f=90, g=22
[00:00:21:27:409] Expansion 17600000: state [255, 223, 207, 203, 75, 73, 72, 200, 204, 236, 237, 109, 45, 41, 40, 42, 106, 122, 90, 218, 154, 155, 187, 185, 184, 188, 190, 174, 175], f=90, g=28
[00:00:21:34:817] Expansion 17700000: state [255, 223, 207, 203, 75, 73, 72, 200, 204, 236, 237, 109, 45, 44, 46, 110, 106, 234, 250, 248, 120, 121, 57, 185, 187, 155, 154, 138, 142], f=90, g=28
[00:00:21:42:130] Expansion 17800000: state [255, 223, 207, 203, 75, 73, 72, 200, 204, 236, 237, 173, 169, 137, 153, 217, 249, 248, 184, 186, 170, 138], f=90, g=21
[00:00:21:49:471] Expansion 17900000: state [255, 223, 207, 203, 75, 73, 72, 200, 204, 236, 237, 233, 169, 171, 43, 42, 46, 174, 142, 138, 154, 155, 153, 157, 189, 188, 184, 248, 120, 124], f=90, g=29
[00:00:21:56:762] Expansion 18000000: state [255, 223, 207, 203, 75, 73, 72, 200, 204, 220, 252, 124, 108, 44, 45, 41, 57, 185, 184, 168, 170, 42, 58, 122, 90, 218, 154, 155], f=90, g=27
[00:00:22:05:423] Expansion 18100000: state [255, 223, 207, 203, 75, 73, 72, 200, 204, 220, 252, 124, 108, 110, 106, 122, 250, 186, 184, 185, 153, 157, 141, 173, 172, 174, 142, 138], f=90, g=27
[00:00:22:12:686] Expansion 18200000: state [255, 223, 207, 203, 75, 73, 72, 200, 204, 220, 252, 124, 108, 109, 237, 233, 249, 121, 57, 41, 43, 42, 170, 138, 154, 218, 90, 122], f=90, g=27
[00:00:22:20:046] Expansion 18300000: state [255, 223, 207, 203, 75, 73, 72, 200, 204, 220, 252, 124, 120, 122, 106, 234, 238, 174, 142, 138, 154, 155, 153, 185, 189, 173, 45, 44, 40, 168], f=90, g=29
[00:00:22:27:385] Expansion 18400000: state [255, 223, 207, 203, 75, 73, 72, 200, 204, 220, 252, 124, 120, 121, 57, 185, 184, 186, 58, 42, 46, 44, 45, 173, 175], f=90, g=24
[00:00:22:34:572] Expansion 18500000: state [255, 223, 207, 203, 75, 73, 72, 200, 204, 220, 252, 124, 120, 121, 249, 233, 237, 173, 141, 137, 153, 155, 187, 186, 250, 234, 106, 110, 78, 94], f=90, g=29
[00:00:22:41:725] Expansion 18600000: state [255, 223, 207, 203, 75, 73, 72, 200, 204, 220, 252, 188, 172, 173, 45, 109, 108, 110, 106, 122, 250, 218, 154, 138, 170, 171, 187, 185, 249], f=90, g=28
[00:00:22:48:940] Expansion 18700000: state [255, 223, 207, 203, 75, 73, 72, 200, 204, 220, 252, 188, 184, 186, 250, 122, 106, 110, 108, 109, 45, 173, 141, 157, 153], f=90, g=24
[00:00:22:59:829] Expansion 18800000: state [255, 223, 207, 203, 75, 73, 72, 200, 204, 220, 252, 188, 190, 158, 154, 218, 90, 94, 78, 110, 108, 44, 45, 41, 169, 185, 153, 217], f=90, g=27
[00:00:23:06:999] Expansion 18900000: state [255, 223, 207, 203, 75, 73, 72, 200, 204, 220, 252, 188, 190, 174, 238, 234, 106, 122, 120, 121, 249, 185, 153, 157, 141, 173, 237, 109, 108, 44], f=90, g=29
[00:00:23:14:319] Expansion 19000000: state [255, 223, 207, 203, 75, 73, 72, 200, 204, 220, 252, 188, 189, 157, 153, 217, 249, 233, 169, 41, 45, 109, 108, 110, 78, 94, 90, 218, 250, 186, 170, 174], f=90, g=31
[00:00:23:21:475] Expansion 19100000: state [255, 223, 207, 203, 75, 73, 72, 200, 204, 220, 252, 188, 189, 173, 175, 174, 170, 138, 154, 155, 153, 217, 249, 121, 57, 41, 40, 44, 108, 109], f=90, g=29
[00:00:23:28:697] Expansion 19200000: state [255, 223, 207, 203, 75, 73, 72, 200, 204, 220, 252, 248, 120, 122, 90, 94, 78, 110, 108, 109, 45, 41, 169, 185, 153, 155, 154, 138, 170, 234], f=90, g=29
[00:00:23:35:983] Expansion 19300000: state [255, 223, 207, 203, 75, 73, 72, 200, 204, 220, 252, 248, 184, 168, 40, 41, 45], f=90, g=16
[00:00:23:43:206] Expansion 19400000: state [255, 223, 207, 203, 75, 73, 72, 200, 204, 220, 252, 248, 250, 122, 106, 42, 43, 41, 45, 173, 141, 137, 153], f=90, g=22
[00:00:23:50:487] Expansion 19500000: state [255, 223, 207, 203, 75, 73, 72, 200, 204, 220, 252, 248, 249, 121, 57, 41, 40, 42, 170, 174, 190, 158, 154, 218, 90, 94, 78, 110, 108, 109, 237, 173], f=90, g=31
[00:00:23:57:752] Expansion 19600000: state [255, 223, 207, 203, 75, 73, 72, 200, 204, 220, 252, 248, 249, 217, 153, 137, 141, 173, 45, 41, 43, 171, 187, 186, 190, 174, 238, 110, 106], f=90, g=28
[00:00:24:04:942] Expansion 19700000: state [255, 223, 207, 203, 75, 73, 72, 76, 204, 140, 136, 168, 40, 44, 46, 174, 175, 173, 189, 157, 153, 217, 249, 121, 120, 124, 252], f=90, g=26
[00:00:24:12:140] Expansion 19800000: state [255, 223, 207, 203, 75, 73, 72, 76, 204, 140, 136, 168, 184, 185, 189, 173, 45, 44, 46, 42, 106, 122, 90], f=90, g=22
[00:00:24:19:001] Expansion 19900000: state [255, 223, 207, 203, 75, 73, 72, 76, 204, 140, 136, 138, 170, 174, 175, 173, 189, 188, 252, 124, 120, 121, 57, 41, 40, 44], f=90, g=25
[00:00:24:25:912] Expansion 20000000: state [255, 223, 207, 203, 75, 73, 72, 76, 204, 140, 136, 138, 154, 158, 190, 174, 238, 234, 250, 122, 120, 121, 249, 233, 169, 173, 189, 157, 153], f=90, g=28
[00:00:24:33:097] Expansion 20100000: state [255, 223, 207, 203, 75, 73, 72, 76, 204, 140, 136, 137, 169, 171, 187, 155, 154, 158, 190, 188, 252, 248, 120, 122, 58, 42, 46, 110, 238], f=90, g=28
[00:00:24:40:374] Expansion 20200000: state [255, 223, 207, 203, 75, 73, 72, 76, 204, 140, 136, 137, 153, 157, 189, 188, 252, 248, 249, 121, 57, 41, 40, 42, 58, 186, 154, 218, 90, 94], f=90, g=29
[00:00:24:47:692] Expansion 20300000: state [255, 223, 207, 203, 75, 73, 72, 76, 204, 140, 172, 44, 45, 109, 237, 233, 169, 137, 153, 155, 154, 218, 216, 248, 120, 122, 106, 42, 170], f=90, g=28
[00:00:24:54:978] Expansion 20400000: state [255, 223, 207, 203, 75, 73, 72, 76, 204, 140, 172, 174, 170, 42, 58, 122, 250, 218, 154, 155, 153, 185, 169, 41, 45, 109, 237], f=90, g=26
[00:00:25:02:211] Expansion 20500000: state [255, 223, 207, 203, 75, 73, 72, 76, 204, 140, 142, 138, 170, 186, 184, 248, 216, 218, 90, 122, 106, 110, 46, 44, 45, 173, 175], f=90, g=26
[00:00:25:09:309] Expansion 20600000: state [255, 223, 207, 203, 75, 73, 72, 76, 204, 140, 142, 174, 46, 42, 40, 41, 45, 173, 189, 157, 153, 155, 154, 186, 184, 248, 120, 124], f=90, g=27
[00:00:25:16:433] Expansion 20700000: state [255, 223, 207, 203, 75, 73, 72, 76, 204, 140, 142, 174, 238, 110, 106, 42, 43, 171, 169, 173, 189, 188, 252, 248, 120], f=90, g=24
[00:00:25:23:748] Expansion 20800000: state [255, 223, 207, 203, 75, 73, 72, 76, 204, 140, 142, 174, 175, 173, 169, 137, 153, 217, 216, 248, 250, 186, 58, 42, 106], f=90, g=24
[00:00:25:30:976] Expansion 20900000: state [255, 223, 207, 203, 75, 73, 72, 76, 204, 140, 142, 158, 154, 155, 153, 185, 189, 188, 252, 124, 120, 122, 250, 234, 170, 42, 46, 44, 45, 41], f=90, g=29
[00:00:25:38:186] Expansion 21000000: state [255, 223, 207, 203, 75, 73, 72, 76, 204, 140, 142, 158, 190, 188, 189, 185, 57, 41, 45, 44, 46, 42, 58, 122], f=90, g=23
[00:00:25:45:417] Expansion 21100000: state [255, 223, 207, 203, 75, 73, 72, 76, 204, 140, 141, 137, 153, 155, 154, 138, 170, 42, 58, 122, 250, 248, 249, 121, 57, 41, 45], f=90, g=26
[00:00:25:52:624] Expansion 21200000: state [255, 223, 207, 203, 75, 73, 72, 76, 204, 140, 141, 173, 169, 41, 57, 121, 249, 248, 252, 188, 190, 174, 238], f=90, g=22
[00:00:25:59:847] Expansion 21300000: state [255, 223, 207, 203, 75, 73, 72, 76, 204, 140, 141, 173, 175, 171, 187, 186, 154, 218, 216, 217, 249, 121, 57, 41, 40], f=90, g=24
[00:00:26:07:034] Expansion 21400000: state [255, 223, 207, 203, 75, 73, 72, 76, 204, 140, 141, 157, 153, 155, 154, 138, 170, 234, 106, 110, 46, 44, 45, 41, 57, 121, 120, 248, 184, 188, 190], f=90, g=30
