--------------------------
date: cubes
number_of_graphs: 1
graph_type: cube
size_of_graphs: [8, 8]
heuristic: heuristic0
snake: True
run_uni: True
run_bi: False
run_multi: False
cube_first_dims: 8
cube_buffer_dim: 3
backward_sym_generation: False

---------- cubes/8d_cube ----------
[00:00:00:06:578] Expansion 100000: state [255, 223, 219, 91, 75, 73, 72, 200, 136, 168, 40, 44, 108, 109, 237, 233, 249, 248, 252, 220, 92, 28, 24, 26, 58, 186, 190, 174, 238, 234], f=97, g=29
[00:00:00:13:226] Expansion 200000: state [255, 223, 219, 91, 75, 73, 72, 200, 136, 168, 40, 44, 46, 110, 238, 234, 235, 171, 175, 173, 141, 157, 156, 158, 154, 26, 58, 122, 120, 124, 92, 93], f=97, g=31
[00:00:00:19:878] Expansion 300000: state [255, 223, 219, 91, 75, 73, 72, 200, 136, 168, 40, 42, 10, 26, 154, 186, 250, 234, 238, 110, 108], f=97, g=20
[00:00:00:26:531] Expansion 400000: state [255, 223, 219, 91, 75, 73, 72, 200, 136, 168, 40, 42, 106, 110, 108, 109, 237, 173, 175, 174, 190, 186, 250, 248, 252, 220, 156], f=97, g=26
[00:00:00:33:248] Expansion 500000: state [255, 223, 219, 91, 75, 73, 72, 200, 136, 168, 40, 42, 46, 174, 142, 158, 156, 157, 189, 173, 237, 233, 235, 234, 250, 248, 120, 124, 60], f=97, g=28
[00:00:00:39:946] Expansion 600000: state [255, 223, 219, 91, 75, 73, 72, 200, 136, 168, 184, 248, 120, 124, 60, 28, 156, 158, 154, 26, 10, 42, 43, 171, 235, 234, 238, 174], f=97, g=27
[00:00:00:46:581] Expansion 700000: state [255, 223, 219, 91, 75, 73, 72, 200, 136, 168, 184, 248, 252, 236, 108, 44, 46, 174, 142, 206, 78, 94, 92, 28, 24, 26, 58, 122], f=97, g=27
[00:00:00:53:177] Expansion 800000: state [255, 223, 219, 91, 75, 73, 72, 200, 136, 168, 184, 248, 249, 233, 235, 171, 175, 173, 45, 44, 60, 124, 92, 220, 156, 158, 142], f=97, g=26
[00:00:00:59:786] Expansion 900000: state [255, 223, 219, 91, 75, 73, 72, 200, 136, 168, 184, 188, 189, 157, 141, 205, 237, 236, 108, 124, 92, 28, 24, 26, 10, 42, 106, 234, 235, 171, 139], f=97, g=30
[00:00:01:06:454] Expansion 1000000: state [255, 223, 219, 91, 75, 73, 72, 200, 136, 168, 184, 186, 250, 122, 106, 42, 46, 44, 108, 236, 252, 220, 156, 28, 24, 26], f=97, g=25
[00:00:01:13:062] Expansion 1100000: state [255, 223, 219, 91, 75, 73, 72, 200, 136, 168, 172, 44, 12, 28, 156, 158, 142, 206, 78, 110, 106, 42, 10], f=97, g=22
[00:00:01:20:219] Expansion 1200000: state [255, 223, 219, 91, 75, 73, 72, 200, 136, 168, 172, 188, 156, 158, 142, 206, 78, 94, 92, 93], f=97, g=19
[00:00:01:27:412] Expansion 1300000: state [255, 223, 219, 91, 75, 73, 72, 200, 136, 168, 172, 173, 141, 157, 156, 28, 92, 124, 252, 248, 250, 122, 106, 42, 46], f=97, g=24
[00:00:01:34:686] Expansion 1400000: state [255, 223, 219, 91, 75, 73, 72, 200, 136, 168, 170, 42, 58, 122, 250, 248, 249, 233, 237, 236, 238, 110, 78, 94, 92, 28, 60, 188, 190, 158, 142], f=97, g=30
[00:00:01:41:815] Expansion 1500000: state [255, 223, 219, 91, 75, 73, 72, 200, 136, 168, 170, 174, 46, 44, 108, 124, 252, 248, 250, 122, 58, 26, 154, 158, 156, 157, 141, 205, 237, 233, 235], f=97, g=30
[00:00:01:49:047] Expansion 1600000: state [255, 223, 219, 91, 75, 73, 72, 200, 136, 168, 169, 233, 249, 248, 120, 122, 58, 186, 154, 158, 156, 220, 92, 94, 78, 206, 238, 236, 108], f=97, g=28
[00:00:01:56:145] Expansion 1700000: state [255, 223, 219, 91, 75, 73, 72, 200, 136, 168, 169, 233, 237, 236, 252, 124, 60, 44, 46, 42, 10, 26, 154, 186, 190], f=97, g=24
[00:00:02:03:501] Expansion 1800000: state [255, 223, 219, 91, 75, 73, 72, 200, 136, 168, 169, 173, 141, 157, 156, 28, 60, 44, 46, 110, 78], f=97, g=20
[00:00:02:10:780] Expansion 1900000: state [255, 223, 219, 91, 75, 73, 72, 200, 136, 168, 169, 173, 175, 174, 142, 158, 156, 28, 24, 26, 10, 42, 106, 234, 250, 248, 252, 124, 108, 44], f=97, g=29
[00:00:02:18:108] Expansion 2000000: state [255, 223, 219, 91, 75, 73, 72, 200, 136, 168, 169, 171, 235, 234, 250, 186, 154, 158, 142, 206, 78, 110, 108, 124, 60, 28], f=97, g=25
[00:00:02:25:197] Expansion 2100000: state [255, 223, 219, 91, 75, 73, 72, 200, 136, 168, 169, 171, 175, 174, 238, 234, 106, 42, 58, 186, 154, 158, 156, 28, 60, 44, 45], f=97, g=26
[00:00:02:32:215] Expansion 2200000: state [255, 223, 219, 91, 75, 73, 72, 200, 136, 152, 24, 28, 92, 220, 252, 188, 190, 186, 250, 234, 106, 110, 46, 44, 45, 173, 169, 171, 43], f=97, g=28
[00:00:02:39:204] Expansion 2300000: state [255, 223, 219, 91, 75, 73, 72, 200, 136, 152, 24, 28, 92, 124, 120, 122, 250, 234, 235, 233, 237, 109, 45, 44, 46, 174, 190, 158], f=97, g=27
[00:00:02:46:328] Expansion 2400000: state [255, 223, 219, 91, 75, 73, 72, 200, 136, 152, 24, 28, 92, 94, 78, 110, 238, 236, 252, 188, 189, 173, 175, 171, 187, 186, 58], f=97, g=26
[00:00:02:53:227] Expansion 2500000: state [255, 223, 219, 91, 75, 73, 72, 200, 136, 152, 24, 26, 10, 42, 40, 44, 172, 173, 175, 171, 235, 234, 250, 122, 120, 124, 92, 94, 78, 110], f=97, g=29
[00:00:03:00:154] Expansion 2600000: state [255, 223, 219, 91, 75, 73, 72, 200, 136, 152, 24, 26, 10, 42, 46, 110, 108, 109, 237, 233, 249, 248, 252, 188, 190, 158, 142], f=97, g=26
[00:00:03:07:094] Expansion 2700000: state [255, 223, 219, 91, 75, 73, 72, 200, 136, 152, 24, 26, 58, 186, 170, 174, 46, 44, 45, 109, 237, 233, 249, 248, 252, 124], f=97, g=25
[00:00:03:13:999] Expansion 2800000: state [255, 223, 219, 91, 75, 73, 72, 200, 136, 152, 24, 26, 58, 122, 250, 248, 252, 188, 172, 174, 175, 171, 169, 233], f=97, g=23
[00:00:03:21:165] Expansion 2900000: state [255, 223, 219, 91, 75, 73, 72, 200, 136, 152, 184, 248, 249, 233, 235, 171, 170, 42, 40, 44, 12, 28, 92, 94, 78, 206], f=97, g=25
[00:00:03:28:400] Expansion 3000000: state [255, 223, 219, 91, 75, 73, 72, 200, 136, 152, 184, 186, 58, 122, 120, 124, 60, 44, 46, 174, 238, 236, 237, 233, 235, 171, 139], f=97, g=26
[00:00:03:35:501] Expansion 3100000: state [255, 223, 219, 91, 75, 73, 72, 200, 136, 152, 156, 28, 92, 124, 108, 44, 40, 42, 106, 122, 250, 186, 187, 171, 175, 173, 237, 205], f=97, g=27
[00:00:03:42:783] Expansion 3200000: state [255, 223, 219, 91, 75, 73, 72, 200, 136, 152, 156, 28, 60, 124, 108, 236, 172, 173, 169, 233, 235, 234, 250, 186, 58, 42, 46], f=97, g=26
[00:00:03:50:320] Expansion 3300000: state [255, 223, 219, 91, 75, 73, 72, 200, 136, 152, 156, 220, 252, 124, 108, 44, 46, 42, 58, 186, 187, 171, 235, 233, 237, 173, 189], f=97, g=26
[00:00:03:57:473] Expansion 3400000: state [255, 223, 219, 91, 75, 73, 72, 200, 136, 152, 156, 188, 252, 124, 120, 122, 250, 186, 187, 171, 175, 174, 46, 44, 45, 109, 237, 205], f=97, g=27
[00:00:04:04:744] Expansion 3500000: state [255, 223, 219, 91, 75, 73, 72, 200, 136, 152, 156, 158, 142, 206, 238, 110, 108, 109, 45, 173, 175, 171, 170, 186, 250, 248], f=97, g=25
[00:00:04:12:379] Expansion 3600000: state [255, 223, 219, 91, 75, 73, 72, 200, 136, 152, 156, 158, 190, 186, 187, 171, 175, 173, 172, 236, 108, 110, 106, 122], f=97, g=23
[00:00:04:19:661] Expansion 3700000: state [255, 223, 219, 91, 75, 73, 72, 200, 136, 152, 156, 157, 189, 173, 45, 44, 108, 110, 106, 122, 58, 186, 170, 171, 235, 233, 249], f=97, g=26
[00:00:04:26:882] Expansion 3800000: state [255, 223, 219, 91, 75, 73, 72, 200, 136, 152, 154, 26, 10, 42, 106, 122, 120, 124, 108, 44, 172, 174, 175, 171, 235, 233], f=97, g=25
[00:00:04:33:977] Expansion 3900000: state [255, 223, 219, 91, 75, 73, 72, 200, 136, 152, 154, 26, 58, 42, 46, 174, 190, 188, 189, 173, 169, 171, 235], f=97, g=22
[00:00:04:40:917] Expansion 4000000: state [255, 223, 219, 91, 75, 73, 72, 200, 136, 152, 154, 186, 58, 42, 40, 44, 12, 28, 92, 124, 252, 236, 237, 173, 141], f=97, g=24
[00:00:04:47:997] Expansion 4100000: state [255, 223, 219, 91, 75, 73, 72, 200, 136, 152, 154, 186, 250, 122, 106, 42, 43, 171, 175, 173, 172, 236, 238, 206, 78, 94, 92, 220], f=97, g=27
[00:00:04:55:621] Expansion 4200000: state [255, 223, 219, 91, 75, 73, 72, 200, 136, 152, 154, 186, 187, 171, 43, 42, 46, 174, 238, 236, 108, 124, 120, 248, 249, 233], f=97, g=25
[00:00:05:02:913] Expansion 4300000: state [255, 223, 219, 91, 75, 73, 72, 200, 136, 152, 154, 158, 142, 206, 238, 110, 108, 44, 172, 188, 189, 157, 141, 205, 237, 233, 249, 248, 250, 122, 58, 42, 170, 171, 187], f=97, g=34
