--------------------------
date: cubes
number_of_graphs: 1
graph_type: cube
size_of_graphs: [8, 8]
heuristic: heuristic0
snake: True
run_uni: True
run_bi: False
run_multi: False
cube_first_dims: 8
cube_buffer_dim: 3
backward_sym_generation: False

---------- cubes/8d_cube ----------
[00:00:00:06:344] Expansion 100000: state [255, 223, 207, 203, 75, 73, 72, 200, 136, 168, 40, 42, 106, 110, 108, 236, 252, 220, 92, 94, 90, 218, 250, 186, 190, 174, 175, 173, 141, 157, 153, 25], f=95, g=31
[00:00:00:13:106] Expansion 200000: state [255, 223, 207, 203, 75, 73, 72, 200, 136, 168, 40, 42, 58, 122, 90, 94, 78, 110, 238, 236, 237, 173, 175, 171, 187, 155, 153, 25, 57, 121, 249], f=95, g=30
[00:00:00:19:551] Expansion 300000: state [255, 223, 207, 203, 75, 73, 72, 200, 136, 168, 40, 42, 46, 110, 108, 109, 237, 233, 249, 217, 153, 157, 156, 220, 92, 94, 90, 218, 154, 186], f=95, g=29
[00:00:00:26:030] Expansion 400000: state [255, 223, 207, 203, 75, 73, 72, 200, 136, 168, 40, 41, 57, 25, 24, 26, 154, 186, 187, 171, 175, 173, 237, 109, 108, 110, 78, 94, 92, 220, 156, 157], f=95, g=31
[00:00:00:32:983] Expansion 500000: state [255, 223, 207, 203, 75, 73, 72, 200, 136, 168, 40, 41, 57, 185, 249, 233, 237, 173, 141, 157, 156, 220, 92, 124, 108, 110, 106, 234, 250, 218, 154, 155], f=95, g=31
[00:00:00:39:949] Expansion 600000: state [255, 223, 207, 203, 75, 73, 72, 200, 136, 168, 40, 41, 57, 121, 249, 233, 237, 173, 141, 157, 156, 158, 142, 174, 238, 234, 250, 122], f=95, g=27
[00:00:00:46:851] Expansion 700000: state [255, 223, 207, 203, 75, 73, 72, 200, 136, 168, 40, 41, 45, 173, 175, 171, 187, 186, 58, 122, 90, 94, 78, 110, 108, 236, 252, 220, 156, 157, 153, 217], f=95, g=31
[00:00:00:53:752] Expansion 800000: state [255, 223, 207, 203, 75, 73, 72, 200, 136, 168, 40, 41, 43, 171, 187, 155, 153, 157, 189, 188, 252, 124, 108], f=95, g=22
[00:00:01:00:812] Expansion 900000: state [255, 223, 207, 203, 75, 73, 72, 200, 136, 168, 40, 41, 43, 171, 175, 174, 238, 110, 106, 122, 90, 94, 92, 220, 156, 157, 189, 185, 249, 233], f=95, g=29
[00:00:01:07:753] Expansion 1000000: state [255, 223, 207, 203, 75, 73, 72, 200, 136, 168, 184, 188, 156, 158, 154, 155, 153, 217, 249, 121, 57, 41, 43, 171, 175, 173, 237, 236, 108, 110, 78, 94], f=95, g=31
[00:00:01:14:752] Expansion 1100000: state [255, 223, 207, 203, 75, 73, 72, 200, 136, 168, 184, 188, 190, 174, 46, 110, 106, 122, 58, 26, 24, 25, 57, 41], f=95, g=23
[00:00:01:21:668] Expansion 1200000: state [255, 223, 207, 203, 75, 73, 72, 200, 136, 168, 184, 186, 154, 158, 142, 174, 46, 42, 106, 234], f=95, g=19
[00:00:01:28:705] Expansion 1300000: state [255, 223, 207, 203, 75, 73, 72, 200, 136, 168, 184, 186, 187, 171, 175, 173, 237, 109, 108, 110, 78, 94, 92, 220, 156, 157, 153, 217, 249, 121, 57], f=95, g=30
[00:00:01:35:600] Expansion 1400000: state [255, 223, 207, 203, 75, 73, 72, 200, 136, 168, 184, 185, 189, 173, 175, 171, 43, 42, 106, 234, 238, 236, 252, 220, 92, 94, 90, 26, 154], f=95, g=28
[00:00:01:42:890] Expansion 1500000: state [255, 223, 207, 203, 75, 73, 72, 200, 136, 168, 172, 188, 60, 124, 108, 110, 106, 122, 250, 186, 154, 26, 24, 25, 153, 217], f=95, g=25
[00:00:01:50:107] Expansion 1600000: state [255, 223, 207, 203, 75, 73, 72, 200, 136, 168, 172, 174, 46, 110, 108, 109, 45, 41, 43, 171, 187, 186, 58, 26, 24], f=95, g=24
[00:00:01:56:981] Expansion 1700000: state [255, 223, 207, 203, 75, 73, 72, 200, 136, 168, 172, 173, 45, 41, 43, 42, 106, 110, 108, 124, 92, 94, 90, 26, 154, 186, 187, 185, 153, 217], f=95, g=29
[00:00:02:03:829] Expansion 1800000: state [255, 223, 207, 203, 75, 73, 72, 200, 136, 168, 170, 42, 106, 122, 250, 218, 154, 155, 153, 25, 57, 121, 249, 233, 237, 236, 252, 188, 189], f=95, g=28
[00:00:02:10:721] Expansion 1900000: state [255, 223, 207, 203, 75, 73, 72, 200, 136, 168, 170, 234, 106, 122, 90, 218, 154, 155, 187, 185, 249, 233, 237, 236, 252], f=95, g=24
[00:00:02:17:572] Expansion 2000000: state [255, 223, 207, 203, 75, 73, 72, 200, 136, 168, 170, 186, 250, 122, 90, 26, 24, 25, 153, 157, 156, 188, 252, 124, 108, 109, 237, 233], f=95, g=27
[00:00:02:24:707] Expansion 2100000: state [255, 223, 207, 203, 75, 73, 72, 200, 136, 168, 170, 174, 190, 158, 156, 157, 153, 25, 57, 121, 249, 233, 237, 109, 108, 110, 78, 94, 90, 26], f=95, g=29
[00:00:02:31:951] Expansion 2200000: state [255, 223, 207, 203, 75, 73, 72, 200, 136, 168, 170, 171, 175, 173, 45, 109, 108, 110, 106, 122, 90, 218, 154, 158, 190, 188, 252, 220, 92], f=95, g=28
[00:00:02:39:374] Expansion 2300000: state [255, 223, 207, 203, 75, 73, 72, 200, 136, 168, 169, 41, 43, 42, 106, 110, 78, 94, 90, 26, 24, 25, 153, 155, 187, 186, 190, 158, 156, 220, 252, 236, 237, 109], f=95, g=33
[00:00:02:46:630] Expansion 2400000: state [255, 223, 207, 203, 75, 73, 72, 200, 136, 168, 169, 233, 237, 236, 238, 110, 46, 42, 58, 186, 154, 218, 90, 94, 92, 124, 60, 188, 189, 157, 153, 25, 57, 121], f=95, g=33
[00:00:02:54:112] Expansion 2500000: state [255, 223, 207, 203, 75, 73, 72, 200, 136, 168, 169, 173, 237, 109, 108, 110, 78, 94, 90, 218, 250, 186, 190, 158, 156, 220], f=95, g=25
[00:00:03:01:000] Expansion 2600000: state [255, 223, 207, 203, 75, 73, 72, 200, 136, 168, 169, 171, 187, 155, 154, 218, 90, 94, 92, 220, 252, 236, 238, 174, 46], f=95, g=24
[00:00:03:07:719] Expansion 2700000: state [255, 223, 207, 203, 75, 73, 72, 200, 136, 152, 24, 26, 90, 122, 250, 186, 170, 174, 238, 236, 237, 173, 45, 41, 57, 121], f=95, g=25
[00:00:03:14:780] Expansion 2800000: state [255, 223, 207, 203, 75, 73, 72, 200, 136, 152, 24, 26, 58, 42, 106, 110, 108, 236, 252, 188, 190, 174, 175, 173, 45, 41, 57], f=95, g=26
[00:00:03:21:652] Expansion 2900000: state [255, 223, 207, 203, 75, 73, 72, 200, 136, 152, 24, 25, 57, 41, 45, 109, 108, 110, 78, 94, 90, 122, 250, 234, 170, 174, 190], f=95, g=26
[00:00:03:28:674] Expansion 3000000: state [255, 223, 207, 203, 75, 73, 72, 200, 136, 152, 24, 25, 57, 121, 249, 233, 169, 171, 175, 174, 238, 234, 106, 122, 90, 94, 92, 124, 252], f=95, g=28
[00:00:03:35:978] Expansion 3100000: state [255, 223, 207, 203, 75, 73, 72, 200, 136, 152, 184, 186, 250, 234, 106, 42, 43, 171, 169, 233, 237, 236, 252, 124, 92, 94, 90], f=95, g=26
[00:00:03:43:385] Expansion 3200000: state [255, 223, 207, 203, 75, 73, 72, 200, 136, 152, 156, 220, 92, 94, 90, 218, 250, 186, 58, 42, 46, 174, 172, 173, 169, 233, 249, 217], f=95, g=27
[00:00:03:51:063] Expansion 3300000: state [255, 223, 207, 203, 75, 73, 72, 200, 136, 152, 156, 188, 60, 124, 108, 110, 78, 94, 90, 122, 58, 42, 170, 171, 169, 41], f=95, g=25
[00:00:03:58:014] Expansion 3400000: state [255, 223, 207, 203, 75, 73, 72, 200, 136, 152, 156, 188, 189, 173, 45, 41, 43, 42, 170, 174, 238, 236, 108, 124, 92, 94, 78], f=95, g=26
[00:00:04:05:110] Expansion 3500000: state [255, 223, 207, 203, 75, 73, 72, 200, 136, 152, 156, 158, 190, 186, 250, 122, 90, 94, 78, 110, 238, 236, 172, 173, 45, 41, 57, 25], f=95, g=27
[00:00:04:12:112] Expansion 3600000: state [255, 223, 207, 203, 75, 73, 72, 200, 136, 152, 154, 26, 90, 122, 106, 42, 43, 171, 169, 173, 189, 188, 252, 236, 108], f=95, g=24
[00:00:04:18:926] Expansion 3700000: state [255, 223, 207, 203, 75, 73, 72, 200, 136, 152, 154, 26, 58, 122, 250, 234, 238, 236, 237, 233, 169, 185, 189, 157, 141], f=95, g=24
[00:00:04:25:802] Expansion 3800000: state [255, 223, 207, 203, 75, 73, 72, 200, 136, 152, 154, 218, 250, 234, 106, 42, 46, 174, 172, 188, 60, 124, 108, 109, 45, 41, 57], f=95, g=26
[00:00:04:32:885] Expansion 3900000: state [255, 223, 207, 203, 75, 73, 72, 200, 136, 152, 154, 186, 190, 188, 252, 236, 108, 109, 45, 173, 169, 185, 57, 25], f=95, g=23
[00:00:04:39:858] Expansion 4000000: state [255, 223, 207, 203, 75, 73, 72, 200, 136, 152, 154, 158, 190, 188, 189, 185, 169, 41, 45, 109, 108, 110, 106, 234], f=95, g=23
[00:00:04:47:644] Expansion 4100000: state [255, 223, 207, 203, 75, 73, 72, 200, 136, 152, 153, 25, 57, 41, 45, 173, 237, 236, 238, 234, 250, 186, 187], f=95, g=22
[00:00:04:54:732] Expansion 4200000: state [255, 223, 207, 203, 75, 73, 72, 200, 136, 152, 153, 217, 249, 121, 57, 41, 169, 173, 175, 174, 190, 188, 252, 220, 92, 94, 90, 26, 58], f=95, g=28
[00:00:05:02:113] Expansion 4300000: state [255, 223, 207, 203, 75, 73, 72, 200, 136, 152, 153, 217, 249, 233, 237, 173, 189, 188, 252, 124, 108, 110, 78, 94, 90, 122, 250, 186, 170, 174, 142, 158], f=95, g=31
[00:00:05:09:735] Expansion 4400000: state [255, 223, 207, 203, 75, 73, 72, 200, 136, 152, 153, 185, 249, 233, 237, 173, 175, 174, 170, 186, 58, 122, 90, 94, 92, 124, 252, 188], f=95, g=27
[00:00:05:16:943] Expansion 4500000: state [255, 223, 207, 203, 75, 73, 72, 200, 136, 152, 153, 157, 141, 173, 175, 174, 170, 186, 250, 122, 106, 110, 108, 124, 252, 188], f=95, g=25
[00:00:05:24:192] Expansion 4600000: state [255, 223, 207, 203, 75, 73, 72, 200, 136, 152, 153, 155, 187, 171, 175, 173, 237, 233, 249, 121, 57, 41, 40, 42, 106, 122, 90, 94, 92, 220], f=95, g=29
[00:00:05:31:108] Expansion 4700000: state [255, 223, 207, 203, 75, 73, 72, 200, 136, 138, 170, 42, 58, 122, 90, 94, 78, 110, 108, 109, 237, 173, 141, 157, 153, 185, 184, 188, 60], f=95, g=28
[00:00:05:37:758] Expansion 4800000: state [255, 223, 207, 203, 75, 73, 72, 200, 136, 138, 170, 234, 238, 110, 108, 124, 252, 188, 189, 157, 153, 25, 57, 41, 169], f=95, g=24
[00:00:05:44:747] Expansion 4900000: state [255, 223, 207, 203, 75, 73, 72, 200, 136, 138, 170, 186, 190, 188, 252, 124, 108, 109, 45, 173, 141, 157, 153, 25, 24, 26, 90, 122], f=95, g=27
[00:00:05:51:667] Expansion 5000000: state [255, 223, 207, 203, 75, 73, 72, 200, 136, 138, 170, 171, 43, 41, 45, 173, 237, 233, 249, 217, 153, 157, 156, 220, 252, 124, 108, 110, 78, 94, 90, 26], f=95, g=31
[00:00:05:58:395] Expansion 5100000: state [255, 223, 207, 203, 75, 73, 72, 200, 136, 138, 154, 26, 24, 25, 57, 185, 189, 157, 156, 220, 252, 236, 172], f=95, g=22
[00:00:06:05:165] Expansion 5200000: state [255, 223, 207, 203, 75, 73, 72, 200, 136, 138, 154, 26, 90, 94, 92, 220, 156, 188, 184, 185, 57, 41, 40, 42, 46, 110, 238, 236, 237, 233], f=95, g=29
[00:00:06:12:309] Expansion 5300000: state [255, 223, 207, 203, 75, 73, 72, 200, 136, 138, 154, 26, 58, 42, 46, 110, 78, 94, 92, 124, 60, 188, 156, 157, 153, 217, 249, 233, 169, 171, 175], f=95, g=30
[00:00:06:19:059] Expansion 5400000: state [255, 223, 207, 203, 75, 73, 72, 200, 136, 138, 154, 218, 90, 122, 58, 42, 43, 41, 57, 185, 153, 157, 156, 220, 252, 124, 108, 109, 237, 173, 172], f=95, g=30
[00:00:06:26:155] Expansion 5500000: state [255, 223, 207, 203, 75, 73, 72, 200, 136, 138, 154, 218, 90, 94, 92, 220, 252, 188, 184, 185, 249, 233, 237, 173, 175, 174, 46, 110, 106, 234], f=95, g=29
[00:00:06:33:274] Expansion 5600000: state [255, 223, 207, 203, 75, 73, 72, 200, 136, 138, 154, 218, 250, 122, 106, 42, 46, 174, 172, 173, 189, 185, 249, 233], f=95, g=23
[00:00:06:39:968] Expansion 5700000: state [255, 223, 207, 203, 75, 73, 72, 200, 136, 138, 154, 218, 250, 234, 238, 174, 175, 171, 169, 41, 57, 121, 249, 217, 153], f=95, g=24
[00:00:06:46:730] Expansion 5800000: state [255, 223, 207, 203, 75, 73, 72, 200, 136, 138, 154, 186, 184, 188, 156, 220, 92, 124, 108, 109, 237, 233, 249, 121, 57, 41, 40, 42, 106, 234, 238, 174], f=95, g=31
[00:00:06:53:858] Expansion 5900000: state [255, 223, 207, 203, 75, 73, 72, 200, 136, 138, 154, 186, 250, 234, 106, 42, 40, 41, 57, 185, 153, 157, 141, 173, 237, 236, 108, 124, 92], f=95, g=28
[00:00:07:00:991] Expansion 6000000: state [255, 223, 207, 203, 75, 73, 72, 200, 136, 138, 154, 186, 187, 171, 43, 41, 45, 109, 237, 236, 238, 110, 106, 122, 90, 94, 92, 124, 60, 188, 156, 157, 141], f=95, g=32
[00:00:07:08:041] Expansion 6100000: state [255, 223, 207, 203, 75, 73, 72, 200, 136, 138, 154, 158, 156, 188, 252, 124, 108, 110, 46, 42, 40, 41, 45, 173, 237, 233, 249, 185, 153], f=95, g=28
[00:00:07:15:113] Expansion 6200000: state [255, 223, 207, 203, 75, 73, 72, 200, 136, 138, 154, 158, 190, 188, 252, 220, 92, 94, 90, 122, 106, 42, 43, 171, 169, 185, 57], f=95, g=26
[00:00:07:22:224] Expansion 6300000: state [255, 223, 207, 203, 75, 73, 72, 200, 136, 138, 154, 155, 153, 185, 249, 233, 237, 173, 175, 174, 190, 188, 60], f=95, g=22
[00:00:07:29:063] Expansion 6400000: state [255, 223, 207, 203, 75, 73, 72, 200, 136, 138, 154, 155, 187, 185, 184, 188, 156, 220, 92, 124, 108, 109, 45, 41, 40, 42, 46, 174, 238, 234], f=95, g=29
[00:00:07:36:164] Expansion 6500000: state [255, 223, 207, 203, 75, 73, 72, 200, 136, 138, 142, 174, 46, 110, 78, 94, 90, 26, 58, 186, 187, 171, 169, 173, 189, 188, 252, 220], f=95, g=27
[00:00:07:43:303] Expansion 6600000: state [255, 223, 207, 203, 75, 73, 72, 200, 136, 138, 142, 174, 172, 236, 237, 233, 249, 217, 153, 155, 187, 171, 43, 42, 58, 122, 90, 94, 92, 220], f=95, g=29
[00:00:07:50:462] Expansion 6700000: state [255, 223, 207, 203, 75, 73, 72, 200, 136, 138, 142, 174, 238, 110, 78, 94, 92, 124, 60, 188, 184, 185, 249, 233, 237, 173, 45, 41, 43, 42, 58, 26, 24], f=95, g=32
[00:00:07:57:486] Expansion 6800000: state [255, 223, 207, 203, 75, 73, 72, 200, 136, 138, 142, 174, 238, 234, 250, 122, 90, 94, 92, 220, 156, 188, 184, 185, 249], f=95, g=24
[00:00:08:04:605] Expansion 6900000: state [255, 223, 207, 203, 75, 73, 72, 200, 136, 138, 142, 174, 190, 186, 184, 185, 169, 173, 237, 236, 108, 124, 92, 94, 90, 26, 24, 25], f=95, g=27
[00:00:08:11:476] Expansion 7000000: state [255, 223, 207, 203, 75, 73, 72, 200, 136, 138, 142, 174, 190, 188, 189, 173, 169, 171, 43, 42, 58, 26, 24, 25, 57, 121, 249], f=95, g=26
[00:00:08:18:271] Expansion 7100000: state [255, 223, 207, 203, 75, 73, 72, 200, 136, 138, 142, 174, 175, 173, 169, 41, 43, 42, 106, 122, 90, 26, 24, 25, 153, 155, 187, 186, 184, 188, 156, 220, 92, 124, 108, 109], f=95, g=35
[00:00:08:25:473] Expansion 7200000: state [255, 223, 207, 203, 75, 73, 72, 200, 136, 138, 142, 158, 156, 220, 92, 94, 90, 122, 106, 42, 40, 41, 169, 173, 237, 236, 238], f=95, g=26
[00:00:08:32:548] Expansion 7300000: state [255, 223, 207, 203, 75, 73, 72, 200, 136, 138, 142, 158, 156, 188, 172, 236, 237, 233, 169, 185, 57, 25, 24, 26], f=95, g=23
[00:00:08:39:368] Expansion 7400000: state [255, 223, 207, 203, 75, 73, 72, 200, 136, 138, 142, 158, 156, 188, 189, 173, 237, 236, 238, 110, 106, 42, 58, 186, 250, 218, 90, 94, 92, 124], f=95, g=29
[00:00:08:46:358] Expansion 7500000: state [255, 223, 207, 203, 75, 73, 72, 200, 136, 138, 142, 158, 156, 157, 189, 173, 237, 233, 249, 121, 57, 25, 24, 26, 90, 94, 92, 124, 60], f=95, g=28
[00:00:08:53:071] Expansion 7600000: state [255, 223, 207, 203, 75, 73, 72, 200, 136, 138, 142, 158, 190, 186, 187, 185, 57, 41, 45, 173, 237, 236, 238, 110, 78, 94], f=95, g=25
[00:00:09:00:265] Expansion 7700000: state [255, 223, 207, 203, 75, 73, 72, 200, 136, 138, 142, 158, 190, 188, 252, 236, 238, 234, 250, 218, 90, 26, 58, 42, 40, 41, 57, 121, 249, 217, 153, 155], f=95, g=31
[00:00:09:08:558] Expansion 7800000: state [255, 223, 207, 203, 75, 73, 72, 200, 136, 137, 169, 41, 43, 42, 170, 174, 142, 158, 154, 218, 90, 94, 78, 110, 108, 236, 252, 188, 189], f=95, g=28
[00:00:09:15:389] Expansion 7900000: state [255, 223, 207, 203, 75, 73, 72, 200, 136, 137, 169, 185, 184, 186, 154, 158, 156, 220, 252, 124, 108, 110, 238, 174], f=95, g=23
[00:00:09:22:932] Expansion 8000000: state [255, 223, 207, 203, 75, 73, 72, 200, 136, 137, 169, 173, 237, 236, 252, 124, 92, 94, 78, 110, 46, 42, 58, 186, 190, 158, 156, 157], f=95, g=27
[00:00:09:29:848] Expansion 8100000: state [255, 223, 207, 203, 75, 73, 72, 200, 136, 137, 169, 171, 175, 174, 142, 158, 154, 26, 58, 42, 106, 110, 108, 109, 237], f=95, g=24
[00:00:09:36:664] Expansion 8200000: state [255, 223, 207, 203, 75, 73, 72, 200, 136, 137, 153, 25, 24, 26, 90, 94, 92, 220, 156, 188, 184, 186, 170, 174, 238, 236, 237, 109], f=95, g=27
[00:00:09:43:921] Expansion 8300000: state [255, 223, 207, 203, 75, 73, 72, 200, 136, 137, 153, 25, 57, 41, 45, 173, 172, 174, 190, 158, 156, 220, 92, 124, 108, 110, 106, 234, 250, 218, 90, 26], f=95, g=31
[00:00:09:51:441] Expansion 8400000: state [255, 223, 207, 203, 75, 73, 72, 200, 136, 137, 153, 25, 57, 41, 43, 42, 46, 110, 78, 94, 90, 122, 250, 186, 184, 188, 189, 173, 237, 233, 249], f=95, g=30
[00:00:09:58:942] Expansion 8500000: state [255, 223, 207, 203, 75, 73, 72, 200, 136, 137, 153, 25, 57, 121, 249, 233, 237, 236, 108, 110, 78, 94, 90, 122, 250, 186, 170, 171, 175], f=95, g=28
[00:00:10:06:258] Expansion 8600000: state [255, 223, 207, 203, 75, 73, 72, 200, 136, 137, 153, 217, 249, 121, 57, 41, 45, 173, 175, 171, 187, 186, 154, 158, 156, 220, 252, 124, 60], f=95, g=28
[00:00:10:13:234] Expansion 8700000: state [255, 223, 207, 203, 75, 73, 72, 200, 136, 137, 153, 217, 249, 121, 57, 41, 43, 171, 175, 173, 237, 236, 108, 110, 106, 234, 250, 186, 154, 158, 156, 220, 92, 93], f=95, g=33
[00:00:10:20:170] Expansion 8800000: state [255, 223, 207, 203, 75, 73, 72, 200, 136, 137, 153, 217, 249, 233, 237, 173, 175, 171, 43, 42, 106, 110, 108, 124, 60, 188, 184, 186, 154, 158, 142], f=95, g=30
[00:00:10:28:767] Expansion 8900000: state [255, 223, 207, 203, 75, 73, 72, 200, 136, 137, 153, 185, 57, 41, 45, 109, 108, 236, 172, 188, 190, 186, 250, 218, 90, 26, 24], f=95, g=26
[00:00:10:35:841] Expansion 9000000: state [255, 223, 207, 203, 75, 73, 72, 200, 136, 137, 153, 185, 184, 188, 252, 236, 238, 174, 170, 42, 106, 122, 90, 26], f=95, g=23
[00:00:10:42:834] Expansion 9100000: state [255, 223, 207, 203, 75, 73, 72, 200, 136, 137, 153, 185, 249, 233, 237, 236, 108, 110, 46, 174, 142, 158, 154, 186, 250, 122], f=95, g=25
[00:00:10:49:984] Expansion 9200000: state [255, 223, 207, 203, 75, 73, 72, 200, 136, 137, 153, 185, 187, 171, 43, 41, 45, 173, 172, 174, 238, 234, 250, 218, 90, 94, 92, 220, 252], f=95, g=28
[00:00:10:57:098] Expansion 9300000: state [255, 223, 207, 203, 75, 73, 72, 200, 136, 137, 153, 157, 156, 220, 92, 94, 90, 26, 154, 186, 250, 234, 238, 236, 172, 173, 45, 109], f=95, g=27
[00:00:11:04:174] Expansion 9400000: state [255, 223, 207, 203, 75, 73, 72, 200, 136, 137, 153, 157, 156, 188, 190, 186, 154, 26, 90, 122, 106, 42, 40, 41, 45, 109, 237], f=95, g=26
[00:00:11:11:153] Expansion 9500000: state [255, 223, 207, 203, 75, 73, 72, 200, 136, 137, 153, 157, 189, 173, 175, 174, 170, 186, 154, 218, 90, 94, 78, 110, 108, 124, 252], f=95, g=26
[00:00:11:18:191] Expansion 9600000: state [255, 223, 207, 203, 75, 73, 72, 200, 136, 137, 153, 155, 154, 26, 58, 122, 250, 234, 238, 236, 252, 188, 189, 173, 45, 41, 43, 171], f=95, g=27
[00:00:11:25:117] Expansion 9700000: state [255, 223, 207, 203, 75, 73, 72, 200, 136, 137, 153, 155, 154, 158, 156, 220, 92, 94, 90, 122, 250, 234, 238, 174, 175, 171, 43, 41, 57, 121], f=95, g=29
[00:00:11:32:134] Expansion 9800000: state [255, 223, 207, 203, 75, 73, 72, 200, 136, 137, 153, 155, 187, 186, 250, 122, 90, 94, 78, 110, 108, 124, 252, 188, 189, 173, 237, 233, 249, 121, 57, 41, 40], f=95, g=32
[00:00:11:39:232] Expansion 9900000: state [255, 223, 207, 203, 75, 73, 72, 200, 136, 137, 141, 173, 45, 41, 43, 171, 170, 186, 190, 188, 252, 236, 238, 110, 106, 122, 90, 94, 92], f=95, g=28
[00:00:11:46:707] Expansion 10000000: state [255, 223, 207, 203, 75, 73, 72, 200, 136, 137, 141, 173, 172, 188, 252, 220, 92, 94, 78, 110, 238, 234, 250, 122, 58, 42, 43, 171, 187, 185, 57, 25], f=95, g=31
[00:00:11:54:058] Expansion 10100000: state [255, 223, 207, 203, 75, 73, 72, 200, 136, 137, 141, 173, 237, 233, 249, 121, 57, 41, 43, 171, 170, 174, 238, 110, 78, 94, 92, 124, 252, 188, 156], f=95, g=30
[00:00:12:02:265] Expansion 10200000: state [255, 223, 207, 203, 75, 73, 72, 200, 136, 137, 141, 173, 237, 236, 238, 110, 78, 94, 92, 220, 156, 188, 184, 185, 187, 171, 43, 42, 58, 26, 24], f=95, g=30
[00:00:12:09:135] Expansion 10300000: state [255, 223, 207, 203, 75, 73, 72, 200, 136, 137, 141, 173, 175, 171, 43, 42, 58, 26, 24, 25, 57, 185, 184, 188, 252, 124, 108, 110], f=95, g=27
[00:00:12:18:285] Expansion 10400000: state [255, 223, 207, 203, 75, 73, 72, 200, 136, 137, 141, 157, 156, 220, 92, 94, 78, 110, 108, 109, 237, 233, 249, 185, 57, 41, 40, 42, 58, 186, 190, 174, 142], f=95, g=32
[00:00:12:25:283] Expansion 10500000: state [255, 223, 207, 203, 75, 73, 72, 200, 136, 137, 141, 157, 156, 188, 172, 236, 108, 110, 106, 42, 43, 41, 57, 185, 187], f=95, g=24
[00:00:12:32:515] Expansion 10600000: state [255, 223, 207, 203, 75, 73, 72, 200, 136, 137, 141, 157, 156, 188, 190, 186, 154, 26, 90, 94, 78, 110, 46, 42, 43, 41, 45, 109, 237, 233, 249, 185], f=95, g=31
[00:00:12:39:378] Expansion 10700000: state [255, 223, 207, 203, 75, 73, 72, 200, 136, 137, 141, 157, 189, 185, 57, 41, 40, 42, 106, 110, 108, 124, 92, 94, 90, 218, 154, 186], f=95, g=27
[00:00:12:46:712] Expansion 10800000: state [255, 223, 207, 203, 75, 73, 72, 200, 136, 137, 141, 157, 189, 188, 172, 174, 170, 234, 250, 218, 154, 26, 24, 25, 57, 41, 45, 109, 108, 110], f=95, g=29
[00:00:12:53:590] Expansion 10900000: state [255, 223, 207, 203, 75, 73, 72, 200, 232, 168, 40, 42, 106, 122, 250, 218, 154, 138, 142, 174, 190, 188, 156, 157, 141, 173, 45, 109, 108, 124, 92, 94], f=95, g=31
[00:00:13:00:365] Expansion 11000000: state [255, 223, 207, 203, 75, 73, 72, 200, 232, 168, 40, 42, 58, 122, 250, 218, 154, 158, 156, 220, 92, 94, 78, 110, 108, 109, 237, 173, 175, 171, 187, 185, 57, 121], f=95, g=33
[00:00:13:07:431] Expansion 11100000: state [255, 223, 207, 203, 75, 73, 72, 200, 232, 168, 40, 41, 57, 25, 24, 26, 154, 186, 190, 174, 238, 110, 108, 124, 92, 93], f=95, g=25
[00:00:13:14:769] Expansion 11200000: state [255, 223, 207, 203, 75, 73, 72, 200, 232, 168, 40, 41, 57, 121, 249, 217, 153, 152, 154, 218, 250, 122, 106, 110, 78, 94, 92, 124, 252, 188, 190, 174, 175, 173], f=95, g=33
[00:00:13:22:075] Expansion 11300000: state [255, 223, 207, 203, 75, 73, 72, 200, 232, 168, 40, 41, 45, 109, 108, 110, 238, 174, 142, 158, 154, 155, 153, 185, 189, 188, 252, 220, 92, 94, 90], f=95, g=30
[00:00:13:29:321] Expansion 11400000: state [255, 223, 207, 203, 75, 73, 72, 200, 232, 168, 184, 188, 60, 124, 108, 109, 45, 173, 175, 174, 46, 42, 106, 122, 90, 26, 24, 25, 153, 217, 249, 121], f=95, g=31
[00:00:13:36:176] Expansion 11500000: state [255, 223, 207, 203, 75, 73, 72, 200, 232, 168, 184, 186, 154, 26, 24, 25, 57, 41, 43, 171, 175, 173, 237], f=95, g=22
[00:00:13:43:399] Expansion 11600000: state [255, 223, 207, 203, 75, 73, 72, 200, 232, 168, 172, 188, 60, 124, 108, 110, 78, 94, 90, 122, 58, 42, 43, 171, 187, 185, 153, 152, 154, 158, 142], f=95, g=30
[00:00:13:50:597] Expansion 11700000: state [255, 223, 207, 203, 75, 73, 72, 200, 232, 168, 172, 174, 238, 110, 106, 122, 90, 218, 154, 155, 153, 137], f=95, g=21
[00:00:13:57:805] Expansion 11800000: state [255, 223, 207, 203, 75, 73, 72, 200, 232, 168, 172, 173, 237, 109, 108, 110, 106, 42, 58, 186, 250, 218, 90, 94, 92, 220, 156, 152, 153, 217, 249], f=95, g=30
[00:00:14:04:610] Expansion 11900000: state [255, 223, 207, 203, 75, 73, 72, 200, 232, 168, 170, 138, 154, 26, 58, 122, 106, 110, 108, 109, 45, 41, 57, 121, 249, 217, 153, 157, 189, 188, 252, 220], f=95, g=31
[00:00:14:11:378] Expansion 12000000: state [255, 223, 207, 203, 75, 73, 72, 200, 232, 168, 170, 174, 190, 158, 154, 218, 90, 94, 78, 110, 108, 109, 237, 173, 189, 157, 153, 137], f=95, g=27
[00:00:14:18:276] Expansion 12100000: state [255, 223, 207, 203, 75, 73, 72, 200, 232, 168, 169, 41, 57, 25, 153, 157, 189, 188, 60, 124, 92, 94, 90, 122, 106, 42, 46], f=95, g=26
[00:00:14:25:448] Expansion 12200000: state [255, 223, 207, 203, 75, 73, 72, 200, 232, 168, 169, 185, 153, 152, 154, 186, 190, 174, 238, 110, 108, 124], f=95, g=21
[00:00:14:34:874] Expansion 12300000: state [255, 223, 207, 203, 75, 73, 72, 200, 232, 168, 169, 171, 43, 42, 106, 122, 250, 218, 154, 152, 156, 220, 92, 124], f=95, g=23
[00:00:14:41:767] Expansion 12400000: state [255, 223, 207, 203, 75, 73, 72, 200, 232, 236, 108, 124, 60, 188, 184, 185, 153, 137, 141, 173, 175, 174, 170, 138], f=95, g=23
[00:00:14:48:825] Expansion 12500000: state [255, 223, 207, 203, 75, 73, 72, 200, 232, 236, 108, 124, 92, 220, 156, 158, 154, 26, 90, 122, 106, 42, 170, 171, 169, 137, 153, 25, 57, 121], f=95, g=29
[00:00:14:55:925] Expansion 12600000: state [255, 223, 207, 203, 75, 73, 72, 200, 232, 236, 108, 124, 92, 94, 90, 218, 250, 186, 190, 174, 46, 42, 40, 41, 169, 185, 249, 217], f=95, g=27
[00:00:15:02:895] Expansion 12700000: state [255, 223, 207, 203, 75, 73, 72, 200, 232, 236, 108, 110, 46, 42, 43, 41, 169, 137, 153, 217, 249], f=95, g=20
[00:00:15:09:834] Expansion 12800000: state [255, 223, 207, 203, 75, 73, 72, 200, 232, 236, 108, 110, 78, 94, 90, 218, 154, 158, 142, 174, 170, 171, 43, 41, 57, 121, 249, 217], f=95, g=27
[00:00:15:16:898] Expansion 12900000: state [255, 223, 207, 203, 75, 73, 72, 200, 232, 236, 108, 110, 106, 42, 170, 174, 175, 173, 141, 137, 153, 185, 184, 188, 156, 158, 154, 218], f=95, g=27
[00:00:15:23:845] Expansion 13000000: state [255, 223, 207, 203, 75, 73, 72, 200, 232, 236, 108, 110, 106, 122, 250, 218, 154, 138, 142, 174, 175, 171, 43, 41, 57, 185, 184], f=95, g=26
[00:00:15:30:999] Expansion 13100000: state [255, 223, 207, 203, 75, 73, 72, 200, 232, 236, 108, 109, 45, 173, 169, 171, 43, 42, 106, 122, 90, 94, 92, 220, 156, 158, 190], f=95, g=26
[00:00:15:38:322] Expansion 13200000: state [255, 223, 207, 203, 75, 73, 72, 200, 232, 236, 172, 188, 189, 157, 153, 137, 169, 171, 170, 186, 154, 26, 90, 122, 106, 110, 78], f=95, g=26
[00:00:15:45:513] Expansion 13300000: state [255, 223, 207, 203, 75, 73, 72, 200, 232, 236, 172, 173, 45, 41, 40, 42, 170, 186, 154, 155, 153, 217, 249], f=95, g=22
[00:00:15:52:826] Expansion 13400000: state [255, 223, 207, 203, 75, 73, 72, 200, 232, 236, 252, 124, 92, 94, 78, 110, 46, 42, 40, 41, 45, 173, 189, 157, 153, 217, 249], f=95, g=26
[00:00:15:59:802] Expansion 13500000: state [255, 223, 207, 203, 75, 73, 72, 200, 232, 236, 252, 124, 92, 94, 90, 218, 154, 186, 190, 174, 175, 171, 169, 185, 57, 121], f=95, g=25
[00:00:16:06:772] Expansion 13600000: state [255, 223, 207, 203, 75, 73, 72, 200, 232, 236, 252, 188, 156, 158, 154, 186, 187, 171, 175, 174, 46, 42, 106, 122, 90], f=95, g=24
[00:00:16:13:654] Expansion 13700000: state [255, 223, 207, 203, 75, 73, 72, 200, 232, 236, 252, 188, 190, 186, 250, 122, 90, 26, 24, 25, 57, 41, 43, 171], f=95, g=23
[00:00:16:20:543] Expansion 13800000: state [255, 223, 207, 203, 75, 73, 72, 200, 232, 236, 252, 220, 92, 94, 90, 26, 24, 152, 153, 157, 189, 173, 169, 41, 43, 42, 170, 138, 142, 158], f=95, g=29
[00:00:16:27:825] Expansion 13900000: state [255, 223, 207, 203, 75, 73, 72, 200, 232, 236, 252, 220, 156, 158, 154, 218, 90, 122, 106, 42, 170, 171, 187, 185, 249, 217], f=95, g=25
[00:00:16:35:065] Expansion 14000000: state [255, 223, 207, 203, 75, 73, 72, 200, 232, 236, 238, 110, 46, 42, 58, 186, 154, 155, 153, 137, 141, 173, 189, 188, 156, 220, 92], f=95, g=26
[00:00:16:42:204] Expansion 14100000: state [255, 223, 207, 203, 75, 73, 72, 200, 232, 236, 238, 110, 78, 94, 92, 220, 156, 157, 141, 173, 175, 171, 170, 42, 58, 26, 154], f=95, g=26
[00:00:16:49:152] Expansion 14200000: state [255, 223, 207, 203, 75, 73, 72, 200, 232, 236, 238, 110, 106, 122, 90, 26, 154, 152, 156, 157, 141, 173, 45, 41, 57], f=95, g=24
[00:00:16:55:891] Expansion 14300000: state [255, 223, 207, 203, 75, 73, 72, 200, 232, 236, 238, 174, 142, 158, 154, 152, 153, 185, 189, 173, 45, 41, 40, 42, 106], f=95, g=24
[00:00:17:03:054] Expansion 14400000: state [255, 223, 207, 203, 75, 73, 72, 200, 232, 236, 238, 174, 175, 171, 43, 42, 106, 122, 90, 94, 92, 124, 60, 188, 156, 158, 154, 155, 153, 25, 57, 121, 249], f=95, g=32
[00:00:17:10:050] Expansion 14500000: state [255, 223, 207, 203, 75, 73, 72, 200, 232, 236, 237, 109, 45, 41, 169, 185, 189, 157, 156, 158, 190, 174, 46, 42, 58, 122, 90, 94], f=95, g=27
[00:00:17:16:983] Expansion 14600000: state [255, 223, 207, 203, 75, 73, 72, 200, 232, 236, 237, 109, 45, 41, 43, 171, 170, 186, 154, 218, 90, 94, 92, 220, 156, 188, 189, 185, 249, 121], f=95, g=29
[00:00:17:23:901] Expansion 14700000: state [255, 223, 207, 203, 75, 73, 72, 200, 232, 236, 237, 173, 141, 137, 153, 152, 156, 220, 92, 94, 90, 218, 250, 186, 170, 42, 43], f=95, g=26
[00:00:17:31:070] Expansion 14800000: state [255, 223, 207, 203, 75, 73, 72, 200, 232, 236, 237, 173, 169, 137, 153, 157, 156, 158, 142, 174, 170, 186, 250, 218, 90, 94, 92, 93], f=95, g=27
[00:00:17:38:239] Expansion 14900000: state [255, 223, 207, 203, 75, 73, 72, 200, 232, 236, 237, 173, 175, 171, 43, 42, 58, 186, 184, 152, 24], f=95, g=20
[00:00:17:45:335] Expansion 15000000: state [255, 223, 207, 203, 75, 73, 72, 200, 232, 234, 106, 42, 40, 41, 57, 121, 249, 217, 153, 157, 189, 188, 172, 174, 142, 158, 154, 218, 90, 94, 78], f=95, g=30
[00:00:17:52:412] Expansion 15100000: state [255, 223, 207, 203, 75, 73, 72, 200, 232, 234, 106, 42, 46, 174, 172, 188, 252, 220, 92, 94, 90, 218, 154, 152, 24, 25, 57, 41, 45], f=95, g=28
[00:00:17:59:516] Expansion 15200000: state [255, 223, 207, 203, 75, 73, 72, 200, 232, 234, 106, 42, 43, 171, 169, 173, 189, 188, 184, 186, 154, 26, 90, 94, 78], f=95, g=24
[00:00:18:06:560] Expansion 15300000: state [255, 223, 207, 203, 75, 73, 72, 200, 232, 234, 106, 122, 90, 26, 24, 25, 57, 185, 169, 171, 175, 174, 142, 158, 156, 188, 60, 124, 92], f=95, g=28
[00:00:18:13:813] Expansion 15400000: state [255, 223, 207, 203, 75, 73, 72, 200, 232, 234, 106, 110, 46, 174, 142, 138, 154, 152, 153, 185, 189, 188, 252, 124, 92], f=95, g=24
[00:00:18:23:035] Expansion 15500000: state [255, 223, 207, 203, 75, 73, 72, 200, 232, 234, 106, 110, 78, 94, 92, 124, 60, 188, 156, 152, 153, 25, 57, 41, 43, 171, 187], f=95, g=26
[00:00:18:30:151] Expansion 15600000: state [255, 223, 207, 203, 75, 73, 72, 200, 232, 234, 106, 110, 108, 109, 45, 41, 57, 25, 24, 26, 58, 186, 184, 188, 189], f=95, g=24
[00:00:18:37:112] Expansion 15700000: state [255, 223, 207, 203, 75, 73, 72, 200, 232, 234, 170, 42, 46, 110, 78, 94, 90, 26, 154, 152, 156, 157, 141, 173], f=95, g=23
[00:00:18:43:909] Expansion 15800000: state [255, 223, 207, 203, 75, 73, 72, 200, 232, 234, 170, 186, 154, 26, 90, 94, 78, 110, 108, 109, 237, 173, 141, 137, 153, 25, 57, 41, 43], f=95, g=28
[00:00:18:50:811] Expansion 15900000: state [255, 223, 207, 203, 75, 73, 72, 200, 232, 234, 170, 174, 175, 173, 45, 109, 108, 124, 92, 94, 90, 218, 154, 155, 153, 185, 184, 188], f=95, g=27
[00:00:18:57:586] Expansion 16000000: state [255, 223, 207, 203, 75, 73, 72, 200, 232, 234, 250, 122, 58, 26, 154, 152, 184, 188, 189, 173, 45, 109, 108, 110, 78, 94, 92], f=95, g=26
[00:00:19:04:456] Expansion 16100000: state [255, 223, 207, 203, 75, 73, 72, 200, 232, 234, 250, 122, 58, 42, 43, 41, 57, 185, 187, 155, 154, 138, 142, 174, 172, 173, 237, 109, 108, 124, 252, 220], f=95, g=31
[00:00:19:11:195] Expansion 16200000: state [255, 223, 207, 203, 75, 73, 72, 200, 232, 234, 250, 122, 90, 26, 154, 155, 187, 185, 57, 41, 45, 173, 175, 174, 46, 110, 108, 124, 92, 93], f=95, g=29
[00:00:19:18:629] Expansion 16300000: state [255, 223, 207, 203, 75, 73, 72, 200, 232, 234, 250, 122, 90, 94, 92, 124, 108, 109, 237, 173, 172, 174, 190, 158, 154, 152, 153, 185, 187, 171, 43, 41, 40], f=95, g=32
[00:00:19:25:459] Expansion 16400000: state [255, 223, 207, 203, 75, 73, 72, 200, 232, 234, 250, 186, 154, 152, 153, 217, 249, 121, 57, 41, 43, 42, 46, 174, 172, 173, 237, 109, 108, 124, 92, 93], f=95, g=31
[00:00:19:32:485] Expansion 16500000: state [255, 223, 207, 203, 75, 73, 72, 200, 232, 234, 250, 186, 187, 171, 169, 41, 57, 121, 249, 217, 153, 157, 189, 188, 60, 124, 92, 93], f=95, g=27
[00:00:19:39:541] Expansion 16600000: state [255, 223, 207, 203, 75, 73, 72, 200, 232, 234, 250, 218, 90, 94, 78, 110, 108, 109, 45, 41, 169, 171, 175, 174, 172, 188, 189, 157], f=95, g=27
[00:00:19:46:591] Expansion 16700000: state [255, 223, 207, 203, 75, 73, 72, 200, 232, 234, 250, 218, 154, 152, 156, 188, 252, 124, 108, 109, 45, 41, 57, 185, 249], f=95, g=24
[00:00:19:53:579] Expansion 16800000: state [255, 223, 207, 203, 75, 73, 72, 200, 232, 234, 238, 110, 46, 42, 58, 122, 90, 94, 92, 124, 252, 188, 190, 158, 154, 152, 24, 25, 57, 41, 169, 171], f=95, g=31
[00:00:20:00:658] Expansion 16900000: state [255, 223, 207, 203, 75, 73, 72, 200, 232, 234, 238, 110, 78, 94, 92, 124, 252, 188, 156, 152, 24, 25, 57, 185, 249, 217], f=95, g=25
[00:00:20:07:905] Expansion 17000000: state [255, 223, 207, 203, 75, 73, 72, 200, 232, 234, 238, 110, 108, 109, 45, 41, 169, 137, 141, 157, 156, 188, 184, 186], f=95, g=23
[00:00:20:15:040] Expansion 17100000: state [255, 223, 207, 203, 75, 73, 72, 200, 232, 234, 238, 174, 46, 42, 43, 41, 45, 173, 141, 137, 153, 25, 24, 26, 154, 158, 156, 188, 252, 124, 92, 94], f=95, g=31
[00:00:20:21:870] Expansion 17200000: state [255, 223, 207, 203, 75, 73, 72, 200, 232, 234, 238, 174, 172, 188, 189, 185, 153, 25, 24, 26, 90, 94, 92, 124, 108, 109, 45, 41, 40, 42], f=95, g=29
[00:00:20:29:176] Expansion 17300000: state [255, 223, 207, 203, 75, 73, 72, 200, 232, 234, 238, 174, 175, 173, 45, 41, 43, 42, 58, 122, 90, 94, 92, 124, 60, 188, 156, 158, 154], f=95, g=28
[00:00:20:36:456] Expansion 17400000: state [255, 223, 207, 203, 75, 73, 72, 200, 232, 233, 169, 41, 57, 25, 153, 157, 189, 188, 252, 220, 92, 94, 90, 122, 250, 186, 170, 42, 46, 110, 108], f=95, g=30
[00:00:20:43:727] Expansion 17500000: state [255, 223, 207, 203, 75, 73, 72, 200, 232, 233, 169, 137, 153, 152, 154, 158, 190, 174, 46, 110, 78, 94, 90, 122, 250], f=95, g=24
[00:00:20:51:022] Expansion 17600000: state [255, 223, 207, 203, 75, 73, 72, 200, 232, 233, 169, 185, 153, 155, 154, 186, 190, 188, 156, 220, 92, 94, 90, 122, 106, 110, 238], f=95, g=26
[00:00:20:58:359] Expansion 17700000: state [255, 223, 207, 203, 75, 73, 72, 200, 232, 233, 169, 173, 172, 188, 184, 186, 187, 155, 153, 25, 24, 26, 90, 94, 78, 110], f=95, g=25
[00:00:21:05:546] Expansion 17800000: state [255, 223, 207, 203, 75, 73, 72, 200, 232, 233, 169, 171, 43, 42, 46, 110, 108, 124, 252, 220, 156, 157, 153, 25, 24, 26, 90, 218], f=95, g=27
[00:00:21:12:773] Expansion 17900000: state [255, 223, 207, 203, 75, 73, 72, 200, 232, 233, 249, 121, 57, 25, 24, 152, 154, 218, 90, 122, 58, 42, 170, 174, 172, 188, 252, 124, 108, 110, 78], f=95, g=30
[00:00:21:19:995] Expansion 18000000: state [255, 223, 207, 203, 75, 73, 72, 200, 232, 233, 249, 121, 57, 25, 153, 137, 141, 173, 175, 174, 190, 188, 252, 220, 92, 94], f=95, g=25
[00:00:21:30:026] Expansion 18100000: state [255, 223, 207, 203, 75, 73, 72, 200, 232, 233, 249, 121, 57, 25, 153, 155, 154, 26, 58, 42, 170, 171, 175, 173, 172, 188, 60, 124, 108, 110, 78, 94], f=95, g=31
[00:00:21:36:825] Expansion 18200000: state [255, 223, 207, 203, 75, 73, 72, 200, 232, 233, 249, 121, 57, 41, 40, 42, 58, 122, 250, 218, 154, 155, 187, 171, 175, 174, 190, 188, 156, 220, 92, 124, 108, 110], f=95, g=33
[00:00:21:43:840] Expansion 18300000: state [255, 223, 207, 203, 75, 73, 72, 200, 232, 233, 249, 121, 57, 41, 45, 173, 189, 188, 190, 158, 154, 155, 187, 171, 170, 42, 106, 110, 78, 94, 92, 93], f=95, g=31
[00:00:21:51:155] Expansion 18400000: state [255, 223, 207, 203, 75, 73, 72, 200, 232, 233, 249, 121, 57, 41, 43, 42, 106, 110, 238, 174, 175, 173, 141, 137, 153, 152, 156, 188, 60, 124, 92, 94, 90, 218], f=95, g=33
[00:00:21:58:333] Expansion 18500000: state [255, 223, 207, 203, 75, 73, 72, 200, 232, 233, 249, 121, 57, 41, 43, 171, 175, 174, 190, 188, 252, 124, 108, 110, 106, 122, 250, 218, 154, 26], f=95, g=29
[00:00:22:05:532] Expansion 18600000: state [255, 223, 207, 203, 75, 73, 72, 200, 232, 233, 249, 185, 57, 41, 43, 42, 170, 186, 250, 122, 90, 94, 78], f=95, g=22
[00:00:22:12:422] Expansion 18700000: state [255, 223, 207, 203, 75, 73, 72, 200, 232, 233, 249, 185, 153, 152, 156, 220, 92, 124, 108, 109, 45, 173, 175, 174, 190, 186, 250, 218], f=95, g=27
[00:00:22:19:271] Expansion 18800000: state [255, 223, 207, 203, 75, 73, 72, 200, 232, 233, 249, 185, 153, 155, 154, 218, 90, 94, 92, 124, 108, 110, 106, 42, 40, 41, 45, 173, 175], f=95, g=28
[00:00:22:26:412] Expansion 18900000: state [255, 223, 207, 203, 75, 73, 72, 200, 232, 233, 249, 185, 189, 173, 172, 174, 142, 158, 156, 220, 92, 124, 108], f=95, g=22
[00:00:22:33:547] Expansion 19000000: state [255, 223, 207, 203, 75, 73, 72, 200, 232, 233, 249, 185, 187, 171, 175, 173, 172, 188, 252, 220, 92, 94, 90, 218, 154, 138], f=95, g=25
[00:00:22:40:652] Expansion 19100000: state [255, 223, 207, 203, 75, 73, 72, 200, 232, 233, 249, 217, 153, 25, 57, 41, 45, 173, 172, 174, 46, 110, 108, 124, 252, 220, 156, 158, 154, 186, 187, 171], f=95, g=31
[00:00:22:48:006] Expansion 19200000: state [255, 223, 207, 203, 75, 73, 72, 200, 232, 233, 249, 217, 153, 137, 141, 173, 189, 188, 252, 124, 92, 94, 90, 218, 154, 158], f=95, g=25
[00:00:22:55:206] Expansion 19300000: state [255, 223, 207, 203, 75, 73, 72, 200, 232, 233, 249, 217, 153, 157, 141, 173, 45, 41, 40, 42, 170, 186, 250, 218, 90, 94, 78, 110, 108, 124, 60], f=95, g=30
[00:00:23:02:422] Expansion 19400000: state [255, 223, 207, 203, 75, 73, 72, 200, 232, 233, 249, 217, 153, 157, 189, 188, 252, 124, 108, 110, 238, 174, 142, 158, 154, 26, 58, 122, 250], f=95, g=28
[00:00:23:09:574] Expansion 19500000: state [255, 223, 207, 203, 75, 73, 72, 200, 232, 233, 237, 109, 45, 41, 40, 42, 106, 110, 78, 94, 92, 124, 252, 188, 190, 186, 250], f=95, g=26
[00:00:23:16:894] Expansion 19600000: state [255, 223, 207, 203, 75, 73, 72, 200, 232, 233, 237, 109, 45, 41, 57, 185, 189, 188, 156, 152, 154, 26, 90, 94, 92, 124], f=95, g=25
[00:00:23:24:083] Expansion 19700000: state [255, 223, 207, 203, 75, 73, 72, 200, 232, 233, 237, 109, 45, 41, 43, 171, 175, 174, 142, 158, 154, 186, 58, 122, 90, 94, 92, 124, 252], f=95, g=28
[00:00:23:31:068] Expansion 19800000: state [255, 223, 207, 203, 75, 73, 72, 200, 232, 233, 237, 109, 108, 124, 252, 188, 172, 174, 46, 42, 43, 41, 57, 25, 24, 26, 154, 218], f=95, g=27
[00:00:23:38:076] Expansion 19900000: state [255, 223, 207, 203, 75, 73, 72, 200, 232, 233, 237, 109, 108, 110, 106, 42, 40, 41, 57, 185, 153, 157, 156, 220, 92, 94, 90, 26, 154, 138, 142, 174, 172], f=95, g=32
[00:00:23:44:988] Expansion 20000000: state [255, 223, 207, 203, 75, 73, 72, 200, 232, 233, 237, 173, 45, 41, 57, 25, 24, 152, 184, 188, 252, 220, 92, 94, 78, 110, 238, 174, 170, 171, 187, 155], f=95, g=31
[00:00:23:52:334] Expansion 20100000: state [255, 223, 207, 203, 75, 73, 72, 200, 232, 233, 237, 173, 45, 41, 43, 42, 46, 110, 78, 94, 92, 220, 156, 188, 184, 186, 154, 155, 153, 137], f=95, g=29
[00:00:23:59:558] Expansion 20200000: state [255, 223, 207, 203, 75, 73, 72, 200, 232, 233, 237, 173, 141, 137, 153, 155, 154, 218, 90, 122, 58, 42, 46, 174, 190, 188, 252, 220], f=95, g=27
[00:00:24:06:729] Expansion 20300000: state [255, 223, 207, 203, 75, 73, 72, 200, 232, 233, 237, 173, 172, 188, 60, 124, 92, 94, 90, 122, 58, 186, 187, 185, 153, 137], f=95, g=25
[00:00:24:15:590] Expansion 20400000: state [255, 223, 207, 203, 75, 73, 72, 200, 232, 233, 237, 173, 172, 174, 190, 186, 250, 218, 90, 26, 24, 152, 153, 185, 57, 41, 40, 42, 106, 110, 108, 124, 252, 220], f=95, g=33
[00:00:24:22:349] Expansion 20500000: state [255, 223, 207, 203, 75, 73, 72, 200, 232, 233, 237, 173, 189, 188, 252, 124, 108, 110, 78, 94, 90, 26, 58, 42, 43, 41, 57, 25, 153, 137], f=95, g=29
[00:00:24:29:063] Expansion 20600000: state [255, 223, 207, 203, 75, 73, 72, 200, 232, 233, 237, 173, 175, 174, 142, 158], f=95, g=15
[00:00:24:35:788] Expansion 20700000: state [255, 223, 207, 203, 75, 73, 72, 200, 216, 152, 24, 26, 90, 122, 250, 186, 190, 174, 172, 168, 169, 233, 249, 121], f=95, g=23
[00:00:24:42:533] Expansion 20800000: state [255, 223, 207, 203, 75, 73, 72, 200, 216, 152, 24, 26, 58, 42, 40, 41, 57, 185, 249, 233, 237, 109, 108, 124, 252, 188, 190, 174], f=95, g=27
[00:00:24:49:227] Expansion 20900000: state [255, 223, 207, 203, 75, 73, 72, 200, 216, 152, 24, 25, 57, 41, 169, 173, 189, 188, 190, 186, 58, 122, 90, 94, 92], f=95, g=24
[00:00:24:56:201] Expansion 21000000: state [255, 223, 207, 203, 75, 73, 72, 200, 216, 152, 24, 25, 57, 121, 249, 233, 169, 171, 170, 174, 172, 188, 252], f=95, g=22
[00:00:25:03:022] Expansion 21100000: state [255, 223, 207, 203, 75, 73, 72, 200, 216, 152, 184, 186, 187, 171, 175, 173, 237, 109, 108, 110, 78, 94, 90], f=95, g=22
[00:00:25:10:024] Expansion 21200000: state [255, 223, 207, 203, 75, 73, 72, 200, 216, 152, 156, 188, 252, 124, 108, 110, 106, 42, 40, 41, 45, 173, 237, 233, 249, 185, 187, 171], f=95, g=27
[00:00:25:16:898] Expansion 21300000: state [255, 223, 207, 203, 75, 73, 72, 200, 216, 152, 156, 158, 142, 174, 172, 236, 108, 109, 45, 41, 57, 185, 187, 186, 58, 26, 90, 94], f=95, g=27
[00:00:25:23:842] Expansion 21400000: state [255, 223, 207, 203, 75, 73, 72, 200, 216, 152, 156, 157, 141, 173, 237, 233, 249, 185, 187, 186, 250, 122, 106, 42, 40, 41], f=95, g=25
[00:00:25:30:715] Expansion 21500000: state [255, 223, 207, 203, 75, 73, 72, 200, 216, 152, 154, 26, 90, 94, 78, 110, 238, 174, 175, 173, 45, 109], f=95, g=21
[00:00:25:37:715] Expansion 21600000: state [255, 223, 207, 203, 75, 73, 72, 200, 216, 152, 154, 138, 142, 174, 46, 110, 108, 124, 252, 188, 189, 173, 169, 233, 249], f=95, g=24
[00:00:25:44:726] Expansion 21700000: state [255, 223, 207, 203, 75, 73, 72, 200, 216, 152, 154, 186, 190, 188, 172, 168, 40, 41], f=95, g=17
[00:00:25:51:780] Expansion 21800000: state [255, 223, 207, 203, 75, 73, 72, 200, 216, 152, 154, 158, 190, 188, 189, 173, 169, 41, 40, 42, 106], f=95, g=20
[00:00:26:02:397] Expansion 21900000: state [255, 223, 207, 203, 75, 73, 72, 200, 216, 152, 153, 25, 57, 41, 45, 173, 189, 188, 252, 124, 92, 94, 90, 122, 106, 234, 238, 174, 142], f=95, g=28
[00:00:26:09:417] Expansion 22000000: state [255, 223, 207, 203, 75, 73, 72, 200, 216, 152, 153, 137, 141, 173, 45, 41, 40, 42, 58, 186, 250, 234, 238, 236], f=95, g=23
[00:00:26:16:343] Expansion 22100000: state [255, 223, 207, 203, 75, 73, 72, 200, 216, 152, 153, 185, 249, 233, 237, 173, 172, 188, 60, 124, 108, 110, 78, 94, 90, 26, 58, 42, 43], f=95, g=28
[00:00:26:23:530] Expansion 22200000: state [255, 223, 207, 203, 75, 73, 72, 200, 216, 152, 153, 157, 189, 173, 237, 233, 249, 121, 57, 41, 43, 42, 46, 110, 238, 234, 250, 186, 187], f=95, g=28
[00:00:26:30:556] Expansion 22300000: state [255, 223, 207, 203, 75, 73, 72, 200, 216, 152, 153, 155, 187, 186, 250, 234, 238, 110, 108, 109, 45, 173], f=95, g=21
[00:00:26:37:770] Expansion 22400000: state [255, 223, 207, 203, 75, 73, 72, 200, 216, 220, 92, 124, 60, 188, 184, 185, 153, 157, 141, 173, 237, 236, 238, 110, 46, 42, 170, 171], f=95, g=27
[00:00:26:45:097] Expansion 22500000: state [255, 223, 207, 203, 75, 73, 72, 200, 216, 220, 92, 124, 60, 188, 189, 173, 169, 137, 153, 25, 24, 26, 154, 138, 170, 42, 106, 110, 238, 236], f=95, g=29
[00:00:26:52:242] Expansion 22600000: state [255, 223, 207, 203, 75, 73, 72, 200, 216, 220, 92, 124, 108, 236, 238, 234, 106, 122, 90, 26, 24, 25, 153, 185, 184, 168, 40, 41, 45, 173], f=95, g=29
[00:00:26:59:161] Expansion 22700000: state [255, 223, 207, 203, 75, 73, 72, 200, 216, 220, 92, 124, 108, 110, 46, 174, 175, 171, 169, 41, 57, 25, 24, 26, 90, 122], f=95, g=25
[00:00:27:06:030] Expansion 22800000: state [255, 223, 207, 203, 75, 73, 72, 200, 216, 220, 92, 124, 108, 110, 238, 174, 172, 173, 45, 41, 57, 185, 153, 155, 154, 186, 58, 122, 90], f=95, g=28
[00:00:27:13:063] Expansion 22900000: state [255, 223, 207, 203, 75, 73, 72, 200, 216, 220, 92, 124, 108, 109, 237, 173, 141, 157, 153, 25, 57, 41, 40, 42, 58, 26, 154, 158], f=95, g=27
[00:00:27:20:034] Expansion 23000000: state [255, 223, 207, 203, 75, 73, 72, 200, 216, 220, 92, 94, 78, 110, 46, 174, 142, 158, 154, 186, 187, 171, 43, 41, 45, 173, 141, 137, 153], f=95, g=28
[00:00:27:27:246] Expansion 23100000: state [255, 223, 207, 203, 75, 73, 72, 200, 216, 220, 92, 94, 78, 110, 106, 122, 250, 186, 154, 138, 142, 174, 172, 173, 189, 185, 249, 121], f=95, g=27
[00:00:27:34:601] Expansion 23200000: state [255, 223, 207, 203, 75, 73, 72, 200, 216, 220, 92, 94, 78, 110, 238, 174, 142, 158, 154, 186, 184, 185, 249, 233, 237, 173, 45, 41], f=95, g=27
[00:00:27:41:695] Expansion 23300000: state [255, 223, 207, 203, 75, 73, 72, 200, 216, 220, 92, 94, 90, 26, 24, 25, 153, 157, 189, 188, 184, 186, 187, 171, 169, 41, 45, 109, 108, 236], f=95, g=29
[00:00:27:48:502] Expansion 23400000: state [255, 223, 207, 203, 75, 73, 72, 200, 216, 220, 92, 94, 90, 26, 154, 158, 142, 174, 238, 236, 237, 173, 141, 157, 153, 185, 187, 171, 43, 42, 40, 168], f=95, g=31
[00:00:27:55:332] Expansion 23500000: state [255, 223, 207, 203, 75, 73, 72, 200, 216, 220, 92, 94, 90, 122, 58, 42, 40, 168, 169, 171, 187, 155, 154, 138, 142, 174, 238, 110, 108, 109], f=95, g=29
[00:00:28:02:473] Expansion 23600000: state [255, 223, 207, 203, 75, 73, 72, 200, 216, 220, 92, 94, 90, 122, 106, 234, 170, 171, 43, 41, 45, 173, 172, 188, 184, 185, 249, 233], f=95, g=27
[00:00:28:09:828] Expansion 23700000: state [255, 223, 207, 203, 75, 73, 72, 200, 216, 220, 92, 94, 90, 122, 250, 234, 170, 42, 46, 110, 108, 236, 172, 188, 184, 185, 153, 155, 154, 158], f=95, g=29
[00:00:28:16:945] Expansion 23800000: state [255, 223, 207, 203, 75, 73, 72, 200, 216, 220, 156, 188, 60, 124, 108, 109, 45, 41, 169, 171, 175, 174, 238, 234, 250, 122, 58], f=95, g=26
[00:00:28:23:899] Expansion 23900000: state [255, 223, 207, 203, 75, 73, 72, 200, 216, 220, 156, 188, 172, 174, 175, 171, 187, 185, 249, 233, 237, 109, 45, 41, 40, 42, 58, 26, 90, 94, 78], f=95, g=30
[00:00:28:31:169] Expansion 24000000: state [255, 223, 207, 203, 75, 73, 72, 200, 216, 220, 156, 188, 184, 185, 169, 171, 175, 174, 238, 110, 78, 94, 90, 26, 154, 155], f=95, g=25
[00:00:28:38:429] Expansion 24100000: state [255, 223, 207, 203, 75, 73, 72, 200, 216, 220, 156, 188, 189, 173, 169, 137, 153, 155, 187, 186, 58, 42, 106, 110, 238, 174, 142], f=95, g=26
[00:00:28:45:485] Expansion 24200000: state [255, 223, 207, 203, 75, 73, 72, 200, 216, 220, 156, 158, 142, 174, 172, 168, 40, 41, 45, 109, 237, 233, 249, 185, 187, 186, 58, 122, 90], f=95, g=28
[00:00:28:52:639] Expansion 24300000: state [255, 223, 207, 203, 75, 73, 72, 200, 216, 220, 156, 158, 154, 26, 58, 122, 106, 110, 46, 174, 170, 168, 169, 173, 237, 236], f=95, g=25
[00:00:28:59:809] Expansion 24400000: state [255, 223, 207, 203, 75, 73, 72, 200, 216, 220, 156, 158, 190, 174, 170, 42, 58, 26, 24, 25, 57, 41, 169, 233, 237, 236], f=95, g=25
[00:00:29:07:062] Expansion 24500000: state [255, 223, 207, 203, 75, 73, 72, 200, 216, 220, 156, 157, 141, 173, 45, 109, 108, 236, 238, 174, 190, 186, 154, 26, 90], f=95, g=24
[00:00:29:14:322] Expansion 24600000: state [255, 223, 207, 203, 75, 73, 72, 200, 216, 220, 156, 157, 153, 25, 57, 41, 45, 173, 175, 174, 142, 138, 154, 186, 58, 122, 90], f=95, g=26
[00:00:29:21:855] Expansion 24700000: state [255, 223, 207, 203, 75, 73, 72, 200, 216, 220, 156, 157, 153, 155, 154, 26, 58, 42, 46, 110, 108, 236, 172, 173, 169, 233, 249, 121, 57], f=95, g=28
[00:00:29:29:161] Expansion 24800000: state [255, 223, 207, 203, 75, 73, 72, 200, 216, 220, 156, 157, 189, 185, 249, 233, 237, 109, 108, 110, 106, 122, 58, 186, 154, 138, 142, 174, 172], f=95, g=28
[00:00:29:36:449] Expansion 24900000: state [255, 223, 207, 203, 75, 73, 72, 200, 216, 220, 252, 124, 108, 110, 106, 122, 58, 26, 24, 25, 153, 157, 189, 173, 172, 174, 142, 138], f=95, g=27
[00:00:29:43:607] Expansion 25000000: state [255, 223, 207, 203, 75, 73, 72, 200, 216, 220, 252, 124, 108, 109, 237, 173, 141, 137, 153, 185, 57, 41, 40, 42, 46, 174, 142, 158, 154, 26, 90, 94, 78], f=95, g=32
[00:00:29:50:784] Expansion 25100000: state [255, 223, 207, 203, 75, 73, 72, 200, 216, 220, 252, 188, 172, 174, 238, 234, 106, 122, 90, 26, 154, 155, 153, 185, 249, 233, 237, 109, 108], f=95, g=28
[00:00:29:57:680] Expansion 25200000: state [255, 223, 207, 203, 75, 73, 72, 200, 216, 220, 252, 188, 184, 185, 249, 233, 237, 109, 45, 41, 43, 171, 170, 174, 46, 110, 78, 94, 90, 26, 154], f=95, g=30
[00:00:30:04:554] Expansion 25300000: state [255, 223, 207, 203, 75, 73, 72, 200, 216, 220, 252, 188, 189, 157, 141, 137, 169, 41, 45, 109, 108, 110, 78, 94, 90, 122], f=95, g=25
[00:00:30:11:490] Expansion 25400000: state [255, 223, 207, 203, 75, 73, 72, 200, 216, 220, 252, 236, 108, 110, 46, 174, 190, 186, 187, 155, 153, 157, 189, 173, 169, 41, 57, 121], f=95, g=27
[00:00:30:18:445] Expansion 25500000: state [255, 223, 207, 203, 75, 73, 72, 200, 216, 220, 252, 236, 172, 173, 45, 41, 57, 25, 153, 155, 187, 171, 170, 42, 58, 26, 90, 94, 78, 110], f=95, g=29
[00:00:30:25:447] Expansion 25600000: state [255, 223, 207, 203, 75, 73, 72, 200, 216, 220, 252, 236, 237, 109, 45, 41, 57, 185, 187, 186, 58, 42, 46, 110], f=95, g=23
[00:00:30:32:659] Expansion 25700000: state [255, 223, 207, 203, 75, 73, 72, 200, 216, 218, 90, 26, 24, 25, 153, 185, 184, 168, 170, 174, 175, 173, 45, 109, 108, 110], f=95, g=25
[00:00:30:39:775] Expansion 25800000: state [255, 223, 207, 203, 75, 73, 72, 200, 216, 218, 90, 26, 24, 25, 57, 41, 45, 173, 175, 171, 170, 168, 184, 188, 252, 236, 238, 110, 78], f=95, g=28
[00:00:30:46:692] Expansion 25900000: state [255, 223, 207, 203, 75, 73, 72, 200, 216, 218, 90, 26, 58, 42, 106, 110, 108, 236, 172, 168, 169, 185, 189, 157], f=95, g=23
[00:00:30:53:585] Expansion 26000000: state [255, 223, 207, 203, 75, 73, 72, 200, 216, 218, 90, 26, 58, 186, 187, 185, 189, 188, 172, 168, 40, 41, 45, 109, 108], f=95, g=24
[00:00:31:00:306] Expansion 26100000: state [255, 223, 207, 203, 75, 73, 72, 200, 216, 218, 90, 122, 58, 186, 184, 188, 252, 236, 238, 174, 175, 171, 43, 41, 57, 25, 153, 155], f=95, g=27
[00:00:31:07:310] Expansion 26200000: state [255, 223, 207, 203, 75, 73, 72, 200, 216, 218, 90, 122, 106, 234, 170, 138, 142, 158, 190, 188, 252, 236, 237, 233, 169, 41, 57, 121], f=95, g=27
[00:00:31:14:513] Expansion 26300000: state [255, 223, 207, 203, 75, 73, 72, 200, 216, 218, 90, 122, 106, 110, 238, 174, 172, 173, 141, 137, 153, 155, 187, 186, 184], f=95, g=24
[00:00:31:25:965] Expansion 26400000: state [255, 223, 207, 203, 75, 73, 72, 200, 216, 218, 90, 94, 78, 110, 108, 236, 252, 188, 190, 174, 170, 171, 43, 41, 45, 173, 141, 157, 153, 25], f=95, g=29
[00:00:31:33:120] Expansion 26500000: state [255, 223, 207, 203, 75, 73, 72, 200, 216, 218, 90, 94, 78, 110, 238, 236, 237, 233, 169, 41, 40, 42, 170, 138, 142], f=95, g=24
[00:00:31:40:187] Expansion 26600000: state [255, 223, 207, 203, 75, 73, 72, 200, 216, 218, 90, 94, 92, 124, 108, 110, 46, 174, 172, 173, 169, 41], f=95, g=21
[00:00:31:47:265] Expansion 26700000: state [255, 223, 207, 203, 75, 73, 72, 200, 216, 218, 90, 94, 92, 124, 252, 188, 189, 157, 153, 25, 57, 41, 40, 42, 170, 171], f=95, g=25
[00:00:31:54:437] Expansion 26800000: state [255, 223, 207, 203, 75, 73, 72, 200, 216, 218, 154, 26, 24, 25, 153, 157, 189, 188, 190, 174, 46, 42, 40, 168, 169, 233, 237, 236], f=95, g=27
[00:00:32:01:215] Expansion 26900000: state [255, 223, 207, 203, 75, 73, 72, 200, 216, 218, 154, 26, 58, 42, 46, 110, 108, 124, 252, 188, 156, 157, 153, 25, 57, 121, 249], f=95, g=26
[00:00:32:07:950] Expansion 27000000: state [255, 223, 207, 203, 75, 73, 72, 200, 216, 218, 154, 138, 170, 174, 46, 110, 108, 109, 45, 173, 141, 157, 156, 188, 184, 185, 249], f=95, g=26
[00:00:32:14:608] Expansion 27100000: state [255, 223, 207, 203, 75, 73, 72, 200, 216, 218, 154, 186, 58, 122, 106, 110, 78, 94, 92, 124, 60, 188, 189, 185, 169, 41, 45, 109], f=95, g=27
[00:00:32:21:701] Expansion 27200000: state [255, 223, 207, 203, 75, 73, 72, 200, 216, 218, 154, 186, 187, 171, 169, 137, 141, 157, 189, 188, 252, 124, 108, 110, 46], f=95, g=24
[00:00:32:28:819] Expansion 27300000: state [255, 223, 207, 203, 75, 73, 72, 200, 216, 218, 154, 158, 156, 157, 141, 173, 45, 41, 43, 171, 170, 234, 238, 236, 108], f=95, g=24
[00:00:32:35:947] Expansion 27400000: state [255, 223, 207, 203, 75, 73, 72, 200, 216, 218, 154, 155, 153, 25, 57, 41, 43, 42, 46, 110, 238, 236, 237, 173, 189, 188, 60], f=95, g=26
[00:00:32:43:112] Expansion 27500000: state [255, 223, 207, 203, 75, 73, 72, 200, 216, 218, 154, 155, 187, 171, 175, 173, 172, 188, 252, 124, 92, 94, 78, 110, 46, 42], f=95, g=25
[00:00:32:50:115] Expansion 27600000: state [255, 223, 207, 203, 75, 73, 72, 200, 216, 218, 250, 122, 58, 42, 40, 41, 57, 185, 249, 233, 237, 173, 175, 174, 142, 138], f=95, g=25
[00:00:32:57:043] Expansion 27700000: state [255, 223, 207, 203, 75, 73, 72, 200, 216, 218, 250, 122, 106, 42, 170, 174, 238, 236, 237, 173, 141, 157, 156, 188, 184], f=95, g=24
[00:00:33:04:101] Expansion 27800000: state [255, 223, 207, 203, 75, 73, 72, 200, 216, 218, 250, 122, 106, 110, 238, 236, 237, 173, 141, 137, 153, 185, 57, 41, 43, 171, 170, 138, 142, 158, 190, 188, 60, 124], f=95, g=33
[00:00:33:11:053] Expansion 27900000: state [255, 223, 207, 203, 75, 73, 72, 200, 216, 218, 250, 186, 184, 168, 40, 41, 57, 121, 249, 233, 237, 236, 252, 124, 92, 94, 78, 110, 106], f=95, g=28
[00:00:33:18:412] Expansion 28000000: state [255, 223, 207, 203, 75, 73, 72, 200, 216, 218, 250, 186, 187, 185, 189, 173, 175, 174, 238, 110, 108, 124], f=95, g=21
[00:00:33:25:597] Expansion 28100000: state [255, 223, 207, 203, 75, 73, 72, 200, 216, 218, 250, 234, 170, 174, 142, 158, 156, 157, 141, 173, 237, 233, 249, 185, 57], f=95, g=24
[00:00:33:32:775] Expansion 28200000: state [255, 223, 207, 203, 75, 73, 72, 200, 216, 217, 153, 25, 24, 26, 154, 186, 190, 188, 252, 236, 238, 110, 46, 42, 43, 171, 175, 173, 141], f=95, g=28
[00:00:33:39:913] Expansion 28300000: state [255, 223, 207, 203, 75, 73, 72, 200, 216, 217, 153, 25, 24, 26, 90, 94, 92, 124, 108, 110, 46, 174, 172, 173, 169, 171, 43], f=95, g=26
[00:00:33:47:110] Expansion 28400000: state [255, 223, 207, 203, 75, 73, 72, 200, 216, 217, 153, 25, 57, 41, 169, 168, 172, 236, 238, 110, 106, 42, 58, 26, 90, 94, 92, 93], f=95, g=27
[00:00:33:54:329] Expansion 28500000: state [255, 223, 207, 203, 75, 73, 72, 200, 216, 217, 153, 25, 57, 41, 45, 173, 175, 174, 190, 158, 154, 26, 58, 122, 106, 110, 108, 236], f=95, g=27
[00:00:34:01:642] Expansion 28600000: state [255, 223, 207, 203, 75, 73, 72, 200, 216, 217, 153, 137, 169, 168, 40, 42, 106, 234, 250, 186, 190, 188, 252, 236, 108, 109, 45], f=95, g=26
[00:00:34:08:696] Expansion 28700000: state [255, 223, 207, 203, 75, 73, 72, 200, 216, 217, 153, 137, 141, 173, 45, 41, 40, 42, 170, 138, 154, 158, 156, 188, 252, 236, 238, 110, 78], f=95, g=28
[00:00:34:15:658] Expansion 28800000: state [255, 223, 207, 203, 75, 73, 72, 200, 216, 217, 153, 185, 57, 41, 40, 42, 170, 234, 238, 236, 252, 124, 92, 94, 78], f=95, g=24
[00:00:34:22:610] Expansion 28900000: state [255, 223, 207, 203, 75, 73, 72, 200, 216, 217, 153, 185, 169, 168, 172, 236, 108, 110, 78, 94, 90, 122, 250, 186, 190, 158, 142, 138], f=95, g=27
[00:00:34:29:610] Expansion 29000000: state [255, 223, 207, 203, 75, 73, 72, 200, 216, 217, 153, 185, 184, 188, 190, 174, 170, 171, 43, 41, 45, 109, 108, 124, 92, 94, 90, 26, 24], f=95, g=28
[00:00:34:36:602] Expansion 29100000: state [255, 223, 207, 203, 75, 73, 72, 200, 216, 217, 153, 185, 187, 186, 154, 158, 142, 174, 46, 110, 78, 94, 92, 124, 252, 236, 237, 173, 45, 41, 43], f=95, g=30
[00:00:34:43:560] Expansion 29200000: state [255, 223, 207, 203, 75, 73, 72, 200, 216, 217, 153, 157, 156, 188, 60, 124, 92, 94, 90, 26, 154, 186, 170, 42, 46, 110, 238, 236, 237, 233], f=95, g=29
[00:00:34:50:596] Expansion 29300000: state [255, 223, 207, 203, 75, 73, 72, 200, 216, 217, 153, 157, 156, 158, 142, 138, 170, 234, 238, 110, 108, 124, 92, 94, 90, 122, 58], f=95, g=26
[00:00:34:57:470] Expansion 29400000: state [255, 223, 207, 203, 75, 73, 72, 200, 216, 217, 153, 157, 189, 173, 169, 168, 40, 42, 58, 122, 90, 94, 78, 110, 108, 109], f=95, g=25
[00:00:35:04:437] Expansion 29500000: state [255, 223, 207, 203, 75, 73, 72, 200, 216, 217, 153, 157, 189, 188, 190, 186, 250, 122, 106, 42, 43, 41, 169, 233, 237, 109, 108, 124, 92, 93], f=95, g=29
[00:00:35:11:497] Expansion 29600000: state [255, 223, 207, 203, 75, 73, 72, 200, 216, 217, 153, 155, 154, 186, 184, 188, 189, 173, 45, 41, 40, 42, 106, 110, 238], f=95, g=24
[00:00:35:18:797] Expansion 29700000: state [255, 223, 207, 203, 75, 73, 72, 200, 216, 217, 153, 155, 187, 171, 169, 173, 45, 109, 108, 124, 252, 188, 190, 174, 238, 234, 106], f=95, g=26
[00:00:35:26:041] Expansion 29800000: state [255, 223, 207, 203, 75, 73, 72, 200, 216, 217, 249, 121, 57, 25, 24, 26, 154, 158, 156, 157, 141, 137, 169, 171, 175, 174, 238, 236, 252, 124], f=95, g=29
[00:00:35:33:171] Expansion 29900000: state [255, 223, 207, 203, 75, 73, 72, 200, 216, 217, 249, 121, 57, 25, 24, 26, 58, 186, 170, 234, 238, 236, 108, 124, 60, 188, 189, 157, 141, 137, 169], f=95, g=30
[00:00:35:40:088] Expansion 30000000: state [255, 223, 207, 203, 75, 73, 72, 200, 216, 217, 249, 121, 57, 41, 169, 137, 141, 157, 156, 188, 190, 174, 170, 138, 154, 26, 90, 94, 92, 124, 108, 110], f=95, g=31
[00:00:35:47:496] Expansion 30100000: state [255, 223, 207, 203, 75, 73, 72, 200, 216, 217, 249, 121, 57, 41, 45, 173, 141, 157, 156, 188, 60, 124, 92, 94, 78, 110, 106, 234, 250, 186, 187, 171], f=95, g=31
[00:00:35:54:635] Expansion 30200000: state [255, 223, 207, 203, 75, 73, 72, 200, 216, 217, 249, 121, 57, 41, 43, 42, 106, 122, 250, 186, 190], f=95, g=20
[00:00:36:01:552] Expansion 30300000: state [255, 223, 207, 203, 75, 73, 72, 200, 216, 217, 249, 185, 57, 25, 24, 26, 58, 186, 170, 138, 142, 158, 156, 188, 172, 173, 237], f=95, g=26
[00:00:36:08:536] Expansion 30400000: state [255, 223, 207, 203, 75, 73, 72, 200, 216, 217, 249, 185, 57, 41, 43, 42, 46, 110, 108, 236, 172, 168], f=95, g=21
[00:00:36:15:885] Expansion 30500000: state [255, 223, 207, 203, 75, 73, 72, 200, 216, 217, 249, 185, 169, 173, 237, 109, 108, 124, 252, 188, 190, 158, 142, 138, 170, 234, 238], f=95, g=26
[00:00:36:23:190] Expansion 30600000: state [255, 223, 207, 203, 75, 73, 72, 200, 216, 217, 249, 185, 184, 186, 190, 158, 156, 157, 141, 173, 172, 236, 238, 110, 46, 42, 40, 41], f=95, g=27
[00:00:36:30:411] Expansion 30700000: state [255, 223, 207, 203, 75, 73, 72, 200, 216, 217, 249, 185, 187, 155, 154, 158, 156, 188, 252, 236, 237, 173, 45, 41, 40, 42, 106, 122, 90], f=95, g=28
[00:00:36:37:630] Expansion 30800000: state [255, 223, 207, 203, 75, 73, 72, 200, 216, 217, 249, 233, 169, 41, 57, 25, 24, 26, 90, 94, 92, 124, 252, 236, 172, 174, 170, 186, 184], f=95, g=28
[00:00:36:44:982] Expansion 30900000: state [255, 223, 207, 203, 75, 73, 72, 200, 216, 217, 249, 233, 169, 173, 189, 188, 60, 124, 92, 94, 90, 122, 58, 186, 154, 158, 142, 174, 238], f=95, g=28
[00:00:36:51:886] Expansion 31000000: state [255, 223, 207, 203, 75, 73, 72, 200, 216, 217, 249, 233, 237, 109, 108, 110, 46, 42, 40, 168, 172, 188, 156, 158, 154, 186, 250, 122, 90, 94, 92], f=95, g=30
[00:00:36:59:054] Expansion 31100000: state [255, 223, 207, 203, 75, 73, 72, 200, 216, 217, 249, 233, 237, 173, 175, 171, 43, 41, 57, 25, 24, 26, 58, 186, 190, 158, 142], f=95, g=26
[00:00:37:06:317] Expansion 31200000: state [255, 223, 207, 203, 75, 73, 72, 200, 204, 236, 108, 124, 60, 188, 156, 158, 154, 155, 153, 217, 249, 121, 57, 41, 45, 173, 175, 174, 170, 42, 106, 122, 90], f=95, g=32
[00:00:37:13:724] Expansion 31300000: state [255, 223, 207, 203, 75, 73, 72, 200, 204, 236, 108, 124, 60, 188, 190, 174, 175, 173, 141, 137, 153, 155, 154, 218, 90, 122, 58, 42, 40], f=95, g=28
[00:00:37:21:158] Expansion 31400000: state [255, 223, 207, 203, 75, 73, 72, 200, 204, 236, 108, 124, 92, 94, 90, 26, 154, 186, 170, 174, 175, 173, 169, 233, 249, 121, 57, 25, 153, 157], f=95, g=29
[00:00:37:28:338] Expansion 31500000: state [255, 223, 207, 203, 75, 73, 72, 200, 204, 236, 108, 124, 92, 94, 90, 122, 58, 42, 40, 41, 57, 185, 184, 152, 156, 157, 141, 137], f=95, g=27
[00:00:37:35:656] Expansion 31600000: state [255, 223, 207, 203, 75, 73, 72, 200, 204, 236, 108, 124, 92, 94, 90, 122, 250, 234, 170, 168, 40, 41, 45, 173, 141, 137, 153, 155, 154, 158, 156], f=95, g=30
[00:00:37:42:720] Expansion 31700000: state [255, 223, 207, 203, 75, 73, 72, 200, 204, 236, 108, 110, 46, 174, 190, 188, 189, 157, 153, 152, 24, 26, 58, 122, 250], f=95, g=24
[00:00:37:49:847] Expansion 31800000: state [255, 223, 207, 203, 75, 73, 72, 200, 204, 236, 108, 110, 78, 94, 90, 218, 250, 234, 170, 138, 142, 158, 156, 188, 184, 185, 187, 155], f=95, g=27
[00:00:37:56:864] Expansion 31900000: state [255, 223, 207, 203, 75, 73, 72, 200, 204, 236, 108, 110, 106, 42, 58, 26, 154, 155, 153, 137, 141, 173, 189, 188, 190, 174], f=95, g=25
[00:00:38:04:122] Expansion 32000000: state [255, 223, 207, 203, 75, 73, 72, 200, 204, 236, 108, 110, 106, 122, 90, 26, 24, 25, 57, 41, 169, 137, 141, 157, 189, 188, 184, 186, 170, 138, 142], f=95, g=30
[00:00:38:11:305] Expansion 32100000: state [255, 223, 207, 203, 75, 73, 72, 200, 204, 236, 108, 109, 45, 41, 169, 171, 175, 174, 46, 42, 106, 122, 90, 218, 154, 152, 153, 157, 189], f=95, g=28
[00:00:38:25:615] Expansion 32200000: state [255, 223, 207, 203, 75, 73, 72, 200, 204, 236, 108, 109, 45, 173, 189, 185, 57, 25, 24, 152, 154, 218, 250, 122, 106, 42, 46, 174, 142], f=95, g=28
[00:00:38:32:595] Expansion 32300000: state [255, 223, 207, 203, 75, 73, 72, 200, 204, 236, 172, 188, 156, 158, 142, 138, 170, 42, 106, 122, 90, 26, 24, 25, 57, 185, 187, 155], f=95, g=27
[00:00:38:39:514] Expansion 32400000: state [255, 223, 207, 203, 75, 73, 72, 200, 204, 236, 172, 174, 46, 110, 106, 122, 250, 186, 187, 155, 153, 217, 249, 233, 169, 41, 45, 109], f=95, g=27
[00:00:38:46:500] Expansion 32500000: state [255, 223, 207, 203, 75, 73, 72, 200, 204, 236, 172, 173, 141, 157, 153, 152, 24, 26, 90, 94, 78, 110, 106, 234, 250, 186, 190], f=95, g=26
[00:00:38:53:695] Expansion 32600000: state [255, 223, 207, 203, 75, 73, 72, 200, 204, 236, 252, 124, 92, 94, 78, 110, 46, 174, 170, 168, 169, 173, 189, 157, 153, 152, 154, 26, 58, 122], f=95, g=29
[00:00:39:00:694] Expansion 32700000: state [255, 223, 207, 203, 75, 73, 72, 200, 204, 236, 252, 124, 92, 94, 90, 26, 24, 152, 156, 158, 190, 174, 46, 42, 43, 41, 169, 233, 249, 121], f=95, g=29
[00:00:39:07:718] Expansion 32800000: state [255, 223, 207, 203, 75, 73, 72, 200, 204, 236, 252, 124, 92, 94, 90, 122, 58, 42, 46, 174, 142, 138, 154, 152, 184, 185, 57, 41], f=95, g=27
[00:00:39:14:999] Expansion 32900000: state [255, 223, 207, 203, 75, 73, 72, 200, 204, 236, 252, 188, 156, 152, 153, 25, 57, 41, 43, 171, 187, 186, 250, 122, 106, 110, 78, 94, 92], f=95, g=28
[00:00:39:22:056] Expansion 33000000: state [255, 223, 207, 203, 75, 73, 72, 200, 204, 236, 252, 188, 156, 157, 153, 155, 154, 186, 170, 174, 175, 173, 45, 41, 57, 121, 249, 233], f=95, g=27
[00:00:39:29:286] Expansion 33100000: state [255, 223, 207, 203, 75, 73, 72, 200, 204, 236, 252, 188, 190, 174, 142, 138, 154, 218, 90, 94, 78, 110, 106, 42, 58], f=95, g=24
[00:00:39:36:561] Expansion 33200000: state [255, 223, 207, 203, 75, 73, 72, 200, 204, 236, 252, 188, 189, 173, 169, 41, 57, 121, 249, 217, 153, 152, 154, 138, 170, 234], f=95, g=25
[00:00:39:43:415] Expansion 33300000: state [255, 223, 207, 203, 75, 73, 72, 200, 204, 236, 238, 110, 46, 42, 43, 41, 169, 233, 249, 217, 153, 155, 154, 186, 250, 122, 90, 94, 92, 124, 60], f=95, g=30
[00:00:39:50:495] Expansion 33400000: state [255, 223, 207, 203, 75, 73, 72, 200, 204, 236, 238, 110, 78, 94, 92, 124, 60, 188, 156, 152, 153, 217, 249, 121, 57, 41, 169], f=95, g=26
[00:00:39:57:488] Expansion 33500000: state [255, 223, 207, 203, 75, 73, 72, 200, 204, 236, 238, 110, 106, 122, 58, 26, 154, 152, 156, 188, 189, 185, 57, 25], f=95, g=23
[00:00:40:04:400] Expansion 33600000: state [255, 223, 207, 203, 75, 73, 72, 200, 204, 236, 238, 174, 46, 42, 43, 41, 57, 185, 189, 157, 156, 152, 154, 186, 250, 122, 90, 94], f=95, g=27
[00:00:40:11:239] Expansion 33700000: state [255, 223, 207, 203, 75, 73, 72, 200, 204, 236, 238, 174, 170, 171, 169, 41, 57, 25, 153, 157, 156, 158, 154, 218, 250], f=95, g=24
[00:00:40:18:313] Expansion 33800000: state [255, 223, 207, 203, 75, 73, 72, 200, 204, 236, 238, 234, 106, 42, 40, 41, 169, 185, 153, 152, 156, 188], f=95, g=21
[00:00:40:25:272] Expansion 33900000: state [255, 223, 207, 203, 75, 73, 72, 200, 204, 236, 238, 234, 170, 171, 175, 173, 141, 137, 153, 155, 154, 158, 156, 188, 60, 124, 92], f=95, g=26
[00:00:40:32:255] Expansion 34000000: state [255, 223, 207, 203, 75, 73, 72, 200, 204, 236, 237, 109, 45, 41, 169, 137, 153, 157, 189, 188, 190, 158, 154, 138, 170, 42, 106, 110, 78, 94, 90], f=95, g=30
[00:00:40:39:602] Expansion 34100000: state [255, 223, 207, 203, 75, 73, 72, 200, 204, 236, 237, 109, 45, 41, 57, 185, 189, 188, 60, 124, 92, 94, 78, 110, 46, 42, 170, 234, 250, 218, 154], f=95, g=30
[00:00:40:46:920] Expansion 34200000: state [255, 223, 207, 203, 75, 73, 72, 200, 204, 236, 237, 173, 45, 41, 57, 25, 153, 157, 156, 158, 154, 218, 90, 122, 58, 42, 170, 171, 187], f=95, g=28
[00:00:40:55:168] Expansion 34300000: state [255, 223, 207, 203, 75, 73, 72, 200, 204, 236, 237, 173, 141, 157, 153, 152, 184, 188, 60, 124, 92, 94, 90, 218, 250, 234, 106, 42, 43, 41, 57], f=95, g=30
[00:00:41:02:128] Expansion 34400000: state [255, 223, 207, 203, 75, 73, 72, 200, 204, 236, 237, 173, 169, 168, 170, 138, 142, 158, 156, 188, 60, 124, 92, 94, 78, 110], f=95, g=25
[00:00:41:09:361] Expansion 34500000: state [255, 223, 207, 203, 75, 73, 72, 200, 204, 236, 237, 173, 189, 188, 190, 158, 142, 138, 170, 234, 250, 122, 90, 94, 92], f=95, g=24
[00:00:41:16:307] Expansion 34600000: state [255, 223, 207, 203, 75, 73, 72, 200, 204, 236, 237, 233, 169, 41, 57, 25, 153, 152, 156, 188, 60, 124, 92, 94, 90, 218, 250, 234, 106, 110, 46, 174, 175], f=95, g=32
[00:00:41:23:279] Expansion 34700000: state [255, 223, 207, 203, 75, 73, 72, 200, 204, 236, 237, 233, 169, 171, 187, 155, 154, 218, 90, 122, 58, 42, 46, 174, 190], f=95, g=24
[00:00:41:30:529] Expansion 34800000: state [255, 223, 207, 203, 75, 73, 72, 200, 204, 236, 237, 233, 249, 185, 153, 157, 156, 158, 154, 218, 250, 234, 106, 42, 40, 41, 45], f=95, g=26
[00:00:41:37:821] Expansion 34900000: state [255, 223, 207, 203, 75, 73, 72, 200, 204, 220, 92, 124, 60, 188, 172, 174, 142, 138, 154, 218, 90, 122, 106, 42, 43, 41, 169, 185, 153, 25], f=95, g=29
[00:00:41:45:296] Expansion 35000000: state [255, 223, 207, 203, 75, 73, 72, 200, 204, 220, 92, 124, 60, 188, 184, 168, 40, 42, 58, 122, 90, 218, 154, 158, 142, 174, 175, 173, 141], f=95, g=28
[00:00:41:52:696] Expansion 35100000: state [255, 223, 207, 203, 75, 73, 72, 200, 204, 220, 92, 124, 60, 188, 190, 174, 46, 110, 106, 122, 90, 218, 154, 152, 153, 217, 249, 233, 237, 173, 45, 41, 40], f=95, g=32
[00:00:42:00:159] Expansion 35200000: state [255, 223, 207, 203, 75, 73, 72, 200, 204, 220, 92, 124, 60, 188, 189, 157, 153, 217, 249, 121, 57, 41, 43, 171, 170, 174, 142, 158, 154, 218, 250, 122, 106, 110, 78], f=95, g=34
[00:00:42:07:590] Expansion 35300000: state [255, 223, 207, 203, 75, 73, 72, 200, 204, 220, 92, 124, 108, 110, 46, 42, 170, 138, 154, 152, 153, 157, 141, 173, 45, 41, 57], f=95, g=26
[00:00:42:14:764] Expansion 35400000: state [255, 223, 207, 203, 75, 73, 72, 200, 204, 220, 92, 124, 108, 110, 106, 42, 170, 168, 172, 173, 141, 157, 153, 152, 154, 26, 90], f=95, g=26
[00:00:42:22:158] Expansion 35500000: state [255, 223, 207, 203, 75, 73, 72, 200, 204, 220, 92, 124, 108, 110, 106, 122, 58, 26, 154, 158, 190, 174, 175, 171, 169, 137, 153, 217], f=95, g=27
[00:00:42:29:526] Expansion 35600000: state [255, 223, 207, 203, 75, 73, 72, 200, 204, 220, 92, 124, 108, 110, 238, 174, 142, 158, 154, 186, 58, 42, 40, 168, 169, 185], f=95, g=25
[00:00:42:37:019] Expansion 35700000: state [255, 223, 207, 203, 75, 73, 72, 200, 204, 220, 92, 124, 108, 110, 238, 234, 250, 186, 154, 155, 153, 25, 57, 41, 169, 168, 172, 188], f=95, g=27
[00:00:42:44:503] Expansion 35800000: state [255, 223, 207, 203, 75, 73, 72, 200, 204, 220, 92, 124, 108, 109, 45, 173, 141, 137, 153, 152, 154, 218, 90, 122, 58, 42, 170, 234, 238], f=95, g=28
[00:00:42:52:213] Expansion 35900000: state [255, 223, 207, 203, 75, 73, 72, 200, 204, 220, 92, 124, 108, 109, 237, 173, 169, 41, 43, 42, 46, 174, 238, 234, 250, 122, 90, 26, 24, 152, 153, 155], f=95, g=31
[00:00:42:59:804] Expansion 36000000: state [255, 223, 207, 203, 75, 73, 72, 200, 204, 220, 92, 124, 108, 109, 237, 233, 169, 137, 153, 157, 189, 188, 172, 174, 142, 138, 154, 186, 250, 234, 106, 42, 43], f=95, g=32
[00:00:43:07:441] Expansion 36100000: state [255, 223, 207, 203, 75, 73, 72, 200, 204, 220, 92, 94, 78, 110, 46, 42, 170, 168, 169, 173, 141, 157, 153, 25, 24, 26, 154, 158, 190, 188], f=95, g=29
[00:00:43:15:009] Expansion 36200000: state [255, 223, 207, 203, 75, 73, 72, 200, 204, 220, 92, 94, 78, 110, 106, 42, 58, 186, 154, 138, 142, 174, 172, 188, 189, 157, 153, 217, 249, 233, 169, 41, 45, 109], f=95, g=33
[00:00:43:22:322] Expansion 36300000: state [255, 223, 207, 203, 75, 73, 72, 200, 204, 220, 92, 94, 78, 110, 106, 122, 58, 186, 187, 171, 43, 41, 57, 25, 153, 157, 141, 173, 172, 174], f=95, g=29
[00:00:43:30:049] Expansion 36400000: state [255, 223, 207, 203, 75, 73, 72, 200, 204, 220, 92, 94, 78, 110, 108, 109, 237, 173, 189, 185, 57, 41, 40, 168, 170, 186, 58, 26, 24], f=95, g=28
[00:00:43:37:410] Expansion 36500000: state [255, 223, 207, 203, 75, 73, 72, 200, 204, 220, 92, 94, 78, 110, 238, 234, 170, 42, 40, 41, 45, 173, 141, 137, 153, 25, 24, 26, 154, 158, 190, 188, 184], f=95, g=32
[00:00:43:44:749] Expansion 36600000: state [255, 223, 207, 203, 75, 73, 72, 200, 204, 220, 92, 94, 90, 26, 24, 25, 153, 217, 249, 233, 237, 173, 172, 174, 170, 234, 106], f=95, g=26
[00:00:43:52:017] Expansion 36700000: state [255, 223, 207, 203, 75, 73, 72, 200, 204, 220, 92, 94, 90, 26, 154, 186, 187, 171, 43, 42, 46, 174, 172, 188, 189, 157, 153, 217, 249, 233, 237, 109], f=95, g=31
[00:00:43:59:265] Expansion 36800000: state [255, 223, 207, 203, 75, 73, 72, 200, 204, 220, 92, 94, 90, 218, 154, 138, 170, 171, 43, 41, 57, 121, 249, 233, 237], f=95, g=24
[00:00:44:06:593] Expansion 36900000: state [255, 223, 207, 203, 75, 73, 72, 200, 204, 220, 92, 94, 90, 218, 154, 155, 153, 185, 57, 41, 43, 171, 170, 168, 172, 173, 237, 109, 108], f=95, g=28
[00:00:44:13:904] Expansion 37000000: state [255, 223, 207, 203, 75, 73, 72, 200, 204, 220, 92, 94, 90, 122, 58, 42, 170, 168, 184, 185, 249, 233, 237, 173], f=95, g=23
[00:00:44:20:997] Expansion 37100000: state [255, 223, 207, 203, 75, 73, 72, 200, 204, 220, 92, 94, 90, 122, 106, 42, 43, 171, 187, 186, 184, 152, 24, 25, 57, 121, 249], f=95, g=26
[00:00:44:28:501] Expansion 37200000: state [255, 223, 207, 203, 75, 73, 72, 200, 204, 220, 92, 94, 90, 122, 250, 186, 154, 138, 142, 174, 172, 188, 189, 157, 153, 137, 169, 41, 45, 109, 108, 110], f=95, g=31
[00:00:44:35:952] Expansion 37300000: state [255, 223, 207, 203, 75, 73, 72, 200, 204, 220, 156, 152, 24, 26, 90, 94, 78, 110, 108, 109, 45, 173, 169, 171, 187, 186], f=95, g=25
[00:00:44:43:186] Expansion 37400000: state [255, 223, 207, 203, 75, 73, 72, 200, 204, 220, 156, 152, 154, 218, 250, 234, 106, 42, 46, 174, 172, 173, 169, 185, 187], f=95, g=24
[00:00:44:50:537] Expansion 37500000: state [255, 223, 207, 203, 75, 73, 72, 200, 204, 220, 156, 152, 153, 155, 187, 186, 58, 42, 43, 41, 45], f=95, g=20
[00:00:44:57:865] Expansion 37600000: state [255, 223, 207, 203, 75, 73, 72, 200, 204, 220, 156, 188, 60, 124, 108, 109, 45, 173, 175, 174, 46, 42, 106, 234, 250, 218, 90, 26, 24, 25, 57, 185], f=95, g=31
[00:00:45:05:082] Expansion 37700000: state [255, 223, 207, 203, 75, 73, 72, 200, 204, 220, 156, 188, 172, 174, 238, 110, 108, 109, 45, 41, 169, 137, 153, 155, 187, 186, 250, 218], f=95, g=27
[00:00:45:12:466] Expansion 37800000: state [255, 223, 207, 203, 75, 73, 72, 200, 204, 220, 156, 188, 184, 168, 169, 171, 175, 174, 238, 234, 250, 122, 58, 26, 154, 155, 153], f=95, g=26
[00:00:45:19:674] Expansion 37900000: state [255, 223, 207, 203, 75, 73, 72, 200, 204, 220, 156, 188, 190, 174, 170, 171, 43, 41, 45, 173, 237, 233, 249, 217, 153, 25, 24, 26, 90, 122, 106, 110, 108], f=95, g=32
[00:00:45:26:747] Expansion 38000000: state [255, 223, 207, 203, 75, 73, 72, 200, 204, 220, 156, 188, 189, 173, 237, 109, 108, 110, 238, 234, 250, 218, 90, 26, 58, 42, 43, 41, 57, 25], f=95, g=29
[00:00:45:33:808] Expansion 38100000: state [255, 223, 207, 203, 75, 73, 72, 200, 204, 220, 156, 158, 142, 174, 172, 173, 237, 109, 108, 110, 106, 234, 250, 186, 187, 185, 57], f=95, g=26
[00:00:45:40:986] Expansion 38200000: state [255, 223, 207, 203, 75, 73, 72, 200, 204, 220, 156, 158, 154, 218, 90, 122, 106, 110, 46, 174, 170, 171, 43, 41, 45, 173, 237, 233, 249, 121], f=95, g=29
[00:00:45:48:005] Expansion 38300000: state [255, 223, 207, 203, 75, 73, 72, 200, 204, 220, 156, 158, 190, 174, 170, 171, 169, 185, 153, 25, 24, 26, 90, 94], f=95, g=23
[00:00:45:55:497] Expansion 38400000: state [255, 223, 207, 203, 75, 73, 72, 200, 204, 220, 156, 157, 141, 173, 172, 174, 142, 138, 154, 186, 187, 185, 57, 41, 43, 42, 106, 110, 108, 124, 60], f=95, g=30
[00:00:46:02:829] Expansion 38500000: state [255, 223, 207, 203, 75, 73, 72, 200, 204, 220, 156, 157, 153, 137, 169, 173, 237, 109, 108, 110, 106, 234, 170, 174], f=95, g=23
[00:00:46:10:043] Expansion 38600000: state [255, 223, 207, 203, 75, 73, 72, 200, 204, 220, 156, 157, 153, 155, 154, 26, 58, 122, 106, 110, 238, 174, 175, 173, 169, 41, 43], f=95, g=26
[00:00:46:17:066] Expansion 38700000: state [255, 223, 207, 203, 75, 73, 72, 200, 204, 220, 252, 124, 108, 110, 46, 42, 40, 41, 169, 185, 153, 25, 24, 26, 90, 218], f=95, g=25
[00:00:46:24:481] Expansion 38800000: state [255, 223, 207, 203, 75, 73, 72, 200, 204, 220, 252, 124, 108, 110, 78, 94, 90, 218, 154, 186, 58, 42, 43, 41, 57, 185, 153, 137, 141, 173, 175], f=95, g=30
[00:00:46:31:905] Expansion 38900000: state [255, 223, 207, 203, 75, 73, 72, 200, 204, 220, 252, 124, 108, 110, 106, 234, 170, 168, 169, 41, 57, 25, 24, 26, 58], f=95, g=24
[00:00:46:38:998] Expansion 39000000: state [255, 223, 207, 203, 75, 73, 72, 200, 204, 220, 252, 124, 108, 110, 238, 174, 142, 158, 154, 152, 153, 217, 249, 233, 237, 173, 45, 41, 40, 42, 58], f=95, g=30
[00:00:46:46:540] Expansion 39100000: state [255, 223, 207, 203, 75, 73, 72, 200, 204, 220, 252, 124, 108, 109, 45, 41, 169, 185, 153, 152, 154, 26, 90, 122, 106, 234, 170], f=95, g=26
[00:00:46:54:104] Expansion 39200000: state [255, 223, 207, 203, 75, 73, 72, 200, 204, 220, 252, 124, 108, 109, 237, 173, 141, 157, 153, 152, 184, 186, 170, 42, 40, 41, 57, 121], f=95, g=27
[00:00:47:01:496] Expansion 39300000: state [255, 223, 207, 203, 75, 73, 72, 200, 204, 220, 252, 124, 108, 109, 237, 233, 169, 185, 184, 186, 58, 42, 106, 234, 238, 174, 142], f=95, g=26
[00:00:47:08:606] Expansion 39400000: state [255, 223, 207, 203, 75, 73, 72, 200, 204, 220, 252, 188, 172, 174, 46, 110, 108, 109, 45, 41, 43, 171, 187, 185, 153, 152, 24, 26, 58, 122, 250], f=95, g=30
[00:00:47:15:733] Expansion 39500000: state [255, 223, 207, 203, 75, 73, 72, 200, 204, 220, 252, 188, 172, 173, 141, 137, 153, 25, 57, 41, 43, 171, 170, 186, 250, 122, 90, 94, 78, 110], f=95, g=29
[00:00:47:22:987] Expansion 39600000: state [255, 223, 207, 203, 75, 73, 72, 200, 204, 220, 252, 188, 184, 152, 153, 217, 249, 121, 57, 41, 45, 173, 175, 171, 170, 42, 106, 110, 78, 94, 90], f=95, g=30
[00:00:47:34:084] Expansion 39700000: state [255, 223, 207, 203, 75, 73, 72, 200, 204, 220, 252, 188, 184, 185, 57, 25, 24, 26, 90, 218, 250, 234, 170, 42], f=95, g=23
[00:00:47:41:219] Expansion 39800000: state [255, 223, 207, 203, 75, 73, 72, 200, 204, 220, 252, 188, 190, 158, 154, 218, 250, 122, 106, 110, 108, 109, 237, 233, 169, 137, 153, 25], f=95, g=27
[00:00:47:48:222] Expansion 39900000: state [255, 223, 207, 203, 75, 73, 72, 200, 204, 220, 252, 188, 190, 174, 238, 110, 108, 109, 45, 173, 141, 157, 153], f=95, g=22
[00:00:47:55:630] Expansion 40000000: state [255, 223, 207, 203, 75, 73, 72, 200, 204, 220, 252, 188, 189, 157, 153, 25, 24, 26, 154, 218, 250, 234, 238, 110, 108, 109, 237, 233, 169, 171, 175], f=95, g=30
[00:00:48:03:105] Expansion 40100000: state [255, 223, 207, 203, 75, 73, 72, 200, 204, 220, 252, 188, 189, 173, 141, 137, 153, 152, 154, 158, 142, 174, 46, 110, 106, 122, 250], f=95, g=26
[00:00:48:10:542] Expansion 40200000: state [255, 223, 207, 203, 75, 73, 72, 200, 204, 220, 252, 188, 189, 185, 169, 168, 170, 174, 238, 110, 106], f=95, g=20
[00:00:48:26:072] Expansion 40300000: state [255, 223, 207, 203, 75, 73, 72, 104, 40, 168, 136, 138, 154, 155, 187, 185, 189, 157, 156, 220, 204, 236, 238, 234, 250, 122], f=95, g=25
[00:00:48:32:881] Expansion 40400000: state [255, 223, 207, 203, 75, 73, 72, 104, 40, 168, 136, 137, 153, 157, 156, 220, 204, 236, 237, 173, 175, 174, 46, 110, 78, 94, 90, 26, 154, 186, 187], f=95, g=30
[00:00:48:40:082] Expansion 40500000: state [255, 223, 207, 203, 75, 73, 72, 104, 40, 168, 184, 188, 190, 158, 154, 218, 90, 94, 78, 110, 238, 236, 237, 173, 141, 137, 153, 25, 57, 121, 249], f=95, g=30
[00:00:48:47:342] Expansion 40600000: state [255, 223, 207, 203, 75, 73, 72, 104, 40, 168, 172, 174, 238, 110, 78, 94, 92, 220, 216, 152, 24, 25, 57, 185, 189, 157], f=95, g=25
[00:00:48:54:464] Expansion 40700000: state [255, 223, 207, 203, 75, 73, 72, 104, 40, 168, 170, 186, 154, 218, 90, 94, 92, 220, 156, 157, 189, 185], f=95, g=21
[00:00:49:01:489] Expansion 40800000: state [255, 223, 207, 203, 75, 73, 72, 104, 40, 168, 169, 137, 153, 25, 24, 26, 154, 218, 216, 220, 204, 236, 237], f=95, g=22
[00:00:49:08:793] Expansion 40900000: state [255, 223, 207, 203, 75, 73, 72, 104, 40, 168, 169, 185, 189, 188, 252, 220, 216, 218, 250, 234, 238, 110, 46], f=95, g=22
[00:00:49:15:826] Expansion 41000000: state [255, 223, 207, 203, 75, 73, 72, 104, 40, 42, 170, 138, 136, 137, 169, 185, 184, 188, 156, 220, 204, 236, 238, 110, 78], f=95, g=24
[00:00:49:22:997] Expansion 41100000: state [255, 223, 207, 203, 75, 73, 72, 104, 40, 42, 170, 234, 250, 218, 154, 155, 187, 185, 249, 233, 237, 173, 172, 188, 190], f=95, g=24
[00:00:49:30:114] Expansion 41200000: state [255, 223, 207, 203, 75, 73, 72, 104, 40, 42, 170, 186, 250, 218, 90, 26, 24, 25, 153, 137, 141, 173, 172, 188, 60, 124, 92, 220, 204], f=95, g=28
[00:00:49:37:137] Expansion 41300000: state [255, 223, 207, 203, 75, 73, 72, 104, 40, 42, 170, 174, 238, 236, 237, 233, 249, 217, 153, 157, 156, 158, 154, 26, 24], f=95, g=24
[00:00:49:44:192] Expansion 41400000: state [255, 223, 207, 203, 75, 73, 72, 104, 40, 42, 58, 26, 24, 152, 136, 137, 169, 173, 175, 174, 238, 236, 252, 220, 92], f=95, g=24
[00:00:49:51:188] Expansion 41500000: state [255, 223, 207, 203, 75, 73, 72, 104, 40, 42, 58, 26, 154, 155, 187, 171, 175, 173, 237, 233, 249, 217, 216, 220, 92, 94], f=95, g=25
[00:00:49:58:353] Expansion 41600000: state [255, 223, 207, 203, 75, 73, 72, 104, 40, 42, 58, 186, 154, 218, 216, 220, 92, 124, 60, 188, 172, 174, 175, 171, 169], f=95, g=24
[00:00:50:05:443] Expansion 41700000: state [255, 223, 207, 203, 75, 73, 72, 104, 40, 42, 58, 186, 190, 188, 156, 157, 141, 137, 169, 233, 237], f=95, g=20
[00:00:50:12:565] Expansion 41800000: state [255, 223, 207, 203, 75, 73, 72, 104, 40, 42, 58, 122, 90, 94, 78, 110, 238, 236, 172, 173, 189, 185, 187, 155, 154, 152, 136, 137], f=95, g=27
[00:00:50:19:736] Expansion 41900000: state [255, 223, 207, 203, 75, 73, 72, 104, 40, 42, 58, 122, 250, 218, 154, 158, 190, 188, 172, 236, 237, 233, 169], f=95, g=22
[00:00:50:26:803] Expansion 42000000: state [255, 223, 207, 203, 75, 73, 72, 104, 40, 42, 46, 174, 142, 138, 154, 26, 24, 25, 57, 185, 169, 233, 237, 236, 204, 220, 156, 157, 141], f=95, g=28
[00:00:50:33:794] Expansion 42100000: state [255, 223, 207, 203, 75, 73, 72, 104, 40, 42, 46, 174, 238, 234, 250, 218, 90, 94, 92, 220, 156, 152, 136, 137, 169, 185, 249], f=95, g=26
[00:00:50:40:695] Expansion 42200000: state [255, 223, 207, 203, 75, 73, 72, 104, 40, 42, 46, 174, 190, 188, 189, 173, 141, 137, 136, 138, 154, 218, 90, 94, 92, 220, 204, 236], f=95, g=27
[00:00:50:47:623] Expansion 42300000: state [255, 223, 207, 203, 75, 73, 72, 104, 40, 42, 46, 110, 78, 94, 90, 218, 250, 186, 187, 155, 153, 157, 156, 188, 172, 236, 237, 233, 249, 121, 57], f=95, g=30
[00:00:50:54:571] Expansion 42400000: state [255, 223, 207, 203, 75, 73, 72, 104, 40, 42, 46, 110, 238, 234, 250, 122, 90, 94, 92, 220, 216, 217, 153, 185, 189, 188, 190, 158, 154, 138], f=95, g=29
[00:00:51:01:406] Expansion 42500000: state [255, 223, 207, 203, 75, 73, 72, 104, 40, 42, 46, 110, 238, 236, 252, 124, 92, 94, 90, 218, 250, 186, 190, 158, 142, 138, 136, 137, 141, 157, 189], f=95, g=30
[00:00:51:08:221] Expansion 42600000: state [255, 223, 207, 203, 75, 73, 72, 104, 40, 42, 43, 171, 169, 233, 249, 121, 57, 25, 24, 26, 90, 94, 92, 220, 252, 236, 172, 174, 142], f=95, g=28
[00:00:51:15:363] Expansion 42700000: state [255, 223, 207, 203, 75, 73, 72, 104, 40, 42, 43, 171, 169, 173, 237, 236, 238, 174, 190, 186, 250, 218, 90, 94, 92], f=95, g=24
[00:00:51:22:481] Expansion 42800000: state [255, 223, 207, 203, 75, 73, 72, 104, 40, 42, 43, 171, 187, 186, 154, 152, 153, 157, 189, 188, 252, 124, 92, 93], f=95, g=23
[00:00:51:29:324] Expansion 42900000: state [255, 223, 207, 203, 75, 73, 72, 104, 40, 42, 43, 171, 175, 173, 237, 236, 252, 220, 156, 152, 154, 218, 250, 234], f=95, g=23
[00:00:51:36:223] Expansion 43000000: state [255, 223, 207, 203, 75, 73, 72, 104, 40, 41, 169, 137, 136, 138, 142, 174, 172, 188, 156, 220, 216, 218, 250, 122, 58, 26, 24, 25], f=95, g=27
[00:00:51:43:613] Expansion 43100000: state [255, 223, 207, 203, 75, 73, 72, 104, 40, 41, 169, 233, 249, 217, 153, 155, 187, 186, 250, 122, 90, 94, 92, 220, 252, 188, 172, 174, 238, 110], f=95, g=29
[00:00:51:50:709] Expansion 43200000: state [255, 223, 207, 203, 75, 73, 72, 104, 40, 41, 169, 185, 184, 186, 190, 174, 46, 110, 78, 94, 92, 220, 204, 236, 237], f=95, g=24
[00:00:51:57:818] Expansion 43300000: state [255, 223, 207, 203, 75, 73, 72, 104, 40, 41, 169, 173, 237, 236, 252, 188, 184, 186, 250, 218, 90, 94, 78], f=95, g=22
[00:00:52:04:818] Expansion 43400000: state [255, 223, 207, 203, 75, 73, 72, 104, 40, 41, 169, 171, 187, 155, 153, 157, 156, 158, 190, 174, 238, 110, 78, 94, 90], f=95, g=24
[00:00:52:11:925] Expansion 43500000: state [255, 223, 207, 203, 75, 73, 72, 104, 40, 41, 57, 25, 24, 26, 90, 218, 250, 186, 184, 188, 189, 173, 175], f=95, g=22
[00:00:52:19:286] Expansion 43600000: state [255, 223, 207, 203, 75, 73, 72, 104, 40, 41, 57, 25, 153, 152, 154, 158, 142, 174, 172, 188, 189], f=95, g=20
[00:00:52:26:704] Expansion 43700000: state [255, 223, 207, 203, 75, 73, 72, 104, 40, 41, 57, 185, 153, 137, 136, 138, 154, 158, 190, 174, 172, 173, 237, 233], f=95, g=23
[00:00:52:33:836] Expansion 43800000: state [255, 223, 207, 203, 75, 73, 72, 104, 40, 41, 57, 185, 249, 217, 216, 152, 136, 138, 170, 171, 175, 173, 172, 188, 252, 124, 92, 93], f=95, g=27
[00:00:52:40:894] Expansion 43900000: state [255, 223, 207, 203, 75, 73, 72, 104, 40, 41, 57, 185, 189, 173, 175, 174, 170, 138, 154, 218, 90, 94, 92, 220, 252, 236], f=95, g=25
[00:00:52:48:182] Expansion 44000000: state [255, 223, 207, 203, 75, 73, 72, 104, 40, 41, 57, 121, 249, 217, 153, 137, 141, 173, 175, 171, 187, 186, 58, 26, 90, 94, 92, 124, 60, 188], f=95, g=29
[00:00:52:55:228] Expansion 44100000: state [255, 223, 207, 203, 75, 73, 72, 104, 40, 41, 57, 121, 249, 217, 216, 220, 92, 94, 78, 110, 46, 174, 170, 171, 187, 155, 154, 26, 58], f=95, g=28
[00:00:53:02:219] Expansion 44200000: state [255, 223, 207, 203, 75, 73, 72, 104, 40, 41, 57, 121, 249, 233, 237, 173, 175, 171, 187, 186, 250, 122, 90, 94, 92, 220, 216, 152, 24], f=95, g=28
[00:00:53:09:322] Expansion 44300000: state [255, 223, 207, 203, 75, 73, 72, 104, 40, 41, 45, 173, 141, 137, 153, 185, 184, 188, 252, 220, 216, 218, 154, 138, 170, 174, 238, 110, 78], f=95, g=28
[00:00:53:16:541] Expansion 44400000: state [255, 223, 207, 203, 75, 73, 72, 104, 40, 41, 45, 173, 172, 174, 238, 234, 250, 122, 90, 94, 92, 220, 156, 158, 154, 155], f=95, g=25
[00:00:53:24:000] Expansion 44500000: state [255, 223, 207, 203, 75, 73, 72, 104, 40, 41, 45, 173, 237, 236, 238, 174, 170, 138, 136, 152, 153, 185], f=95, g=21
[00:00:53:31:431] Expansion 44600000: state [255, 223, 207, 203, 75, 73, 72, 104, 40, 41, 45, 173, 175, 171, 170, 234, 238, 236, 252, 220, 216, 218, 154, 155, 153, 25], f=95, g=25
[00:00:53:38:854] Expansion 44700000: state [255, 223, 207, 203, 75, 73, 72, 104, 40, 41, 45, 109, 237, 233, 249, 185, 187, 171, 170, 234, 250, 218, 90, 94, 92, 124, 252, 188, 156, 157, 141, 137], f=95, g=31
[00:00:53:46:103] Expansion 44800000: state [255, 223, 207, 203, 75, 73, 72, 104, 40, 41, 45, 109, 237, 236, 204, 220, 156, 158, 142, 174, 170, 186, 250, 218, 90, 26, 24, 25], f=95, g=27
[00:00:53:53:343] Expansion 44900000: state [255, 223, 207, 203, 75, 73, 72, 104, 40, 41, 45, 109, 237, 236, 238, 234, 250, 218, 154, 152, 153, 185, 189, 188, 60, 124, 92, 93], f=95, g=27
