--------------------------
date: cubes
number_of_graphs: 1
graph_type: cube
size_of_graphs: [8, 8]
heuristic: heuristic0
snake: True
run_uni: True
run_bi: False
run_multi: False
cube_first_dims: 8
cube_buffer_dim: 3
backward_sym_generation: False

---------- cubes/8d_cube ----------
[00:00:00:06:897] Expansion 100000: state [255, 223, 207, 203, 75, 73, 72, 200, 136, 152, 184, 56, 57, 121, 249, 233, 169, 173, 45, 44, 46, 174], f=89, g=21
[00:00:00:13:676] Expansion 200000: state [255, 223, 207, 203, 75, 73, 72, 200, 136, 152, 153, 157, 141, 173, 237, 236, 108, 44, 40, 56, 57, 121], f=89, g=21
[00:00:00:20:586] Expansion 300000: state [255, 223, 207, 203, 75, 73, 72, 200, 136, 140, 142, 174, 46, 110, 108, 236, 237, 173, 169, 171, 187, 186, 184, 248, 249, 217], f=89, g=25
[00:00:00:27:763] Expansion 400000: state [255, 223, 207, 203, 75, 73, 72, 200, 136, 140, 142, 158, 190, 188, 252, 236, 108, 109, 45, 41, 57, 185, 187], f=89, g=22
[00:00:00:34:757] Expansion 500000: state [255, 223, 207, 203, 75, 73, 72, 200, 136, 140, 141, 157, 153, 155, 187, 186, 190, 188, 252, 124, 108, 109, 237, 233, 249, 121, 57, 56, 40], f=89, g=28
[00:00:00:42:035] Expansion 600000: state [255, 223, 207, 203, 75, 73, 72, 200, 136, 138, 170, 171, 169, 233, 249, 217, 153, 157, 189, 188, 172, 236, 108, 124, 120, 56, 40], f=89, g=26
[00:00:00:49:397] Expansion 700000: state [255, 223, 207, 203, 75, 73, 72, 200, 136, 138, 142, 174, 175, 171, 43, 41, 40, 44, 108, 124, 252, 188, 189], f=89, g=22
[00:00:00:56:607] Expansion 800000: state [255, 223, 207, 203, 75, 73, 72, 200, 136, 137, 153, 217, 249, 121, 120, 122, 250, 186, 187, 171, 175, 174, 238, 236, 237, 109, 45, 44], f=89, g=27
[00:00:01:03:606] Expansion 900000: state [255, 223, 207, 203, 75, 73, 72, 200, 136, 137, 141, 173, 45, 41, 57, 185, 184, 188, 252, 124, 120, 122], f=89, g=21
[00:00:01:10:598] Expansion 1000000: state [255, 223, 207, 203, 75, 73, 72, 200, 232, 168, 170, 174, 142, 140, 141, 173, 45, 44, 108, 124, 120, 121, 57, 185, 153, 155], f=89, g=25
[00:00:01:17:634] Expansion 1100000: state [255, 223, 207, 203, 75, 73, 72, 200, 232, 248, 249, 185, 187, 186, 190, 158, 142, 140, 141, 173, 45, 109, 108, 110, 78], f=89, g=24
[00:00:01:24:808] Expansion 1200000: state [255, 223, 207, 203, 75, 73, 72, 200, 232, 236, 238, 110, 46, 44, 40, 41, 43, 171, 170, 138, 142, 158, 190, 188, 189, 185], f=89, g=25
[00:00:01:31:911] Expansion 1300000: state [255, 223, 207, 203, 75, 73, 72, 200, 232, 233, 249, 185, 189, 188, 172, 44, 40, 56, 120], f=89, g=18
[00:00:01:38:991] Expansion 1400000: state [255, 223, 207, 203, 75, 73, 72, 200, 216, 152, 184, 188, 189, 157, 141, 140, 142, 174, 175, 171, 43, 41, 57, 121, 120, 124, 108, 44], f=89, g=27
[00:00:01:46:066] Expansion 1500000: state [255, 223, 207, 203, 75, 73, 72, 200, 216, 152, 153, 157, 141, 140, 142, 174, 175, 171, 187, 186, 250, 122, 120, 56, 40, 168], f=89, g=25
[00:00:01:53:219] Expansion 1600000: state [255, 223, 207, 203, 75, 73, 72, 200, 216, 248, 120, 124, 108, 109, 45, 41, 40, 168, 170, 174, 142, 140, 141, 157, 153, 185, 187], f=89, g=26
[00:00:02:00:609] Expansion 1700000: state [255, 223, 207, 203, 75, 73, 72, 200, 216, 248, 250, 186, 187, 155, 153, 157, 189, 173, 172, 168, 40, 56, 57, 121], f=89, g=23
[00:00:02:07:797] Expansion 1800000: state [255, 223, 207, 203, 75, 73, 72, 200, 216, 220, 252, 188, 172, 140, 141, 157, 153, 155, 187, 171, 169, 233, 249, 121, 57, 56], f=89, g=25
[00:00:02:15:010] Expansion 1900000: state [255, 223, 207, 203, 75, 73, 72, 200, 216, 218, 250, 122, 120, 56, 40, 44, 108, 236, 237, 233, 169, 171, 170, 174, 142, 140, 141, 157, 153], f=89, g=28
[00:00:02:22:452] Expansion 2000000: state [255, 223, 207, 203, 75, 73, 72, 200, 216, 218, 250, 186, 170, 138, 142, 140, 141, 137, 169, 185, 249, 121, 120, 56, 40, 44, 46, 110, 238], f=89, g=28
[00:00:02:29:635] Expansion 2100000: state [255, 223, 207, 203, 75, 73, 72, 200, 216, 217, 153, 137, 169, 233, 237, 109, 45, 44, 172, 140, 142, 138, 170, 186], f=89, g=23
[00:00:02:36:513] Expansion 2200000: state [255, 223, 207, 203, 75, 73, 72, 200, 216, 217, 153, 157, 189, 173, 237, 109, 108, 44, 40, 56, 184, 186, 187, 171], f=89, g=23
[00:00:02:43:355] Expansion 2300000: state [255, 223, 207, 203, 75, 73, 72, 200, 216, 217, 249, 121, 120, 122, 250, 186, 187, 171, 43, 41, 45, 173, 172, 174, 238, 110, 108], f=89, g=26
[00:00:02:50:305] Expansion 2400000: state [255, 223, 207, 203, 75, 73, 72, 200, 204, 140, 172, 173, 169, 137, 153, 152, 184, 248, 252, 124, 108, 110, 78], f=89, g=22
[00:00:02:57:632] Expansion 2500000: state [255, 223, 207, 203, 75, 73, 72, 200, 204, 140, 142, 174, 190, 188, 252, 124, 120, 121, 249, 185, 169, 168], f=89, g=21
[00:00:03:05:351] Expansion 2600000: state [255, 223, 207, 203, 75, 73, 72, 200, 204, 140, 141, 173, 169, 171, 187, 155, 153, 217, 249, 248, 184], f=89, g=20
[00:00:03:12:497] Expansion 2700000: state [255, 223, 207, 203, 75, 73, 72, 200, 204, 236, 108, 44, 46, 174, 175, 173, 169, 41, 57, 121, 249], f=89, g=20
[00:00:03:19:693] Expansion 2800000: state [255, 223, 207, 203, 75, 73, 72, 200, 204, 236, 252, 248, 184, 185, 187, 171, 170, 174, 46, 110, 78, 94], f=89, g=21
[00:00:03:26:890] Expansion 2900000: state [255, 223, 207, 203, 75, 73, 72, 200, 204, 220, 252, 124, 108, 110, 238, 174, 175, 173, 237, 233, 249, 185, 184, 56, 40, 41, 43], f=89, g=26
[00:00:03:34:000] Expansion 3000000: state [255, 223, 207, 203, 75, 73, 72, 200, 204, 220, 252, 248, 184, 56, 40, 41, 169, 173, 237, 109, 108, 110, 46, 174, 190, 158], f=89, g=25
[00:00:03:41:222] Expansion 3100000: state [255, 223, 207, 203, 75, 73, 72, 104, 40, 56, 184, 188, 190, 158, 142, 138, 170, 171, 187, 155, 153, 157, 141, 173, 237, 109], f=89, g=25
[00:00:03:48:260] Expansion 3200000: state [255, 223, 207, 203, 75, 73, 72, 104, 40, 44, 172, 236, 237, 233, 169, 185, 184, 152, 216, 218], f=89, g=19
[00:00:03:56:259] Expansion 3300000: state [255, 223, 207, 203, 75, 73, 72, 104, 40, 44, 45, 173, 169, 233, 249, 217, 216, 220, 252, 236, 238, 174, 170, 186, 184], f=89, g=24
[00:00:04:03:351] Expansion 3400000: state [255, 223, 207, 203, 75, 73, 72, 104, 40, 41, 169, 173, 189, 157, 153, 155, 187, 186, 250, 218, 216, 220, 204, 236, 238, 110, 78, 94], f=89, g=27
[00:00:04:10:510] Expansion 3500000: state [255, 223, 207, 203, 75, 73, 72, 104, 40, 41, 45, 173, 189, 185, 153, 152, 216, 218, 250, 186, 190, 174, 142, 140, 204, 236, 252], f=89, g=26
[00:00:04:17:840] Expansion 3600000: state [255, 223, 207, 203, 75, 73, 72, 104, 232, 168, 136, 140, 204, 220, 216, 218, 250, 186, 190, 188, 189, 173, 175, 171, 43, 41, 57, 56], f=89, g=27
[00:00:04:24:766] Expansion 3700000: state [255, 223, 207, 203, 75, 73, 72, 104, 232, 236, 172, 174, 190, 186, 184, 152, 216, 217, 249, 121, 57, 41, 43, 171], f=89, g=23
[00:00:04:31:869] Expansion 3800000: state [255, 223, 207, 203, 75, 73, 72, 104, 232, 236, 237, 173, 45, 41, 57, 121, 249, 217, 153, 137, 136, 140, 142, 158, 190, 186], f=89, g=25
[00:00:04:38:971] Expansion 3900000: state [255, 223, 207, 203, 75, 73, 72, 104, 232, 233, 237, 173, 189, 157, 153, 152, 184, 56, 57, 41, 43, 171, 170, 174, 142, 140, 204, 220, 252], f=89, g=28
[00:00:04:46:201] Expansion 4000000: state [255, 223, 207, 203, 75, 73, 72, 104, 120, 56, 57, 41, 45, 109, 237, 233, 249, 217, 216, 220, 204, 140, 136, 168, 170, 174, 190, 188, 189], f=89, g=28
[00:00:04:53:402] Expansion 4100000: state [255, 223, 207, 203, 75, 73, 72, 104, 120, 248, 216, 220, 204, 140, 142, 158, 190, 188, 189, 173, 175, 171, 187, 155], f=89, g=23
[00:00:05:00:640] Expansion 4200000: state [255, 223, 207, 203, 75, 73, 72, 104, 120, 248, 249, 233, 169, 173, 45, 44, 46, 174, 170, 186, 187, 155, 153, 157], f=89, g=23
[00:00:05:08:597] Expansion 4300000: state [255, 223, 207, 203, 75, 73, 72, 104, 120, 124, 252, 236, 204, 140, 142, 138, 170, 171, 187, 185, 57, 41, 45, 44, 46], f=89, g=24
[00:00:05:15:891] Expansion 4400000: state [255, 223, 207, 203, 75, 73, 72, 104, 120, 122, 250, 186, 190, 188, 252, 220, 216, 152, 153, 185, 57, 41, 45, 109, 237], f=89, g=24
[00:00:05:22:991] Expansion 4500000: state [255, 223, 207, 203, 75, 73, 72, 104, 120, 122, 250, 218, 216, 217, 249, 185, 57, 41, 43, 171, 170, 138, 136, 140, 172, 188], f=89, g=25
[00:00:05:29:964] Expansion 4600000: state [255, 223, 207, 203, 75, 73, 72, 104, 120, 121, 57, 185, 189, 173, 141, 140, 142, 138, 170, 186, 250, 218, 216], f=89, g=22
[00:00:05:36:860] Expansion 4700000: state [255, 223, 207, 203, 75, 73, 72, 104, 120, 121, 249, 233, 169, 41, 45, 44, 46, 174, 170, 186, 250, 218, 216, 152], f=89, g=23
[00:00:05:44:108] Expansion 4800000: state [255, 223, 207, 203, 75, 73, 72, 104, 108, 44, 46, 174, 175, 171, 169, 233, 249, 217, 216, 220, 252, 188, 184, 186, 250], f=89, g=24
[00:00:05:51:479] Expansion 4900000: state [255, 223, 207, 203, 75, 73, 72, 104, 108, 236, 204, 140, 136, 138, 170, 171, 169, 185, 249, 248, 250], f=89, g=20
[00:00:05:58:654] Expansion 5000000: state [255, 223, 207, 203, 75, 73, 72, 104, 108, 236, 238, 174, 170, 171, 43, 41, 45, 173, 141, 137, 153, 185, 249, 248, 250], f=89, g=24
[00:00:06:06:011] Expansion 5100000: state [255, 223, 207, 203, 75, 73, 72, 104, 108, 124, 252, 220, 216, 217, 153, 157, 141, 140, 142, 138, 170, 186, 184, 56, 57, 41, 45], f=89, g=26
[00:00:06:13:429] Expansion 5200000: state [255, 223, 207, 203, 75, 73, 72, 104, 108, 110, 238, 174, 142, 138, 136, 152, 184, 186, 187, 171, 169, 233, 237], f=89, g=22
[00:00:06:20:651] Expansion 5300000: state [255, 223, 207, 203, 75, 73, 72, 104, 108, 109, 45, 41, 43, 171, 170, 174, 172, 140, 204, 220, 252, 248, 249, 217, 153, 152], f=89, g=25
[00:00:06:28:985] Expansion 5400000: state [255, 223, 207, 203, 75, 73, 72, 104, 108, 109, 237, 233, 249, 121, 57, 41, 43, 171, 187, 186, 190, 188, 189, 157, 141], f=89, g=24
[00:00:06:36:200] Expansion 5500000: state [255, 223, 207, 203, 75, 73, 72, 88, 216, 152, 184, 56, 57, 41, 169, 171, 175, 174, 238, 236, 252, 124], f=89, g=21
[00:00:06:43:224] Expansion 5600000: state [255, 223, 207, 203, 75, 73, 72, 88, 216, 152, 153, 157, 189, 188, 190, 174, 46, 110, 108, 109, 237, 233, 232, 168, 40, 41, 57], f=89, g=26
[00:00:06:50:443] Expansion 5700000: state [255, 223, 207, 203, 75, 73, 72, 88, 216, 248, 232, 236, 108, 44, 45, 173, 189, 185, 153, 137, 136, 138, 170], f=89, g=22
[00:00:06:57:660] Expansion 5800000: state [255, 223, 207, 203, 75, 73, 72, 88, 216, 248, 252, 236, 204, 140, 142, 158, 190, 186, 187, 155, 153, 157, 189, 173, 169, 233], f=89, g=25
[00:00:07:04:886] Expansion 5900000: state [255, 223, 207, 203, 75, 73, 72, 88, 216, 248, 249, 185, 57, 56, 40, 168, 136, 138, 142, 174, 175, 173, 45, 109, 108], f=89, g=24
[00:00:07:12:117] Expansion 6000000: state [255, 223, 207, 203, 75, 73, 72, 88, 216, 220, 204, 140, 141, 157, 153, 185, 57, 41, 40, 168, 232, 233, 237, 109, 108, 110, 46, 174], f=89, g=27
[00:00:07:19:317] Expansion 6100000: state [255, 223, 207, 203, 75, 73, 72, 88, 216, 220, 252, 124, 108, 110, 238, 174, 142, 138, 136, 168, 40, 56, 57, 185, 189, 173, 141], f=89, g=26
[00:00:07:26:457] Expansion 6200000: state [255, 223, 207, 203, 75, 73, 72, 88, 216, 220, 252, 236, 108, 109, 45, 41, 57, 185, 187, 171, 170, 168, 136, 140, 142, 158, 190], f=89, g=26
[00:00:07:33:760] Expansion 6300000: state [255, 223, 207, 203, 75, 73, 72, 88, 216, 218, 250, 186, 184, 188, 252, 236, 237, 173, 169, 137, 136, 140, 142, 174], f=89, g=23
[00:00:07:41:050] Expansion 6400000: state [255, 223, 207, 203, 75, 73, 72, 88, 216, 217, 153, 137, 136, 140, 142, 174, 170, 186, 184, 188, 252, 124, 108, 44], f=89, g=23
[00:00:07:48:089] Expansion 6500000: state [255, 223, 207, 203, 75, 73, 72, 88, 216, 217, 153, 157, 141, 173, 237, 236, 108, 110, 46, 174, 170, 168, 184, 56, 57, 121], f=89, g=25
[00:00:07:55:133] Expansion 6600000: state [255, 223, 207, 203, 75, 73, 72, 88, 216, 217, 249, 121, 57, 56, 184, 168, 232, 236, 237, 173, 175, 174, 46, 44], f=89, g=23
[00:00:08:03:548] Expansion 6700000: state [255, 223, 207, 203, 75, 73, 72, 88, 216, 217, 249, 233, 237, 236, 108, 44, 45, 41, 43, 171, 187, 186, 190, 174, 142, 138, 136, 168], f=89, g=27
[00:00:08:10:892] Expansion 6800000: state [255, 223, 207, 203, 75, 73, 72, 88, 120, 56, 40, 41, 45, 109, 108, 236, 252, 188, 189, 157, 153, 155, 187, 186, 170, 174, 46], f=89, g=26
[00:00:08:18:028] Expansion 6900000: state [255, 223, 207, 203, 75, 73, 72, 88, 120, 56, 184, 185, 249, 233, 237, 173, 45, 44, 108, 110, 238, 174, 142, 138], f=89, g=23
[00:00:08:25:170] Expansion 7000000: state [255, 223, 207, 203, 75, 73, 72, 88, 120, 248, 184, 152, 153, 155, 187, 171, 169, 233, 237, 236, 204, 140], f=89, g=21
[00:00:08:32:483] Expansion 7100000: state [255, 223, 207, 203, 75, 73, 72, 88, 120, 248, 232, 233, 237, 109, 45, 44, 172, 174, 170, 186, 187, 185, 57], f=89, g=22
[00:00:08:39:815] Expansion 7200000: state [255, 223, 207, 203, 75, 73, 72, 88, 120, 248, 250, 186, 170, 174, 142, 140, 204, 236, 108, 44, 40, 41, 169, 137, 153, 157], f=89, g=25
[00:00:08:47:012] Expansion 7300000: state [255, 223, 207, 203, 75, 73, 72, 88, 120, 248, 249, 217, 153, 157, 189, 188, 190, 186, 170, 138, 142, 140, 204, 236, 108, 110, 46], f=89, g=26
[00:00:08:54:367] Expansion 7400000: state [255, 223, 207, 203, 75, 73, 72, 88, 120, 124, 108, 236, 237, 173, 189, 157, 153, 152, 136, 168, 170], f=89, g=20
[00:00:09:01:866] Expansion 7500000: state [255, 223, 207, 203, 75, 73, 72, 88, 120, 124, 252, 220, 204, 140, 136, 152, 153, 217, 249, 233, 237, 109, 45, 41, 43, 171, 187, 186, 190, 174], f=89, g=29
[00:00:09:09:160] Expansion 7600000: state [255, 223, 207, 203, 75, 73, 72, 88, 120, 122, 250, 186, 170, 174, 46, 44, 45, 109, 237, 236, 252, 188, 189, 185, 153], f=89, g=24
[00:00:09:16:593] Expansion 7700000: state [255, 223, 207, 203, 75, 73, 72, 88, 120, 122, 250, 186, 187, 155, 153, 217, 249, 233, 232, 168, 136, 138, 142, 174, 238, 110, 108, 109, 45], f=89, g=28
[00:00:09:23:807] Expansion 7800000: state [255, 223, 207, 203, 75, 73, 72, 88, 120, 121, 57, 41, 45, 109, 237, 233, 232, 168, 136, 140, 142, 174, 190, 188, 252], f=89, g=24
[00:00:09:30:929] Expansion 7900000: state [255, 223, 207, 203, 75, 73, 72, 88, 120, 121, 249, 185, 189, 173, 141, 140, 142, 138, 170, 171, 43, 41, 40, 44, 108, 236, 252], f=89, g=26
[00:00:09:38:007] Expansion 8000000: state [255, 223, 207, 203, 75, 73, 72, 88, 120, 121, 249, 217, 153, 155, 187, 186, 170, 168, 169, 41, 45, 44, 46, 110, 238, 236, 252, 220], f=89, g=27
[00:00:09:45:303] Expansion 8100000: state [255, 223, 207, 203, 75, 73, 72, 76, 204, 140, 136, 168, 232, 233, 237, 109, 45, 41, 43, 171, 187, 185, 189, 188, 252, 124, 120], f=89, g=26
[00:00:09:52:463] Expansion 8200000: state [255, 223, 207, 203, 75, 73, 72, 76, 204, 140, 172, 44, 45, 41, 43, 171, 187, 185, 153, 152, 216, 218, 250, 122, 120, 121], f=89, g=25
[00:00:09:59:904] Expansion 8300000: state [255, 223, 207, 203, 75, 73, 72, 76, 204, 140, 142, 174, 175, 171, 169, 233, 237, 109, 45, 44, 40, 56, 120], f=89, g=22
[00:00:10:07:984] Expansion 8400000: state [255, 223, 207, 203, 75, 73, 72, 76, 204, 140, 141, 157, 153, 217, 249, 121, 120, 56, 40, 168, 170, 174, 238, 110], f=89, g=23
[00:00:10:16:654] Expansion 8500000: state [255, 223, 207, 203, 75, 73, 72, 76, 204, 236, 232, 248, 120, 56, 57, 185, 187, 186, 190, 174, 175, 173, 141, 137, 136, 138], f=89, g=25
[00:00:10:23:730] Expansion 8600000: state [255, 223, 207, 203, 75, 73, 72, 76, 204, 236, 252, 188, 184, 168, 170, 174, 175, 173, 141, 137, 153, 217, 249, 121, 120, 122, 250, 218], f=89, g=27
[00:00:10:30:688] Expansion 8700000: state [255, 223, 207, 203, 75, 73, 72, 76, 204, 236, 238, 110, 46, 44, 45, 41, 43, 171, 170, 186, 190, 188], f=89, g=21
[00:00:10:37:888] Expansion 8800000: state [255, 223, 207, 203, 75, 73, 72, 76, 204, 236, 237, 109, 45, 44, 40, 56, 57, 185, 187, 186, 190, 174, 175], f=89, g=22
[00:00:10:44:893] Expansion 8900000: state [255, 223, 207, 203, 75, 73, 72, 76, 204, 220, 216, 152, 136, 138, 142, 174, 190, 186, 187, 171, 43, 41, 45, 173, 141], f=89, g=24
[00:00:10:52:083] Expansion 9000000: state [255, 223, 207, 203, 75, 73, 72, 76, 204, 220, 216, 218, 250, 122, 120, 121, 57, 185, 184, 188, 172, 174, 142, 158], f=89, g=23
[00:00:10:59:246] Expansion 9100000: state [255, 223, 207, 203, 75, 73, 72, 76, 204, 220, 252, 124, 120, 122, 250, 186, 170, 168, 232, 233, 249, 185, 153, 137, 141, 173, 45, 109], f=89, g=27
[00:00:11:06:502] Expansion 9200000: state [255, 223, 207, 203, 75, 73, 72, 76, 204, 220, 252, 248, 120, 121, 57, 41, 45, 44, 172, 174, 190, 186, 187, 155, 153, 217], f=89, g=25
[00:00:11:13:878] Expansion 9300000: state [255, 223, 207, 203, 75, 73, 72, 76, 108, 44, 40, 56, 120, 121, 249, 233, 169, 173, 141, 157, 153, 155, 187, 186, 190, 158, 142, 138], f=89, g=27
[00:00:11:21:224] Expansion 9400000: state [255, 223, 207, 203, 75, 73, 72, 76, 108, 44, 172, 174, 142, 138, 136, 137, 169, 233, 249, 121, 57], f=89, g=20
[00:00:11:28:679] Expansion 9500000: state [255, 223, 207, 203, 75, 73, 72, 76, 108, 44, 45, 41, 57, 56, 120, 248, 232, 168, 136, 140, 142, 158, 190, 186, 187, 171], f=89, g=25
[00:00:11:36:119] Expansion 9600000: state [255, 223, 207, 203, 75, 73, 72, 76, 108, 236, 172, 188, 190, 186, 170, 138, 136, 137, 153, 185, 57, 56, 120, 248], f=89, g=23
[00:00:11:43:118] Expansion 9700000: state [255, 223, 207, 203, 75, 73, 72, 76, 108, 236, 232, 233, 249, 217, 153, 137, 136, 140, 142, 174, 175, 173, 45, 41, 57, 56, 120], f=89, g=26
[00:00:11:50:370] Expansion 9800000: state [255, 223, 207, 203, 75, 73, 72, 76, 108, 236, 252, 248, 120, 121, 57, 41, 40, 168, 136, 140, 141, 157, 153, 155, 187, 171, 175, 174, 190], f=89, g=28
[00:00:11:57:668] Expansion 9900000: state [255, 223, 207, 203, 75, 73, 72, 76, 108, 236, 237, 173, 141, 137, 153, 152, 216, 248, 120, 56, 57, 41, 43, 171, 170, 174, 46], f=89, g=26
[00:00:12:05:032] Expansion 10000000: state [255, 223, 207, 203, 75, 73, 72, 76, 108, 124, 120, 56, 184, 186, 190, 174, 172, 173, 237, 233, 249, 217, 153, 137, 136], f=89, g=24
[00:00:12:12:500] Expansion 10100000: state [255, 223, 207, 203, 75, 73, 72, 76, 108, 124, 120, 121, 57, 41, 40, 168, 172, 173, 189, 157, 153, 155, 187, 186, 250, 218, 216], f=89, g=26
[00:00:12:19:904] Expansion 10200000: state [255, 223, 207, 203, 75, 73, 72, 76, 108, 124, 252, 220, 216, 218, 250, 186, 184, 56, 40, 41, 43, 171, 175, 173, 172, 140, 142], f=89, g=26
[00:00:12:27:234] Expansion 10300000: state [255, 223, 207, 203, 75, 73, 72, 76, 108, 110, 46, 174, 142, 140, 141, 173, 169, 171, 187, 186, 250, 248, 249, 121, 57, 56, 40], f=89, g=26
[00:00:12:34:592] Expansion 10400000: state [255, 223, 207, 203, 75, 73, 72, 76, 108, 110, 46, 174, 175, 173, 169, 41, 57, 121, 120, 122, 250, 218, 216, 152, 153, 155, 187], f=89, g=26
[00:00:12:41:999] Expansion 10500000: state [255, 223, 207, 203, 75, 73, 72, 76, 108, 110, 238, 174, 190, 186, 250, 248, 249, 233, 169, 137, 153, 157, 189], f=89, g=22
[00:00:12:49:286] Expansion 10600000: state [255, 223, 207, 203, 75, 73, 72, 76, 108, 109, 45, 41, 57, 185, 187, 186, 250, 218, 216, 152, 136, 140, 172], f=89, g=22
[00:00:12:56:774] Expansion 10700000: state [255, 223, 207, 203, 75, 73, 72, 76, 108, 109, 237, 173, 141, 137, 136, 138, 170, 174, 190, 188, 184, 56, 120, 121, 249], f=89, g=24
[00:00:13:06:971] Expansion 10800000: state [255, 223, 207, 203, 75, 73, 72, 76, 108, 109, 237, 233, 169, 185, 57, 121, 120, 248, 252, 188, 190, 158, 142, 140, 136], f=89, g=24
[00:00:13:14:495] Expansion 10900000: state [255, 223, 207, 203, 75, 73, 72, 76, 78, 110, 46, 44, 40, 56, 184, 185, 153, 217, 216, 220, 252, 236, 237, 173, 175], f=89, g=24
[00:00:13:21:963] Expansion 11000000: state [255, 223, 207, 203, 75, 73, 72, 76, 78, 110, 46, 44, 40, 41, 43, 171, 170, 138, 142, 158, 190, 188, 189, 185, 249, 121, 120, 122, 250, 218], f=89, g=29
[00:00:13:29:490] Expansion 11100000: state [255, 223, 207, 203, 75, 73, 72, 76, 78, 110, 46, 44, 45, 41, 169, 171, 170, 186, 250, 218, 216, 217, 249, 121, 120, 124, 252, 188, 189, 157, 141, 140, 142], f=89, g=32
[00:00:13:37:018] Expansion 11200000: state [255, 223, 207, 203, 75, 73, 72, 76, 78, 110, 46, 44, 45, 109, 237, 233, 169, 185, 153, 152, 136, 140, 142], f=89, g=22
[00:00:13:44:499] Expansion 11300000: state [255, 223, 207, 203, 75, 73, 72, 76, 78, 110, 46, 174, 142, 140, 136, 137, 153, 217, 249, 233, 237, 236, 252, 124, 120, 56, 40, 41, 43, 171, 187, 186], f=89, g=31
[00:00:13:51:937] Expansion 11400000: state [255, 223, 207, 203, 75, 73, 72, 76, 78, 110, 46, 174, 170, 171, 43, 41, 45, 109, 237, 233, 249, 121, 120, 124, 252, 188, 189, 157, 141, 140, 136, 152], f=89, g=31
[00:00:13:59:342] Expansion 11500000: state [255, 223, 207, 203, 75, 73, 72, 76, 78, 110, 46, 174, 190, 188, 252, 124, 120, 121, 249, 217, 153, 157, 141, 140, 136, 168, 169, 171], f=89, g=27
[00:00:14:06:857] Expansion 11600000: state [255, 223, 207, 203, 75, 73, 72, 76, 78, 110, 238, 174, 142, 140, 136, 168, 232, 233, 249, 217, 216, 220, 252, 124, 120, 56, 57, 41, 45, 109], f=89, g=29
[00:00:14:14:393] Expansion 11700000: state [255, 223, 207, 203, 75, 73, 72, 76, 78, 110, 238, 174, 172, 44, 45, 109, 237, 233, 169, 185, 184, 248, 252], f=89, g=22
[00:00:14:21:936] Expansion 11800000: state [255, 223, 207, 203, 75, 73, 72, 76, 78, 110, 238, 174, 175, 171, 187, 186, 250, 122, 120, 121, 249, 217, 153, 137, 136, 168, 40, 44, 45, 109], f=89, g=29
[00:00:14:29:420] Expansion 11900000: state [255, 223, 207, 203, 75, 73, 72, 76, 78, 110, 238, 236, 232, 248, 216, 152, 153, 185, 57, 41, 45, 173, 141, 140, 142, 158, 190, 186, 170, 171], f=89, g=29
[00:00:14:36:798] Expansion 12000000: state [255, 223, 207, 203, 75, 73, 72, 76, 78, 110, 238, 236, 252, 220, 216, 152, 153, 157, 141, 140, 142], f=89, g=20
[00:00:14:44:158] Expansion 12100000: state [255, 223, 207, 203, 75, 73, 72, 76, 78, 110, 238, 236, 237, 173, 141, 157, 153, 217, 216, 218, 250, 186, 187, 171, 43, 41, 40, 56], f=89, g=27
[00:00:14:51:530] Expansion 12200000: state [255, 223, 207, 203, 75, 73, 105, 41, 40, 168, 136, 137, 153, 157, 189, 173, 175, 171, 187, 186, 250, 218, 216, 88, 120, 124, 252, 236, 204, 76], f=89, g=29
[00:00:14:59:004] Expansion 12300000: state [255, 223, 207, 203, 75, 73, 105, 41, 40, 168, 170, 174, 142, 140, 204, 76, 108, 124, 252, 248], f=89, g=19
[00:00:15:06:452] Expansion 12400000: state [255, 223, 207, 203, 75, 73, 105, 41, 40, 56, 120, 88, 216, 220, 204, 76, 108, 110, 46, 174, 190, 188, 189, 185, 249], f=89, g=24
[00:00:15:13:896] Expansion 12500000: state [255, 223, 207, 203, 75, 73, 105, 41, 40, 56, 120, 124, 108, 76, 204, 200, 216, 152, 153, 157, 189, 188, 190, 174, 46], f=89, g=24
[00:00:15:21:505] Expansion 12600000: state [255, 223, 207, 203, 75, 73, 105, 41, 40, 56, 120, 122, 250, 218, 216, 152, 136, 138, 170, 174, 238, 236, 237, 173, 189, 185, 187, 155], f=89, g=27
[00:00:15:28:884] Expansion 12700000: state [255, 223, 207, 203, 75, 73, 105, 41, 40, 44, 108, 236, 232, 248, 216, 152, 136, 137, 141, 157], f=89, g=19
[00:00:15:36:499] Expansion 12800000: state [255, 223, 207, 203, 75, 73, 105, 41, 40, 44, 108, 110, 238, 174, 175, 173, 141, 140, 204, 200, 216, 217, 249, 185, 184, 186, 250], f=89, g=26
[00:00:15:44:123] Expansion 12900000: state [255, 223, 207, 203, 75, 73, 105, 41, 40, 44, 46, 110, 238, 236, 204, 220, 216, 248, 250, 186, 187, 185, 153, 137, 136, 138, 142], f=89, g=26
[00:00:15:51:440] Expansion 13000000: state [255, 223, 207, 203, 75, 73, 105, 41, 169, 168, 136, 152, 216, 248, 252, 188, 190, 174, 46, 44], f=89, g=19
[00:00:15:58:733] Expansion 13100000: state [255, 223, 207, 203, 75, 73, 105, 41, 169, 185, 189, 188, 190, 158, 142, 138, 136, 152, 216, 88, 120, 124, 108, 236, 238], f=89, g=24
[00:00:16:06:118] Expansion 13200000: state [255, 223, 207, 203, 75, 73, 105, 41, 169, 173, 189, 188, 184, 248, 216, 220, 204, 140, 142, 174, 238, 110, 108, 124], f=89, g=23
[00:00:16:13:363] Expansion 13300000: state [255, 223, 207, 203, 75, 73, 105, 41, 169, 171, 187, 186, 250, 248, 249, 217, 153, 157, 141, 140, 204, 76, 108, 44, 46, 174], f=89, g=25
[00:00:16:20:808] Expansion 13400000: state [255, 223, 207, 203, 75, 73, 105, 41, 57, 56, 184, 186, 187, 171, 175, 174, 142, 140, 141, 137, 153, 217, 216, 200], f=89, g=23
[00:00:16:27:976] Expansion 13500000: state [255, 223, 207, 203, 75, 73, 105, 41, 57, 56, 120, 248, 249, 217, 153, 157, 141, 140, 204, 236, 237], f=89, g=20
[00:00:16:35:065] Expansion 13600000: state [255, 223, 207, 203, 75, 73, 105, 41, 57, 56, 120, 122, 250, 218, 216, 200, 136, 137, 141, 157, 189, 188, 190, 174, 46, 110, 78, 94], f=89, g=27
[00:00:16:42:269] Expansion 13700000: state [255, 223, 207, 203, 75, 73, 105, 41, 57, 185, 184, 168, 172, 236, 204, 220, 216, 88], f=89, g=17
[00:00:16:49:500] Expansion 13800000: state [255, 223, 207, 203, 75, 73, 105, 41, 57, 185, 189, 188, 172, 236, 108, 124, 120], f=89, g=16
[00:00:16:56:828] Expansion 13900000: state [255, 223, 207, 203, 75, 73, 105, 41, 45, 44, 108, 76, 204, 200, 216, 248, 250, 186, 187, 185, 153], f=89, g=20
[00:00:17:04:386] Expansion 14000000: state [255, 223, 207, 203, 75, 73, 105, 41, 45, 44, 108, 110, 238, 174, 175, 171, 187, 155, 153, 157, 189, 188, 252, 248, 120, 122], f=89, g=25
[00:00:17:15:966] Expansion 14100000: state [255, 223, 207, 203, 75, 73, 105, 41, 45, 173, 141, 137, 136, 200, 204, 76, 78, 110, 46, 174, 190, 186, 184, 248, 249, 217], f=89, g=25
[00:00:17:23:261] Expansion 14200000: state [255, 223, 207, 203, 75, 73, 105, 41, 45, 173, 141, 157, 153, 185, 249, 248, 232, 200, 204, 76, 108, 110, 46, 174, 190, 186], f=89, g=25
[00:00:17:30:394] Expansion 14300000: state [255, 223, 207, 203, 75, 73, 105, 41, 45, 173, 189, 157, 153, 217, 216, 88, 120, 122, 250, 186, 170, 138, 142, 140, 204, 76, 78], f=89, g=26
[00:00:17:37:513] Expansion 14400000: state [255, 223, 207, 203, 75, 73, 105, 41, 45, 173, 175, 171, 170, 186, 184, 185, 153, 217, 216, 200, 232, 236, 108, 110], f=89, g=23
[00:00:17:44:944] Expansion 14500000: state [255, 223, 207, 203, 75, 73, 105, 41, 43, 171, 170, 168, 136, 140, 142, 158, 190, 188, 252, 124, 120, 122], f=89, g=21
[00:00:17:52:342] Expansion 14600000: state [255, 223, 207, 203, 75, 73, 105, 41, 43, 171, 170, 174, 238, 110, 108, 76, 204, 200, 216, 217, 153, 157, 189, 173, 237], f=89, g=24
[00:00:17:59:556] Expansion 14700000: state [255, 223, 207, 203, 75, 73, 105, 41, 43, 171, 187, 185, 184, 248, 216, 220, 204, 76, 108, 44, 46, 174, 190, 158], f=89, g=23
[00:00:18:06:666] Expansion 14800000: state [255, 223, 207, 203, 75, 73, 105, 41, 43, 171, 187, 186, 190, 174, 172, 236, 252, 248, 249, 217, 153, 137, 136], f=89, g=22
[00:00:18:13:834] Expansion 14900000: state [255, 223, 207, 203, 75, 73, 105, 41, 43, 171, 175, 174, 172, 44, 108, 76, 204, 200, 136, 137, 153, 185, 184, 186, 250, 122, 120, 88], f=89, g=27
[00:00:18:21:230] Expansion 15000000: state [255, 223, 207, 203, 75, 73, 105, 104, 40, 168, 169, 173, 175, 174, 142, 140, 204, 200, 216, 152], f=89, g=19
[00:00:18:28:484] Expansion 15100000: state [255, 223, 207, 203, 75, 73, 105, 104, 40, 44, 172, 140, 136, 152, 216, 218, 250, 186, 190, 158], f=89, g=19
[00:00:18:36:038] Expansion 15200000: state [255, 223, 207, 203, 75, 73, 105, 104, 40, 44, 46, 110, 238, 236, 204, 140, 136, 138, 170, 171, 169, 185, 249, 248, 216, 218], f=89, g=25
[00:00:18:43:310] Expansion 15300000: state [255, 223, 207, 203, 75, 73, 105, 104, 232, 168, 136, 140, 204, 220, 252, 124], f=89, g=15
[00:00:18:50:970] Expansion 15400000: state [255, 223, 207, 203, 75, 73, 105, 104, 232, 248, 249, 217, 153, 137, 169, 173, 172, 188, 190, 186, 170], f=89, g=20
[00:00:18:58:448] Expansion 15500000: state [255, 223, 207, 203, 75, 73, 105, 104, 120, 56, 184, 185, 169, 137, 136, 200, 204, 236, 238, 110], f=89, g=19
[00:00:19:05:851] Expansion 15600000: state [255, 223, 207, 203, 75, 73, 105, 104, 120, 88, 216, 220, 204, 140, 136, 137, 153, 155, 187, 171, 170, 174, 190, 188], f=89, g=23
[00:00:19:13:281] Expansion 15700000: state [255, 223, 207, 203, 75, 73, 105, 104, 120, 248, 216, 200, 204, 76, 78, 110, 46, 174, 175, 173, 169, 185], f=89, g=21
[00:00:19:20:777] Expansion 15800000: state [255, 223, 207, 203, 75, 73, 105, 104, 120, 124, 252, 188, 184, 186, 187, 155, 153, 137, 141, 140, 142, 138], f=89, g=21
[00:00:19:28:226] Expansion 15900000: state [255, 223, 207, 203, 75, 73, 105, 104, 120, 122, 250, 186, 170, 138, 136, 137, 169, 173, 172, 44, 46, 110, 78, 76, 204, 220], f=89, g=25
[00:00:19:35:763] Expansion 16000000: state [255, 223, 207, 203, 75, 73, 105, 104, 120, 122, 250, 218, 216, 220, 252, 188, 172, 140, 136, 137, 153, 185, 187, 171, 170], f=89, g=24
[00:00:19:43:436] Expansion 16100000: state [255, 223, 207, 203, 75, 73, 105, 104, 108, 44, 45, 173, 175, 174, 170, 168, 184, 185, 153, 137], f=89, g=19
[00:00:19:51:115] Expansion 16200000: state [255, 223, 207, 203, 75, 73, 105, 104, 108, 236, 204, 220, 216, 217, 153, 185, 187, 171, 170, 174, 142, 158], f=89, g=21
[00:00:19:58:752] Expansion 16300000: state [255, 223, 207, 203, 75, 73, 105, 104, 108, 124, 252, 248, 216, 200, 204, 140, 141, 173, 169, 171, 43], f=89, g=20
[00:00:20:06:435] Expansion 16400000: state [255, 223, 207, 203, 75, 73, 105, 233, 169, 137, 136, 138, 170, 186, 250, 218, 216, 220, 252, 236, 238, 110, 46, 44, 40, 56, 57], f=89, g=26
[00:00:20:13:858] Expansion 16500000: state [255, 223, 207, 203, 75, 73, 105, 233, 169, 168, 172, 140, 141, 157, 153, 152, 216, 248, 120], f=89, g=18
[00:00:20:20:966] Expansion 16600000: state [255, 223, 207, 203, 75, 73, 105, 233, 169, 185, 187, 186, 190, 158, 142, 138, 136, 200, 204, 220, 252, 124, 108, 110, 78, 94], f=89, g=25
[00:00:20:28:459] Expansion 16700000: state [255, 223, 207, 203, 75, 73, 105, 233, 169, 173, 189, 157, 153, 155, 187, 186, 184, 56, 120, 124, 252, 236, 204, 140, 142, 174, 46, 110, 78, 94], f=89, g=29
[00:00:20:35:984] Expansion 16800000: state [255, 223, 207, 203, 75, 73, 105, 233, 169, 171, 187, 186, 184, 56, 40, 44, 172, 140, 141, 157, 153, 217, 216, 220, 252], f=89, g=24
[00:00:20:43:619] Expansion 16900000: state [255, 223, 207, 203, 75, 73, 105, 233, 232, 168, 136, 140, 141, 173, 45, 44, 46, 174, 190, 186, 250, 122, 120, 124, 252, 220, 216, 217, 153, 185, 57], f=89, g=30
[00:00:20:56:935] Expansion 17000000: state [255, 223, 207, 203, 75, 73, 105, 233, 232, 200, 136, 137, 141, 173, 172, 44, 40, 56, 57, 185, 187, 186, 190], f=89, g=22
[00:00:21:06:923] Expansion 17100000: state [255, 223, 207, 203, 75, 73, 105, 233, 232, 200, 204, 220, 252, 124, 120, 56, 57, 185, 153, 157, 141, 173, 45, 44, 46, 174, 170, 186, 250], f=89, g=28
[00:00:21:14:389] Expansion 17200000: state [255, 223, 207, 203, 75, 73, 105, 233, 232, 236, 108, 44, 45, 173, 141, 157, 153, 152, 216, 218, 250, 122, 120], f=89, g=22
[00:00:21:21:703] Expansion 17300000: state [255, 223, 207, 203, 75, 73, 105, 233, 232, 236, 252, 220, 216, 217, 153, 137, 136, 138, 142, 174, 190, 186, 187], f=89, g=22
[00:00:21:28:984] Expansion 17400000: state [255, 223, 207, 203, 75, 73, 105, 233, 249, 185, 153, 152, 216, 220, 252, 124, 108, 44, 172, 173, 175, 171, 170, 186, 190], f=89, g=24
[00:00:21:36:012] Expansion 17500000: state [255, 223, 207, 203, 75, 73, 105, 233, 249, 185, 189, 173, 175, 174, 142, 138, 136, 200, 204, 76, 108, 124], f=89, g=21
[00:00:21:43:183] Expansion 17600000: state [255, 223, 207, 203, 75, 73, 105, 233, 249, 217, 153, 152, 136, 168, 170, 186, 190, 188, 252, 236, 204, 76, 78, 110, 46], f=89, g=24
[00:00:21:50:313] Expansion 17700000: state [255, 223, 207, 203, 75, 73, 105, 233, 249, 217, 216, 152, 136, 138, 142, 174, 190, 188, 189, 173, 45, 44, 40, 56, 120], f=89, g=24
[00:00:21:57:633] Expansion 17800000: state [255, 223, 207, 203, 75, 73, 105, 233, 249, 248, 184, 56, 40, 44, 45, 173, 189, 157, 153, 155, 187, 171, 170, 138, 136, 140, 204, 76, 78, 110], f=89, g=29
[00:00:22:04:816] Expansion 17900000: state [255, 223, 207, 203, 75, 73, 105, 233, 237, 173, 45, 44, 108, 76, 204, 140, 142, 138, 170, 168, 184, 152, 216, 218, 250], f=89, g=24
[00:00:22:12:225] Expansion 18000000: state [255, 223, 207, 203, 75, 73, 105, 233, 237, 173, 141, 140, 204, 200, 216, 248, 184, 168, 40, 44, 46, 110, 78], f=89, g=22
[00:00:22:19:449] Expansion 18100000: state [255, 223, 207, 203, 75, 73, 105, 233, 237, 173, 189, 157, 153, 137, 136, 138, 142, 174, 46, 44, 108, 76, 204, 220, 216, 218, 250, 186, 184], f=89, g=28
[00:00:22:26:396] Expansion 18200000: state [255, 223, 207, 203, 75, 73, 105, 233, 237, 173, 189, 188, 190, 186, 187, 155, 153, 152, 136, 200, 204, 76, 78, 110, 46, 44, 40], f=89, g=26
[00:00:22:33:782] Expansion 18300000: state [255, 223, 207, 203, 75, 73, 105, 233, 237, 236, 108, 124, 120, 122, 250, 218, 216, 152, 136, 140, 142, 158, 190, 188, 189, 185], f=89, g=25
[00:00:22:40:713] Expansion 18400000: state [255, 223, 207, 203, 75, 73, 105, 233, 237, 236, 238, 110, 46, 44, 40, 168, 136, 200, 216, 248, 250, 186, 190, 188, 189, 185, 153], f=89, g=26
[00:00:22:47:827] Expansion 18500000: state [255, 223, 207, 203, 75, 73, 105, 121, 57, 56, 40, 44, 108, 76, 204, 200, 232, 248, 252, 188, 190, 186, 170, 171, 175, 173, 141, 137], f=89, g=27
[00:00:22:54:920] Expansion 18600000: state [255, 223, 207, 203, 75, 73, 105, 121, 57, 56, 40, 44, 45, 173, 141, 137, 153, 155, 187, 186, 250, 218, 216, 200, 204], f=89, g=24
[00:00:23:01:859] Expansion 18700000: state [255, 223, 207, 203, 75, 73, 105, 121, 57, 56, 184, 188, 190, 158, 142, 140, 204, 200, 216, 217, 153, 157], f=89, g=21
[00:00:23:08:915] Expansion 18800000: state [255, 223, 207, 203, 75, 73, 105, 121, 57, 185, 153, 217, 216, 200, 136, 138, 142, 158, 190, 188, 252, 236, 238, 110, 46, 44, 45, 173, 175], f=89, g=28
[00:00:23:16:047] Expansion 18900000: state [255, 223, 207, 203, 75, 73, 105, 121, 57, 185, 189, 157, 141, 137, 136, 168, 232, 248, 216, 220, 204, 76, 108, 110, 238, 174, 175, 171, 43], f=89, g=28
[00:00:23:23:212] Expansion 19000000: state [255, 223, 207, 203, 75, 73, 105, 121, 120, 56, 40, 168, 136, 138, 142, 158, 190, 186, 187, 155, 153, 217, 216, 220, 204, 76, 78, 94], f=89, g=27
[00:00:23:30:610] Expansion 19100000: state [255, 223, 207, 203, 75, 73, 105, 121, 120, 56, 40, 44, 46, 174, 190, 188, 252, 236, 204, 200, 136, 137], f=89, g=21
[00:00:23:37:974] Expansion 19200000: state [255, 223, 207, 203, 75, 73, 105, 121, 120, 56, 184, 186, 170, 174, 46, 110, 78, 76, 204, 200, 216, 217, 153, 137, 141, 173], f=89, g=25
[00:00:23:45:000] Expansion 19300000: state [255, 223, 207, 203, 75, 73, 105, 121, 120, 88, 216, 200, 136, 140, 141, 173, 237, 236, 238, 174, 190, 188, 184], f=89, g=22
[00:00:23:52:346] Expansion 19400000: state [255, 223, 207, 203, 75, 73, 105, 121, 120, 88, 216, 220, 252, 236, 232, 168, 40, 44, 45, 173, 175, 171, 187, 186, 190, 158], f=89, g=25
[00:00:23:59:493] Expansion 19500000: state [255, 223, 207, 203, 75, 73, 105, 121, 120, 248, 184, 168, 136, 200, 204, 236, 108, 110, 46, 174, 175, 173, 141, 157, 153, 155, 187], f=89, g=26
[00:00:24:06:673] Expansion 19600000: state [255, 223, 207, 203, 75, 73, 105, 121, 120, 248, 216, 217, 153, 137, 136, 138, 142, 158, 190, 186, 187, 171, 175, 173, 237, 236, 238, 110, 46], f=89, g=28
[00:00:24:13:779] Expansion 19700000: state [255, 223, 207, 203, 75, 73, 105, 121, 120, 248, 252, 236, 204, 140, 136, 137, 169, 171, 43], f=89, g=18
[00:00:24:21:203] Expansion 19800000: state [255, 223, 207, 203, 75, 73, 105, 121, 120, 124, 108, 76, 204, 220, 216, 152, 153, 157, 189, 173, 175], f=89, g=20
[00:00:24:28:723] Expansion 19900000: state [255, 223, 207, 203, 75, 73, 105, 121, 120, 124, 252, 188, 189, 173, 45, 44, 40, 168, 170, 186, 250, 218, 216, 217], f=89, g=23
[00:00:24:35:868] Expansion 20000000: state [255, 223, 207, 203, 75, 73, 105, 121, 120, 124, 252, 236, 237, 173, 169, 185, 184, 186, 170, 138], f=89, g=19
[00:00:24:43:329] Expansion 20100000: state [255, 223, 207, 203, 75, 73, 105, 121, 120, 122, 250, 186, 187, 155, 153, 137, 141, 140, 142, 174, 46, 110, 108, 236, 232, 200, 216, 220], f=89, g=27
[00:00:24:50:475] Expansion 20200000: state [255, 223, 207, 203, 75, 73, 105, 121, 120, 122, 250, 218, 216, 200, 204, 76, 78, 110, 238, 174, 170], f=89, g=20
[00:00:24:57:839] Expansion 20300000: state [255, 223, 207, 203, 75, 73, 105, 121, 249, 185, 153, 157, 141, 140, 136, 200, 216, 218, 250, 186, 190, 174, 46, 110, 108, 236, 237], f=89, g=26
[00:00:25:05:036] Expansion 20400000: state [255, 223, 207, 203, 75, 73, 105, 121, 249, 185, 187, 186, 250, 218, 216, 220, 252, 124, 108, 110, 238, 174, 142, 140, 136, 168], f=89, g=25
[00:00:25:12:287] Expansion 20500000: state [255, 223, 207, 203, 75, 73, 105, 121, 249, 217, 153, 155, 187, 171, 175, 173, 141, 140, 204, 220, 252, 188, 190], f=89, g=22
[00:00:25:19:494] Expansion 20600000: state [255, 223, 207, 203, 75, 73, 105, 121, 249, 217, 216, 218, 250, 186, 184, 188, 172, 174, 238, 110, 78, 94], f=89, g=21
[00:00:25:26:850] Expansion 20700000: state [255, 223, 207, 203, 75, 73, 105, 121, 249, 248, 232, 200, 204, 76, 108, 110, 46, 174, 190, 188, 189, 173, 169, 137, 153], f=89, g=24
[00:00:25:34:064] Expansion 20800000: state [255, 223, 207, 203, 75, 73, 105, 109, 45, 44, 40, 168, 184, 186, 190, 174, 238, 236, 204, 140, 141, 137, 153, 217, 216, 88, 120], f=89, g=26
[00:00:25:41:381] Expansion 20900000: state [255, 223, 207, 203, 75, 73, 105, 109, 45, 44, 40, 56, 120, 122, 250, 186, 187, 185, 189, 188, 252, 220, 216, 200, 136], f=89, g=24
[00:00:25:48:596] Expansion 21000000: state [255, 223, 207, 203, 75, 73, 105, 109, 45, 44, 46, 174, 170, 138, 136, 152, 216, 218, 250, 122, 120, 124, 252], f=89, g=22
[00:00:25:56:050] Expansion 21100000: state [255, 223, 207, 203, 75, 73, 105, 109, 45, 44, 46, 110, 78, 76, 204, 220, 216, 88, 120, 122, 250, 186, 184, 185, 153, 155], f=89, g=25
[00:00:26:03:173] Expansion 21200000: state [255, 223, 207, 203, 75, 73, 105, 109, 45, 173, 141, 140, 204, 200, 216, 217, 153, 185, 57, 56, 120, 124, 252, 188, 190, 174, 46, 110, 78], f=89, g=28
[00:00:26:10:326] Expansion 21300000: state [255, 223, 207, 203, 75, 73, 105, 109, 45, 173, 169, 171, 187, 155, 153, 152, 216, 220, 204, 140, 142, 174, 238, 110, 78], f=89, g=24
[00:00:26:17:632] Expansion 21400000: state [255, 223, 207, 203, 75, 73, 105, 109, 45, 173, 189, 188, 252, 124, 120, 122, 250, 218, 216, 200, 232, 168, 170, 174, 238], f=89, g=24
[00:00:26:25:139] Expansion 21500000: state [255, 223, 207, 203, 75, 73, 105, 109, 108, 44, 40, 56, 184, 248, 216, 220, 204, 140, 142, 138, 170, 171, 175], f=89, g=22
[00:00:26:32:424] Expansion 21600000: state [255, 223, 207, 203, 75, 73, 105, 109, 108, 44, 46, 174, 142, 140, 136, 168, 184, 185, 153, 157], f=89, g=19
[00:00:26:45:191] Expansion 21700000: state [255, 223, 207, 203, 75, 73, 105, 109, 108, 76, 204, 200, 136, 137, 169, 185, 249, 248, 252, 188, 172, 174, 170, 186], f=89, g=23
[00:00:26:52:449] Expansion 21800000: state [255, 223, 207, 203, 75, 73, 105, 109, 108, 236, 204, 140, 142, 138, 170, 171, 169, 185, 153, 217, 216, 88, 120, 56, 40], f=89, g=24
[00:00:26:59:636] Expansion 21900000: state [255, 223, 207, 203, 75, 73, 105, 109, 108, 236, 252, 188, 189, 185, 169, 171, 170, 174, 142, 140, 136, 200, 216, 218, 250, 122, 120, 56, 40], f=89, g=28
[00:00:27:06:957] Expansion 22000000: state [255, 223, 207, 203, 75, 73, 105, 109, 108, 124, 120, 88, 216, 220, 204, 140, 172, 168, 170, 186, 187, 185, 189], f=89, g=22
[00:00:27:14:364] Expansion 22100000: state [255, 223, 207, 203, 75, 73, 105, 109, 108, 124, 252, 220, 216, 200, 136, 168, 40, 56, 57, 185, 249], f=89, g=20
[00:00:27:21:783] Expansion 22200000: state [255, 223, 207, 203, 75, 73, 105, 109, 108, 110, 46, 174, 175, 171, 187, 155, 153, 157, 189, 188, 184, 168, 232, 200, 216, 88, 120], f=89, g=26
[00:00:27:29:362] Expansion 22300000: state [255, 223, 207, 203, 75, 73, 105, 109, 237, 173, 141, 137, 136, 138, 142, 174, 238, 110, 78, 76, 204, 220, 252, 248, 232], f=89, g=24
[00:00:27:36:399] Expansion 22400000: state [255, 223, 207, 203, 75, 73, 105, 109, 237, 173, 169, 185, 187, 186, 190, 174, 142, 138, 136, 152, 216, 220, 252, 124, 120, 56], f=89, g=25
[00:00:27:43:492] Expansion 22500000: state [255, 223, 207, 203, 75, 73, 105, 109, 237, 173, 189, 188, 190, 174, 142, 140, 136, 168, 232, 248, 120, 124], f=89, g=21
[00:00:27:50:772] Expansion 22600000: state [255, 223, 207, 203, 75, 73, 105, 109, 237, 236, 204, 140, 142, 158, 190, 186, 250, 248, 216, 152, 153, 185, 169, 171, 175], f=89, g=24
[00:00:27:57:804] Expansion 22700000: state [255, 223, 207, 203, 75, 73, 105, 109, 237, 236, 252, 188, 189, 185, 187, 186, 250, 122, 120, 56, 40, 168, 136, 140, 142], f=89, g=24
[00:00:28:05:109] Expansion 22800000: state [255, 223, 207, 203, 75, 73, 89, 88, 216, 152, 136, 140, 142, 174, 238, 236, 108, 44, 40, 41, 169, 233, 249], f=89, g=22
[00:00:28:12:349] Expansion 22900000: state [255, 223, 207, 203, 75, 73, 89, 88, 216, 152, 184, 188, 252, 236, 238, 110, 46, 44, 40, 41, 169, 173, 141, 140, 142, 138, 170], f=89, g=26
[00:00:28:19:551] Expansion 23000000: state [255, 223, 207, 203, 75, 73, 89, 88, 216, 152, 153, 185, 189, 188, 190, 158, 142, 140, 204, 76, 78, 110, 46, 44, 40, 104, 232], f=89, g=26
[00:00:28:26:620] Expansion 23100000: state [255, 223, 207, 203, 75, 73, 89, 88, 216, 200, 136, 140, 142, 174, 46, 110, 108, 236, 237, 173, 45, 41, 57, 185, 187, 155], f=89, g=25
[00:00:28:33:666] Expansion 23200000: state [255, 223, 207, 203, 75, 73, 89, 88, 216, 200, 136, 137, 169, 41, 57, 56, 184, 188, 190, 174, 46, 44, 108, 76, 78, 94], f=89, g=25
[00:00:28:40:744] Expansion 23300000: state [255, 223, 207, 203, 75, 73, 89, 88, 216, 200, 232, 236, 108, 109, 45, 41, 57, 185, 187, 171], f=89, g=19
[00:00:28:47:645] Expansion 23400000: state [255, 223, 207, 203, 75, 73, 89, 88, 216, 200, 204, 76, 78, 110, 238, 174, 190, 186, 184, 56, 57, 41, 169, 173, 141, 157], f=89, g=25
[00:00:28:54:790] Expansion 23500000: state [255, 223, 207, 203, 75, 73, 89, 88, 216, 248, 184, 56, 40, 44, 46, 110, 78, 76, 204, 236, 237, 173, 141, 157, 153, 155, 187, 171, 170, 138, 136], f=89, g=30
[00:00:29:01:985] Expansion 23600000: state [255, 223, 207, 203, 75, 73, 89, 88, 216, 248, 232, 104, 40, 41, 169, 185, 189, 188, 190, 186, 170, 138, 136, 140, 204, 76, 78, 110, 238], f=89, g=28
[00:00:29:09:082] Expansion 23700000: state [255, 223, 207, 203, 75, 73, 89, 88, 216, 248, 252, 124, 108, 44, 40, 41, 57, 185, 187, 171, 175, 174, 142, 138, 136, 137], f=89, g=25
[00:00:29:16:234] Expansion 23800000: state [255, 223, 207, 203, 75, 73, 89, 88, 216, 248, 252, 236, 204, 140, 141, 157, 189, 185, 187, 171, 43, 41, 45, 44, 46], f=89, g=24
[00:00:29:23:390] Expansion 23900000: state [255, 223, 207, 203, 75, 73, 89, 88, 216, 248, 249, 185, 57, 41, 45, 109, 237, 236, 172, 188, 190, 186, 170, 138, 142], f=89, g=24
[00:00:29:30:435] Expansion 24000000: state [255, 223, 207, 203, 75, 73, 89, 88, 216, 220, 204, 76, 108, 104, 232, 168, 170, 174, 190, 188, 189, 185, 187], f=89, g=22
[00:00:29:37:676] Expansion 24100000: state [255, 223, 207, 203, 75, 73, 89, 88, 216, 220, 204, 140, 142, 174, 46, 110, 108, 109, 45, 41, 40, 168, 232, 233, 249, 185, 187, 155], f=89, g=27
[00:00:29:44:847] Expansion 24200000: state [255, 223, 207, 203, 75, 73, 89, 88, 216, 220, 204, 236, 237, 109, 45, 41, 57, 185, 187, 171, 170, 138, 136], f=89, g=22
[00:00:29:52:075] Expansion 24300000: state [255, 223, 207, 203, 75, 73, 89, 88, 216, 220, 252, 188, 184, 185, 153, 157, 141, 140, 136, 138, 170, 171, 43, 41, 40, 44, 46, 110, 78], f=89, g=28
[00:00:29:59:231] Expansion 24400000: state [255, 223, 207, 203, 75, 73, 89, 88, 216, 220, 252, 236, 232, 233, 249, 185, 189, 157, 141, 137, 136, 138, 142, 174, 175, 171, 43, 41, 40, 56], f=89, g=29
[00:00:30:06:556] Expansion 24500000: state [255, 223, 207, 203, 75, 73, 89, 88, 216, 218, 250, 186, 184, 188, 172, 173, 237, 109, 108, 104, 40, 41], f=89, g=21
[00:00:30:13:740] Expansion 24600000: state [255, 223, 207, 203, 75, 73, 89, 88, 216, 218, 250, 186, 187, 155, 153, 157, 189, 173, 169, 41, 40, 104, 232, 236, 252], f=89, g=24
[00:00:30:21:099] Expansion 24700000: state [255, 223, 207, 203, 75, 73, 89, 88, 120, 56, 40, 44, 108, 110, 238, 174, 142, 138, 136, 152, 153, 157, 189, 173, 169, 233], f=89, g=25
[00:00:30:28:515] Expansion 24800000: state [255, 223, 207, 203, 75, 73, 89, 88, 120, 56, 40, 41, 45, 109, 108, 236, 172, 188, 190, 186, 187, 185, 153, 152, 136, 200], f=89, g=25
[00:00:30:35:664] Expansion 24900000: state [255, 223, 207, 203, 75, 73, 89, 88, 120, 56, 184, 188, 190, 174, 142, 138, 136, 137, 153, 155, 187, 171, 43, 41, 45, 109, 237, 236, 204], f=89, g=28
[00:00:30:42:978] Expansion 25000000: state [255, 223, 207, 203, 75, 73, 89, 88, 120, 56, 57, 41, 169, 171, 187, 155, 153, 157, 189, 188, 252, 220, 204, 76, 108, 44, 46, 174, 142, 138], f=89, g=29
[00:00:30:50:249] Expansion 25100000: state [255, 223, 207, 203, 75, 73, 89, 88, 120, 56, 57, 185, 249, 233, 237, 109, 108, 44, 172, 168, 170, 186, 190, 158], f=89, g=23
[00:00:30:57:479] Expansion 25200000: state [255, 223, 207, 203, 75, 73, 89, 88, 120, 104, 40, 44, 45, 109, 237, 236, 238, 174, 190, 188], f=89, g=19
[00:00:31:04:756] Expansion 25300000: state [255, 223, 207, 203, 75, 73, 89, 88, 120, 104, 232, 200, 204, 76, 78, 110, 46, 174, 170, 171, 43, 41, 57, 185, 184], f=89, g=24
[00:00:31:11:933] Expansion 25400000: state [255, 223, 207, 203, 75, 73, 89, 88, 120, 104, 108, 44, 46, 174, 190, 186, 187, 171, 169, 168, 136, 140, 204], f=89, g=22
[00:00:31:19:164] Expansion 25500000: state [255, 223, 207, 203, 75, 73, 89, 88, 120, 104, 108, 109, 45, 173, 141, 157, 153, 152, 184, 186, 170, 174, 142], f=89, g=22
[00:00:31:26:547] Expansion 25600000: state [255, 223, 207, 203, 75, 73, 89, 88, 120, 248, 184, 185, 57, 41, 45, 109, 108, 110, 238, 174, 170, 138, 136, 200], f=89, g=23
[00:00:31:33:643] Expansion 25700000: state [255, 223, 207, 203, 75, 73, 89, 88, 120, 248, 232, 236, 204, 76, 78, 110, 46, 44, 45, 173, 141, 137, 136, 138, 142], f=89, g=24
[00:00:31:40:568] Expansion 25800000: state [255, 223, 207, 203, 75, 73, 89, 88, 120, 248, 252, 188, 189, 185, 187, 186, 170, 138, 142, 140, 204, 76, 78, 110, 46, 44, 40, 41], f=89, g=27
[00:00:31:47:585] Expansion 25900000: state [255, 223, 207, 203, 75, 73, 89, 88, 120, 248, 250, 186, 170, 138, 136, 200, 204, 76, 108, 109, 237, 173, 169, 185, 57], f=89, g=24
