--------------------------
date: cubes
number_of_graphs: 1
graph_type: cube
size_of_graphs: [8, 8]
heuristic: heuristic0
snake: True
run_uni: True
run_bi: False
run_multi: False
cube_first_dims: 8
cube_buffer_dim: 3
backward_sym_generation: False

---------- cubes/8d_cube ----------
[00:00:00:06:938] Expansion 100000: state [255, 223, 207, 203, 75, 73, 72, 200, 136, 140, 142, 158, 154, 155, 153, 185, 184, 56, 120, 122, 250, 234, 238, 236, 237, 173], f=85, g=25
[00:00:00:14:054] Expansion 200000: state [255, 223, 207, 203, 75, 73, 72, 200, 136, 138, 142, 158, 156, 188, 252, 236, 238, 234, 250, 122, 120, 56, 57, 41, 169, 171, 187, 155], f=85, g=27
[00:00:00:21:005] Expansion 300000: state [255, 223, 207, 203, 75, 73, 72, 200, 232, 248, 120, 124, 92, 28, 156, 140, 141, 137, 169, 171, 187, 155], f=85, g=21
[00:00:00:28:238] Expansion 400000: state [255, 223, 207, 203, 75, 73, 72, 200, 232, 234, 250, 186, 154, 138, 142, 140, 156, 28, 92, 124, 120, 56, 57, 185, 169, 137], f=85, g=25
[00:00:00:35:127] Expansion 500000: state [255, 223, 207, 203, 75, 73, 72, 200, 216, 152, 153, 157, 141, 140, 142, 158, 190, 186, 250, 234, 238, 236, 237, 233, 249, 121, 57], f=85, g=26
[00:00:00:42:182] Expansion 600000: state [255, 223, 207, 203, 75, 73, 72, 200, 216, 217, 153, 157, 141, 140, 142, 158, 190, 186, 187, 171, 169, 41, 57, 121, 120, 124, 252, 236, 238, 234], f=85, g=29
[00:00:00:49:157] Expansion 700000: state [255, 223, 207, 203, 75, 73, 72, 200, 204, 140, 141, 173, 189, 188, 190, 158, 154, 155, 153, 25, 57, 121], f=85, g=21
[00:00:00:56:303] Expansion 800000: state [255, 223, 207, 203, 75, 73, 72, 200, 204, 236, 237, 233, 249, 248, 250, 186, 154, 155, 153, 157, 156, 28, 24], f=85, g=22
[00:00:01:03:574] Expansion 900000: state [255, 223, 207, 203, 75, 73, 72, 104, 232, 248, 252, 188, 156, 158, 154, 155, 187, 171, 175, 173, 141], f=85, g=20
[00:00:01:10:583] Expansion 1000000: state [255, 223, 207, 203, 75, 73, 72, 104, 232, 234, 250, 186, 154, 158, 142, 140, 204, 220, 92, 28, 24, 56, 57, 121, 249, 217, 153, 137, 169, 173, 175], f=85, g=30
[00:00:01:17:897] Expansion 1100000: state [255, 223, 207, 203, 75, 73, 72, 104, 120, 56, 24, 28, 92, 220, 252, 236, 238, 234, 250, 186, 154, 155, 153, 157, 189, 173, 169, 41], f=85, g=27
[00:00:01:25:062] Expansion 1200000: state [255, 223, 207, 203, 75, 73, 72, 104, 120, 248, 252, 188, 189, 185, 169, 137, 136, 152, 24], f=85, g=18
[00:00:01:32:475] Expansion 1300000: state [255, 223, 207, 203, 75, 73, 72, 104, 120, 124, 252, 188, 184, 152, 136, 137, 141, 173, 237, 109], f=85, g=19
[00:00:01:40:023] Expansion 1400000: state [255, 223, 207, 203, 75, 73, 72, 104, 120, 122, 250, 234, 238, 236, 237, 173, 189, 157, 153, 152, 136, 138, 142, 158], f=85, g=23
[00:00:01:46:976] Expansion 1500000: state [255, 223, 207, 203, 75, 73, 72, 104, 120, 121, 249, 233, 169, 173, 189, 188, 184, 186, 154, 138, 136, 140, 204, 236, 238], f=85, g=24
[00:00:01:54:076] Expansion 1600000: state [255, 223, 207, 203, 75, 73, 72, 88, 24, 56, 57, 121, 249, 217, 153, 155, 187, 171, 169, 168, 232, 236, 252, 188, 190, 158, 142, 140], f=85, g=27
[00:00:02:01:834] Expansion 1700000: state [255, 223, 207, 203, 75, 73, 72, 88, 24, 25, 153, 155, 187, 186, 190, 158, 156, 220, 252, 248, 232, 233, 169, 173], f=85, g=23
[00:00:02:08:746] Expansion 1800000: state [255, 223, 207, 203, 75, 73, 72, 88, 216, 220, 156, 158, 154, 186, 250, 234, 232, 236, 237, 173, 141, 137, 153, 185, 57], f=85, g=24
[00:00:02:15:728] Expansion 1900000: state [255, 223, 207, 203, 75, 73, 72, 88, 120, 56, 57, 25, 153, 157, 141, 140, 136, 168, 232, 236, 252, 188, 190, 158, 154], f=85, g=24
[00:00:02:22:819] Expansion 2000000: state [255, 223, 207, 203, 75, 73, 72, 88, 120, 124, 252, 220, 156, 158, 154, 186, 187, 171, 169, 233, 237], f=85, g=20
[00:00:02:30:686] Expansion 2100000: state [255, 223, 207, 203, 75, 73, 72, 88, 120, 121, 57, 25, 153, 155, 187, 171, 175, 173, 237, 236, 204, 140, 136, 168, 184, 188, 190], f=85, g=26
[00:00:02:37:850] Expansion 2200000: state [255, 223, 207, 203, 75, 73, 72, 88, 92, 28, 156, 158, 154, 186, 184, 56, 57, 25, 153, 217, 249, 233, 169, 173], f=85, g=23
[00:00:02:44:978] Expansion 2300000: state [255, 223, 207, 203, 75, 73, 72, 88, 92, 220, 252, 188, 189, 157, 141, 137, 136, 168, 232, 234, 250, 186, 154, 155], f=85, g=23
[00:00:02:51:982] Expansion 2400000: state [255, 223, 207, 203, 75, 73, 72, 76, 204, 140, 136, 168, 169, 185, 153, 155, 154, 158, 190, 188, 252, 248, 120, 56, 24], f=85, g=24
[00:00:02:59:154] Expansion 2500000: state [255, 223, 207, 203, 75, 73, 72, 76, 204, 140, 141, 173, 169, 233, 249, 248, 250, 186, 187], f=85, g=18
[00:00:03:06:859] Expansion 2600000: state [255, 223, 207, 203, 75, 73, 72, 76, 204, 236, 252, 248, 120, 56, 24, 25, 153, 157, 189, 173, 175, 171, 187], f=85, g=22
[00:00:03:13:943] Expansion 2700000: state [255, 223, 207, 203, 75, 73, 72, 76, 204, 220, 156, 188, 184, 168, 136, 138, 154, 155, 187, 171, 175, 173, 237, 233, 249, 121, 57, 41], f=85, g=27
[00:00:03:20:917] Expansion 2800000: state [255, 223, 207, 203, 75, 73, 72, 76, 92, 28, 24, 152, 136, 140, 141, 157, 189, 185, 249, 121, 120], f=85, g=20
[00:00:03:27:878] Expansion 2900000: state [255, 223, 207, 203, 75, 73, 72, 76, 92, 28, 24, 25, 57, 185, 169, 173, 237, 236, 238, 234, 250, 186, 190, 158, 142, 138], f=85, g=25
[00:00:03:34:966] Expansion 3000000: state [255, 223, 207, 203, 75, 73, 72, 76, 92, 220, 156, 140, 136, 168, 232, 233, 249, 185, 153, 25, 24, 56, 120, 122], f=85, g=23
[00:00:03:42:187] Expansion 3100000: state [255, 223, 207, 203, 75, 73, 72, 76, 92, 220, 216, 248, 232, 233, 169, 171, 187, 186, 154, 138, 142, 140, 141, 157, 189, 188], f=85, g=25
[00:00:03:50:236] Expansion 3200000: state [255, 223, 207, 203, 75, 73, 72, 76, 92, 220, 252, 248, 120, 56, 24, 152, 153, 155, 187, 186], f=85, g=19
[00:00:03:57:198] Expansion 3300000: state [255, 223, 207, 203, 75, 73, 72, 76, 92, 124, 120, 122, 250, 234, 232, 236, 237, 173, 189, 188, 190, 158, 154, 138, 136, 137, 153, 25, 57, 41], f=85, g=29
[00:00:04:04:173] Expansion 3400000: state [255, 223, 207, 203, 75, 73, 72, 76, 92, 124, 252, 236, 237, 173, 169, 185, 187, 186, 190, 158, 142, 140, 136, 152, 24], f=85, g=24
[00:00:04:10:997] Expansion 3500000: state [255, 223, 207, 203, 75, 73, 105, 41, 169, 137, 141, 157, 156, 28, 24, 56, 184, 186, 250, 234, 232, 200, 204, 76], f=85, g=23
[00:00:04:17:848] Expansion 3600000: state [255, 223, 207, 203, 75, 73, 105, 41, 169, 185, 153, 157, 156, 28, 92, 88, 216, 200, 136, 138, 154, 186, 250, 234, 238], f=85, g=24
[00:00:04:24:607] Expansion 3700000: state [255, 223, 207, 203, 75, 73, 105, 41, 169, 173, 141, 140, 142, 158, 190, 188, 184, 248, 249, 217, 153, 25, 24, 28, 92, 93], f=85, g=25
[00:00:04:31:287] Expansion 3800000: state [255, 223, 207, 203, 75, 73, 105, 41, 169, 173, 189, 188, 184, 186, 154, 138, 142, 140, 204, 76, 92, 28, 24, 25, 153, 217, 216], f=85, g=26
[00:00:04:38:029] Expansion 3900000: state [255, 223, 207, 203, 75, 73, 105, 41, 57, 25, 24, 152, 154, 158, 190, 188, 189, 173, 237, 236, 238, 234, 250, 248], f=85, g=23
[00:00:04:44:917] Expansion 4000000: state [255, 223, 207, 203, 75, 73, 105, 41, 57, 25, 153, 152, 184, 186, 250, 122, 120, 124, 92, 220, 204, 200, 232], f=85, g=22
[00:00:04:51:897] Expansion 4100000: state [255, 223, 207, 203, 75, 73, 105, 41, 57, 56, 24, 88, 216, 248, 252, 236, 237, 173, 175, 171, 187, 155, 154, 138, 136, 137], f=85, g=25
[00:00:04:58:927] Expansion 4200000: state [255, 223, 207, 203, 75, 73, 105, 41, 57, 56, 120, 88, 216, 220, 204, 140, 136, 138, 154, 158, 190, 188, 189, 157], f=85, g=23
[00:00:05:05:963] Expansion 4300000: state [255, 223, 207, 203, 75, 73, 105, 41, 57, 185, 153, 137, 136, 138, 154, 186, 190, 188, 156, 28, 24, 88, 120, 248, 232, 234, 238], f=85, g=26
[00:00:05:12:966] Expansion 4400000: state [255, 223, 207, 203, 75, 73, 105, 41, 57, 185, 189, 188, 156, 140, 204, 200, 232, 248, 120, 124, 92], f=85, g=20
[00:00:05:20:069] Expansion 4500000: state [255, 223, 207, 203, 75, 73, 105, 104, 232, 200, 136, 152, 153, 185, 187, 186, 190, 188], f=85, g=17
[00:00:05:27:280] Expansion 4600000: state [255, 223, 207, 203, 75, 73, 105, 104, 232, 248, 252, 220, 204, 140, 136, 152, 154, 155, 187, 185, 169, 173], f=85, g=21
[00:00:05:34:428] Expansion 4700000: state [255, 223, 207, 203, 75, 73, 105, 104, 232, 236, 237, 173, 189, 185, 249, 217, 216, 220, 156, 140, 136, 137], f=85, g=21
[00:00:05:41:518] Expansion 4800000: state [255, 223, 207, 203, 75, 73, 105, 104, 120, 56, 184, 186, 187, 171, 169, 137, 153, 217, 216, 220, 156, 158, 142, 138], f=85, g=23
[00:00:05:48:633] Expansion 4900000: state [255, 223, 207, 203, 75, 73, 105, 104, 120, 88, 216, 217, 153, 157, 189, 173, 175, 171, 187, 186, 250, 234, 238, 236, 204, 140, 142], f=85, g=26
[00:00:05:55:889] Expansion 5000000: state [255, 223, 207, 203, 75, 73, 105, 104, 120, 248, 250, 186, 154, 158, 156, 28, 92, 76, 204, 200, 136, 137, 153, 185, 189, 173, 237], f=85, g=26
[00:00:06:03:174] Expansion 5100000: state [255, 223, 207, 203, 75, 73, 105, 104, 120, 124, 252, 220, 204, 140, 141, 173, 169, 168, 184, 186, 250], f=85, g=20
[00:00:06:10:428] Expansion 5200000: state [255, 223, 207, 203, 75, 73, 105, 233, 169, 137, 136, 140, 142, 158, 190, 188, 184, 248, 216, 88, 24], f=85, g=20
[00:00:06:18:514] Expansion 5300000: state [255, 223, 207, 203, 75, 73, 105, 233, 169, 185, 57, 56, 120, 248, 252, 188, 156, 152, 154, 138], f=85, g=19
[00:00:06:25:196] Expansion 5400000: state [255, 223, 207, 203, 75, 73, 105, 233, 169, 173, 189, 157, 153, 25, 57, 56, 184, 186, 190, 158, 142, 140, 204, 200], f=85, g=23
[00:00:06:31:876] Expansion 5500000: state [255, 223, 207, 203, 75, 73, 105, 233, 232, 168, 136, 138, 154, 186, 250, 122, 120, 56, 24, 28, 156, 220, 216, 217], f=85, g=23
[00:00:06:38:707] Expansion 5600000: state [255, 223, 207, 203, 75, 73, 105, 233, 232, 200, 204, 220, 92, 88, 120, 56, 57, 25, 153, 155, 154, 158, 190, 188, 189, 173, 175, 171], f=85, g=27
[00:00:06:45:734] Expansion 5700000: state [255, 223, 207, 203, 75, 73, 105, 233, 232, 236, 252, 124, 92, 28, 24, 56, 184, 185, 189, 157, 141, 137, 136], f=85, g=22
[00:00:06:52:925] Expansion 5800000: state [255, 223, 207, 203, 75, 73, 105, 233, 249, 185, 57, 25, 24, 88, 92, 220, 252, 188, 190, 186, 154, 138, 136, 137, 141, 173], f=85, g=25
[00:00:06:59:889] Expansion 5900000: state [255, 223, 207, 203, 75, 73, 105, 233, 249, 217, 153, 157, 189, 173, 175, 171, 187, 186, 190, 158, 142, 138, 136, 200, 204, 76, 92, 28, 24], f=85, g=28
[00:00:07:06:694] Expansion 6000000: state [255, 223, 207, 203, 75, 73, 105, 233, 237, 173, 141, 137, 153, 155, 154, 186, 184, 56], f=85, g=17
[00:00:07:13:672] Expansion 6100000: state [255, 223, 207, 203, 75, 73, 105, 233, 237, 173, 189, 188, 156, 158, 142, 138, 136, 200, 204, 76, 92, 88, 120, 56, 57, 25, 153, 217], f=85, g=27
[00:00:07:20:574] Expansion 6200000: state [255, 223, 207, 203, 75, 73, 105, 233, 237, 236, 204, 200, 136, 138, 142, 158, 156, 28, 92, 88, 120, 56, 184, 186, 250, 234], f=85, g=25
[00:00:07:27:261] Expansion 6300000: state [255, 223, 207, 203, 75, 73, 105, 233, 237, 236, 238, 234, 250, 248, 216, 88, 92, 28, 156, 158, 154, 138, 136, 168], f=85, g=23
[00:00:07:34:183] Expansion 6400000: state [255, 223, 207, 203, 75, 73, 105, 121, 57, 25, 153, 137, 169, 168, 232, 200, 204, 76, 92, 28, 156, 188, 189], f=85, g=22
[00:00:07:41:012] Expansion 6500000: state [255, 223, 207, 203, 75, 73, 105, 121, 57, 56, 24, 152, 154, 155, 187, 171, 169, 173, 141], f=85, g=18
[00:00:07:48:072] Expansion 6600000: state [255, 223, 207, 203, 75, 73, 105, 121, 57, 56, 24, 28, 92, 220, 252, 236, 238, 234, 250, 186, 154, 155, 153, 157, 189, 173, 169, 168, 136, 140, 142], f=85, g=30
[00:00:07:55:038] Expansion 6700000: state [255, 223, 207, 203, 75, 73, 105, 121, 57, 185, 184, 152, 154, 158, 142, 140, 141, 173, 237, 236, 252, 124, 92, 94, 78], f=85, g=24
[00:00:08:01:957] Expansion 6800000: state [255, 223, 207, 203, 75, 73, 105, 121, 120, 56, 24, 28, 92, 220, 252, 236, 237, 173, 141, 140, 142, 138, 154, 186, 187, 185], f=85, g=25
[00:00:08:09:139] Expansion 6900000: state [255, 223, 207, 203, 75, 73, 105, 121, 120, 88, 216, 152, 153, 137, 141, 173, 237, 236, 238, 234, 250, 186, 187, 171], f=85, g=23
[00:00:08:18:002] Expansion 7000000: state [255, 223, 207, 203, 75, 73, 105, 121, 120, 248, 184, 168, 169, 137, 141, 140, 204, 220, 92, 93], f=85, g=19
[00:00:08:25:108] Expansion 7100000: state [255, 223, 207, 203, 75, 73, 105, 121, 120, 124, 92, 28, 24, 25, 153, 157, 189, 188, 184, 168, 232, 236, 204, 140, 142, 138], f=85, g=25
[00:00:08:32:172] Expansion 7200000: state [255, 223, 207, 203, 75, 73, 105, 121, 120, 124, 252, 236, 238, 234, 250, 186, 187, 185, 189, 173, 141, 140, 136, 200], f=85, g=23
[00:00:08:39:196] Expansion 7300000: state [255, 223, 207, 203, 75, 73, 105, 121, 120, 122, 250, 234, 238, 236, 237, 173, 169, 185, 153, 25, 24, 28, 92, 220, 216, 200, 136, 138], f=85, g=27
[00:00:08:45:986] Expansion 7400000: state [255, 223, 207, 203, 75, 73, 105, 121, 249, 217, 153, 137, 136, 138, 142, 158, 156, 188, 184, 186, 250, 234, 232, 236, 237], f=85, g=24
[00:00:08:52:974] Expansion 7500000: state [255, 223, 207, 203, 75, 73, 105, 121, 249, 248, 184, 188, 190, 158, 154, 155, 153, 137, 141, 173, 237, 236, 204, 76, 92, 28], f=85, g=25
[00:00:09:00:370] Expansion 7600000: state [255, 223, 207, 203, 75, 73, 105, 109, 237, 173, 141, 137, 136, 138, 154, 186, 190, 188, 156, 28, 92, 88, 120, 248], f=85, g=23
[00:00:09:07:148] Expansion 7700000: state [255, 223, 207, 203, 75, 73, 105, 109, 237, 173, 141, 157, 153, 155, 154, 158, 190, 188, 184, 248, 120, 88, 92, 76, 204, 200], f=85, g=25
[00:00:09:13:811] Expansion 7800000: state [255, 223, 207, 203, 75, 73, 105, 109, 237, 173, 169, 185, 57, 56, 24, 28, 156, 188, 252, 248, 250], f=85, g=20
[00:00:09:20:642] Expansion 7900000: state [255, 223, 207, 203, 75, 73, 105, 109, 237, 173, 189, 157, 153, 155, 154, 138, 136, 140, 204, 76, 92, 124, 120, 122], f=85, g=23
[00:00:09:27:629] Expansion 8000000: state [255, 223, 207, 203, 75, 73, 105, 109, 237, 173, 189, 188, 190, 186, 187, 155, 153, 217, 249, 248, 120, 88, 92, 94, 78], f=85, g=24
[00:00:09:34:407] Expansion 8100000: state [255, 223, 207, 203, 75, 73, 105, 109, 237, 236, 204, 76, 92, 88, 216, 248, 250, 186, 187, 185, 153, 157, 156, 158, 142, 138], f=85, g=25
[00:00:09:41:139] Expansion 8200000: state [255, 223, 207, 203, 75, 73, 105, 109, 237, 236, 232, 168, 136, 138, 154, 155, 187, 185, 57, 56, 120, 124, 92, 76, 78], f=85, g=24
[00:00:09:47:822] Expansion 8300000: state [255, 223, 207, 203, 75, 73, 105, 109, 237, 236, 232, 234, 250, 186, 187, 185, 57, 56, 120, 124, 92, 220, 156, 157, 141], f=85, g=24
[00:00:09:54:480] Expansion 8400000: state [255, 223, 207, 203, 75, 73, 105, 109, 237, 236, 238, 234, 250, 186, 154, 138, 142, 140, 141, 137, 153, 217, 216, 88, 24, 56], f=85, g=25
[00:00:10:01:377] Expansion 8500000: state [255, 223, 207, 203, 75, 73, 89, 25, 24, 152, 154, 158, 142, 140, 204, 220, 92, 124, 120, 122, 250, 234, 232, 233, 169, 173, 189], f=85, g=26
[00:00:10:08:388] Expansion 8600000: state [255, 223, 207, 203, 75, 73, 89, 25, 24, 56, 120, 124, 252, 188, 190, 158, 142, 140, 141, 173, 169, 168, 232, 234, 238], f=85, g=24
[00:00:10:15:746] Expansion 8700000: state [255, 223, 207, 203, 75, 73, 89, 25, 24, 28, 92, 76, 204, 236, 232, 233, 249, 185, 189, 173, 141, 137, 136, 138, 142, 158, 190], f=85, g=26
[00:00:10:23:089] Expansion 8800000: state [255, 223, 207, 203, 75, 73, 89, 25, 153, 137, 169, 233, 232, 234, 250, 186, 154, 138, 142], f=85, g=18
[00:00:10:30:100] Expansion 8900000: state [255, 223, 207, 203, 75, 73, 89, 25, 153, 185, 187, 186, 250, 234, 232, 200, 204, 220, 92, 94, 78], f=85, g=20
[00:00:10:37:468] Expansion 9000000: state [255, 223, 207, 203, 75, 73, 89, 25, 153, 155, 187, 171, 169, 173, 141, 140, 142, 158, 190, 188, 252, 124, 92, 28], f=85, g=23
