--------------------------
date: SM_Grids
number_of_graphs: 10
graph_type: grid
size_of_graphs: [7, 9]
heuristic: bcc_heuristic
snake: True
run_uni: True
run_bi: True
run_multi: False
solution_vertices: []
algorithms: ['DFBnB']
bsd: False
cube_first_dims: 4
cube_buffer_dim: None
backward_sym_generation: False
sym_coil: False
prefix_set: None

---------- SM_Grids/7x9_grid_with_random_blocks_12per_0 ----------
[00:00:00:00:094] Expansion 27: New longest path found with length 28: [0, 1, 10, 19, 28, 29, 38, 47, 56, 57, 58, 49, 40, 31, 22, 13, 14, 5, 6, 7, 16, 25, 24, 33, 42, 51, 60, 61, 62]
[00:00:00:00:104] Expansion 35: New longest path found with length 30: [0, 1, 10, 19, 28, 29, 38, 47, 56, 57, 58, 49, 40, 31, 22, 13, 14, 5, 6, 7, 16, 25, 26, 35, 44, 43, 42, 51, 60, 61, 62]
[00:00:00:09:520] Expansion 2,649: New longest path found with length 32: [0, 9, 18, 19, 20, 11, 2, 3, 4, 13, 14, 15, 16, 25, 26, 35, 44, 43, 42, 33, 32, 31, 30, 39, 38, 47, 56, 57, 58, 59, 60, 61, 62]
[00:00:00:14:059] Path of length 32 found: [0, 9, 18, 19, 20, 11, 2, 3, 4, 13, 14, 15, 16, 25, 26, 35, 44, 43, 42, 33, 32, 31, 30, 39, 38, 47, 56, 57, 58, 59, 60, 61, 62]
[00:00:00:14:059] ! Unidirectional s-t. expansions: 3,772, time: 14,059 [ms], path length: 32 [edges], generated: 6,973
[00:00:00:01:112] Expansion 505: New longest path found with length 16: [62, 61, 60, 51, 50, 49, 58, 57, 56, 47, 38, 29, 28, 19, 10, 1, 0]
[00:00:00:01:149] Expansion 517: New longest path found with length 22: [62, 61, 60, 51, 50, 49, 58, 57, 56, 47, 38, 29, 30, 31, 22, 13, 4, 3, 2, 11, 10, 9, 0]
[00:00:00:01:192] Expansion 534: New longest path found with length 28: [62, 61, 60, 51, 50, 49, 58, 57, 56, 47, 38, 29, 30, 31, 22, 23, 24, 25, 16, 7, 6, 5, 4, 3, 2, 11, 10, 9, 0]
[00:00:00:01:570] Expansion 699: New longest path found with length 30: [62, 61, 60, 51, 50, 49, 58, 57, 56, 47, 38, 39, 30, 31, 22, 23, 24, 25, 16, 7, 6, 5, 4, 3, 2, 11, 20, 19, 18, 9, 0]
[00:00:00:09:047] Expansion 3,268: New longest path found with length 32: [62, 61, 60, 59, 58, 57, 56, 47, 38, 39, 30, 31, 32, 41, 42, 43, 44, 35, 26, 25, 16, 7, 6, 5, 14, 13, 12, 11, 20, 19, 18, 9, 0]
[00:00:00:15:788] Path of length 32 found: [62, 61, 60, 59, 58, 57, 56, 47, 38, 39, 30, 31, 32, 41, 42, 43, 44, 35, 26, 25, 16, 7, 6, 5, 14, 13, 12, 11, 20, 19, 18, 9, 0]
[00:00:00:15:788] ! Unidirectional t-s. expansions: 5,358, time: 15,788 [ms], path length: 32 [edges], generated: 8,653
[00:00:00:00:540] Expansion 287:New longest path found with length 14: [0, 9, 18, 19, 28, 29, 30, 31, 32, 41, 50, 51, 60, 61, 62]
[00:00:00:00:650] Expansion 327:New longest path found with length 16: [0, 9, 18, 19, 28, 29, 38, 47, 56, 57, 58, 49, 50, 51, 60, 61, 62]
[00:00:00:00:710] Expansion 339:New longest path found with length 28: [0, 9, 18, 19, 28, 29, 38, 47, 56, 57, 58, 49, 40, 31, 22, 13, 4, 5, 6, 7, 16, 25, 34, 43, 42, 51, 60, 61, 62]
[00:00:00:00:842] Expansion 375:New longest path found with length 30: [0, 9, 18, 19, 28, 29, 38, 47, 56, 57, 58, 49, 40, 31, 22, 13, 4, 5, 6, 7, 16, 25, 26, 35, 44, 43, 42, 51, 60, 61, 62]
[00:00:00:01:841] Expansion 599:New longest path found with length 32: [0, 9, 18, 19, 20, 11, 2, 3, 4, 13, 14, 15, 24, 25, 26, 35, 44, 43, 42, 41, 32, 31, 30, 39, 38, 47, 56, 57, 58, 59, 60, 61, 62]
[00:00:00:05:633] Path of length 32 found: [0, 9, 18, 19, 20, 11, 2, 3, 4, 13, 14, 15, 24, 25, 26, 35, 44, 43, 42, 41, 32, 31, 30, 39, 38, 47, 56, 57, 58, 59, 60, 61, 62]
[00:00:00:06:138] ! Bidirectional. expansions: 1,138, time: 5,633 [ms], path length: 32 [edges], g_F: 16, g_B: 16, generated: {'F': 1,754, 'B': 2,031}, MM: 0, MMPER: -1.0%
[00:00:00:06:139] 
---------- SM_Grids/7x9_grid_with_random_blocks_12per_1 ----------
[00:00:00:00:116] Expansion 31: New longest path found with length 32: [0, 9, 18, 19, 20, 11, 12, 13, 14, 5, 6, 7, 16, 17, 26, 35, 34, 43, 42, 41, 32, 31, 30, 39, 38, 47, 56, 57, 58, 59, 60, 61, 62]
[00:00:00:04:527] Path of length 32 found: [0, 9, 18, 19, 20, 11, 12, 13, 14, 5, 6, 7, 16, 17, 26, 35, 34, 43, 42, 41, 32, 31, 30, 39, 38, 47, 56, 57, 58, 59, 60, 61, 62]
[00:00:00:04:527] ! Unidirectional s-t. expansions: 1,086, time: 4,527 [ms], path length: 32 [edges], generated: 1,882
[00:00:00:00:088] Expansion 19: New longest path found with length 20: [62, 53, 52, 43, 34, 35, 26, 17, 16, 7, 6, 5, 14, 13, 12, 21, 20, 19, 10, 1, 0]
[00:00:00:00:155] Expansion 41: New longest path found with length 30: [62, 53, 52, 43, 34, 35, 26, 17, 16, 7, 6, 5, 14, 13, 22, 31, 32, 41, 50, 59, 58, 57, 56, 47, 38, 29, 20, 11, 2, 1, 0]
[00:00:00:13:072] Expansion 3,992: New longest path found with length 32: [62, 61, 60, 59, 58, 57, 56, 47, 38, 39, 30, 31, 32, 41, 42, 43, 34, 35, 26, 17, 16, 7, 6, 5, 14, 13, 12, 11, 20, 19, 18, 9, 0]
[00:00:00:13:800] Path of length 32 found: [62, 61, 60, 59, 58, 57, 56, 47, 38, 39, 30, 31, 32, 41, 42, 43, 34, 35, 26, 17, 16, 7, 6, 5, 14, 13, 12, 11, 20, 19, 18, 9, 0]
[00:00:00:13:801] ! Unidirectional t-s. expansions: 4,218, time: 13,800 [ms], path length: 32 [edges], generated: 7,163
[00:00:00:00:134] Expansion 37:New longest path found with length 20: [0, 9, 18, 19, 20, 11, 12, 13, 22, 23, 24, 15, 16, 17, 26, 35, 34, 43, 52, 53, 62]
[00:00:00:00:217] Expansion 55:New longest path found with length 30: [0, 9, 18, 19, 20, 29, 38, 47, 56, 57, 58, 59, 50, 41, 32, 31, 22, 13, 14, 5, 6, 7, 16, 17, 26, 35, 34, 43, 52, 53, 62]
[00:00:00:02:128] Expansion 296:New longest path found with length 32: [0, 9, 18, 19, 20, 11, 12, 13, 14, 5, 6, 7, 16, 17, 26, 35, 34, 43, 42, 41, 32, 31, 30, 39, 38, 47, 56, 57, 58, 59, 60, 61, 62]
[00:00:00:04:321] Path of length 32 found: [0, 9, 18, 19, 20, 11, 12, 13, 14, 5, 6, 7, 16, 17, 26, 35, 34, 43, 42, 41, 32, 31, 30, 39, 38, 47, 56, 57, 58, 59, 60, 61, 62]
[00:00:00:04:744] ! Bidirectional. expansions: 563, time: 4,321 [ms], path length: 32 [edges], g_F: 16, g_B: 16, generated: {'F': 1,223, 'B': 949}, MM: 0, MMPER: -1.0%
[00:00:00:04:745] 
---------- SM_Grids/7x9_grid_with_random_blocks_12per_2 ----------
[00:00:00:00:121] Expansion 31: New longest path found with length 32: [0, 9, 18, 19, 28, 37, 36, 45, 54, 55, 56, 47, 48, 49, 50, 41, 32, 31, 30, 21, 12, 3, 4, 5, 14, 15, 24, 25, 34, 43, 52, 61, 62]
[00:00:00:09:182] Path of length 32 found: [0, 9, 18, 19, 28, 37, 36, 45, 54, 55, 56, 47, 48, 49, 50, 41, 32, 31, 30, 21, 12, 3, 4, 5, 14, 15, 24, 25, 34, 43, 52, 61, 62]
[00:00:00:09:182] ! Unidirectional s-t. expansions: 2,204, time: 9,182 [ms], path length: 32 [edges], generated: 4,013
[00:00:00:00:538] Expansion 224: New longest path found with length 16: [62, 53, 44, 43, 34, 33, 24, 15, 6, 5, 4, 3, 2, 11, 10, 9, 0]
[00:00:00:00:578] Expansion 240: New longest path found with length 30: [62, 53, 44, 43, 34, 33, 24, 15, 6, 5, 4, 3, 2, 11, 20, 21, 30, 31, 40, 49, 48, 47, 56, 55, 54, 45, 36, 27, 18, 9, 0]
[00:00:00:02:931] Expansion 909: New longest path found with length 32: [62, 53, 44, 43, 34, 25, 16, 7, 6, 5, 14, 23, 32, 41, 50, 49, 48, 47, 56, 55, 54, 45, 36, 27, 18, 19, 20, 21, 12, 3, 2, 1, 0]
[00:00:00:18:511] Path of length 32 found: [62, 53, 44, 43, 34, 25, 16, 7, 6, 5, 14, 23, 32, 41, 50, 49, 48, 47, 56, 55, 54, 45, 36, 27, 18, 19, 20, 21, 12, 3, 2, 1, 0]
[00:00:00:18:512] ! Unidirectional t-s. expansions: 5,384, time: 18,511 [ms], path length: 32 [edges], generated: 9,598
[00:00:00:00:093] Expansion 14:New longest path found with length 28: [0, 1, 10, 19, 18, 27, 36, 45, 54, 55, 56, 47, 38, 39, 30, 21, 12, 3, 4, 5, 6, 7, 16, 25, 34, 43, 44, 53, 62]
[00:00:00:00:105] Expansion 18:New longest path found with length 30: [0, 1, 10, 19, 18, 27, 36, 45, 54, 55, 56, 47, 48, 49, 40, 31, 30, 21, 12, 3, 4, 5, 6, 7, 16, 25, 34, 43, 44, 53, 62]
[00:00:00:00:112] Expansion 21:New longest path found with length 32: [0, 1, 10, 19, 18, 27, 36, 45, 54, 55, 56, 47, 48, 49, 50, 41, 32, 31, 30, 21, 12, 3, 4, 5, 6, 7, 16, 25, 34, 43, 44, 53, 62]
[00:00:00:11:658] Path of length 32 found: [0, 1, 10, 19, 18, 27, 36, 45, 54, 55, 56, 47, 48, 49, 50, 41, 32, 31, 30, 21, 12, 3, 4, 5, 6, 7, 16, 25, 34, 43, 44, 53, 62]
[00:00:00:12:089] ! Bidirectional. expansions: 2,483, time: 11,658 [ms], path length: 32 [edges], g_F: 16, g_B: 16, generated: {'F': 3,734, 'B': 4,689}, MM: 0, MMPER: -1.0%
[00:00:00:12:089] 
---------- SM_Grids/7x9_grid_with_random_blocks_12per_3 ----------
[00:00:00:00:122] Expansion 33: New longest path found with length 34: [0, 9, 10, 11, 2, 3, 4, 5, 6, 7, 8, 17, 26, 25, 24, 23, 22, 21, 30, 29, 28, 27, 36, 45, 46, 47, 48, 49, 50, 41, 42, 43, 44, 53, 62]
[00:00:00:00:304] Expansion 91: New longest path found with length 36: [0, 9, 10, 11, 2, 3, 4, 5, 6, 7, 8, 17, 26, 25, 34, 43, 42, 41, 32, 23, 22, 21, 30, 29, 28, 27, 36, 45, 46, 47, 48, 49, 58, 59, 60, 61, 62]
[00:00:00:05:448] Path of length 36 found: [0, 9, 10, 11, 2, 3, 4, 5, 6, 7, 8, 17, 26, 25, 34, 43, 42, 41, 32, 23, 22, 21, 30, 29, 28, 27, 36, 45, 46, 47, 48, 49, 58, 59, 60, 61, 62]
[00:00:00:05:448] ! Unidirectional s-t. expansions: 1,411, time: 5,448 [ms], path length: 36 [edges], generated: 2,375
[00:00:00:00:123] Expansion 33: New longest path found with length 34: [62, 61, 60, 59, 50, 41, 40, 39, 48, 47, 46, 45, 36, 27, 28, 29, 20, 21, 22, 23, 24, 33, 34, 35, 26, 17, 8, 7, 6, 5, 4, 3, 2, 1, 0]
[00:00:00:02:896] Expansion 849: New longest path found with length 36: [62, 61, 60, 59, 50, 49, 40, 39, 38, 47, 46, 45, 36, 27, 28, 19, 20, 21, 22, 23, 32, 33, 42, 43, 44, 35, 26, 17, 8, 7, 6, 5, 4, 3, 2, 1, 0]
[00:00:00:05:727] Path of length 36 found: [62, 61, 60, 59, 50, 49, 40, 39, 38, 47, 46, 45, 36, 27, 28, 19, 20, 21, 22, 23, 32, 33, 42, 43, 44, 35, 26, 17, 8, 7, 6, 5, 4, 3, 2, 1, 0]
[00:00:00:05:727] ! Unidirectional t-s. expansions: 1,517, time: 5,727 [ms], path length: 36 [edges], generated: 2,717
[00:00:00:00:100] Expansion 18:New longest path found with length 36: [0, 9, 10, 11, 2, 3, 4, 5, 6, 7, 8, 17, 26, 35, 44, 43, 42, 33, 24, 23, 22, 21, 30, 29, 28, 27, 36, 45, 46, 47, 48, 49, 58, 59, 60, 61, 62]
[00:00:00:02:636] Path of length 36 found: [0, 9, 10, 11, 2, 3, 4, 5, 6, 7, 8, 17, 26, 35, 44, 43, 42, 33, 24, 23, 22, 21, 30, 29, 28, 27, 36, 45, 46, 47, 48, 49, 58, 59, 60, 61, 62]
[00:00:00:03:064] ! Bidirectional. expansions: 333, time: 2,636 [ms], path length: 36 [edges], g_F: 18, g_B: 18, generated: {'F': 604, 'B': 655}, MM: 0, MMPER: -1.0%
[00:00:00:03:064] 
---------- SM_Grids/7x9_grid_with_random_blocks_12per_4 ----------
[00:00:00:00:191] Expansion 47: New longest path found with length 22: [0, 1, 10, 11, 20, 21, 30, 39, 38, 47, 56, 57, 58, 49, 50, 41, 32, 33, 34, 43, 52, 61, 62]
[00:00:00:00:222] Expansion 61: New longest path found with length 30: [0, 1, 10, 11, 20, 21, 30, 39, 38, 47, 56, 57, 58, 49, 50, 41, 32, 23, 14, 5, 6, 7, 8, 17, 26, 25, 34, 43, 52, 61, 62]
[00:00:00:00:387] Expansion 108: New longest path found with length 32: [0, 1, 10, 11, 20, 21, 22, 13, 4, 5, 6, 7, 8, 17, 26, 25, 24, 33, 32, 41, 40, 39, 38, 47, 56, 57, 58, 59, 60, 51, 52, 53, 62]
[00:00:00:01:205] Expansion 340: New longest path found with length 34: [0, 1, 10, 11, 20, 29, 28, 27, 36, 45, 46, 47, 56, 57, 58, 49, 40, 41, 32, 23, 22, 13, 4, 5, 6, 7, 8, 17, 26, 25, 34, 43, 52, 61, 62]
[00:00:00:01:554] Expansion 435: New longest path found with length 36: [0, 1, 10, 11, 12, 13, 4, 5, 6, 7, 8, 17, 26, 25, 24, 23, 32, 41, 40, 39, 30, 29, 28, 27, 36, 45, 46, 47, 56, 57, 58, 59, 60, 51, 52, 53, 62]
[00:00:00:04:325] Path of length 36 found: [0, 1, 10, 11, 12, 13, 4, 5, 6, 7, 8, 17, 26, 25, 24, 23, 32, 41, 40, 39, 30, 29, 28, 27, 36, 45, 46, 47, 56, 57, 58, 59, 60, 51, 52, 53, 62]
[00:00:00:04:325] ! Unidirectional s-t. expansions: 1,170, time: 4,325 [ms], path length: 36 [edges], generated: 1,974
[00:00:00:00:128] Expansion 34: New longest path found with length 34: [62, 53, 44, 43, 34, 25, 26, 17, 8, 7, 6, 5, 4, 13, 22, 21, 30, 39, 40, 41, 50, 59, 58, 57, 56, 47, 46, 45, 36, 27, 28, 19, 10, 1, 0]
[00:00:00:02:086] Expansion 543: New longest path found with length 36: [62, 53, 52, 51, 60, 59, 58, 57, 56, 47, 46, 45, 36, 27, 28, 29, 30, 39, 40, 41, 32, 33, 34, 25, 26, 17, 8, 7, 6, 5, 4, 13, 12, 11, 2, 1, 0]
[00:00:00:04:416] Path of length 36 found: [62, 53, 52, 51, 60, 59, 58, 57, 56, 47, 46, 45, 36, 27, 28, 29, 30, 39, 40, 41, 32, 33, 34, 25, 26, 17, 8, 7, 6, 5, 4, 13, 12, 11, 2, 1, 0]
[00:00:00:04:416] ! Unidirectional t-s. expansions: 1,067, time: 4,416 [ms], path length: 36 [edges], generated: 1,870
[00:00:00:00:094] Expansion 19:New longest path found with length 32: [0, 1, 2, 11, 20, 19, 28, 27, 36, 45, 46, 47, 38, 39, 40, 41, 32, 23, 22, 13, 4, 5, 6, 7, 8, 17, 26, 25, 34, 43, 44, 53, 62]
[00:00:00:00:104] Expansion 24:New longest path found with length 34: [0, 1, 2, 11, 20, 19, 28, 27, 36, 45, 46, 47, 56, 57, 58, 59, 50, 41, 32, 23, 22, 13, 4, 5, 6, 7, 8, 17, 26, 25, 34, 43, 44, 53, 62]
[00:00:00:01:568] Expansion 298:New longest path found with length 36: [0, 1, 2, 11, 12, 13, 4, 5, 6, 7, 8, 17, 26, 25, 24, 23, 32, 41, 40, 39, 30, 29, 28, 27, 36, 45, 46, 47, 56, 57, 58, 59, 60, 51, 52, 53, 62]
[00:00:00:02:426] Path of length 36 found: [0, 1, 2, 11, 12, 13, 4, 5, 6, 7, 8, 17, 26, 25, 24, 23, 32, 41, 40, 39, 30, 29, 28, 27, 36, 45, 46, 47, 56, 57, 58, 59, 60, 51, 52, 53, 62]
[00:00:00:02:854] ! Bidirectional. expansions: 391, time: 2,426 [ms], path length: 36 [edges], g_F: 18, g_B: 18, generated: {'F': 717, 'B': 674}, MM: 0, MMPER: -1.0%
[00:00:00:02:855] 
---------- SM_Grids/7x9_grid_with_random_blocks_12per_5 ----------
[00:00:00:00:113] Expansion 29: New longest path found with length 30: [0, 1, 10, 19, 28, 29, 38, 39, 48, 49, 50, 41, 32, 31, 22, 21, 12, 3, 4, 5, 14, 15, 24, 25, 26, 35, 44, 43, 52, 61, 62]
[00:00:00:01:903] Path of length 30 found: [0, 1, 10, 19, 28, 29, 38, 39, 48, 49, 50, 41, 32, 31, 22, 21, 12, 3, 4, 5, 14, 15, 24, 25, 26, 35, 44, 43, 52, 61, 62]
[00:00:00:01:903] ! Unidirectional s-t. expansions: 398, time: 1,903 [ms], path length: 30 [edges], generated: 776
[00:00:00:00:936] Expansion 353: New longest path found with length 14: [62, 53, 44, 35, 26, 17, 16, 15, 6, 5, 4, 3, 2, 1, 0]
[00:00:00:00:986] Expansion 371: New longest path found with length 30: [62, 53, 44, 35, 26, 17, 16, 15, 6, 5, 4, 3, 12, 21, 22, 31, 32, 33, 42, 51, 50, 49, 48, 39, 38, 29, 28, 19, 10, 1, 0]
[00:00:00:08:421] Path of length 30 found: [62, 53, 44, 35, 26, 17, 16, 15, 6, 5, 4, 3, 12, 21, 22, 31, 32, 33, 42, 51, 50, 49, 48, 39, 38, 29, 28, 19, 10, 1, 0]
[00:00:00:08:421] ! Unidirectional t-s. expansions: 2,131, time: 8,421 [ms], path length: 30 [edges], generated: 3,777
[00:00:00:00:070] Expansion 7:New longest path found with length 14: [0, 1, 10, 19, 28, 29, 30, 39, 40, 49, 50, 51, 60, 61, 62]
[00:00:00:00:108] Expansion 14:New longest path found with length 22: [0, 1, 10, 19, 28, 29, 30, 21, 12, 3, 4, 5, 6, 15, 24, 23, 32, 41, 50, 51, 60, 61, 62]
[00:00:00:00:131] Expansion 19:New longest path found with length 24: [0, 1, 10, 19, 28, 29, 30, 21, 12, 3, 4, 5, 14, 15, 16, 25, 34, 33, 32, 41, 50, 51, 60, 61, 62]
[00:00:00:00:141] Expansion 24:New longest path found with length 26: [0, 1, 10, 19, 28, 29, 30, 21, 12, 3, 4, 5, 14, 15, 16, 17, 26, 35, 34, 33, 32, 41, 50, 51, 60, 61, 62]
[00:00:00:00:300] Expansion 54:New longest path found with length 28: [0, 1, 10, 19, 28, 29, 38, 39, 40, 31, 22, 21, 12, 3, 4, 5, 6, 15, 16, 17, 26, 35, 44, 43, 42, 51, 60, 61, 62]
[00:00:00:01:389] Expansion 196:New longest path found with length 30: [0, 1, 10, 19, 28, 29, 38, 39, 48, 49, 50, 41, 32, 23, 22, 21, 12, 3, 4, 5, 6, 15, 16, 17, 26, 35, 44, 43, 52, 61, 62]
[00:00:00:02:668] Path of length 30 found: [0, 1, 10, 19, 28, 29, 38, 39, 48, 49, 50, 41, 32, 23, 22, 21, 12, 3, 4, 5, 6, 15, 16, 17, 26, 35, 44, 43, 52, 61, 62]
[00:00:00:03:098] ! Bidirectional. expansions: 327, time: 2,668 [ms], path length: 30 [edges], g_F: 15, g_B: 15, generated: {'F': 656, 'B': 663}, MM: 0, MMPER: -1.0%
[00:00:00:03:099] 
---------- SM_Grids/7x9_grid_with_random_blocks_12per_6 ----------
[00:00:00:00:162] Expansion 33: New longest path found with length 34: [0, 9, 18, 19, 28, 37, 36, 45, 54, 55, 56, 57, 48, 39, 40, 41, 42, 33, 24, 23, 22, 21, 12, 3, 4, 5, 6, 7, 16, 17, 26, 35, 44, 53, 62]
[00:00:00:01:303] Expansion 355: New longest path found with length 36: [0, 9, 18, 19, 20, 11, 12, 3, 4, 5, 6, 7, 16, 25, 24, 23, 22, 31, 40, 39, 38, 37, 36, 45, 54, 55, 56, 57, 58, 59, 50, 51, 42, 43, 44, 53, 62]
[00:00:00:06:152] Path of length 36 found: [0, 9, 18, 19, 20, 11, 12, 3, 4, 5, 6, 7, 16, 25, 24, 23, 22, 31, 40, 39, 38, 37, 36, 45, 54, 55, 56, 57, 58, 59, 50, 51, 42, 43, 44, 53, 62]
[00:00:00:06:152] ! Unidirectional s-t. expansions: 1,533, time: 6,152 [ms], path length: 36 [edges], generated: 2,626
[00:00:00:02:000] Expansion 1,149: New longest path found with length 16: [62, 53, 44, 35, 26, 17, 16, 7, 6, 5, 4, 3, 2, 11, 10, 9, 0]
[00:00:00:02:052] Expansion 1,169: New longest path found with length 34: [62, 53, 44, 35, 26, 17, 16, 7, 6, 5, 4, 3, 2, 11, 20, 21, 22, 23, 24, 33, 42, 41, 50, 59, 58, 57, 48, 39, 38, 37, 28, 27, 18, 9, 0]
[00:00:00:04:337] Expansion 1,971: New longest path found with length 36: [62, 53, 44, 35, 26, 17, 16, 15, 24, 33, 42, 51, 60, 59, 58, 57, 56, 55, 54, 45, 36, 37, 38, 39, 40, 31, 22, 13, 4, 3, 2, 11, 20, 19, 18, 9, 0]
[00:00:00:07:745] Path of length 36 found: [62, 53, 44, 35, 26, 17, 16, 15, 24, 33, 42, 51, 60, 59, 58, 57, 56, 55, 54, 45, 36, 37, 38, 39, 40, 31, 22, 13, 4, 3, 2, 11, 20, 19, 18, 9, 0]
[00:00:00:07:745] ! Unidirectional t-s. expansions: 2,763, time: 7,745 [ms], path length: 36 [edges], generated: 4,099
[00:00:00:00:096] Expansion 16:New longest path found with length 32: [0, 1, 10, 19, 18, 27, 36, 45, 54, 55, 56, 57, 58, 59, 50, 41, 40, 31, 22, 21, 12, 3, 4, 5, 6, 7, 16, 25, 34, 43, 44, 53, 62]
[00:00:00:01:333] Expansion 335:New longest path found with length 34: [0, 1, 10, 11, 12, 3, 4, 5, 6, 7, 16, 25, 24, 23, 22, 31, 40, 39, 38, 37, 36, 45, 54, 55, 56, 57, 58, 59, 60, 51, 42, 43, 44, 53, 62]
[00:00:00:06:318] Expansion 1,474:New longest path found with length 36: [0, 9, 18, 19, 20, 11, 2, 3, 4, 13, 22, 31, 40, 39, 38, 37, 36, 45, 54, 55, 56, 57, 58, 59, 50, 51, 42, 33, 24, 15, 16, 17, 26, 35, 44, 53, 62]
[00:00:00:07:546] Path of length 36 found: [0, 9, 18, 19, 20, 11, 2, 3, 4, 13, 22, 31, 40, 39, 38, 37, 36, 45, 54, 55, 56, 57, 58, 59, 50, 51, 42, 33, 24, 15, 16, 17, 26, 35, 44, 53, 62]
[00:00:00:07:961] ! Bidirectional. expansions: 1,662, time: 7,546 [ms], path length: 36 [edges], g_F: 18, g_B: 18, generated: {'F': 2,504, 'B': 2,972}, MM: 0, MMPER: -1.0%
[00:00:00:07:961] 
---------- SM_Grids/7x9_grid_with_random_blocks_12per_7 ----------
[00:00:00:00:085] Expansion 17: New longest path found with length 18: [0, 9, 18, 19, 20, 21, 12, 3, 4, 5, 14, 23, 24, 25, 34, 35, 44, 53, 62]
[00:00:00:00:423] Expansion 193: New longest path found with length 32: [0, 9, 18, 19, 20, 21, 12, 3, 4, 5, 14, 23, 24, 25, 34, 43, 42, 41, 40, 39, 38, 37, 36, 45, 54, 55, 56, 57, 58, 59, 60, 61, 62]
[00:00:00:02:041] Expansion 804: New longest path found with length 34: [0, 9, 18, 19, 28, 37, 36, 45, 54, 55, 56, 57, 58, 59, 60, 51, 42, 41, 32, 31, 22, 21, 12, 3, 4, 5, 14, 15, 24, 25, 34, 35, 44, 53, 62]
[00:00:00:07:708] Path of length 34 found: [0, 9, 18, 19, 28, 37, 36, 45, 54, 55, 56, 57, 58, 59, 60, 51, 42, 41, 32, 31, 22, 21, 12, 3, 4, 5, 14, 15, 24, 25, 34, 35, 44, 53, 62]
[00:00:00:07:708] ! Unidirectional s-t. expansions: 2,246, time: 7,708 [ms], path length: 34 [edges], generated: 3,776
[00:00:00:00:078] Expansion 15: New longest path found with length 16: [62, 61, 60, 51, 42, 43, 34, 25, 24, 15, 14, 5, 4, 3, 2, 1, 0]
[00:00:00:00:097] Expansion 21: New longest path found with length 20: [62, 61, 60, 51, 42, 43, 34, 25, 24, 15, 14, 5, 4, 3, 12, 21, 20, 19, 10, 1, 0]
[00:00:00:00:402] Expansion 189: New longest path found with length 32: [62, 61, 60, 51, 42, 43, 34, 25, 24, 15, 14, 5, 4, 3, 12, 21, 22, 31, 40, 39, 48, 57, 56, 55, 54, 45, 36, 37, 28, 19, 10, 1, 0]
[00:00:00:05:328] Expansion 1,489: New longest path found with length 34: [62, 53, 44, 35, 34, 25, 24, 15, 14, 5, 4, 3, 12, 21, 30, 31, 32, 41, 42, 51, 60, 59, 58, 57, 56, 55, 54, 45, 36, 37, 28, 19, 10, 1, 0]
[00:00:00:07:760] Path of length 34 found: [62, 53, 44, 35, 34, 25, 24, 15, 14, 5, 4, 3, 12, 21, 30, 31, 32, 41, 42, 51, 60, 59, 58, 57, 56, 55, 54, 45, 36, 37, 28, 19, 10, 1, 0]
[00:00:00:07:760] ! Unidirectional t-s. expansions: 2,105, time: 7,760 [ms], path length: 34 [edges], generated: 3,461
[00:00:00:00:061] Expansion 8:New longest path found with length 16: [0, 9, 10, 19, 20, 21, 22, 13, 14, 15, 24, 25, 34, 35, 44, 53, 62]
[00:00:00:00:099] Expansion 17:New longest path found with length 30: [0, 9, 10, 19, 20, 21, 30, 39, 38, 37, 36, 45, 54, 55, 56, 57, 58, 59, 60, 51, 42, 41, 32, 23, 24, 25, 34, 35, 44, 53, 62]
[00:00:00:00:173] Expansion 31:New longest path found with length 32: [0, 9, 10, 19, 28, 27, 36, 45, 54, 55, 56, 57, 48, 49, 50, 41, 32, 31, 30, 21, 12, 3, 4, 5, 14, 15, 24, 25, 34, 35, 44, 53, 62]
[00:00:00:00:203] Expansion 41:New longest path found with length 34: [0, 9, 10, 19, 28, 27, 36, 45, 54, 55, 56, 57, 58, 59, 60, 51, 42, 41, 40, 39, 30, 21, 12, 3, 4, 5, 14, 15, 24, 25, 34, 35, 44, 53, 62]
[00:00:00:03:012] Path of length 34 found: [0, 9, 10, 19, 28, 27, 36, 45, 54, 55, 56, 57, 58, 59, 60, 51, 42, 41, 40, 39, 30, 21, 12, 3, 4, 5, 14, 15, 24, 25, 34, 35, 44, 53, 62]
[00:00:00:03:447] ! Bidirectional. expansions: 474, time: 3,012 [ms], path length: 34 [edges], g_F: 17, g_B: 17, generated: {'F': 803, 'B': 866}, MM: 0, MMPER: -1.0%
[00:00:00:03:447] 
---------- SM_Grids/7x9_grid_with_random_blocks_12per_8 ----------
[00:00:00:00:145] Expansion 44: New longest path found with length 22: [0, 9, 18, 27, 36, 37, 38, 29, 30, 21, 12, 3, 4, 5, 14, 23, 32, 41, 50, 51, 52, 61, 62]
[00:00:00:00:274] Expansion 102: New longest path found with length 26: [0, 9, 18, 27, 36, 37, 38, 29, 30, 21, 12, 3, 4, 5, 14, 23, 24, 25, 26, 35, 44, 43, 42, 51, 60, 61, 62]
[00:00:00:00:338] Expansion 124: New longest path found with length 28: [0, 9, 18, 27, 36, 37, 38, 29, 30, 21, 12, 3, 4, 5, 14, 15, 16, 17, 26, 35, 34, 33, 32, 41, 50, 51, 60, 61, 62]
[00:00:00:02:841] Expansion 908: New longest path found with length 32: [0, 9, 18, 27, 36, 37, 38, 29, 20, 11, 2, 3, 4, 13, 22, 31, 40, 49, 50, 51, 42, 33, 24, 15, 6, 7, 8, 17, 26, 35, 44, 53, 62]
[00:00:00:10:253] Path of length 32 found: [0, 9, 18, 27, 36, 37, 38, 29, 20, 11, 2, 3, 4, 13, 22, 31, 40, 49, 50, 51, 42, 33, 24, 15, 6, 7, 8, 17, 26, 35, 44, 53, 62]
[00:00:00:10:254] ! Unidirectional s-t. expansions: 2,658, time: 10,254 [ms], path length: 32 [edges], generated: 5,044
[00:00:00:00:119] Expansion 29: New longest path found with length 30: [62, 61, 52, 51, 50, 49, 40, 31, 32, 23, 24, 25, 26, 17, 8, 7, 6, 5, 4, 13, 12, 11, 20, 29, 38, 37, 36, 27, 18, 9, 0]
[00:00:00:00:313] Expansion 96: New longest path found with length 32: [62, 61, 52, 51, 50, 49, 40, 31, 32, 33, 34, 35, 26, 17, 8, 7, 6, 15, 14, 13, 4, 3, 2, 11, 20, 29, 38, 37, 36, 27, 18, 9, 0]
[00:00:00:09:159] Path of length 32 found: [62, 61, 52, 51, 50, 49, 40, 31, 32, 33, 34, 35, 26, 17, 8, 7, 6, 15, 14, 13, 4, 3, 2, 11, 20, 29, 38, 37, 36, 27, 18, 9, 0]
[00:00:00:09:160] ! Unidirectional t-s. expansions: 2,256, time: 9,160 [ms], path length: 32 [edges], generated: 3,938
[00:00:00:00:081] Expansion 11:New longest path found with length 22: [0, 9, 18, 27, 36, 37, 38, 29, 20, 11, 2, 3, 4, 13, 22, 31, 40, 49, 50, 51, 60, 61, 62]
[00:00:00:00:091] Expansion 14:New longest path found with length 24: [0, 9, 18, 27, 36, 37, 38, 29, 20, 11, 2, 3, 4, 5, 14, 23, 22, 31, 40, 49, 50, 51, 60, 61, 62]
[00:00:00:00:106] Expansion 20:New longest path found with length 32: [0, 9, 18, 27, 36, 37, 38, 29, 20, 11, 2, 3, 4, 5, 6, 7, 16, 17, 26, 35, 34, 33, 24, 23, 22, 31, 40, 49, 50, 51, 60, 61, 62]
[00:00:00:05:290] Path of length 32 found: [0, 9, 18, 27, 36, 37, 38, 29, 20, 11, 2, 3, 4, 5, 6, 7, 16, 17, 26, 35, 34, 33, 24, 23, 22, 31, 40, 49, 50, 51, 60, 61, 62]
[00:00:00:05:722] ! Bidirectional. expansions: 706, time: 5,290 [ms], path length: 32 [edges], g_F: 16, g_B: 16, generated: {'F': 1,384, 'B': 1,381}, MM: 0, MMPER: -1.0%
[00:00:00:05:722] 
---------- SM_Grids/7x9_grid_with_random_blocks_12per_9 ----------
[00:00:00:00:122] Expansion 35: New longest path found with length 36: [0, 1, 10, 19, 18, 27, 36, 45, 54, 55, 56, 47, 48, 49, 58, 59, 60, 51, 42, 41, 32, 23, 22, 21, 12, 3, 4, 5, 6, 15, 16, 25, 34, 35, 44, 53, 62]
[00:00:00:06:313] Path of length 36 found: [0, 1, 10, 19, 18, 27, 36, 45, 54, 55, 56, 47, 48, 49, 58, 59, 60, 51, 42, 41, 32, 23, 22, 21, 12, 3, 4, 5, 6, 15, 16, 25, 34, 35, 44, 53, 62]
[00:00:00:06:313] ! Unidirectional s-t. expansions: 1,698, time: 6,313 [ms], path length: 36 [edges], generated: 2,999
[00:00:00:00:536] Expansion 257: New longest path found with length 18: [62, 61, 52, 43, 44, 35, 26, 17, 16, 7, 6, 5, 4, 13, 12, 11, 10, 1, 0]
[00:00:00:00:580] Expansion 277: New longest path found with length 34: [62, 61, 52, 43, 44, 35, 26, 17, 16, 7, 6, 5, 4, 13, 12, 21, 30, 31, 40, 41, 50, 59, 58, 57, 56, 47, 38, 37, 36, 27, 18, 19, 10, 1, 0]
[00:00:00:07:720] Expansion 2,536: New longest path found with length 36: [62, 53, 44, 35, 26, 17, 16, 7, 6, 5, 4, 3, 12, 21, 30, 31, 32, 33, 42, 51, 60, 59, 58, 49, 48, 47, 56, 55, 54, 45, 36, 37, 28, 19, 10, 1, 0]
[00:00:00:09:862] Path of length 36 found: [62, 53, 44, 35, 26, 17, 16, 7, 6, 5, 4, 3, 12, 21, 30, 31, 32, 33, 42, 51, 60, 59, 58, 49, 48, 47, 56, 55, 54, 45, 36, 37, 28, 19, 10, 1, 0]
[00:00:00:09:862] ! Unidirectional t-s. expansions: 3,109, time: 9,862 [ms], path length: 36 [edges], generated: 5,068
[00:00:00:00:089] Expansion 16:New longest path found with length 32: [0, 1, 10, 19, 18, 27, 36, 45, 54, 55, 56, 47, 48, 49, 40, 31, 22, 21, 12, 3, 4, 5, 6, 7, 16, 17, 26, 35, 44, 43, 52, 61, 62]
[00:00:00:00:093] Expansion 19:New longest path found with length 34: [0, 1, 10, 19, 18, 27, 36, 45, 54, 55, 56, 47, 48, 49, 40, 41, 32, 23, 22, 21, 12, 3, 4, 5, 6, 7, 16, 17, 26, 35, 44, 43, 52, 61, 62]
[00:00:00:04:471] Expansion 1,336:New longest path found with length 36: [0, 1, 10, 19, 18, 27, 36, 45, 54, 55, 56, 47, 48, 49, 58, 59, 60, 51, 42, 41, 32, 31, 30, 21, 12, 3, 4, 5, 6, 7, 16, 17, 26, 35, 44, 53, 62]
[00:00:00:06:407] Path of length 36 found: [0, 1, 10, 19, 18, 27, 36, 45, 54, 55, 56, 47, 48, 49, 58, 59, 60, 51, 42, 41, 32, 31, 30, 21, 12, 3, 4, 5, 6, 7, 16, 17, 26, 35, 44, 53, 62]
[00:00:00:06:808] ! Bidirectional. expansions: 1,750, time: 6,407 [ms], path length: 36 [edges], g_F: 18, g_B: 18, generated: {'F': 2,855, 'B': 2,626}, MM: 0, MMPER: -1.0%
[00:00:00:06:808] average expansions: (1,818, 2,991, 983, 0)
[00:00:00:06:808] average time: (6,987, 10,119, 5,160, 0)
[00:00:00:06:809] X-DFBnB: 1,818 , 6,987 (expansions , time[ms])
[00:00:00:06:809] BiX-DFBnB: 983 , 5,160 (expansions , time[ms])

