--------------------------
date: SM_Grids
number_of_graphs: 10
graph_type: grid
size_of_graphs: [9, 9]
heuristic: bcc_heuristic
snake: True
run_uni: True
run_bi: True
run_multi: False
solution_vertices: []
algorithms: ['DFBnB']
bsd: False
cube_first_dims: 4
cube_buffer_dim: None
backward_sym_generation: False
sym_coil: False
prefix_set: None

---------- SM_Grids/9x9_grid_with_random_blocks_8per_0 ----------
[00:00:00:01:039] Expansion 483: New longest path found with length 30: [0, 1, 10, 19, 18, 27, 36, 45, 54, 63, 72, 73, 74, 75, 66, 57, 56, 47, 38, 29, 30, 31, 40, 49, 50, 59, 60, 61, 62, 71, 80]
[00:00:00:01:084] Expansion 500: New longest path found with length 42: [0, 1, 10, 19, 18, 27, 36, 45, 54, 63, 72, 73, 74, 75, 66, 57, 56, 47, 38, 29, 30, 31, 40, 49, 50, 51, 42, 33, 24, 23, 14, 5, 6, 7, 16, 17, 26, 35, 44, 53, 62, 71, 80]
[00:00:00:01:177] Expansion 531: New longest path found with length 46: [0, 1, 10, 19, 18, 27, 36, 45, 54, 63, 72, 73, 74, 75, 66, 57, 56, 47, 38, 29, 30, 31, 40, 41, 42, 33, 24, 23, 14, 5, 6, 7, 16, 17, 26, 35, 44, 53, 52, 61, 60, 59, 68, 77, 78, 79, 80]
[00:00:00:11:108] Expansion 2,677: New longest path found with length 48: [0, 1, 10, 19, 18, 27, 36, 37, 38, 29, 30, 31, 22, 13, 4, 5, 6, 7, 8, 17, 26, 25, 24, 33, 42, 43, 44, 53, 62, 61, 60, 59, 50, 49, 48, 57, 56, 55, 54, 63, 72, 73, 74, 75, 76, 77, 78, 79, 80]
[00:00:02:00:185] Path of length 48 found: [0, 1, 10, 19, 18, 27, 36, 37, 38, 29, 30, 31, 22, 13, 4, 5, 6, 7, 8, 17, 26, 25, 24, 33, 42, 43, 44, 53, 62, 61, 60, 59, 50, 49, 48, 57, 56, 55, 54, 63, 72, 73, 74, 75, 76, 77, 78, 79, 80]
[00:00:02:00:185] ! Unidirectional s-t. expansions: 23,999, time: 120,185 [ms], path length: 48 [edges], generated: 41,523
[00:00:00:00:205] Expansion 39: New longest path found with length 40: [80, 71, 62, 53, 44, 35, 34, 25, 16, 7, 6, 5, 4, 3, 2, 11, 20, 29, 30, 31, 32, 41, 42, 51, 60, 59, 68, 77, 76, 75, 66, 57, 48, 47, 46, 37, 36, 27, 18, 9, 0]
[00:00:00:00:237] Expansion 53: New longest path found with length 42: [80, 71, 62, 53, 44, 35, 34, 25, 16, 7, 6, 5, 4, 3, 2, 11, 20, 29, 30, 31, 32, 41, 42, 51, 60, 59, 68, 77, 76, 75, 74, 73, 72, 63, 54, 55, 46, 37, 36, 27, 18, 9, 0]
[00:00:00:10:710] Expansion 3,225: New longest path found with length 44: [80, 71, 62, 53, 44, 35, 34, 25, 16, 7, 6, 5, 4, 13, 22, 23, 32, 41, 50, 51, 60, 69, 78, 77, 76, 75, 74, 73, 64, 55, 56, 57, 48, 39, 38, 37, 36, 27, 18, 19, 20, 11, 2, 1, 0]
[00:00:00:10:788] Expansion 3,253: New longest path found with length 46: [80, 71, 62, 53, 44, 35, 34, 25, 16, 7, 6, 5, 4, 13, 22, 23, 32, 41, 50, 51, 60, 69, 78, 77, 76, 75, 74, 73, 72, 63, 54, 55, 56, 57, 48, 39, 38, 37, 36, 27, 18, 19, 20, 11, 2, 1, 0]
[00:00:00:33:224] Expansion 8,546: New longest path found with length 48: [80, 71, 62, 53, 44, 35, 26, 17, 8, 7, 6, 5, 4, 13, 22, 23, 24, 33, 42, 41, 50, 59, 60, 69, 78, 77, 76, 75, 74, 73, 72, 63, 54, 55, 56, 57, 48, 39, 38, 37, 36, 27, 18, 19, 20, 11, 2, 1, 0]
[00:00:02:59:037] Path of length 48 found: [80, 71, 62, 53, 44, 35, 26, 17, 8, 7, 6, 5, 4, 13, 22, 23, 24, 33, 42, 41, 50, 59, 60, 69, 78, 77, 76, 75, 74, 73, 72, 63, 54, 55, 56, 57, 48, 39, 38, 37, 36, 27, 18, 19, 20, 11, 2, 1, 0]
[00:00:02:59:037] ! Unidirectional t-s. expansions: 38,477, time: 179,037 [ms], path length: 48 [edges], generated: 64,449
[00:00:00:00:164] Expansion 20:New longest path found with length 40: [0, 1, 2, 11, 20, 19, 18, 27, 36, 45, 46, 55, 64, 73, 74, 75, 76, 77, 68, 59, 50, 41, 32, 23, 22, 13, 4, 5, 6, 7, 8, 17, 26, 35, 44, 43, 52, 61, 62, 71, 80]
[00:00:00:00:198] Expansion 29:New longest path found with length 42: [0, 1, 2, 11, 20, 19, 18, 27, 36, 45, 46, 55, 64, 73, 74, 75, 76, 77, 68, 59, 50, 49, 48, 39, 30, 31, 22, 13, 4, 5, 6, 7, 8, 17, 26, 35, 44, 43, 52, 61, 62, 71, 80]
[00:00:00:02:570] Expansion 519:New longest path found with length 44: [0, 1, 2, 11, 20, 19, 18, 27, 36, 37, 38, 47, 56, 55, 54, 63, 72, 73, 74, 75, 76, 77, 68, 59, 50, 41, 32, 23, 22, 13, 4, 5, 6, 7, 8, 17, 26, 35, 44, 43, 52, 61, 62, 71, 80]
[00:00:00:02:782] Expansion 584:New longest path found with length 46: [0, 1, 2, 11, 20, 19, 18, 27, 36, 37, 38, 39, 48, 57, 56, 55, 54, 63, 72, 73, 74, 75, 76, 67, 68, 59, 50, 41, 32, 23, 22, 13, 4, 5, 6, 7, 8, 17, 26, 35, 44, 43, 52, 61, 62, 71, 80]
[00:00:00:09:283] Expansion 1,752:New longest path found with length 48: [0, 1, 2, 11, 20, 19, 18, 27, 36, 37, 38, 39, 48, 57, 56, 55, 54, 63, 72, 73, 74, 75, 76, 77, 78, 69, 60, 59, 50, 41, 32, 31, 22, 13, 4, 5, 6, 7, 8, 17, 26, 25, 34, 43, 44, 53, 62, 71, 80]
[00:00:01:36:054] Path of length 48 found: [0, 1, 2, 11, 20, 19, 18, 27, 36, 37, 38, 39, 48, 57, 56, 55, 54, 63, 72, 73, 74, 75, 76, 77, 78, 69, 60, 59, 50, 41, 32, 31, 22, 13, 4, 5, 6, 7, 8, 17, 26, 25, 34, 43, 44, 53, 62, 71, 80]
[00:00:01:36:572] ! Bidirectional. expansions: 13,501, time: 96,054 [ms], path length: 48 [edges], g_F: 24, g_B: 24, generated: {'F': 23,540, 'B': 22,981}, MM: 0, MMPER: -1.0%
[00:00:01:36:572] 
---------- SM_Grids/9x9_grid_with_random_blocks_8per_1 ----------
[00:00:00:00:269] Expansion 63: New longest path found with length 30: [0, 9, 18, 27, 36, 45, 46, 47, 48, 39, 30, 29, 20, 11, 2, 3, 4, 13, 22, 23, 32, 41, 42, 43, 44, 53, 62, 61, 70, 79, 80]
[00:00:00:00:299] Expansion 74: New longest path found with length 36: [0, 9, 18, 27, 36, 45, 46, 47, 48, 39, 30, 29, 20, 11, 2, 3, 4, 13, 22, 23, 32, 41, 42, 43, 44, 53, 62, 61, 60, 59, 58, 67, 76, 77, 78, 79, 80]
[00:00:00:00:517] Expansion 129: New longest path found with length 38: [0, 9, 18, 27, 36, 45, 46, 47, 48, 39, 30, 29, 20, 11, 2, 3, 4, 13, 22, 23, 32, 33, 34, 35, 44, 53, 52, 51, 50, 59, 58, 67, 76, 77, 78, 69, 70, 71, 80]
[00:00:00:00:823] Expansion 212: New longest path found with length 42: [0, 9, 18, 27, 36, 45, 46, 47, 48, 39, 30, 29, 20, 11, 2, 3, 4, 13, 22, 23, 24, 15, 6, 7, 8, 17, 26, 35, 34, 43, 42, 41, 50, 59, 58, 67, 76, 77, 78, 69, 70, 71, 80]
[00:00:00:15:471] Expansion 3,694: New longest path found with length 44: [0, 9, 18, 27, 36, 45, 46, 47, 48, 57, 66, 75, 76, 77, 78, 69, 60, 59, 50, 41, 40, 31, 30, 29, 20, 11, 2, 3, 4, 13, 14, 15, 6, 7, 8, 17, 26, 25, 34, 43, 52, 53, 62, 71, 80]
[00:00:02:07:338] Path of length 44 found: [0, 9, 18, 27, 36, 45, 46, 47, 48, 57, 66, 75, 76, 77, 78, 69, 60, 59, 50, 41, 40, 31, 30, 29, 20, 11, 2, 3, 4, 13, 14, 15, 6, 7, 8, 17, 26, 25, 34, 43, 52, 53, 62, 71, 80]
[00:00:02:07:339] ! Unidirectional s-t. expansions: 28,666, time: 127,338 [ms], path length: 44 [edges], generated: 49,248
[00:00:00:00:205] Expansion 39: New longest path found with length 40: [80, 71, 62, 53, 44, 35, 34, 25, 16, 7, 6, 5, 4, 3, 2, 11, 20, 29, 30, 31, 40, 41, 50, 51, 60, 69, 78, 77, 76, 75, 66, 57, 48, 47, 46, 37, 36, 27, 18, 9, 0]
[00:00:00:30:452] Expansion 8,108: New longest path found with length 42: [80, 71, 62, 53, 44, 35, 26, 17, 8, 7, 6, 15, 14, 13, 4, 3, 2, 11, 20, 29, 30, 31, 40, 41, 50, 51, 60, 69, 78, 77, 76, 75, 66, 57, 48, 47, 46, 37, 36, 27, 18, 9, 0]
[00:00:00:35:296] Expansion 9,253: New longest path found with length 44: [80, 71, 62, 53, 44, 35, 26, 17, 8, 7, 6, 15, 24, 33, 42, 41, 50, 59, 60, 69, 78, 77, 76, 75, 66, 57, 48, 47, 46, 37, 36, 27, 18, 19, 20, 29, 30, 31, 22, 13, 4, 3, 2, 1, 0]
[00:00:03:40:724] Path of length 44 found: [80, 71, 62, 53, 44, 35, 26, 17, 8, 7, 6, 15, 24, 33, 42, 41, 50, 59, 60, 69, 78, 77, 76, 75, 66, 57, 48, 47, 46, 37, 36, 27, 18, 19, 20, 29, 30, 31, 22, 13, 4, 3, 2, 1, 0]
[00:00:03:40:724] ! Unidirectional t-s. expansions: 45,822, time: 220,724 [ms], path length: 44 [edges], generated: 80,935
[00:00:00:00:182] Expansion 20:New longest path found with length 40: [0, 9, 18, 27, 36, 45, 46, 47, 48, 57, 66, 75, 76, 77, 78, 69, 60, 51, 42, 41, 32, 31, 30, 29, 20, 11, 2, 3, 4, 5, 6, 7, 16, 25, 34, 35, 44, 53, 62, 71, 80]
[00:00:00:01:385] Expansion 282:New longest path found with length 42: [0, 9, 18, 27, 36, 45, 46, 47, 48, 57, 66, 75, 76, 77, 78, 69, 60, 59, 50, 41, 32, 31, 30, 29, 20, 11, 2, 3, 4, 13, 14, 15, 6, 7, 8, 17, 26, 35, 44, 53, 62, 71, 80]
[00:00:00:01:500] Expansion 309:New longest path found with length 44: [0, 9, 18, 27, 36, 45, 46, 47, 48, 57, 66, 75, 76, 77, 78, 69, 60, 59, 50, 41, 42, 33, 24, 23, 22, 31, 30, 29, 20, 11, 2, 3, 4, 5, 6, 7, 8, 17, 26, 35, 44, 53, 62, 71, 80]
[00:00:01:00:871] Path of length 44 found: [0, 9, 18, 27, 36, 45, 46, 47, 48, 57, 66, 75, 76, 77, 78, 69, 60, 59, 50, 41, 42, 33, 24, 23, 22, 31, 30, 29, 20, 11, 2, 3, 4, 5, 6, 7, 8, 17, 26, 35, 44, 53, 62, 71, 80]
[00:00:01:01:370] ! Bidirectional. expansions: 7,034, time: 60,871 [ms], path length: 44 [edges], g_F: 22, g_B: 22, generated: {'F': 13,067, 'B': 13,709}, MM: 0, MMPER: -1.0%
[00:00:01:01:370] 
---------- SM_Grids/9x9_grid_with_random_blocks_8per_2 ----------
[00:00:00:00:216] Expansion 41: New longest path found with length 42: [0, 9, 18, 27, 36, 45, 54, 63, 72, 73, 74, 65, 56, 47, 38, 39, 30, 31, 22, 13, 4, 5, 6, 7, 16, 25, 34, 35, 44, 53, 52, 51, 50, 49, 58, 67, 76, 77, 78, 69, 70, 71, 80]
[00:00:00:00:834] Expansion 234: New longest path found with length 44: [0, 9, 18, 27, 36, 45, 54, 63, 72, 73, 74, 65, 56, 47, 38, 39, 30, 21, 20, 11, 2, 3, 4, 5, 6, 7, 16, 25, 26, 35, 44, 53, 52, 51, 50, 49, 58, 67, 76, 77, 78, 69, 70, 71, 80]
[00:00:02:24:750] Expansion 35,642: New longest path found with length 48: [0, 9, 18, 27, 36, 37, 38, 39, 48, 57, 56, 55, 54, 63, 72, 73, 74, 75, 76, 67, 68, 59, 50, 51, 42, 33, 32, 31, 22, 21, 20, 11, 2, 3, 4, 5, 6, 7, 16, 25, 26, 35, 44, 53, 62, 61, 70, 79, 80]
[00:00:03:20:943] Path of length 48 found: [0, 9, 18, 27, 36, 37, 38, 39, 48, 57, 56, 55, 54, 63, 72, 73, 74, 75, 76, 67, 68, 59, 50, 51, 42, 33, 32, 31, 22, 21, 20, 11, 2, 3, 4, 5, 6, 7, 16, 25, 26, 35, 44, 53, 62, 61, 70, 79, 80]
[00:00:03:20:944] ! Unidirectional s-t. expansions: 46,020, time: 200,943 [ms], path length: 48 [edges], generated: 76,412
[00:00:01:11:285] Expansion 28,318: New longest path found with length 18: [80, 71, 62, 53, 44, 35, 26, 25, 16, 7, 6, 5, 4, 13, 12, 11, 10, 9, 0]
[00:00:01:32:064] Expansion 36,658: New longest path found with length 20: [80, 71, 62, 53, 44, 35, 26, 25, 16, 7, 6, 5, 4, 13, 12, 11, 20, 19, 18, 9, 0]
[00:00:02:03:097] Expansion 48,710: New longest path found with length 40: [80, 71, 62, 53, 44, 35, 26, 25, 16, 7, 6, 5, 4, 13, 12, 11, 20, 29, 30, 31, 32, 33, 42, 51, 50, 49, 48, 47, 56, 65, 74, 73, 72, 63, 54, 45, 36, 27, 18, 9, 0]
[00:00:02:03:140] Expansion 48,726: New longest path found with length 42: [80, 71, 62, 53, 44, 35, 26, 25, 16, 7, 6, 5, 4, 13, 12, 11, 20, 29, 30, 31, 32, 33, 42, 51, 50, 49, 48, 57, 66, 65, 74, 73, 72, 63, 54, 55, 46, 37, 36, 27, 18, 9, 0]
[00:00:02:17:523] Expansion 52,567: New longest path found with length 44: [80, 71, 62, 53, 44, 35, 26, 25, 16, 7, 6, 5, 4, 3, 12, 21, 22, 31, 32, 33, 42, 51, 50, 59, 68, 77, 76, 75, 74, 73, 72, 63, 54, 55, 56, 57, 48, 39, 38, 29, 28, 19, 10, 9, 0]
[00:00:02:20:268] Expansion 53,267: New longest path found with length 46: [80, 71, 62, 53, 44, 35, 26, 25, 16, 7, 6, 5, 4, 3, 2, 11, 20, 21, 22, 31, 32, 33, 42, 51, 50, 59, 68, 67, 76, 75, 74, 73, 72, 63, 54, 55, 56, 57, 48, 39, 38, 37, 28, 27, 18, 9, 0]
[00:00:03:22:285] Expansion 64,776: New longest path found with length 48: [80, 71, 70, 69, 78, 77, 76, 67, 58, 49, 48, 47, 56, 65, 74, 73, 72, 63, 54, 45, 36, 37, 28, 29, 30, 21, 22, 23, 32, 41, 42, 51, 52, 53, 44, 35, 26, 25, 16, 7, 6, 5, 4, 3, 2, 11, 10, 9, 0]
[00:00:04:40:890] Path of length 48 found: [80, 71, 70, 69, 78, 77, 76, 67, 58, 49, 48, 47, 56, 65, 74, 73, 72, 63, 54, 45, 36, 37, 28, 29, 30, 21, 22, 23, 32, 41, 42, 51, 52, 53, 44, 35, 26, 25, 16, 7, 6, 5, 4, 3, 2, 11, 10, 9, 0]
[00:00:04:40:890] ! Unidirectional t-s. expansions: 78,927, time: 280,890 [ms], path length: 48 [edges], generated: 124,653
[00:00:00:00:178] Expansion 20:New longest path found with length 40: [0, 9, 18, 27, 36, 45, 54, 63, 72, 73, 74, 65, 56, 47, 48, 49, 50, 51, 42, 33, 32, 31, 30, 29, 20, 11, 12, 13, 14, 5, 6, 7, 16, 25, 26, 35, 44, 53, 62, 71, 80]
[00:00:00:28:816] Expansion 4,449:New longest path found with length 42: [0, 9, 18, 27, 36, 37, 38, 39, 48, 57, 56, 55, 54, 63, 72, 73, 74, 75, 76, 77, 68, 59, 50, 51, 42, 33, 32, 31, 22, 13, 14, 5, 6, 7, 16, 25, 26, 35, 44, 53, 62, 71, 80]
[00:00:00:28:849] Expansion 4,459:New longest path found with length 44: [0, 9, 18, 27, 36, 37, 38, 39, 48, 57, 56, 55, 54, 63, 72, 73, 74, 75, 76, 77, 68, 59, 50, 41, 32, 31, 22, 21, 20, 11, 2, 3, 4, 5, 6, 7, 16, 25, 26, 35, 44, 53, 62, 71, 80]
[00:00:00:28:852] Expansion 4,461:New longest path found with length 46: [0, 9, 18, 27, 36, 37, 38, 39, 48, 57, 56, 55, 54, 63, 72, 73, 74, 75, 76, 77, 68, 59, 50, 51, 42, 33, 32, 31, 22, 21, 20, 11, 2, 3, 4, 5, 6, 7, 16, 25, 26, 35, 44, 53, 62, 71, 80]
[00:00:01:13:518] Expansion 10,142:New longest path found with length 48: [0, 9, 10, 11, 2, 3, 4, 5, 6, 7, 16, 25, 34, 35, 44, 53, 52, 51, 42, 41, 32, 23, 22, 21, 30, 29, 28, 27, 36, 45, 54, 63, 72, 73, 74, 65, 56, 47, 48, 49, 58, 67, 76, 77, 78, 69, 70, 71, 80]
[00:00:01:37:944] Path of length 48 found: [0, 9, 10, 11, 2, 3, 4, 5, 6, 7, 16, 25, 34, 35, 44, 53, 52, 51, 42, 41, 32, 23, 22, 21, 30, 29, 28, 27, 36, 45, 54, 63, 72, 73, 74, 65, 56, 47, 48, 49, 58, 67, 76, 77, 78, 69, 70, 71, 80]
[00:00:01:38:443] ! Bidirectional. expansions: 12,791, time: 97,945 [ms], path length: 48 [edges], g_F: 24, g_B: 24, generated: {'F': 23,600, 'B': 24,837}, MM: 0, MMPER: -1.0%
[00:00:01:38:443] 
---------- SM_Grids/9x9_grid_with_random_blocks_8per_3 ----------
[00:00:00:00:198] Expansion 35: New longest path found with length 36: [0, 9, 10, 19, 28, 27, 36, 45, 54, 63, 72, 73, 74, 65, 56, 47, 38, 39, 30, 21, 12, 3, 4, 5, 6, 15, 24, 33, 32, 41, 50, 51, 52, 53, 62, 71, 80]
[00:00:00:00:244] Expansion 55: New longest path found with length 40: [0, 9, 10, 19, 28, 27, 36, 45, 54, 63, 72, 73, 74, 65, 56, 47, 38, 39, 30, 21, 12, 3, 4, 5, 6, 15, 24, 33, 32, 41, 50, 49, 58, 67, 76, 77, 78, 69, 70, 71, 80]
[00:00:00:00:282] Expansion 71: New longest path found with length 44: [0, 9, 10, 19, 28, 27, 36, 45, 54, 63, 72, 73, 74, 65, 56, 47, 38, 39, 30, 21, 12, 3, 4, 5, 6, 15, 24, 33, 34, 35, 44, 53, 52, 51, 50, 49, 58, 67, 76, 77, 78, 69, 70, 71, 80]
[00:00:04:53:095] Expansion 71,256: New longest path found with length 46: [0, 9, 18, 27, 28, 37, 46, 45, 54, 63, 72, 73, 74, 65, 56, 57, 58, 67, 76, 77, 78, 69, 60, 51, 50, 41, 40, 31, 30, 21, 20, 11, 2, 3, 4, 13, 14, 15, 24, 33, 34, 43, 44, 53, 62, 71, 80]
[00:00:08:17:986] Path of length 46 found: [0, 9, 18, 27, 28, 37, 46, 45, 54, 63, 72, 73, 74, 65, 56, 57, 58, 67, 76, 77, 78, 69, 60, 51, 50, 41, 40, 31, 30, 21, 20, 11, 2, 3, 4, 13, 14, 15, 24, 33, 34, 43, 44, 53, 62, 71, 80]
[00:00:08:17:986] ! Unidirectional s-t. expansions: 113,542, time: 497,986 [ms], path length: 46 [edges], generated: 189,725
[00:00:00:00:819] Expansion 17: New longest path found with length 18: [80, 71, 62, 53, 44, 35, 34, 25, 16, 7, 6, 5, 14, 13, 12, 3, 2, 1, 0]
[00:00:01:14:818] Expansion 32,061: New longest path found with length 22: [80, 71, 62, 53, 44, 35, 34, 25, 16, 7, 6, 5, 14, 13, 12, 11, 20, 29, 28, 27, 18, 9, 0]
[00:00:01:21:684] Expansion 34,684: New longest path found with length 44: [80, 71, 62, 53, 44, 35, 34, 25, 16, 7, 6, 5, 14, 13, 12, 11, 20, 29, 30, 39, 40, 41, 50, 51, 60, 69, 78, 77, 76, 67, 58, 57, 56, 65, 74, 73, 72, 63, 54, 45, 36, 27, 18, 9, 0]
[00:00:01:24:248] Expansion 35,372: New longest path found with length 46: [80, 71, 62, 53, 44, 35, 34, 25, 16, 7, 6, 5, 4, 3, 2, 11, 20, 21, 30, 31, 40, 41, 50, 51, 60, 69, 78, 77, 76, 67, 58, 57, 56, 65, 74, 73, 72, 63, 54, 45, 46, 37, 28, 27, 18, 9, 0]
[00:00:06:33:966] Path of length 46 found: [80, 71, 62, 53, 44, 35, 34, 25, 16, 7, 6, 5, 4, 3, 2, 11, 20, 21, 30, 31, 40, 41, 50, 51, 60, 69, 78, 77, 76, 67, 58, 57, 56, 65, 74, 73, 72, 63, 54, 45, 46, 37, 28, 27, 18, 9, 0]
[00:00:06:33:966] ! Unidirectional t-s. expansions: 102,596, time: 393,966 [ms], path length: 46 [edges], generated: 166,051
[00:00:00:00:166] Expansion 17:New longest path found with length 34: [0, 9, 10, 19, 28, 27, 36, 45, 54, 63, 72, 73, 74, 65, 56, 47, 38, 39, 30, 21, 12, 3, 4, 5, 6, 7, 16, 25, 34, 35, 44, 53, 62, 71, 80]
[00:00:00:00:183] Expansion 23:New longest path found with length 38: [0, 9, 10, 19, 28, 27, 36, 45, 54, 63, 72, 73, 74, 65, 56, 47, 48, 49, 50, 41, 32, 31, 30, 21, 12, 3, 4, 5, 6, 7, 16, 25, 34, 35, 44, 53, 62, 71, 80]
[00:00:00:00:210] Expansion 30:New longest path found with length 44: [0, 9, 10, 19, 28, 27, 36, 45, 54, 63, 72, 73, 74, 65, 56, 57, 58, 67, 76, 77, 78, 69, 60, 51, 50, 41, 40, 39, 30, 21, 12, 3, 4, 5, 6, 7, 16, 25, 34, 35, 44, 53, 62, 71, 80]
[00:00:00:53:610] Expansion 9,518:New longest path found with length 46: [0, 9, 18, 27, 28, 37, 46, 45, 54, 63, 72, 73, 74, 65, 56, 57, 58, 67, 76, 77, 78, 69, 60, 51, 50, 41, 40, 39, 30, 21, 20, 11, 2, 3, 4, 5, 6, 15, 24, 33, 34, 35, 44, 53, 62, 71, 80]
[00:00:03:06:773] Path of length 46 found: [0, 9, 18, 27, 28, 37, 46, 45, 54, 63, 72, 73, 74, 65, 56, 57, 58, 67, 76, 77, 78, 69, 60, 51, 50, 41, 40, 39, 30, 21, 20, 11, 2, 3, 4, 5, 6, 15, 24, 33, 34, 35, 44, 53, 62, 71, 80]
[00:00:03:07:270] ! Bidirectional. expansions: 26,489, time: 186,773 [ms], path length: 46 [edges], g_F: 23, g_B: 23, generated: {'F': 47,392, 'B': 47,481}, MM: 0, MMPER: -1.0%
[00:00:03:07:271] 
---------- SM_Grids/9x9_grid_with_random_blocks_8per_4 ----------
[00:00:00:00:127] Expansion 17: New longest path found with length 18: [0, 9, 18, 19, 20, 11, 12, 13, 22, 23, 32, 41, 42, 43, 44, 53, 62, 71, 80]
[00:00:00:00:203] Expansion 38: New longest path found with length 34: [0, 9, 18, 19, 20, 11, 12, 13, 22, 23, 32, 41, 42, 51, 60, 59, 58, 49, 48, 39, 38, 37, 36, 45, 54, 63, 72, 73, 74, 75, 76, 77, 78, 79, 80]
[00:00:00:01:943] Expansion 573: New longest path found with length 36: [0, 9, 18, 19, 20, 11, 12, 13, 22, 23, 32, 33, 42, 51, 50, 49, 58, 57, 56, 47, 38, 37, 36, 45, 54, 63, 72, 73, 74, 75, 76, 77, 68, 69, 70, 79, 80]
[00:00:00:02:240] Expansion 639: New longest path found with length 38: [0, 9, 18, 19, 20, 11, 12, 13, 22, 23, 24, 25, 26, 35, 44, 43, 42, 41, 40, 39, 48, 47, 46, 45, 54, 63, 72, 73, 74, 75, 76, 67, 58, 59, 60, 69, 78, 79, 80]
[00:00:00:02:421] Expansion 689: New longest path found with length 40: [0, 9, 18, 19, 20, 11, 12, 13, 22, 23, 24, 25, 26, 35, 44, 43, 42, 41, 40, 39, 38, 37, 36, 45, 54, 63, 72, 73, 74, 65, 56, 57, 58, 67, 76, 77, 78, 69, 70, 71, 80]
[00:00:00:04:256] Expansion 1,138: New longest path found with length 42: [0, 9, 18, 19, 20, 11, 12, 13, 14, 5, 6, 7, 16, 25, 26, 35, 44, 43, 42, 41, 40, 39, 38, 37, 36, 45, 54, 63, 72, 73, 74, 65, 56, 57, 58, 67, 76, 77, 78, 69, 70, 71, 80]
[00:00:00:11:925] Expansion 2,984: New longest path found with length 44: [0, 9, 18, 19, 20, 29, 30, 39, 40, 49, 58, 57, 56, 47, 46, 45, 54, 63, 72, 73, 74, 75, 76, 77, 68, 69, 60, 51, 42, 33, 24, 23, 14, 5, 6, 7, 16, 17, 26, 35, 44, 53, 62, 71, 80]
[00:00:00:17:703] Expansion 4,150: New longest path found with length 46: [0, 9, 18, 19, 20, 21, 30, 39, 38, 37, 36, 45, 54, 63, 72, 73, 74, 65, 56, 57, 58, 67, 76, 77, 78, 69, 60, 51, 50, 41, 32, 23, 14, 5, 6, 7, 8, 17, 26, 25, 34, 43, 44, 53, 62, 71, 80]
[00:00:02:10:950] Expansion 26,494: New longest path found with length 48: [0, 1, 2, 3, 12, 21, 20, 19, 18, 27, 36, 37, 38, 47, 56, 55, 54, 63, 72, 73, 74, 75, 76, 77, 78, 69, 60, 59, 58, 49, 40, 41, 42, 33, 24, 23, 14, 5, 6, 7, 16, 17, 26, 35, 44, 53, 62, 71, 80]
[00:00:02:47:429] Path of length 48 found: [0, 1, 2, 3, 12, 21, 20, 19, 18, 27, 36, 37, 38, 47, 56, 55, 54, 63, 72, 73, 74, 75, 76, 77, 78, 69, 60, 59, 58, 49, 40, 41, 42, 33, 24, 23, 14, 5, 6, 7, 16, 17, 26, 35, 44, 53, 62, 71, 80]
[00:00:02:47:429] ! Unidirectional s-t. expansions: 33,231, time: 167,429 [ms], path length: 48 [edges], generated: 57,585
[00:00:00:00:167] Expansion 27: New longest path found with length 26: [80, 71, 62, 53, 44, 35, 34, 25, 16, 7, 6, 5, 14, 13, 22, 21, 30, 29, 38, 37, 36, 27, 18, 19, 10, 1, 0]
[00:00:00:00:252] Expansion 56: New longest path found with length 46: [80, 71, 62, 53, 44, 35, 34, 25, 16, 7, 6, 5, 14, 13, 22, 21, 30, 29, 38, 47, 56, 57, 58, 49, 40, 41, 42, 51, 60, 69, 68, 77, 76, 75, 74, 73, 64, 63, 54, 45, 36, 27, 18, 19, 10, 1, 0]
[00:00:00:10:593] Expansion 2,419: New longest path found with length 48: [80, 71, 62, 53, 44, 35, 26, 17, 8, 7, 6, 5, 14, 23, 32, 33, 42, 51, 60, 69, 68, 77, 76, 75, 74, 73, 72, 63, 54, 55, 56, 57, 58, 49, 40, 39, 38, 37, 36, 27, 18, 19, 20, 21, 12, 3, 2, 1, 0]
[00:00:01:16:719] Path of length 48 found: [80, 71, 62, 53, 44, 35, 26, 17, 8, 7, 6, 5, 14, 23, 32, 33, 42, 51, 60, 69, 68, 77, 76, 75, 74, 73, 72, 63, 54, 55, 56, 57, 58, 49, 40, 39, 38, 37, 36, 27, 18, 19, 20, 21, 12, 3, 2, 1, 0]
[00:00:01:16:719] ! Unidirectional t-s. expansions: 14,800, time: 76,719 [ms], path length: 48 [edges], generated: 26,319
[00:00:00:00:100] Expansion 8:New longest path found with length 16: [0, 1, 2, 3, 12, 21, 22, 23, 32, 33, 42, 43, 44, 53, 62, 71, 80]
[00:00:00:00:181] Expansion 24:New longest path found with length 44: [0, 1, 2, 3, 12, 21, 20, 19, 18, 27, 36, 37, 38, 47, 56, 55, 54, 63, 72, 73, 74, 75, 76, 67, 58, 49, 40, 41, 32, 23, 14, 5, 6, 7, 8, 17, 26, 25, 34, 43, 44, 53, 62, 71, 80]
[00:00:00:00:185] Expansion 26:New longest path found with length 46: [0, 1, 2, 3, 12, 21, 20, 19, 18, 27, 36, 37, 38, 47, 56, 55, 54, 63, 72, 73, 74, 75, 76, 77, 68, 59, 58, 49, 40, 41, 32, 23, 14, 5, 6, 7, 8, 17, 26, 25, 34, 43, 44, 53, 62, 71, 80]
[00:00:00:00:189] Expansion 29:New longest path found with length 48: [0, 1, 2, 3, 12, 21, 20, 19, 18, 27, 36, 37, 38, 47, 56, 55, 54, 63, 72, 73, 74, 75, 76, 77, 78, 69, 60, 59, 58, 49, 40, 41, 32, 23, 14, 5, 6, 7, 8, 17, 26, 25, 34, 43, 44, 53, 62, 71, 80]
[00:00:00:29:753] Path of length 48 found: [0, 1, 2, 3, 12, 21, 20, 19, 18, 27, 36, 37, 38, 47, 56, 55, 54, 63, 72, 73, 74, 75, 76, 77, 78, 69, 60, 59, 58, 49, 40, 41, 32, 23, 14, 5, 6, 7, 8, 17, 26, 25, 34, 43, 44, 53, 62, 71, 80]
[00:00:00:30:226] ! Bidirectional. expansions: 3,590, time: 29,753 [ms], path length: 48 [edges], g_F: 24, g_B: 24, generated: {'F': 6,258, 'B': 5,820}, MM: 0, MMPER: -1.0%
[00:00:00:30:226] 
---------- SM_Grids/9x9_grid_with_random_blocks_8per_5 ----------
[00:00:00:00:217] Expansion 43: New longest path found with length 44: [0, 9, 18, 27, 28, 37, 46, 45, 54, 63, 64, 65, 74, 75, 76, 67, 58, 57, 48, 39, 30, 21, 20, 11, 2, 3, 4, 5, 14, 15, 16, 17, 26, 35, 34, 33, 32, 41, 50, 51, 52, 53, 62, 71, 80]
[00:00:00:01:085] Expansion 354: New longest path found with length 46: [0, 9, 18, 27, 28, 37, 46, 45, 54, 63, 64, 65, 74, 75, 76, 67, 58, 57, 48, 39, 40, 41, 42, 33, 24, 23, 22, 21, 20, 11, 2, 3, 4, 5, 6, 7, 16, 17, 26, 35, 44, 53, 52, 61, 70, 79, 80]
[00:00:00:02:725] Expansion 813: New longest path found with length 48: [0, 9, 18, 27, 28, 37, 46, 45, 54, 63, 64, 65, 74, 75, 76, 77, 68, 59, 58, 57, 48, 39, 40, 41, 42, 33, 24, 23, 22, 21, 20, 11, 2, 3, 4, 5, 6, 7, 16, 17, 26, 35, 44, 53, 52, 61, 70, 79, 80]
[00:00:00:50:558] Path of length 48 found: [0, 9, 18, 27, 28, 37, 46, 45, 54, 63, 64, 65, 74, 75, 76, 77, 68, 59, 58, 57, 48, 39, 40, 41, 42, 33, 24, 23, 22, 21, 20, 11, 2, 3, 4, 5, 6, 7, 16, 17, 26, 35, 44, 53, 52, 61, 70, 79, 80]
[00:00:00:50:558] ! Unidirectional s-t. expansions: 9,777, time: 50,558 [ms], path length: 48 [edges], generated: 16,793
[00:00:00:00:184] Expansion 31: New longest path found with length 32: [80, 71, 62, 61, 52, 43, 44, 35, 26, 17, 8, 7, 6, 5, 4, 3, 2, 11, 20, 21, 22, 23, 32, 41, 40, 39, 38, 37, 28, 27, 18, 9, 0]
[00:00:00:00:216] Expansion 42: New longest path found with length 38: [80, 71, 62, 61, 52, 43, 44, 35, 26, 17, 8, 7, 6, 5, 4, 3, 2, 11, 20, 21, 22, 23, 32, 41, 40, 39, 38, 47, 56, 65, 64, 63, 54, 45, 36, 27, 18, 9, 0]
[00:00:00:00:268] Expansion 62: New longest path found with length 46: [80, 71, 62, 61, 52, 43, 44, 35, 26, 17, 8, 7, 6, 5, 4, 3, 2, 11, 20, 21, 22, 23, 32, 41, 40, 39, 48, 57, 58, 59, 68, 77, 76, 75, 74, 65, 64, 63, 54, 45, 46, 37, 28, 27, 18, 9, 0]
[00:00:00:39:146] Expansion 6,939: New longest path found with length 48: [80, 71, 70, 61, 52, 53, 44, 35, 26, 17, 8, 7, 6, 5, 4, 3, 2, 11, 20, 21, 22, 23, 24, 33, 42, 41, 40, 39, 48, 57, 58, 59, 68, 77, 76, 75, 74, 65, 64, 63, 54, 45, 46, 37, 28, 27, 18, 9, 0]
[00:00:01:22:593] Path of length 48 found: [80, 71, 70, 61, 52, 53, 44, 35, 26, 17, 8, 7, 6, 5, 4, 3, 2, 11, 20, 21, 22, 23, 24, 33, 42, 41, 40, 39, 48, 57, 58, 59, 68, 77, 76, 75, 74, 65, 64, 63, 54, 45, 46, 37, 28, 27, 18, 9, 0]
[00:00:01:22:594] ! Unidirectional t-s. expansions: 14,291, time: 82,593 [ms], path length: 48 [edges], generated: 26,678
[00:00:00:00:172] Expansion 20:New longest path found with length 40: [0, 9, 18, 27, 36, 45, 54, 63, 64, 65, 74, 75, 76, 77, 68, 59, 58, 57, 48, 39, 30, 29, 20, 11, 2, 3, 4, 5, 6, 7, 8, 17, 26, 35, 44, 43, 52, 61, 62, 71, 80]
[00:00:00:00:181] Expansion 23:New longest path found with length 44: [0, 9, 18, 27, 36, 45, 54, 63, 64, 65, 74, 75, 76, 77, 68, 59, 58, 57, 48, 39, 40, 41, 32, 23, 22, 21, 20, 11, 2, 3, 4, 5, 6, 7, 8, 17, 26, 35, 44, 43, 52, 61, 62, 71, 80]
[00:00:00:07:448] Expansion 1,233:New longest path found with length 46: [0, 9, 18, 27, 36, 45, 54, 63, 64, 65, 74, 75, 76, 67, 58, 57, 48, 47, 38, 29, 20, 11, 2, 3, 4, 5, 6, 7, 8, 17, 26, 35, 34, 33, 24, 23, 22, 31, 40, 41, 50, 51, 52, 61, 62, 71, 80]
[00:00:00:26:959] Expansion 3,853:New longest path found with length 48: [0, 9, 18, 27, 28, 37, 46, 45, 54, 63, 64, 65, 74, 75, 76, 77, 68, 59, 58, 57, 48, 39, 40, 41, 42, 33, 24, 23, 22, 21, 20, 11, 2, 3, 4, 5, 6, 7, 8, 17, 26, 35, 44, 53, 52, 61, 70, 71, 80]
[00:00:00:54:807] Path of length 48 found: [0, 9, 18, 27, 28, 37, 46, 45, 54, 63, 64, 65, 74, 75, 76, 77, 68, 59, 58, 57, 48, 39, 40, 41, 42, 33, 24, 23, 22, 21, 20, 11, 2, 3, 4, 5, 6, 7, 8, 17, 26, 35, 44, 53, 52, 61, 70, 71, 80]
[00:00:00:55:281] ! Bidirectional. expansions: 6,954, time: 54,807 [ms], path length: 48 [edges], g_F: 24, g_B: 24, generated: {'F': 12,680, 'B': 11,921}, MM: 0, MMPER: -1.0%
[00:00:00:55:281] 
---------- SM_Grids/9x9_grid_with_random_blocks_8per_6 ----------
[00:00:00:02:053] Expansion 738: New longest path found with length 26: [0, 9, 18, 19, 28, 29, 38, 39, 48, 57, 56, 55, 54, 63, 72, 73, 74, 75, 76, 67, 68, 59, 60, 61, 70, 79, 80]
[00:00:00:02:985] Expansion 1,098: New longest path found with length 44: [0, 9, 18, 19, 28, 29, 38, 39, 48, 57, 56, 55, 54, 63, 72, 73, 74, 75, 76, 67, 68, 59, 50, 41, 32, 31, 22, 21, 12, 3, 4, 5, 14, 15, 16, 17, 26, 35, 34, 43, 52, 53, 62, 71, 80]
[00:00:01:03:542] Expansion 15,884: New longest path found with length 46: [0, 9, 18, 19, 20, 11, 2, 3, 4, 13, 22, 23, 24, 15, 6, 7, 8, 17, 26, 35, 34, 43, 42, 41, 40, 49, 48, 47, 38, 37, 36, 45, 54, 63, 72, 73, 74, 75, 66, 67, 68, 59, 60, 61, 70, 79, 80]
[00:00:01:37:496] Expansion 23,369: New longest path found with length 48: [0, 9, 18, 27, 36, 37, 38, 29, 20, 11, 2, 3, 4, 13, 22, 23, 24, 15, 6, 7, 8, 17, 26, 35, 34, 43, 42, 41, 40, 49, 48, 57, 56, 55, 54, 63, 72, 73, 74, 75, 76, 67, 68, 59, 60, 61, 70, 79, 80]
[00:00:02:40:940] Path of length 48 found: [0, 9, 18, 27, 36, 37, 38, 29, 20, 11, 2, 3, 4, 13, 22, 23, 24, 15, 6, 7, 8, 17, 26, 35, 34, 43, 42, 41, 40, 49, 48, 57, 56, 55, 54, 63, 72, 73, 74, 75, 76, 67, 68, 59, 60, 61, 70, 79, 80]
[00:00:02:40:940] ! Unidirectional s-t. expansions: 35,414, time: 160,940 [ms], path length: 48 [edges], generated: 59,785
[00:00:00:00:190] Expansion 33: New longest path found with length 34: [80, 79, 70, 69, 60, 59, 50, 41, 42, 43, 34, 35, 26, 17, 8, 7, 6, 15, 14, 13, 4, 3, 2, 11, 20, 21, 30, 39, 38, 37, 28, 27, 18, 9, 0]
[00:00:00:00:223] Expansion 48: New longest path found with length 44: [80, 79, 70, 69, 60, 59, 50, 41, 42, 43, 34, 35, 26, 17, 8, 7, 6, 15, 14, 13, 4, 3, 2, 11, 20, 21, 30, 39, 38, 47, 56, 57, 66, 75, 74, 73, 64, 63, 54, 45, 36, 27, 18, 9, 0]
[00:00:00:00:728] Expansion 201: New longest path found with length 46: [80, 79, 70, 69, 60, 59, 50, 41, 42, 43, 34, 35, 26, 17, 8, 7, 6, 15, 24, 23, 22, 13, 4, 3, 2, 11, 20, 29, 30, 39, 48, 57, 66, 75, 74, 73, 72, 63, 54, 55, 46, 37, 36, 27, 18, 9, 0]
[00:00:01:02:828] Expansion 13,261: New longest path found with length 48: [80, 79, 70, 61, 60, 59, 68, 67, 76, 75, 74, 73, 72, 63, 54, 55, 56, 57, 48, 49, 40, 41, 42, 43, 34, 35, 26, 17, 8, 7, 6, 15, 24, 23, 22, 13, 4, 3, 2, 11, 20, 29, 38, 37, 36, 27, 18, 9, 0]
[00:00:02:22:374] Path of length 48 found: [80, 79, 70, 61, 60, 59, 68, 67, 76, 75, 74, 73, 72, 63, 54, 55, 56, 57, 48, 49, 40, 41, 42, 43, 34, 35, 26, 17, 8, 7, 6, 15, 24, 23, 22, 13, 4, 3, 2, 11, 20, 29, 38, 37, 36, 27, 18, 9, 0]
[00:00:02:22:374] ! Unidirectional t-s. expansions: 27,459, time: 142,374 [ms], path length: 48 [edges], generated: 49,168
[00:00:00:00:167] Expansion 23:New longest path found with length 46: [0, 9, 18, 27, 36, 37, 46, 55, 54, 63, 72, 73, 74, 75, 76, 67, 68, 59, 50, 41, 40, 39, 30, 29, 20, 11, 2, 3, 4, 13, 22, 23, 24, 15, 6, 7, 8, 17, 26, 35, 34, 43, 52, 53, 62, 71, 80]
[00:00:00:15:811] Expansion 2,295:New longest path found with length 48: [0, 9, 18, 27, 36, 37, 38, 29, 20, 11, 2, 3, 4, 13, 22, 23, 24, 15, 6, 7, 8, 17, 26, 35, 34, 43, 42, 41, 40, 49, 48, 57, 56, 55, 54, 63, 72, 73, 74, 75, 76, 67, 68, 69, 60, 61, 62, 71, 80]
[00:00:01:07:008] Path of length 48 found: [0, 9, 18, 27, 36, 37, 38, 29, 20, 11, 2, 3, 4, 13, 22, 23, 24, 15, 6, 7, 8, 17, 26, 35, 34, 43, 42, 41, 40, 49, 48, 57, 56, 55, 54, 63, 72, 73, 74, 75, 76, 67, 68, 69, 60, 61, 62, 71, 80]
[00:00:01:07:485] ! Bidirectional. expansions: 8,835, time: 67,008 [ms], path length: 48 [edges], g_F: 24, g_B: 24, generated: {'F': 15,335, 'B': 14,029}, MM: 0, MMPER: -1.0%
[00:00:01:07:485] 
---------- SM_Grids/9x9_grid_with_random_blocks_8per_7 ----------
[00:00:00:00:218] Expansion 41: New longest path found with length 42: [0, 9, 18, 19, 28, 37, 36, 45, 54, 63, 72, 73, 74, 75, 66, 57, 48, 39, 30, 31, 32, 23, 14, 5, 6, 7, 8, 17, 26, 25, 34, 43, 44, 53, 62, 61, 60, 59, 68, 77, 78, 79, 80]
[00:00:00:02:773] Expansion 660: New longest path found with length 44: [0, 9, 18, 19, 28, 37, 36, 45, 54, 63, 72, 73, 74, 65, 56, 47, 48, 39, 30, 31, 32, 23, 14, 5, 6, 7, 8, 17, 26, 25, 34, 43, 44, 53, 62, 61, 60, 59, 58, 67, 76, 77, 78, 79, 80]
[00:00:01:57:287] Expansion 23,073: New longest path found with length 46: [0, 9, 10, 19, 28, 27, 36, 45, 54, 63, 72, 73, 74, 65, 56, 47, 38, 39, 30, 31, 32, 23, 14, 5, 6, 7, 8, 17, 26, 25, 34, 43, 44, 53, 62, 61, 60, 51, 50, 49, 58, 67, 76, 77, 78, 79, 80]
[00:00:02:22:484] Expansion 27,644: New longest path found with length 48: [0, 9, 10, 11, 2, 3, 4, 13, 14, 15, 6, 7, 8, 17, 26, 25, 34, 43, 44, 53, 62, 61, 60, 51, 50, 41, 32, 31, 30, 29, 28, 27, 36, 45, 54, 63, 72, 73, 74, 65, 56, 57, 58, 67, 76, 77, 78, 79, 80]
[00:00:03:44:214] Path of length 48 found: [0, 9, 10, 11, 2, 3, 4, 13, 14, 15, 6, 7, 8, 17, 26, 25, 34, 43, 44, 53, 62, 61, 60, 51, 50, 41, 32, 31, 30, 29, 28, 27, 36, 45, 54, 63, 72, 73, 74, 65, 56, 57, 58, 67, 76, 77, 78, 79, 80]
[00:00:03:44:214] ! Unidirectional s-t. expansions: 43,038, time: 224,214 [ms], path length: 48 [edges], generated: 78,739
[00:00:00:00:116] Expansion 15: New longest path found with length 16: [80, 79, 78, 69, 68, 59, 58, 49, 48, 39, 30, 29, 28, 27, 18, 9, 0]
[00:00:00:03:249] Expansion 1,001: New longest path found with length 32: [80, 79, 78, 69, 68, 59, 58, 49, 48, 39, 30, 31, 32, 41, 42, 43, 34, 25, 26, 17, 8, 7, 6, 15, 14, 13, 4, 3, 2, 11, 10, 9, 0]
[00:00:00:04:247] Expansion 1,248: New longest path found with length 44: [80, 79, 78, 69, 68, 59, 58, 49, 48, 47, 56, 65, 74, 73, 72, 63, 54, 45, 36, 37, 28, 29, 30, 31, 32, 41, 42, 43, 34, 25, 26, 17, 8, 7, 6, 15, 14, 13, 4, 3, 2, 11, 10, 9, 0]
[00:00:02:23:196] Expansion 36,324: New longest path found with length 48: [80, 79, 78, 77, 68, 67, 58, 57, 56, 65, 74, 73, 72, 63, 54, 45, 46, 37, 38, 29, 30, 31, 40, 41, 50, 51, 60, 61, 62, 53, 44, 43, 34, 25, 26, 17, 8, 7, 6, 15, 14, 13, 4, 3, 2, 11, 10, 9, 0]
[00:00:03:38:932] Path of length 48 found: [80, 79, 78, 77, 68, 67, 58, 57, 56, 65, 74, 73, 72, 63, 54, 45, 46, 37, 38, 29, 30, 31, 40, 41, 50, 51, 60, 61, 62, 53, 44, 43, 34, 25, 26, 17, 8, 7, 6, 15, 14, 13, 4, 3, 2, 11, 10, 9, 0]
[00:00:03:38:932] ! Unidirectional t-s. expansions: 52,239, time: 218,932 [ms], path length: 48 [edges], generated: 86,178
[00:00:00:00:387] Expansion 98:New longest path found with length 16: [0, 9, 18, 27, 36, 45, 46, 47, 56, 57, 58, 59, 68, 69, 78, 79, 80]
[00:00:00:00:406] Expansion 101:New longest path found with length 20: [0, 9, 18, 27, 36, 45, 46, 47, 38, 29, 30, 31, 40, 49, 58, 59, 68, 69, 78, 79, 80]
[00:00:00:00:500] Expansion 119:New longest path found with length 40: [0, 9, 18, 27, 36, 45, 54, 63, 72, 73, 74, 65, 66, 57, 48, 47, 38, 29, 30, 31, 32, 23, 14, 5, 6, 7, 8, 17, 26, 25, 34, 43, 52, 51, 50, 59, 68, 69, 78, 79, 80]
[00:00:00:03:589] Expansion 686:New longest path found with length 42: [0, 9, 18, 27, 36, 37, 38, 29, 30, 31, 32, 23, 14, 5, 6, 7, 8, 17, 26, 25, 34, 43, 52, 51, 50, 49, 48, 57, 56, 55, 54, 63, 72, 73, 74, 75, 76, 67, 68, 69, 78, 79, 80]
[00:00:00:30:747] Expansion 5,273:New longest path found with length 44: [0, 9, 18, 27, 36, 45, 54, 63, 72, 73, 74, 65, 56, 47, 38, 29, 30, 31, 32, 23, 14, 5, 6, 7, 8, 17, 26, 25, 34, 43, 44, 53, 62, 61, 60, 51, 50, 49, 58, 67, 68, 77, 78, 79, 80]
[00:00:01:11:916] Expansion 11,174:New longest path found with length 46: [0, 9, 10, 11, 2, 3, 4, 5, 6, 7, 8, 17, 26, 25, 24, 23, 32, 31, 40, 39, 38, 29, 28, 27, 36, 45, 54, 63, 72, 73, 74, 75, 76, 77, 68, 59, 50, 51, 42, 43, 44, 53, 62, 61, 70, 79, 80]
[00:00:01:45:696] Expansion 16,285:New longest path found with length 48: [0, 9, 10, 11, 2, 3, 4, 13, 14, 15, 6, 7, 8, 17, 26, 25, 34, 43, 44, 53, 62, 61, 60, 51, 50, 41, 40, 39, 38, 29, 28, 27, 36, 45, 54, 63, 72, 73, 74, 65, 56, 57, 58, 67, 68, 77, 78, 79, 80]
[00:00:02:32:799] Path of length 48 found: [0, 9, 10, 11, 2, 3, 4, 13, 14, 15, 6, 7, 8, 17, 26, 25, 34, 43, 44, 53, 62, 61, 60, 51, 50, 41, 40, 39, 38, 29, 28, 27, 36, 45, 54, 63, 72, 73, 74, 65, 56, 57, 58, 67, 68, 77, 78, 79, 80]
[00:00:02:33:298] ! Bidirectional. expansions: 22,402, time: 152,799 [ms], path length: 48 [edges], g_F: 24, g_B: 24, generated: {'F': 39,220, 'B': 39,421}, MM: 0, MMPER: -1.0%
[00:00:02:33:298] 
---------- SM_Grids/9x9_grid_with_random_blocks_8per_8 ----------
[00:00:00:00:211] Expansion 39: New longest path found with length 40: [0, 9, 10, 19, 28, 37, 46, 55, 54, 63, 72, 73, 74, 65, 66, 57, 48, 39, 30, 31, 22, 13, 4, 5, 6, 7, 8, 17, 26, 25, 24, 33, 42, 41, 50, 59, 68, 77, 78, 79, 80]
[00:00:00:00:271] Expansion 65: New longest path found with length 42: [0, 9, 10, 19, 28, 37, 46, 55, 54, 63, 72, 73, 74, 65, 66, 57, 48, 39, 30, 31, 22, 13, 4, 5, 6, 7, 8, 17, 26, 25, 24, 33, 42, 43, 52, 61, 60, 59, 68, 77, 78, 79, 80]
[00:00:00:00:292] Expansion 75: New longest path found with length 44: [0, 9, 10, 19, 28, 37, 46, 55, 54, 63, 72, 73, 74, 65, 66, 57, 48, 39, 30, 31, 22, 13, 4, 5, 6, 7, 8, 17, 26, 25, 24, 33, 42, 43, 44, 53, 62, 61, 60, 59, 68, 77, 78, 79, 80]
[00:00:00:03:096] Expansion 895: New longest path found with length 46: [0, 9, 10, 19, 28, 37, 46, 55, 54, 63, 72, 73, 74, 65, 66, 67, 76, 77, 78, 69, 60, 59, 50, 49, 48, 39, 30, 31, 22, 13, 4, 5, 6, 7, 8, 17, 26, 25, 24, 33, 42, 43, 52, 53, 62, 71, 80]
[00:00:00:20:603] Expansion 4,694: New longest path found with length 48: [0, 9, 10, 11, 2, 3, 4, 13, 22, 23, 24, 15, 6, 7, 8, 17, 26, 35, 34, 43, 42, 41, 50, 49, 48, 39, 30, 29, 28, 37, 46, 55, 54, 63, 72, 73, 74, 65, 66, 67, 76, 77, 78, 69, 60, 61, 62, 71, 80]
[00:00:00:35:924] Expansion 7,736: New longest path found with length 50: [0, 9, 18, 27, 36, 37, 46, 55, 54, 63, 72, 73, 74, 65, 66, 67, 76, 77, 78, 69, 60, 59, 50, 49, 48, 39, 30, 29, 20, 11, 2, 3, 4, 13, 22, 23, 24, 15, 6, 7, 8, 17, 26, 35, 34, 43, 52, 53, 62, 71, 80]
[00:00:00:54:030] Path of length 50 found: [0, 9, 18, 27, 36, 37, 46, 55, 54, 63, 72, 73, 74, 65, 66, 67, 76, 77, 78, 69, 60, 59, 50, 49, 48, 39, 30, 29, 20, 11, 2, 3, 4, 13, 22, 23, 24, 15, 6, 7, 8, 17, 26, 35, 34, 43, 52, 53, 62, 71, 80]
[00:00:00:54:030] ! Unidirectional s-t. expansions: 10,865, time: 54,030 [ms], path length: 50 [edges], generated: 18,049
[00:00:00:00:215] Expansion 46: New longest path found with length 42: [80, 79, 70, 69, 60, 59, 50, 41, 42, 43, 44, 35, 26, 17, 8, 7, 6, 15, 24, 23, 22, 31, 30, 39, 48, 57, 66, 65, 74, 73, 72, 63, 54, 55, 46, 37, 36, 27, 18, 19, 10, 1, 0]
[00:00:00:00:225] Expansion 51: New longest path found with length 44: [80, 79, 70, 69, 60, 59, 50, 41, 42, 43, 44, 35, 26, 17, 8, 7, 6, 15, 24, 23, 22, 31, 30, 39, 48, 57, 66, 65, 74, 73, 72, 63, 54, 55, 46, 37, 36, 27, 18, 19, 20, 11, 2, 1, 0]
[00:00:00:00:356] Expansion 102: New longest path found with length 46: [80, 79, 70, 69, 60, 59, 50, 41, 42, 43, 44, 35, 26, 17, 8, 7, 6, 15, 24, 23, 22, 13, 4, 3, 2, 11, 20, 29, 30, 39, 48, 57, 66, 65, 74, 73, 72, 63, 54, 55, 46, 37, 36, 27, 18, 9, 0]
[00:00:00:51:731] Expansion 11,095: New longest path found with length 48: [80, 79, 70, 61, 62, 53, 44, 43, 42, 33, 24, 25, 26, 17, 8, 7, 6, 5, 14, 13, 22, 31, 30, 39, 48, 49, 50, 59, 68, 77, 76, 75, 74, 73, 72, 63, 54, 55, 46, 37, 36, 27, 18, 19, 20, 11, 2, 1, 0]
[00:00:01:09:925] Expansion 15,045: New longest path found with length 50: [80, 79, 78, 77, 76, 67, 66, 65, 74, 73, 72, 63, 54, 55, 46, 37, 36, 27, 18, 19, 20, 29, 30, 39, 48, 49, 50, 59, 60, 61, 62, 53, 44, 43, 42, 33, 24, 25, 26, 17, 8, 7, 6, 5, 14, 13, 12, 3, 2, 1, 0]
[00:00:01:24:301] Path of length 50 found: [80, 79, 78, 77, 76, 67, 66, 65, 74, 73, 72, 63, 54, 55, 46, 37, 36, 27, 18, 19, 20, 29, 30, 39, 48, 49, 50, 59, 60, 61, 62, 53, 44, 43, 42, 33, 24, 25, 26, 17, 8, 7, 6, 5, 14, 13, 12, 3, 2, 1, 0]
[00:00:01:24:302] ! Unidirectional t-s. expansions: 17,517, time: 84,302 [ms], path length: 50 [edges], generated: 28,819
[00:00:00:00:167] Expansion 22:New longest path found with length 44: [0, 9, 10, 19, 28, 37, 46, 55, 54, 63, 72, 73, 74, 65, 66, 67, 76, 77, 78, 69, 60, 59, 50, 49, 48, 39, 30, 21, 22, 23, 24, 15, 6, 7, 8, 17, 26, 35, 34, 43, 52, 53, 62, 71, 80]
[00:00:00:00:570] Expansion 99:New longest path found with length 46: [0, 9, 10, 19, 28, 37, 46, 55, 54, 63, 72, 73, 74, 65, 66, 67, 76, 77, 78, 69, 60, 59, 50, 49, 48, 39, 30, 21, 12, 3, 4, 5, 6, 7, 8, 17, 26, 25, 24, 33, 42, 43, 52, 53, 62, 71, 80]
[00:00:00:05:270] Expansion 764:New longest path found with length 48: [0, 9, 10, 11, 2, 3, 4, 13, 22, 23, 24, 15, 6, 7, 8, 17, 26, 35, 34, 43, 42, 41, 50, 49, 48, 39, 30, 29, 28, 37, 46, 55, 54, 63, 72, 73, 74, 65, 66, 67, 76, 77, 78, 69, 60, 61, 62, 71, 80]
[00:00:00:06:848] Expansion 986:New longest path found with length 50: [0, 9, 18, 27, 36, 37, 46, 55, 54, 63, 72, 73, 74, 65, 66, 67, 76, 77, 78, 69, 60, 59, 50, 49, 48, 39, 30, 29, 20, 11, 2, 3, 4, 13, 22, 23, 24, 15, 6, 7, 8, 17, 26, 35, 34, 43, 52, 53, 62, 71, 80]
[00:00:00:20:374] Path of length 50 found: [0, 9, 18, 27, 36, 37, 46, 55, 54, 63, 72, 73, 74, 65, 66, 67, 76, 77, 78, 69, 60, 59, 50, 49, 48, 39, 30, 29, 20, 11, 2, 3, 4, 13, 22, 23, 24, 15, 6, 7, 8, 17, 26, 35, 34, 43, 52, 53, 62, 71, 80]
[00:00:00:20:848] ! Bidirectional. expansions: 2,301, time: 20,374 [ms], path length: 50 [edges], g_F: 25, g_B: 25, generated: {'F': 3,991, 'B': 3,958}, MM: 0, MMPER: -1.0%
[00:00:00:20:848] 
---------- SM_Grids/9x9_grid_with_random_blocks_8per_9 ----------
[00:00:00:00:237] Expansion 39: New longest path found with length 40: [0, 9, 18, 27, 36, 45, 54, 55, 64, 73, 74, 75, 66, 57, 48, 47, 38, 29, 30, 21, 12, 13, 4, 5, 6, 7, 8, 17, 26, 35, 34, 33, 32, 41, 50, 59, 68, 77, 78, 79, 80]
[00:00:00:00:343] Expansion 88: New longest path found with length 42: [0, 9, 18, 27, 36, 45, 54, 55, 64, 73, 74, 75, 66, 57, 48, 47, 38, 29, 30, 21, 12, 13, 4, 5, 6, 7, 8, 17, 26, 25, 24, 23, 32, 41, 42, 51, 60, 59, 68, 77, 78, 79, 80]
[00:00:00:02:508] Expansion 726: New longest path found with length 44: [0, 9, 18, 27, 36, 45, 54, 55, 64, 73, 74, 75, 66, 57, 48, 47, 38, 29, 20, 11, 2, 3, 4, 5, 6, 7, 16, 17, 26, 35, 34, 33, 24, 23, 22, 31, 40, 41, 50, 59, 68, 77, 78, 79, 80]
[00:00:00:10:948] Expansion 3,119: New longest path found with length 46: [0, 9, 18, 27, 36, 45, 54, 55, 64, 73, 74, 75, 66, 67, 68, 59, 60, 51, 42, 33, 24, 23, 22, 31, 40, 49, 48, 47, 38, 29, 20, 11, 2, 3, 4, 5, 6, 7, 16, 17, 26, 35, 44, 53, 62, 71, 80]
[00:00:03:25:484] Path of length 46 found: [0, 9, 18, 27, 36, 45, 54, 55, 64, 73, 74, 75, 66, 67, 68, 59, 60, 51, 42, 33, 24, 23, 22, 31, 40, 49, 48, 47, 38, 29, 20, 11, 2, 3, 4, 5, 6, 7, 16, 17, 26, 35, 44, 53, 62, 71, 80]
[00:00:03:25:484] ! Unidirectional s-t. expansions: 41,515, time: 205,484 [ms], path length: 46 [edges], generated: 73,717
[00:00:00:06:038] Expansion 2,327: New longest path found with length 24: [80, 79, 78, 77, 68, 59, 60, 51, 52, 53, 44, 35, 26, 17, 8, 7, 6, 5, 4, 3, 2, 11, 10, 9, 0]
[00:00:00:06:106] Expansion 2,345: New longest path found with length 40: [80, 79, 78, 77, 68, 59, 60, 51, 52, 53, 44, 35, 26, 17, 8, 7, 6, 5, 4, 3, 2, 11, 20, 21, 22, 23, 32, 41, 40, 49, 48, 47, 56, 55, 54, 45, 36, 27, 18, 9, 0]
[00:00:00:06:149] Expansion 2,361: New longest path found with length 42: [80, 79, 78, 77, 68, 59, 60, 51, 52, 53, 44, 35, 26, 17, 8, 7, 6, 5, 4, 3, 2, 11, 20, 21, 22, 23, 32, 41, 40, 49, 48, 57, 66, 65, 64, 55, 54, 45, 36, 27, 18, 9, 0]
[00:00:00:06:171] Expansion 2,372: New longest path found with length 44: [80, 79, 78, 77, 68, 59, 60, 51, 52, 53, 44, 35, 26, 17, 8, 7, 6, 5, 4, 3, 2, 11, 20, 21, 22, 23, 32, 41, 40, 49, 48, 57, 66, 75, 74, 73, 64, 55, 54, 45, 36, 27, 18, 9, 0]
[00:00:00:49:012] Expansion 11,997: New longest path found with length 46: [80, 79, 78, 77, 68, 59, 58, 57, 66, 75, 74, 73, 64, 55, 46, 45, 36, 27, 18, 19, 20, 29, 38, 39, 40, 31, 22, 23, 24, 33, 42, 51, 52, 53, 44, 35, 26, 17, 8, 7, 6, 5, 4, 3, 2, 1, 0]
[00:00:01:29:823] Path of length 46 found: [80, 79, 78, 77, 68, 59, 58, 57, 66, 75, 74, 73, 64, 55, 46, 45, 36, 27, 18, 19, 20, 29, 38, 39, 40, 31, 22, 23, 24, 33, 42, 51, 52, 53, 44, 35, 26, 17, 8, 7, 6, 5, 4, 3, 2, 1, 0]
[00:00:01:29:824] ! Unidirectional t-s. expansions: 19,682, time: 89,823 [ms], path length: 46 [edges], generated: 34,819
[00:00:00:00:179] Expansion 28:New longest path found with length 40: [0, 9, 18, 27, 36, 45, 54, 55, 64, 73, 74, 75, 66, 57, 48, 47, 38, 29, 20, 21, 22, 23, 14, 5, 6, 7, 8, 17, 26, 35, 44, 53, 52, 51, 60, 59, 68, 77, 78, 79, 80]
[00:00:00:00:268] Expansion 57:New longest path found with length 44: [0, 9, 18, 27, 36, 45, 54, 55, 64, 73, 74, 75, 66, 57, 48, 49, 40, 41, 32, 23, 22, 21, 20, 11, 2, 3, 4, 5, 6, 7, 8, 17, 26, 35, 44, 53, 52, 51, 60, 59, 68, 77, 78, 79, 80]
[00:00:00:06:445] Expansion 1,004:New longest path found with length 46: [0, 9, 18, 19, 20, 11, 2, 3, 4, 5, 6, 7, 8, 17, 26, 35, 44, 53, 52, 51, 42, 33, 24, 23, 22, 31, 30, 39, 38, 37, 36, 45, 54, 55, 64, 73, 74, 75, 66, 57, 58, 59, 68, 77, 78, 79, 80]
[00:00:00:37:269] Path of length 46 found: [0, 9, 18, 19, 20, 11, 2, 3, 4, 5, 6, 7, 8, 17, 26, 35, 44, 53, 52, 51, 42, 33, 24, 23, 22, 31, 30, 39, 38, 37, 36, 45, 54, 55, 64, 73, 74, 75, 66, 57, 58, 59, 68, 77, 78, 79, 80]
[00:00:00:37:741] ! Bidirectional. expansions: 4,504, time: 37,269 [ms], path length: 46 [edges], g_F: 23, g_B: 23, generated: {'F': 8,290, 'B': 8,049}, MM: 0, MMPER: -1.0%
[00:00:00:37:741] average expansions: (38,607, 41,181, 10,840, 0)
[00:00:00:37:741] average time: (180,911, 176,936, 80,365, 0)
[00:00:00:37:741] X-DFBnB: 38,607 , 176,936 (expansions , time[ms])
[00:00:00:37:741] BiX-DFBnB: 10,840 , 80,365 (expansions , time[ms])

