--------------------------
date: SM_Grids
number_of_graphs: 10
graph_type: grid
size_of_graphs: [7, 8]
heuristic: bcc_heuristic
snake: True
run_uni: True
run_bi: True
run_multi: False
solution_vertices: []
algorithms: ['DFBnB']
bsd: False
cube_first_dims: 4
cube_buffer_dim: None
backward_sym_generation: False
sym_coil: False
prefix_set: None

---------- SM_Grids/7x8_grid_with_random_blocks_8per_0 ----------
[00:00:00:00:090] Expansion 30: New longest path found with length 31: [0, 8, 16, 24, 32, 33, 34, 42, 50, 51, 52, 53, 45, 37, 36, 28, 27, 19, 18, 10, 2, 3, 4, 12, 13, 14, 22, 30, 31, 39, 47, 55]
[00:00:00:05:294] Path of length 31 found: [0, 8, 16, 24, 32, 33, 34, 42, 50, 51, 52, 53, 45, 37, 36, 28, 27, 19, 18, 10, 2, 3, 4, 12, 13, 14, 22, 30, 31, 39, 47, 55]
[00:00:00:05:294] ! Unidirectional s-t. expansions: 1,628, time: 5,294 [ms], path length: 31 [edges], generated: 2,914
[00:00:00:00:345] Expansion 150: New longest path found with length 15: [55, 47, 39, 31, 30, 22, 14, 6, 5, 4, 3, 11, 10, 9, 1, 0]
[00:00:00:00:366] Expansion 158: New longest path found with length 21: [55, 47, 39, 31, 30, 22, 14, 6, 5, 4, 3, 11, 10, 18, 26, 34, 33, 32, 24, 16, 8, 0]
[00:00:00:00:404] Expansion 175: New longest path found with length 29: [55, 47, 39, 31, 30, 22, 14, 6, 5, 4, 3, 11, 19, 20, 28, 36, 37, 45, 53, 52, 51, 50, 42, 34, 26, 25, 24, 16, 8, 0]
[00:00:00:00:416] Expansion 184: New longest path found with length 31: [55, 47, 39, 31, 30, 22, 14, 6, 5, 4, 3, 11, 19, 20, 28, 36, 37, 45, 53, 52, 51, 50, 42, 34, 33, 32, 24, 16, 17, 9, 1, 0]
[00:00:00:04:901] Path of length 31 found: [55, 47, 39, 31, 30, 22, 14, 6, 5, 4, 3, 11, 19, 20, 28, 36, 37, 45, 53, 52, 51, 50, 42, 34, 33, 32, 24, 16, 17, 9, 1, 0]
[00:00:00:04:901] ! Unidirectional t-s. expansions: 1,475, time: 4,901 [ms], path length: 31 [edges], generated: 2,536
[00:00:00:00:083] Expansion 16:New longest path found with length 29: [0, 8, 16, 24, 25, 33, 34, 42, 50, 51, 52, 44, 36, 28, 27, 19, 11, 12, 13, 5, 6, 7, 15, 23, 22, 30, 38, 39, 47, 55]
[00:00:00:00:096] Expansion 20:New longest path found with length 31: [0, 8, 16, 24, 25, 33, 34, 42, 50, 51, 52, 44, 36, 28, 20, 19, 18, 10, 2, 3, 4, 5, 6, 7, 15, 23, 22, 30, 38, 39, 47, 55]
[00:00:00:03:140] Path of length 31 found: [0, 8, 16, 24, 25, 33, 34, 42, 50, 51, 52, 44, 36, 28, 20, 19, 18, 10, 2, 3, 4, 5, 6, 7, 15, 23, 22, 30, 38, 39, 47, 55]
[00:00:00:03:545] ! Bidirectional. expansions: 506, time: 3,140 [ms], path length: 31 [edges], g_F: 16, g_B: 15, generated: {'F': 925, 'B': 875}, MM: 1, MMPER: 2.125%
[00:00:00:03:545] 
---------- SM_Grids/7x8_grid_with_random_blocks_8per_1 ----------
[00:00:00:00:110] Expansion 30: New longest path found with length 31: [0, 1, 2, 3, 11, 19, 18, 17, 16, 24, 32, 40, 41, 42, 43, 51, 52, 53, 45, 37, 29, 21, 13, 5, 6, 7, 15, 23, 31, 39, 47, 55]
[00:00:00:00:685] Expansion 209: New longest path found with length 33: [0, 1, 2, 3, 11, 12, 13, 5, 6, 7, 15, 23, 22, 30, 29, 28, 27, 26, 18, 17, 16, 24, 32, 40, 41, 42, 43, 51, 52, 53, 45, 46, 47, 55]
[00:00:00:02:855] Path of length 33 found: [0, 1, 2, 3, 11, 12, 13, 5, 6, 7, 15, 23, 22, 30, 29, 28, 27, 26, 18, 17, 16, 24, 32, 40, 41, 42, 43, 51, 52, 53, 45, 46, 47, 55]
[00:00:00:02:855] ! Unidirectional s-t. expansions: 796, time: 2,855 [ms], path length: 33 [edges], generated: 1,375
[00:00:00:00:103] Expansion 28: New longest path found with length 29: [55, 47, 39, 38, 30, 22, 23, 15, 7, 6, 5, 13, 12, 11, 19, 27, 28, 36, 44, 43, 42, 41, 33, 32, 24, 16, 17, 9, 1, 0]
[00:00:00:00:731] Expansion 200: New longest path found with length 33: [55, 47, 39, 38, 37, 45, 53, 52, 51, 43, 42, 41, 40, 32, 24, 16, 17, 18, 26, 27, 28, 20, 21, 22, 23, 15, 7, 6, 5, 4, 3, 2, 1, 0]
[00:00:00:05:316] Path of length 33 found: [55, 47, 39, 38, 37, 45, 53, 52, 51, 43, 42, 41, 40, 32, 24, 16, 17, 18, 26, 27, 28, 20, 21, 22, 23, 15, 7, 6, 5, 4, 3, 2, 1, 0]
[00:00:00:05:316] ! Unidirectional t-s. expansions: 1,446, time: 5,316 [ms], path length: 33 [edges], generated: 2,395
[00:00:00:00:537] Expansion 248:New longest path found with length 13: [0, 1, 2, 3, 11, 19, 20, 21, 22, 30, 38, 39, 47, 55]
[00:00:00:00:566] Expansion 255:New longest path found with length 23: [0, 1, 2, 3, 11, 19, 18, 17, 16, 24, 32, 40, 41, 42, 43, 44, 36, 28, 29, 30, 38, 39, 47, 55]
[00:00:00:00:667] Expansion 275:New longest path found with length 25: [0, 1, 2, 3, 11, 12, 20, 28, 27, 26, 18, 17, 16, 24, 32, 33, 41, 42, 43, 44, 45, 37, 38, 39, 47, 55]
[00:00:00:00:686] Expansion 282:New longest path found with length 27: [0, 1, 2, 3, 11, 12, 20, 28, 27, 26, 18, 17, 16, 24, 32, 33, 41, 42, 43, 51, 52, 53, 45, 37, 38, 39, 47, 55]
[00:00:00:00:798] Expansion 306:New longest path found with length 29: [0, 1, 2, 3, 4, 5, 6, 7, 15, 23, 22, 21, 20, 19, 18, 17, 16, 24, 32, 40, 41, 42, 43, 44, 36, 37, 38, 39, 47, 55]
[00:00:00:00:866] Expansion 321:New longest path found with length 31: [0, 1, 2, 3, 4, 5, 6, 7, 15, 23, 22, 21, 20, 28, 27, 26, 18, 17, 16, 24, 32, 33, 41, 42, 43, 44, 45, 37, 38, 39, 47, 55]
[00:00:00:00:900] Expansion 332:New longest path found with length 33: [0, 1, 2, 3, 4, 5, 6, 7, 15, 23, 22, 21, 20, 28, 27, 26, 18, 17, 16, 24, 32, 33, 41, 42, 43, 51, 52, 53, 45, 37, 38, 39, 47, 55]
[00:00:00:02:748] Path of length 33 found: [0, 1, 2, 3, 4, 5, 6, 7, 15, 23, 22, 21, 20, 28, 27, 26, 18, 17, 16, 24, 32, 33, 41, 42, 43, 51, 52, 53, 45, 37, 38, 39, 47, 55]
[00:00:00:03:131] ! Bidirectional. expansions: 591, time: 2,748 [ms], path length: 33 [edges], g_F: 17, g_B: 16, generated: {'F': 1,065, 'B': 885}, MM: 1, MMPER: 1.9411764705882355%
[00:00:00:03:131] 
---------- SM_Grids/7x8_grid_with_random_blocks_8per_2 ----------
[00:00:00:00:133] Expansion 24: New longest path found with length 25: [0, 8, 16, 24, 32, 40, 41, 49, 50, 51, 43, 35, 34, 26, 18, 10, 11, 12, 20, 28, 29, 30, 31, 39, 47, 55]
[00:00:00:00:183] Expansion 52: New longest path found with length 29: [0, 8, 16, 24, 32, 40, 41, 49, 50, 51, 43, 35, 34, 26, 18, 10, 11, 12, 20, 21, 22, 23, 31, 39, 38, 37, 45, 53, 54, 55]
[00:00:00:07:186] Expansion 1,825: New longest path found with length 31: [0, 1, 2, 3, 11, 12, 13, 21, 22, 23, 31, 39, 38, 37, 36, 28, 27, 26, 18, 17, 16, 24, 32, 40, 41, 49, 50, 51, 52, 53, 54, 55]
[00:00:00:07:680] Path of length 31 found: [0, 1, 2, 3, 11, 12, 13, 21, 22, 23, 31, 39, 38, 37, 36, 28, 27, 26, 18, 17, 16, 24, 32, 40, 41, 49, 50, 51, 52, 53, 54, 55]
[00:00:00:07:680] ! Unidirectional s-t. expansions: 1,953, time: 7,680 [ms], path length: 31 [edges], generated: 3,744
[00:00:00:00:064] Expansion 12: New longest path found with length 13: [55, 47, 39, 31, 23, 22, 21, 13, 12, 11, 3, 2, 1, 0]
[00:00:00:01:474] Expansion 772: New longest path found with length 15: [55, 47, 39, 31, 23, 22, 21, 13, 12, 11, 10, 18, 17, 16, 8, 0]
[00:00:00:01:888] Expansion 976: New longest path found with length 29: [55, 47, 39, 31, 23, 22, 21, 13, 12, 11, 10, 18, 26, 27, 28, 36, 37, 45, 53, 52, 51, 43, 42, 41, 33, 32, 24, 16, 8, 0]
[00:00:00:08:664] Expansion 2,760: New longest path found with length 31: [55, 54, 53, 52, 51, 50, 42, 41, 33, 32, 24, 16, 17, 18, 26, 27, 35, 36, 37, 38, 39, 31, 23, 22, 21, 13, 12, 11, 3, 2, 1, 0]
[00:00:00:09:037] Path of length 31 found: [55, 54, 53, 52, 51, 50, 42, 41, 33, 32, 24, 16, 17, 18, 26, 27, 35, 36, 37, 38, 39, 31, 23, 22, 21, 13, 12, 11, 3, 2, 1, 0]
[00:00:00:09:037] ! Unidirectional t-s. expansions: 2,845, time: 9,037 [ms], path length: 31 [edges], generated: 4,882
[00:00:00:00:102] Expansion 16:New longest path found with length 27: [0, 8, 16, 24, 32, 40, 41, 49, 50, 51, 43, 44, 36, 28, 27, 26, 18, 10, 11, 12, 13, 21, 22, 23, 31, 39, 47, 55]
[00:00:00:00:119] Expansion 21:New longest path found with length 29: [0, 8, 16, 24, 32, 40, 41, 49, 50, 51, 52, 53, 45, 37, 36, 35, 34, 26, 18, 10, 11, 12, 13, 21, 22, 23, 31, 39, 47, 55]
[00:00:00:03:922] Expansion 563:New longest path found with length 31: [0, 1, 2, 3, 11, 12, 13, 21, 22, 23, 31, 39, 38, 37, 36, 28, 27, 26, 18, 17, 16, 24, 32, 33, 41, 42, 43, 51, 52, 53, 54, 55]
[00:00:00:04:125] Path of length 31 found: [0, 1, 2, 3, 11, 12, 13, 21, 22, 23, 31, 39, 38, 37, 36, 28, 27, 26, 18, 17, 16, 24, 32, 33, 41, 42, 43, 51, 52, 53, 54, 55]
[00:00:00:04:502] ! Bidirectional. expansions: 586, time: 4,125 [ms], path length: 31 [edges], g_F: 16, g_B: 15, generated: {'F': 1,166, 'B': 1,121}, MM: 1, MMPER: 2.125%
[00:00:00:04:503] 
---------- SM_Grids/7x8_grid_with_random_blocks_8per_3 ----------
[00:00:00:00:103] Expansion 29: New longest path found with length 27: [0, 1, 9, 17, 16, 24, 32, 40, 48, 49, 50, 51, 43, 35, 36, 28, 29, 21, 13, 5, 6, 7, 15, 23, 31, 39, 47, 55]
[00:00:00:00:137] Expansion 47: New longest path found with length 29: [0, 1, 9, 17, 16, 24, 32, 40, 48, 49, 50, 51, 43, 35, 36, 28, 20, 19, 11, 3, 4, 5, 13, 14, 22, 23, 31, 39, 47, 55]
[00:00:00:00:218] Expansion 97: New longest path found with length 31: [0, 1, 9, 17, 16, 24, 32, 40, 48, 49, 50, 51, 43, 35, 36, 37, 29, 21, 20, 19, 11, 3, 4, 5, 6, 14, 15, 23, 31, 39, 47, 55]
[00:00:00:02:829] Expansion 975: New longest path found with length 33: [0, 1, 9, 10, 11, 3, 4, 5, 6, 7, 15, 23, 22, 21, 20, 28, 27, 26, 34, 33, 32, 40, 48, 49, 50, 51, 43, 44, 45, 37, 38, 39, 47, 55]
[00:00:00:06:168] Path of length 33 found: [0, 1, 9, 10, 11, 3, 4, 5, 6, 7, 15, 23, 22, 21, 20, 28, 27, 26, 34, 33, 32, 40, 48, 49, 50, 51, 43, 44, 45, 37, 38, 39, 47, 55]
[00:00:00:06:168] ! Unidirectional s-t. expansions: 1,882, time: 6,168 [ms], path length: 33 [edges], generated: 3,092
[00:00:00:00:106] Expansion 30: New longest path found with length 31: [55, 47, 39, 31, 23, 15, 7, 6, 5, 4, 12, 20, 21, 29, 37, 36, 44, 43, 51, 50, 49, 48, 40, 32, 33, 34, 26, 18, 10, 2, 1, 0]
[00:00:00:03:867] Expansion 1,229: New longest path found with length 33: [55, 47, 39, 38, 37, 45, 44, 43, 51, 50, 49, 48, 40, 32, 24, 16, 17, 18, 26, 27, 28, 20, 21, 22, 23, 15, 7, 6, 5, 4, 3, 2, 1, 0]
[00:00:00:05:545] Path of length 33 found: [55, 47, 39, 38, 37, 45, 44, 43, 51, 50, 49, 48, 40, 32, 24, 16, 17, 18, 26, 27, 28, 20, 21, 22, 23, 15, 7, 6, 5, 4, 3, 2, 1, 0]
[00:00:00:05:545] ! Unidirectional t-s. expansions: 1,690, time: 5,545 [ms], path length: 33 [edges], generated: 2,898
[00:00:00:00:081] Expansion 19:New longest path found with length 31: [0, 1, 9, 17, 16, 24, 32, 40, 48, 49, 50, 51, 43, 35, 36, 37, 29, 21, 20, 19, 11, 3, 4, 5, 6, 7, 15, 23, 31, 39, 47, 55]
[00:00:00:00:735] Expansion 167:New longest path found with length 33: [0, 1, 9, 10, 11, 3, 4, 5, 6, 7, 15, 23, 22, 21, 20, 28, 27, 26, 34, 33, 32, 40, 48, 49, 50, 51, 43, 44, 45, 37, 38, 39, 47, 55]
[00:00:00:01:624] Path of length 33 found: [0, 1, 9, 10, 11, 3, 4, 5, 6, 7, 15, 23, 22, 21, 20, 28, 27, 26, 34, 33, 32, 40, 48, 49, 50, 51, 43, 44, 45, 37, 38, 39, 47, 55]
[00:00:00:02:000] ! Bidirectional. expansions: 306, time: 1,624 [ms], path length: 33 [edges], g_F: 17, g_B: 16, generated: {'F': 498, 'B': 575}, MM: 1, MMPER: 1.9411764705882355%
[00:00:00:02:000] 
---------- SM_Grids/7x8_grid_with_random_blocks_8per_4 ----------
[00:00:00:00:058] Expansion 12: New longest path found with length 13: [0, 1, 2, 10, 11, 19, 20, 28, 29, 30, 31, 39, 47, 55]
[00:00:00:00:871] Expansion 319: New longest path found with length 25: [0, 1, 2, 10, 11, 19, 20, 28, 36, 35, 34, 26, 25, 24, 32, 40, 48, 49, 50, 51, 52, 53, 45, 46, 47, 55]
[00:00:00:01:120] Expansion 397: New longest path found with length 31: [0, 1, 2, 10, 11, 19, 27, 26, 25, 24, 32, 40, 48, 49, 50, 42, 43, 44, 36, 37, 29, 21, 13, 5, 6, 7, 15, 23, 31, 39, 47, 55]
[00:00:00:05:192] Path of length 31 found: [0, 1, 2, 10, 11, 19, 27, 26, 25, 24, 32, 40, 48, 49, 50, 42, 43, 44, 36, 37, 29, 21, 13, 5, 6, 7, 15, 23, 31, 39, 47, 55]
[00:00:00:05:192] ! Unidirectional s-t. expansions: 1,642, time: 5,192 [ms], path length: 31 [edges], generated: 2,687
[00:00:00:00:902] Expansion 522: New longest path found with length 17: [55, 47, 39, 31, 23, 15, 7, 6, 5, 13, 21, 20, 19, 11, 10, 9, 1, 0]
[00:00:00:00:923] Expansion 529: New longest path found with length 19: [55, 47, 39, 31, 23, 15, 7, 6, 5, 13, 21, 20, 19, 27, 26, 25, 24, 16, 8, 0]
[00:00:00:01:075] Expansion 604: New longest path found with length 27: [55, 47, 39, 31, 23, 15, 7, 6, 5, 13, 21, 20, 19, 27, 26, 34, 42, 50, 49, 48, 40, 32, 24, 16, 17, 9, 1, 0]
[00:00:00:01:120] Expansion 624: New longest path found with length 31: [55, 47, 39, 31, 23, 15, 7, 6, 5, 13, 21, 20, 19, 27, 35, 36, 37, 45, 53, 52, 51, 50, 42, 41, 33, 32, 24, 16, 17, 9, 1, 0]
[00:00:00:04:145] Path of length 31 found: [55, 47, 39, 31, 23, 15, 7, 6, 5, 13, 21, 20, 19, 27, 35, 36, 37, 45, 53, 52, 51, 50, 42, 41, 33, 32, 24, 16, 17, 9, 1, 0]
[00:00:00:04:145] ! Unidirectional t-s. expansions: 1,479, time: 4,145 [ms], path length: 31 [edges], generated: 2,395
[00:00:00:00:383] Expansion 192:New longest path found with length 13: [0, 1, 2, 10, 11, 19, 20, 21, 22, 30, 31, 39, 47, 55]
[00:00:00:00:421] Expansion 200:New longest path found with length 25: [0, 1, 2, 10, 11, 19, 27, 26, 25, 24, 32, 40, 48, 49, 50, 51, 52, 44, 36, 37, 29, 30, 31, 39, 47, 55]
[00:00:00:00:520] Expansion 225:New longest path found with length 31: [0, 1, 2, 10, 11, 19, 27, 26, 25, 24, 32, 40, 48, 49, 50, 42, 43, 44, 36, 37, 29, 21, 13, 5, 6, 7, 15, 23, 31, 39, 47, 55]
[00:00:00:02:179] Path of length 31 found: [0, 1, 2, 10, 11, 19, 27, 26, 25, 24, 32, 40, 48, 49, 50, 42, 43, 44, 36, 37, 29, 21, 13, 5, 6, 7, 15, 23, 31, 39, 47, 55]
[00:00:00:02:584] ! Bidirectional. expansions: 511, time: 2,179 [ms], path length: 31 [edges], g_F: 16, g_B: 15, generated: {'F': 917, 'B': 699}, MM: 1, MMPER: 2.125%
[00:00:00:02:585] 
---------- SM_Grids/7x8_grid_with_random_blocks_8per_5 ----------
[00:00:00:00:102] Expansion 30: New longest path found with length 31: [0, 8, 16, 24, 25, 33, 41, 49, 50, 51, 43, 44, 36, 28, 27, 19, 18, 10, 2, 3, 4, 12, 13, 14, 22, 23, 31, 39, 38, 46, 54, 55]
[00:00:00:09:076] Expansion 2,969: New longest path found with length 33: [0, 1, 2, 3, 11, 12, 13, 5, 6, 7, 15, 23, 22, 30, 38, 37, 36, 28, 27, 26, 18, 17, 16, 24, 32, 40, 48, 49, 50, 51, 52, 53, 54, 55]
[00:00:00:09:972] Path of length 33 found: [0, 1, 2, 3, 11, 12, 13, 5, 6, 7, 15, 23, 22, 30, 38, 37, 36, 28, 27, 26, 18, 17, 16, 24, 32, 40, 48, 49, 50, 51, 52, 53, 54, 55]
[00:00:00:09:972] ! Unidirectional s-t. expansions: 3,221, time: 9,972 [ms], path length: 33 [edges], generated: 5,292
[00:00:00:00:069] Expansion 16: New longest path found with length 17: [55, 47, 39, 38, 30, 22, 23, 15, 7, 6, 5, 13, 12, 11, 3, 2, 1, 0]
[00:00:00:00:355] Expansion 193: New longest path found with length 31: [55, 47, 39, 38, 30, 22, 23, 15, 7, 6, 5, 13, 12, 11, 10, 18, 26, 27, 28, 36, 44, 43, 51, 50, 49, 41, 33, 32, 24, 16, 8, 0]
[00:00:00:07:548] Expansion 2,292: New longest path found with length 33: [55, 54, 53, 52, 51, 50, 49, 48, 40, 32, 24, 16, 17, 18, 26, 27, 28, 36, 37, 38, 39, 31, 23, 15, 7, 6, 5, 13, 12, 11, 3, 2, 1, 0]
[00:00:00:09:711] Path of length 33 found: [55, 54, 53, 52, 51, 50, 49, 48, 40, 32, 24, 16, 17, 18, 26, 27, 28, 36, 37, 38, 39, 31, 23, 15, 7, 6, 5, 13, 12, 11, 3, 2, 1, 0]
[00:00:00:09:711] ! Unidirectional t-s. expansions: 2,923, time: 9,711 [ms], path length: 33 [edges], generated: 5,106
[00:00:00:00:084] Expansion 16:New longest path found with length 29: [0, 8, 16, 24, 25, 33, 41, 49, 50, 51, 52, 44, 36, 28, 27, 19, 11, 12, 13, 5, 6, 7, 15, 23, 22, 30, 38, 39, 47, 55]
[00:00:00:00:092] Expansion 20:New longest path found with length 31: [0, 8, 16, 24, 25, 33, 41, 49, 50, 51, 52, 44, 36, 28, 27, 19, 18, 10, 2, 3, 4, 5, 6, 7, 15, 23, 22, 30, 38, 39, 47, 55]
[00:00:00:03:241] Expansion 613:New longest path found with length 33: [0, 1, 2, 3, 11, 12, 13, 5, 6, 7, 15, 23, 22, 30, 38, 37, 36, 28, 27, 26, 18, 17, 16, 24, 32, 40, 48, 49, 50, 51, 52, 53, 54, 55]
[00:00:00:03:266] Path of length 33 found: [0, 1, 2, 3, 11, 12, 13, 5, 6, 7, 15, 23, 22, 30, 38, 37, 36, 28, 27, 26, 18, 17, 16, 24, 32, 40, 48, 49, 50, 51, 52, 53, 54, 55]
[00:00:00:03:641] ! Bidirectional. expansions: 617, time: 3,266 [ms], path length: 33 [edges], g_F: 17, g_B: 16, generated: {'F': 1,044, 'B': 1,006}, MM: 1, MMPER: 1.9411764705882355%
[00:00:00:03:641] 
---------- SM_Grids/7x8_grid_with_random_blocks_8per_6 ----------
[00:00:00:00:104] Expansion 26: New longest path found with length 27: [0, 1, 9, 17, 16, 24, 32, 40, 48, 49, 50, 51, 43, 35, 27, 19, 20, 21, 22, 23, 31, 39, 38, 37, 45, 53, 54, 55]
[00:00:00:06:308] Expansion 1,888: New longest path found with length 29: [0, 1, 2, 10, 18, 17, 16, 24, 32, 40, 48, 49, 50, 42, 34, 35, 27, 28, 20, 21, 22, 23, 31, 39, 38, 37, 45, 53, 54, 55]
[00:00:00:12:975] Path of length 29 found: [0, 1, 2, 10, 18, 17, 16, 24, 32, 40, 48, 49, 50, 42, 34, 35, 27, 28, 20, 21, 22, 23, 31, 39, 38, 37, 45, 53, 54, 55]
[00:00:00:12:975] ! Unidirectional s-t. expansions: 3,729, time: 12,975 [ms], path length: 29 [edges], generated: 7,335
[00:00:00:00:694] Expansion 313: New longest path found with length 13: [55, 47, 39, 31, 23, 22, 21, 20, 12, 11, 10, 9, 1, 0]
[00:00:00:00:962] Expansion 420: New longest path found with length 15: [55, 47, 39, 31, 23, 22, 21, 20, 12, 11, 10, 18, 17, 16, 8, 0]
[00:00:00:01:275] Expansion 563: New longest path found with length 25: [55, 47, 39, 31, 23, 22, 21, 20, 12, 11, 10, 18, 26, 27, 35, 43, 51, 50, 49, 41, 33, 32, 24, 16, 8, 0]
[00:00:00:01:639] Expansion 685: New longest path found with length 27: [55, 47, 39, 31, 23, 22, 21, 29, 37, 36, 44, 43, 51, 50, 49, 48, 40, 32, 33, 34, 26, 27, 19, 11, 10, 9, 1, 0]
[00:00:00:04:720] Expansion 1,507: New longest path found with length 29: [55, 54, 53, 45, 37, 38, 39, 31, 23, 22, 21, 20, 12, 11, 10, 18, 26, 27, 35, 43, 51, 50, 49, 41, 33, 32, 24, 16, 8, 0]
[00:00:00:05:725] Path of length 29 found: [55, 54, 53, 45, 37, 38, 39, 31, 23, 22, 21, 20, 12, 11, 10, 18, 26, 27, 35, 43, 51, 50, 49, 41, 33, 32, 24, 16, 8, 0]
[00:00:00:05:725] ! Unidirectional t-s. expansions: 1,768, time: 5,725 [ms], path length: 29 [edges], generated: 3,081
[00:00:00:00:080] Expansion 12:New longest path found with length 23: [0, 8, 16, 24, 32, 40, 48, 49, 50, 42, 34, 26, 18, 10, 11, 12, 20, 28, 36, 44, 45, 53, 54, 55]
[00:00:00:00:209] Expansion 32:New longest path found with length 29: [0, 8, 16, 24, 32, 40, 48, 49, 50, 51, 43, 35, 27, 26, 18, 10, 11, 12, 20, 21, 22, 23, 31, 39, 38, 37, 45, 53, 54, 55]
[00:00:00:04:175] Path of length 29 found: [0, 8, 16, 24, 32, 40, 48, 49, 50, 51, 43, 35, 27, 26, 18, 10, 11, 12, 20, 21, 22, 23, 31, 39, 38, 37, 45, 53, 54, 55]
[00:00:00:04:547] ! Bidirectional. expansions: 541, time: 4,175 [ms], path length: 29 [edges], g_F: 15, g_B: 14, generated: {'F': 1,076, 'B': 1,130}, MM: 1, MMPER: 2.3333333333333335%
[00:00:00:04:547] 
---------- SM_Grids/7x8_grid_with_random_blocks_8per_7 ----------
[00:00:00:00:167] Expansion 59: New longest path found with length 17: [0, 1, 2, 10, 11, 19, 20, 28, 36, 35, 43, 51, 52, 53, 45, 46, 47, 55]
[00:00:00:00:243] Expansion 81: New longest path found with length 25: [0, 1, 2, 10, 11, 19, 20, 21, 13, 5, 6, 7, 15, 23, 31, 30, 38, 37, 36, 35, 43, 51, 52, 53, 54, 55]
[00:00:00:01:965] Expansion 596: New longest path found with length 29: [0, 1, 2, 10, 18, 17, 16, 24, 32, 40, 41, 42, 43, 35, 36, 28, 29, 21, 13, 5, 6, 7, 15, 23, 31, 39, 38, 46, 54, 55]
[00:00:00:02:215] Expansion 733: New longest path found with length 31: [0, 1, 2, 10, 18, 17, 16, 24, 32, 40, 41, 42, 43, 51, 52, 53, 45, 37, 36, 28, 20, 12, 4, 5, 6, 7, 15, 23, 31, 39, 47, 55]
[00:00:00:10:385] Path of length 31 found: [0, 1, 2, 10, 18, 17, 16, 24, 32, 40, 41, 42, 43, 51, 52, 53, 45, 37, 36, 28, 20, 12, 4, 5, 6, 7, 15, 23, 31, 39, 47, 55]
[00:00:00:10:386] ! Unidirectional s-t. expansions: 3,272, time: 10,386 [ms], path length: 31 [edges], generated: 5,610
[00:00:00:00:689] Expansion 363: New longest path found with length 15: [55, 47, 46, 45, 53, 52, 51, 43, 35, 34, 33, 25, 17, 9, 1, 0]
[00:00:00:00:900] Expansion 483: New longest path found with length 17: [55, 47, 46, 45, 53, 52, 51, 43, 35, 34, 33, 25, 17, 18, 10, 2, 1, 0]
[00:00:00:01:197] Expansion 648: New longest path found with length 19: [55, 47, 46, 45, 53, 52, 51, 43, 35, 34, 33, 25, 17, 18, 19, 11, 3, 2, 1, 0]
[00:00:00:01:308] Expansion 709: New longest path found with length 29: [55, 47, 46, 45, 53, 52, 51, 43, 35, 34, 33, 25, 17, 18, 19, 20, 28, 29, 30, 31, 23, 15, 7, 6, 5, 4, 3, 2, 1, 0]
[00:00:00:01:364] Expansion 732: New longest path found with length 31: [55, 47, 46, 45, 53, 52, 51, 43, 35, 34, 33, 32, 24, 16, 17, 18, 19, 20, 28, 29, 30, 31, 23, 15, 7, 6, 5, 4, 3, 2, 1, 0]
[00:00:00:12:845] Path of length 31 found: [55, 47, 46, 45, 53, 52, 51, 43, 35, 34, 33, 32, 24, 16, 17, 18, 19, 20, 28, 29, 30, 31, 23, 15, 7, 6, 5, 4, 3, 2, 1, 0]
[00:00:00:12:845] ! Unidirectional t-s. expansions: 4,051, time: 12,845 [ms], path length: 31 [edges], generated: 6,893
[00:00:00:00:071] Expansion 10:New longest path found with length 21: [0, 1, 2, 10, 18, 19, 20, 12, 4, 5, 6, 7, 15, 23, 31, 39, 38, 37, 45, 53, 54, 55]
[00:00:00:00:122] Expansion 20:New longest path found with length 25: [0, 1, 2, 10, 11, 19, 20, 21, 13, 5, 6, 7, 15, 23, 31, 30, 38, 37, 36, 35, 43, 51, 52, 53, 54, 55]
[00:00:00:00:224] Expansion 38:New longest path found with length 27: [0, 1, 2, 3, 4, 5, 6, 14, 22, 21, 20, 19, 18, 17, 16, 24, 32, 33, 41, 42, 43, 35, 36, 37, 45, 53, 54, 55]
[00:00:00:00:247] Expansion 45:New longest path found with length 29: [0, 1, 2, 3, 4, 5, 6, 7, 15, 23, 22, 21, 20, 19, 18, 17, 16, 24, 32, 40, 41, 42, 43, 35, 36, 37, 45, 53, 54, 55]
[00:00:00:00:383] Expansion 69:New longest path found with length 31: [0, 1, 2, 3, 4, 5, 13, 14, 22, 23, 31, 39, 38, 37, 29, 28, 20, 19, 18, 17, 16, 24, 32, 33, 34, 35, 43, 51, 52, 53, 54, 55]
[00:00:00:03:268] Path of length 31 found: [0, 1, 2, 3, 4, 5, 13, 14, 22, 23, 31, 39, 38, 37, 29, 28, 20, 19, 18, 17, 16, 24, 32, 33, 34, 35, 43, 51, 52, 53, 54, 55]
[00:00:00:03:639] ! Bidirectional. expansions: 538, time: 3,268 [ms], path length: 31 [edges], g_F: 16, g_B: 15, generated: {'F': 999, 'B': 1,009}, MM: 1, MMPER: 2.125%
[00:00:00:03:640] 
---------- SM_Grids/7x8_grid_with_random_blocks_8per_8 ----------
[00:00:00:00:107] Expansion 31: New longest path found with length 29: [0, 8, 16, 24, 32, 40, 41, 42, 34, 35, 27, 19, 18, 10, 2, 3, 4, 12, 13, 14, 15, 23, 31, 30, 29, 37, 45, 53, 54, 55]
[00:00:00:12:594] Path of length 29 found: [0, 8, 16, 24, 32, 40, 41, 42, 34, 35, 27, 19, 18, 10, 2, 3, 4, 12, 13, 14, 15, 23, 31, 30, 29, 37, 45, 53, 54, 55]
[00:00:00:12:595] ! Unidirectional s-t. expansions: 4,968, time: 12,595 [ms], path length: 29 [edges], generated: 8,173
[00:00:00:00:077] Expansion 18: New longest path found with length 19: [55, 54, 46, 45, 37, 29, 30, 22, 23, 15, 7, 6, 5, 13, 12, 11, 3, 2, 1, 0]
[00:00:00:00:245] Expansion 112: New longest path found with length 29: [55, 54, 46, 45, 37, 29, 30, 22, 23, 15, 7, 6, 5, 13, 12, 11, 10, 18, 26, 27, 35, 43, 42, 41, 33, 32, 24, 16, 8, 0]
[00:00:00:19:425] Path of length 29 found: [55, 54, 46, 45, 37, 29, 30, 22, 23, 15, 7, 6, 5, 13, 12, 11, 10, 18, 26, 27, 35, 43, 42, 41, 33, 32, 24, 16, 8, 0]
[00:00:00:19:425] ! Unidirectional t-s. expansions: 6,233, time: 19,425 [ms], path length: 29 [edges], generated: 11,899
[00:00:00:00:078] Expansion 16:New longest path found with length 13: [0, 8, 16, 24, 32, 40, 41, 42, 43, 44, 45, 46, 54, 55]
[00:00:00:00:131] Expansion 34:New longest path found with length 29: [0, 8, 16, 24, 32, 40, 41, 42, 43, 35, 27, 19, 18, 10, 2, 3, 4, 5, 6, 7, 15, 23, 22, 30, 29, 37, 45, 46, 54, 55]
[00:00:00:04:014] Path of length 29 found: [0, 8, 16, 24, 32, 40, 41, 42, 43, 35, 27, 19, 18, 10, 2, 3, 4, 5, 6, 7, 15, 23, 22, 30, 29, 37, 45, 46, 54, 55]
[00:00:00:04:392] ! Bidirectional. expansions: 795, time: 4,014 [ms], path length: 29 [edges], g_F: 15, g_B: 14, generated: {'F': 1,522, 'B': 1,219}, MM: 1, MMPER: 2.3333333333333335%
[00:00:00:04:392] 
---------- SM_Grids/7x8_grid_with_random_blocks_8per_9 ----------
[00:00:00:00:108] Expansion 30: New longest path found with length 31: [0, 8, 16, 24, 32, 40, 41, 49, 50, 51, 43, 35, 34, 26, 18, 10, 11, 3, 4, 5, 13, 14, 15, 23, 31, 30, 29, 37, 45, 46, 54, 55]
[00:00:00:13:155] Path of length 31 found: [0, 8, 16, 24, 32, 40, 41, 49, 50, 51, 43, 35, 34, 26, 18, 10, 11, 3, 4, 5, 13, 14, 15, 23, 31, 30, 29, 37, 45, 46, 54, 55]
[00:00:00:13:155] ! Unidirectional s-t. expansions: 3,811, time: 13,155 [ms], path length: 31 [edges], generated: 6,658
[00:00:00:00:331] Expansion 126: New longest path found with length 13: [55, 54, 46, 38, 37, 29, 28, 20, 12, 11, 10, 9, 1, 0]
[00:00:00:00:446] Expansion 175: New longest path found with length 15: [55, 54, 46, 38, 37, 29, 28, 20, 12, 11, 10, 18, 17, 16, 8, 0]
[00:00:00:00:589] Expansion 235: New longest path found with length 25: [55, 54, 46, 38, 37, 29, 28, 20, 12, 11, 10, 18, 26, 34, 35, 43, 51, 50, 49, 41, 40, 32, 24, 16, 8, 0]
[00:00:00:01:526] Expansion 484: New longest path found with length 31: [55, 54, 46, 38, 39, 31, 23, 15, 7, 6, 5, 4, 3, 11, 10, 18, 26, 27, 28, 36, 44, 52, 51, 50, 42, 41, 33, 32, 24, 16, 8, 0]
[00:00:00:17:104] Path of length 31 found: [55, 54, 46, 38, 39, 31, 23, 15, 7, 6, 5, 4, 3, 11, 10, 18, 26, 27, 28, 36, 44, 52, 51, 50, 42, 41, 33, 32, 24, 16, 8, 0]
[00:00:00:17:104] ! Unidirectional t-s. expansions: 5,448, time: 17,104 [ms], path length: 31 [edges], generated: 9,446
[00:00:00:00:084] Expansion 16:New longest path found with length 31: [0, 8, 16, 24, 32, 40, 41, 49, 50, 51, 52, 44, 36, 28, 27, 26, 18, 10, 11, 3, 4, 5, 6, 7, 15, 23, 31, 39, 38, 46, 54, 55]
[00:00:00:07:445] Path of length 31 found: [0, 8, 16, 24, 32, 40, 41, 49, 50, 51, 52, 44, 36, 28, 27, 26, 18, 10, 11, 3, 4, 5, 6, 7, 15, 23, 31, 39, 38, 46, 54, 55]
[00:00:00:07:801] ! Bidirectional. expansions: 1,625, time: 7,445 [ms], path length: 31 [edges], g_F: 16, g_B: 15, generated: {'F': 2,946, 'B': 2,676}, MM: 1, MMPER: 2.125%
[00:00:00:07:801] average expansions: (2,690, 2,936, 662, 0)
[00:00:00:07:801] average time: (8,627, 9,375, 3,598, 0)
[00:00:00:07:801] X-DFBnB: 2,690 , 8,627 (expansions , time[ms])
[00:00:00:07:801] BiX-DFBnB: 662 , 3,598 (expansions , time[ms])

