--------------------------
date: SM_Grids
number_of_graphs: 10
graph_type: grid
size_of_graphs: [7, 8]
heuristic: bcc_heuristic
snake: False
run_uni: True
run_bi: True
run_multi: False
solution_vertices: []
algorithms: ['DFBnB']
bsd: False
cube_first_dims: 4
cube_buffer_dim: None
backward_sym_generation: False
sym_coil: False
prefix_set: None

---------- SM_Grids/7x8_grid_with_random_blocks_8per_0 ----------
[00:00:00:00:040] Expansion 46: New longest path found with length 47: [0, 8, 16, 24, 32, 33, 25, 17, 9, 1, 2, 10, 18, 26, 34, 42, 50, 51, 52, 53, 45, 44, 36, 35, 27, 19, 11, 3, 4, 12, 20, 28, 29, 37, 38, 30, 22, 21, 13, 5, 6, 14, 15, 23, 31, 39, 47, 55]
[00:00:02:00:667] Valid states checked so far: 200,000, Expansions: 199,998, Global best: 48
[00:00:04:06:640] Valid states checked so far: 400,000, Expansions: 399,998, Global best: 48
[00:00:06:12:267] Valid states checked so far: 600,000, Expansions: 599,998, Global best: 48
[00:00:06:34:128] Path of length 47 found: [0, 8, 16, 24, 32, 33, 25, 17, 9, 1, 2, 10, 18, 26, 34, 42, 50, 51, 52, 53, 45, 44, 36, 35, 27, 19, 11, 3, 4, 12, 20, 28, 29, 37, 38, 30, 22, 21, 13, 5, 6, 14, 15, 23, 31, 39, 47, 55]
[00:00:06:34:129] ! Unidirectional s-t. expansions: 633,786, time: 394,129 [ms], path length: 47 [edges], generated: 1,027,931
[00:00:00:00:018] Expansion 12: New longest path found with length 13: [55, 47, 39, 31, 23, 15, 7, 6, 5, 4, 3, 2, 1, 0]
[00:00:00:00:044] Expansion 46: New longest path found with length 47: [55, 47, 39, 31, 23, 15, 7, 6, 5, 4, 3, 2, 1, 9, 17, 25, 26, 18, 10, 11, 19, 27, 35, 36, 28, 20, 12, 13, 14, 22, 21, 29, 30, 38, 37, 45, 44, 52, 51, 50, 42, 34, 33, 32, 24, 16, 8, 0]
[00:00:02:31:730] Valid states checked so far: 200,000, Expansions: 199,999, Global best: 48
[00:00:03:35:363] Path of length 47 found: [55, 47, 39, 31, 23, 15, 7, 6, 5, 4, 3, 2, 1, 9, 17, 25, 26, 18, 10, 11, 19, 27, 35, 36, 28, 20, 12, 13, 14, 22, 21, 29, 30, 38, 37, 45, 44, 52, 51, 50, 42, 34, 33, 32, 24, 16, 8, 0]
[00:00:03:35:364] ! Unidirectional t-s. expansions: 291,512, time: 215,363 [ms], path length: 47 [edges], generated: 515,779
[00:00:00:00:019] Expansion 10:New longest path found with length 21: [0, 8, 16, 24, 32, 33, 25, 17, 9, 1, 2, 3, 4, 5, 6, 7, 15, 23, 31, 39, 47, 55]
[00:00:00:00:020] Expansion 11:New longest path found with length 23: [0, 8, 16, 24, 32, 33, 25, 17, 9, 1, 2, 10, 11, 3, 4, 5, 6, 7, 15, 23, 31, 39, 47, 55]
[00:00:00:00:021] Expansion 12:New longest path found with length 25: [0, 8, 16, 24, 32, 33, 25, 17, 9, 1, 2, 10, 18, 19, 11, 3, 4, 5, 6, 7, 15, 23, 31, 39, 47, 55]
[00:00:00:00:022] Expansion 13:New longest path found with length 27: [0, 8, 16, 24, 32, 33, 25, 17, 9, 1, 2, 10, 18, 26, 27, 19, 11, 3, 4, 5, 6, 7, 15, 23, 31, 39, 47, 55]
[00:00:00:00:023] Expansion 14:New longest path found with length 29: [0, 8, 16, 24, 32, 33, 25, 17, 9, 1, 2, 10, 18, 26, 34, 35, 27, 19, 11, 3, 4, 5, 6, 7, 15, 23, 31, 39, 47, 55]
[00:00:00:00:028] Expansion 23:New longest path found with length 47: [0, 8, 16, 24, 32, 33, 25, 17, 9, 1, 2, 10, 18, 26, 34, 42, 50, 51, 52, 44, 45, 46, 38, 30, 29, 21, 22, 14, 13, 12, 20, 28, 36, 35, 27, 19, 11, 3, 4, 5, 6, 7, 15, 23, 31, 39, 47, 55]
[00:00:02:41:922] Valid meeting checks so far: 200,000, state_vs_state: 0, state_vs_prefix: 0, prefix_vs_prefix: 200,000
[00:00:03:40:238] Path of length 47 found: [0, 8, 16, 24, 32, 33, 25, 17, 9, 1, 2, 10, 18, 26, 34, 42, 50, 51, 52, 44, 45, 46, 38, 30, 29, 21, 22, 14, 13, 12, 20, 28, 36, 35, 27, 19, 11, 3, 4, 5, 6, 7, 15, 23, 31, 39, 47, 55]
[00:00:03:40:600] ! Bidirectional. expansions: 273,085, time: 220,238 [ms], path length: 47 [edges], g_F: 24, g_B: 23, generated: {'F': 502,350, 'B': 528,184}, MM: 1, MMPER: 1.0833333333333335%
[00:00:03:40:601] 
---------- SM_Grids/7x8_grid_with_random_blocks_8per_1 ----------
[00:00:00:00:043] Expansion 44: New longest path found with length 45: [0, 1, 9, 17, 16, 24, 32, 40, 48, 49, 41, 33, 25, 26, 34, 42, 43, 51, 52, 44, 36, 28, 27, 19, 11, 3, 4, 12, 20, 21, 13, 5, 6, 7, 15, 14, 22, 23, 31, 30, 29, 37, 45, 53, 54, 55]
[00:00:00:00:045] Expansion 48: New longest path found with length 49: [0, 1, 9, 17, 16, 24, 32, 40, 48, 49, 41, 33, 25, 26, 34, 42, 43, 51, 52, 44, 36, 28, 27, 19, 11, 3, 4, 12, 20, 21, 13, 5, 6, 7, 15, 14, 22, 23, 31, 30, 29, 37, 45, 53, 54, 46, 38, 39, 47, 55]
[00:00:00:10:797] Path of length 49 found: [0, 1, 9, 17, 16, 24, 32, 40, 48, 49, 41, 33, 25, 26, 34, 42, 43, 51, 52, 44, 36, 28, 27, 19, 11, 3, 4, 12, 20, 21, 13, 5, 6, 7, 15, 14, 22, 23, 31, 30, 29, 37, 45, 53, 54, 46, 38, 39, 47, 55]
[00:00:00:10:797] ! Unidirectional s-t. expansions: 14,470, time: 10,797 [ms], path length: 49 [edges], generated: 25,674
[00:00:00:00:044] Expansion 48: New longest path found with length 49: [55, 47, 39, 31, 23, 15, 7, 6, 5, 4, 3, 11, 19, 18, 26, 27, 28, 20, 12, 13, 14, 22, 21, 29, 30, 38, 37, 36, 44, 45, 46, 54, 53, 52, 51, 43, 42, 34, 33, 41, 49, 48, 40, 32, 24, 16, 17, 9, 1, 0]
[00:00:01:05:125] Path of length 49 found: [55, 47, 39, 31, 23, 15, 7, 6, 5, 4, 3, 11, 19, 18, 26, 27, 28, 20, 12, 13, 14, 22, 21, 29, 30, 38, 37, 36, 44, 45, 46, 54, 53, 52, 51, 43, 42, 34, 33, 41, 49, 48, 40, 32, 24, 16, 17, 9, 1, 0]
[00:00:01:05:126] ! Unidirectional t-s. expansions: 88,817, time: 65,125 [ms], path length: 49 [edges], generated: 148,665
[00:00:00:00:021] Expansion 13:New longest path found with length 27: [0, 1, 9, 17, 16, 24, 32, 40, 48, 49, 41, 33, 25, 26, 27, 19, 11, 3, 4, 5, 6, 7, 15, 23, 31, 39, 47, 55]
[00:00:00:00:027] Expansion 21:New longest path found with length 43: [0, 1, 9, 17, 16, 24, 32, 40, 48, 49, 41, 33, 25, 26, 34, 42, 43, 51, 52, 44, 36, 37, 29, 21, 22, 14, 13, 12, 20, 28, 27, 19, 11, 3, 4, 5, 6, 7, 15, 23, 31, 39, 47, 55]
[00:00:00:00:028] Expansion 24:New longest path found with length 49: [0, 1, 9, 17, 16, 24, 32, 40, 48, 49, 41, 33, 25, 26, 34, 42, 43, 51, 52, 44, 36, 37, 45, 53, 54, 46, 38, 30, 29, 21, 22, 14, 13, 12, 20, 28, 27, 19, 11, 3, 4, 5, 6, 7, 15, 23, 31, 39, 47, 55]
[00:00:00:20:645] Path of length 49 found: [0, 1, 9, 17, 16, 24, 32, 40, 48, 49, 41, 33, 25, 26, 34, 42, 43, 51, 52, 44, 36, 37, 45, 53, 54, 46, 38, 30, 29, 21, 22, 14, 13, 12, 20, 28, 27, 19, 11, 3, 4, 5, 6, 7, 15, 23, 31, 39, 47, 55]
[00:00:00:20:986] ! Bidirectional. expansions: 22,708, time: 20,645 [ms], path length: 49 [edges], g_F: 25, g_B: 24, generated: {'F': 42,643, 'B': 40,107}, MM: 1, MMPER: 1.0%
[00:00:00:20:986] 
---------- SM_Grids/7x8_grid_with_random_blocks_8per_2 ----------
[00:00:00:00:045] Expansion 44: New longest path found with length 45: [0, 8, 16, 24, 32, 40, 41, 49, 50, 42, 34, 33, 25, 17, 9, 1, 2, 3, 11, 10, 18, 26, 27, 19, 20, 12, 13, 21, 29, 28, 36, 35, 43, 51, 52, 44, 45, 37, 38, 30, 22, 23, 31, 39, 47, 55]
[00:00:00:00:046] Expansion 46: New longest path found with length 47: [0, 8, 16, 24, 32, 40, 41, 49, 50, 42, 34, 33, 25, 17, 9, 1, 2, 3, 11, 10, 18, 26, 27, 19, 20, 12, 13, 21, 29, 28, 36, 35, 43, 51, 52, 44, 45, 37, 38, 30, 22, 23, 31, 39, 47, 46, 54, 55]
[00:00:00:33:818] Path of length 47 found: [0, 8, 16, 24, 32, 40, 41, 49, 50, 42, 34, 33, 25, 17, 9, 1, 2, 3, 11, 10, 18, 26, 27, 19, 20, 12, 13, 21, 29, 28, 36, 35, 43, 51, 52, 44, 45, 37, 38, 30, 22, 23, 31, 39, 47, 46, 54, 55]
[00:00:00:33:818] ! Unidirectional s-t. expansions: 42,092, time: 33,818 [ms], path length: 47 [edges], generated: 75,910
[00:00:00:00:018] Expansion 12: New longest path found with length 13: [55, 47, 39, 31, 23, 22, 21, 13, 12, 11, 3, 2, 1, 0]
[00:00:00:00:043] Expansion 46: New longest path found with length 47: [55, 47, 39, 31, 23, 22, 21, 13, 12, 11, 3, 2, 1, 9, 10, 18, 17, 25, 33, 34, 26, 27, 19, 20, 28, 36, 35, 43, 44, 45, 37, 29, 30, 38, 46, 54, 53, 52, 51, 50, 42, 41, 40, 32, 24, 16, 8, 0]
[00:00:01:53:155] Path of length 47 found: [55, 47, 39, 31, 23, 22, 21, 13, 12, 11, 3, 2, 1, 9, 10, 18, 17, 25, 33, 34, 26, 27, 19, 20, 28, 36, 35, 43, 44, 45, 37, 29, 30, 38, 46, 54, 53, 52, 51, 50, 42, 41, 40, 32, 24, 16, 8, 0]
[00:00:01:53:155] ! Unidirectional t-s. expansions: 179,470, time: 113,155 [ms], path length: 47 [edges], generated: 301,677
[00:00:00:00:030] Expansion 19:New longest path found with length 39: [0, 8, 16, 24, 32, 40, 41, 49, 50, 42, 34, 33, 25, 26, 27, 35, 43, 51, 52, 44, 36, 28, 20, 19, 18, 17, 9, 1, 2, 3, 11, 12, 13, 21, 22, 23, 31, 39, 47, 55]
[00:00:00:00:031] Expansion 20:New longest path found with length 41: [0, 8, 16, 24, 32, 40, 41, 49, 50, 42, 34, 33, 25, 26, 27, 35, 43, 51, 52, 44, 45, 37, 36, 28, 20, 19, 18, 17, 9, 1, 2, 3, 11, 12, 13, 21, 22, 23, 31, 39, 47, 55]
[00:00:00:00:032] Expansion 23:New longest path found with length 47: [0, 8, 16, 24, 32, 40, 41, 49, 50, 42, 34, 33, 25, 26, 27, 35, 43, 51, 52, 44, 45, 53, 54, 46, 38, 30, 29, 37, 36, 28, 20, 19, 18, 17, 9, 1, 2, 3, 11, 12, 13, 21, 22, 23, 31, 39, 47, 55]
[00:00:01:02:954] Path of length 47 found: [0, 8, 16, 24, 32, 40, 41, 49, 50, 42, 34, 33, 25, 26, 27, 35, 43, 51, 52, 44, 45, 53, 54, 46, 38, 30, 29, 37, 36, 28, 20, 19, 18, 17, 9, 1, 2, 3, 11, 12, 13, 21, 22, 23, 31, 39, 47, 55]
[00:00:01:03:331] ! Bidirectional. expansions: 69,171, time: 62,954 [ms], path length: 47 [edges], g_F: 24, g_B: 23, generated: {'F': 133,482, 'B': 135,357}, MM: 1, MMPER: 1.0833333333333335%
[00:00:01:03:331] 
---------- SM_Grids/7x8_grid_with_random_blocks_8per_3 ----------
[00:00:00:00:044] Expansion 48: New longest path found with length 49: [0, 8, 16, 24, 32, 40, 48, 49, 41, 33, 34, 42, 50, 51, 43, 35, 27, 26, 18, 17, 9, 1, 2, 10, 11, 3, 4, 12, 20, 28, 36, 44, 45, 37, 29, 21, 13, 5, 6, 7, 15, 14, 22, 23, 31, 39, 38, 46, 47, 55]
[00:00:00:07:210] Path of length 49 found: [0, 8, 16, 24, 32, 40, 48, 49, 41, 33, 34, 42, 50, 51, 43, 35, 27, 26, 18, 17, 9, 1, 2, 10, 11, 3, 4, 12, 20, 28, 36, 44, 45, 37, 29, 21, 13, 5, 6, 7, 15, 14, 22, 23, 31, 39, 38, 46, 47, 55]
[00:00:00:07:210] ! Unidirectional s-t. expansions: 8,693, time: 7,210 [ms], path length: 49 [edges], generated: 14,935
[00:00:00:00:016] Expansion 12: New longest path found with length 13: [55, 47, 39, 31, 23, 15, 7, 6, 5, 4, 3, 2, 1, 0]
[00:00:00:00:043] Expansion 48: New longest path found with length 49: [55, 47, 39, 31, 23, 15, 7, 6, 5, 4, 3, 2, 1, 9, 17, 18, 10, 11, 19, 27, 26, 34, 35, 36, 28, 20, 12, 13, 14, 22, 21, 29, 37, 38, 46, 45, 44, 43, 51, 50, 42, 41, 49, 48, 40, 32, 24, 16, 8, 0]
[00:00:00:36:590] Path of length 49 found: [55, 47, 39, 31, 23, 15, 7, 6, 5, 4, 3, 2, 1, 9, 17, 18, 10, 11, 19, 27, 26, 34, 35, 36, 28, 20, 12, 13, 14, 22, 21, 29, 37, 38, 46, 45, 44, 43, 51, 50, 42, 41, 49, 48, 40, 32, 24, 16, 8, 0]
[00:00:00:36:590] ! Unidirectional t-s. expansions: 55,881, time: 36,590 [ms], path length: 49 [edges], generated: 92,363
[00:00:00:00:026] Expansion 17:New longest path found with length 35: [0, 8, 16, 24, 32, 40, 48, 49, 41, 33, 34, 42, 50, 51, 43, 35, 27, 19, 11, 10, 18, 17, 9, 1, 2, 3, 4, 5, 6, 7, 15, 23, 31, 39, 47, 55]
[00:00:00:00:026] Expansion 18:New longest path found with length 37: [0, 8, 16, 24, 32, 40, 48, 49, 41, 33, 34, 42, 50, 51, 43, 35, 27, 19, 20, 12, 11, 10, 18, 17, 9, 1, 2, 3, 4, 5, 6, 7, 15, 23, 31, 39, 47, 55]
[00:00:00:00:029] Expansion 24:New longest path found with length 49: [0, 8, 16, 24, 32, 40, 48, 49, 41, 33, 34, 42, 50, 51, 43, 35, 27, 19, 20, 28, 36, 44, 45, 46, 38, 37, 29, 21, 22, 14, 13, 12, 11, 10, 18, 17, 9, 1, 2, 3, 4, 5, 6, 7, 15, 23, 31, 39, 47, 55]
[00:00:00:18:038] Path of length 49 found: [0, 8, 16, 24, 32, 40, 48, 49, 41, 33, 34, 42, 50, 51, 43, 35, 27, 19, 20, 28, 36, 44, 45, 46, 38, 37, 29, 21, 22, 14, 13, 12, 11, 10, 18, 17, 9, 1, 2, 3, 4, 5, 6, 7, 15, 23, 31, 39, 47, 55]
[00:00:00:18:381] ! Bidirectional. expansions: 21,542, time: 18,038 [ms], path length: 49 [edges], g_F: 25, g_B: 24, generated: {'F': 39,314, 'B': 40,591}, MM: 1, MMPER: 1.0%
[00:00:00:18:381] 
---------- SM_Grids/7x8_grid_with_random_blocks_8per_4 ----------
[00:00:00:00:043] Expansion 46: New longest path found with length 47: [0, 8, 16, 24, 32, 40, 48, 49, 41, 33, 25, 17, 9, 1, 2, 10, 11, 19, 27, 26, 34, 42, 50, 51, 43, 35, 36, 28, 20, 21, 13, 5, 6, 7, 15, 14, 22, 23, 31, 30, 29, 37, 45, 44, 52, 53, 54, 55]
[00:00:00:00:044] Expansion 48: New longest path found with length 49: [0, 8, 16, 24, 32, 40, 48, 49, 41, 33, 25, 17, 9, 1, 2, 10, 11, 19, 27, 26, 34, 42, 50, 51, 43, 35, 36, 28, 20, 21, 13, 5, 6, 7, 15, 14, 22, 23, 31, 30, 29, 37, 45, 44, 52, 53, 54, 46, 47, 55]
[00:00:00:18:371] Path of length 49 found: [0, 8, 16, 24, 32, 40, 48, 49, 41, 33, 25, 17, 9, 1, 2, 10, 11, 19, 27, 26, 34, 42, 50, 51, 43, 35, 36, 28, 20, 21, 13, 5, 6, 7, 15, 14, 22, 23, 31, 30, 29, 37, 45, 44, 52, 53, 54, 46, 47, 55]
[00:00:00:18:372] ! Unidirectional s-t. expansions: 26,420, time: 18,372 [ms], path length: 49 [edges], generated: 46,443
[00:00:00:00:026] Expansion 20: New longest path found with length 21: [55, 47, 39, 31, 23, 15, 7, 6, 5, 13, 14, 22, 30, 29, 21, 20, 19, 11, 10, 2, 1, 0]
[00:00:00:00:044] Expansion 48: New longest path found with length 49: [55, 47, 39, 31, 23, 15, 7, 6, 5, 13, 14, 22, 30, 29, 21, 20, 19, 11, 10, 2, 1, 9, 17, 25, 33, 41, 42, 34, 26, 27, 28, 36, 35, 43, 44, 45, 46, 54, 53, 52, 51, 50, 49, 48, 40, 32, 24, 16, 8, 0]
[00:00:00:05:258] Path of length 49 found: [55, 47, 39, 31, 23, 15, 7, 6, 5, 13, 14, 22, 30, 29, 21, 20, 19, 11, 10, 2, 1, 9, 17, 25, 33, 41, 42, 34, 26, 27, 28, 36, 35, 43, 44, 45, 46, 54, 53, 52, 51, 50, 49, 48, 40, 32, 24, 16, 8, 0]
[00:00:00:05:259] ! Unidirectional t-s. expansions: 6,158, time: 5,259 [ms], path length: 49 [edges], generated: 10,416
[00:00:00:00:027] Expansion 25:New longest path found with length 49: [0, 8, 16, 24, 32, 40, 48, 49, 41, 33, 25, 17, 9, 1, 2, 10, 11, 19, 27, 26, 34, 35, 43, 42, 50, 51, 52, 53, 54, 46, 45, 37, 36, 28, 20, 21, 29, 30, 22, 14, 13, 5, 6, 7, 15, 23, 31, 39, 47, 55]
[00:00:00:08:301] Path of length 49 found: [0, 8, 16, 24, 32, 40, 48, 49, 41, 33, 25, 17, 9, 1, 2, 10, 11, 19, 27, 26, 34, 35, 43, 42, 50, 51, 52, 53, 54, 46, 45, 37, 36, 28, 20, 21, 29, 30, 22, 14, 13, 5, 6, 7, 15, 23, 31, 39, 47, 55]
[00:00:00:08:634] ! Bidirectional. expansions: 8,938, time: 8,302 [ms], path length: 49 [edges], g_F: 25, g_B: 24, generated: {'F': 16,363, 'B': 16,119}, MM: 1, MMPER: 1.0%
[00:00:00:08:634] 
---------- SM_Grids/7x8_grid_with_random_blocks_8per_5 ----------
[00:00:00:00:069] Expansion 46: New longest path found with length 47: [0, 8, 16, 24, 32, 40, 48, 49, 41, 33, 34, 26, 25, 17, 9, 1, 2, 10, 18, 19, 27, 28, 36, 44, 43, 51, 52, 53, 45, 37, 38, 30, 22, 21, 13, 12, 11, 3, 4, 5, 6, 14, 15, 23, 31, 39, 47, 55]
[00:00:00:00:070] Expansion 48: New longest path found with length 49: [0, 8, 16, 24, 32, 40, 48, 49, 41, 33, 34, 26, 25, 17, 9, 1, 2, 10, 18, 19, 27, 28, 36, 44, 43, 51, 52, 53, 45, 37, 38, 30, 22, 21, 13, 12, 11, 3, 4, 5, 6, 14, 15, 23, 31, 39, 47, 46, 54, 55]
[00:00:00:09:658] Path of length 49 found: [0, 8, 16, 24, 32, 40, 48, 49, 41, 33, 34, 26, 25, 17, 9, 1, 2, 10, 18, 19, 27, 28, 36, 44, 43, 51, 52, 53, 45, 37, 38, 30, 22, 21, 13, 12, 11, 3, 4, 5, 6, 14, 15, 23, 31, 39, 47, 46, 54, 55]
[00:00:00:09:658] ! Unidirectional s-t. expansions: 11,419, time: 9,658 [ms], path length: 49 [edges], generated: 19,361
[00:00:00:00:017] Expansion 12: New longest path found with length 13: [55, 47, 39, 31, 23, 15, 7, 6, 5, 4, 3, 2, 1, 0]
[00:00:00:00:040] Expansion 44: New longest path found with length 45: [55, 47, 39, 31, 23, 15, 7, 6, 5, 4, 3, 2, 1, 9, 17, 25, 33, 34, 26, 18, 10, 11, 12, 13, 21, 22, 30, 38, 37, 36, 44, 45, 46, 54, 53, 52, 51, 50, 49, 41, 40, 32, 24, 16, 8, 0]
[00:00:00:00:145] Expansion 225: New longest path found with length 47: [55, 47, 39, 31, 23, 15, 7, 6, 5, 4, 3, 2, 1, 9, 17, 25, 33, 34, 26, 27, 19, 18, 10, 11, 12, 13, 21, 22, 30, 38, 37, 36, 44, 45, 46, 54, 53, 52, 51, 50, 49, 41, 40, 32, 24, 16, 8, 0]
[00:00:00:00:488] Expansion 716: New longest path found with length 49: [55, 47, 39, 31, 23, 15, 7, 6, 5, 4, 3, 2, 1, 9, 10, 18, 19, 11, 12, 13, 21, 22, 30, 38, 37, 45, 46, 54, 53, 52, 51, 43, 44, 36, 28, 27, 26, 34, 33, 41, 49, 48, 40, 32, 24, 25, 17, 16, 8, 0]
[00:00:00:07:286] Path of length 49 found: [55, 47, 39, 31, 23, 15, 7, 6, 5, 4, 3, 2, 1, 9, 10, 18, 19, 11, 12, 13, 21, 22, 30, 38, 37, 45, 46, 54, 53, 52, 51, 43, 44, 36, 28, 27, 26, 34, 33, 41, 49, 48, 40, 32, 24, 25, 17, 16, 8, 0]
[00:00:00:07:286] ! Unidirectional t-s. expansions: 9,257, time: 7,286 [ms], path length: 49 [edges], generated: 15,546
[00:00:00:00:022] Expansion 13:New longest path found with length 27: [0, 8, 16, 24, 32, 40, 48, 49, 41, 33, 34, 26, 25, 17, 9, 1, 2, 3, 4, 5, 6, 7, 15, 23, 31, 39, 47, 55]
[00:00:00:00:022] Expansion 14:New longest path found with length 29: [0, 8, 16, 24, 32, 40, 48, 49, 41, 33, 34, 26, 25, 17, 18, 10, 9, 1, 2, 3, 4, 5, 6, 7, 15, 23, 31, 39, 47, 55]
[00:00:00:00:023] Expansion 15:New longest path found with length 31: [0, 8, 16, 24, 32, 40, 48, 49, 41, 33, 34, 26, 25, 17, 18, 19, 11, 10, 9, 1, 2, 3, 4, 5, 6, 7, 15, 23, 31, 39, 47, 55]
[00:00:00:00:028] Expansion 23:New longest path found with length 47: [0, 8, 16, 24, 32, 40, 48, 49, 41, 33, 34, 26, 25, 17, 18, 19, 27, 28, 36, 44, 43, 51, 52, 53, 45, 37, 38, 30, 22, 21, 13, 12, 11, 10, 9, 1, 2, 3, 4, 5, 6, 7, 15, 23, 31, 39, 47, 55]
[00:00:00:00:028] Expansion 24:New longest path found with length 49: [0, 8, 16, 24, 32, 40, 48, 49, 41, 33, 34, 26, 25, 17, 18, 19, 27, 28, 36, 44, 43, 51, 52, 53, 54, 46, 45, 37, 38, 30, 22, 21, 13, 12, 11, 10, 9, 1, 2, 3, 4, 5, 6, 7, 15, 23, 31, 39, 47, 55]
[00:00:00:19:689] Path of length 49 found: [0, 8, 16, 24, 32, 40, 48, 49, 41, 33, 34, 26, 25, 17, 18, 19, 27, 28, 36, 44, 43, 51, 52, 53, 54, 46, 45, 37, 38, 30, 22, 21, 13, 12, 11, 10, 9, 1, 2, 3, 4, 5, 6, 7, 15, 23, 31, 39, 47, 55]
[00:00:00:20:028] ! Bidirectional. expansions: 15,971, time: 19,689 [ms], path length: 49 [edges], g_F: 25, g_B: 24, generated: {'F': 29,478, 'B': 29,764}, MM: 1, MMPER: 1.0%
[00:00:00:20:028] 
---------- SM_Grids/7x8_grid_with_random_blocks_8per_6 ----------
[00:00:00:00:038] Expansion 34: New longest path found with length 35: [0, 8, 16, 24, 32, 40, 48, 49, 41, 33, 25, 17, 9, 1, 2, 10, 18, 26, 34, 42, 50, 51, 43, 35, 27, 19, 11, 12, 20, 28, 36, 44, 45, 53, 54, 55]
[00:00:00:00:045] Expansion 48: New longest path found with length 49: [0, 8, 16, 24, 32, 40, 48, 49, 41, 33, 25, 17, 9, 1, 2, 10, 18, 26, 34, 42, 50, 51, 43, 35, 27, 19, 11, 12, 20, 28, 36, 44, 45, 53, 54, 46, 38, 37, 29, 21, 22, 14, 6, 7, 15, 23, 31, 39, 47, 55]
[00:00:00:22:712] Path of length 49 found: [0, 8, 16, 24, 32, 40, 48, 49, 41, 33, 25, 17, 9, 1, 2, 10, 18, 26, 34, 42, 50, 51, 43, 35, 27, 19, 11, 12, 20, 28, 36, 44, 45, 53, 54, 46, 38, 37, 29, 21, 22, 14, 6, 7, 15, 23, 31, 39, 47, 55]
[00:00:00:22:713] ! Unidirectional s-t. expansions: 30,827, time: 22,712 [ms], path length: 49 [edges], generated: 53,497
[00:00:00:00:022] Expansion 16: New longest path found with length 17: [55, 47, 39, 31, 23, 15, 7, 6, 14, 22, 21, 20, 12, 11, 10, 2, 1, 0]
[00:00:00:00:043] Expansion 48: New longest path found with length 49: [55, 47, 39, 31, 23, 15, 7, 6, 14, 22, 21, 20, 12, 11, 10, 2, 1, 9, 17, 25, 33, 41, 42, 34, 26, 18, 19, 27, 35, 36, 28, 29, 30, 38, 46, 54, 53, 45, 44, 43, 51, 50, 49, 48, 40, 32, 24, 16, 8, 0]
[00:00:00:10:562] Path of length 49 found: [55, 47, 39, 31, 23, 15, 7, 6, 14, 22, 21, 20, 12, 11, 10, 2, 1, 9, 17, 25, 33, 41, 42, 34, 26, 18, 19, 27, 35, 36, 28, 29, 30, 38, 46, 54, 53, 45, 44, 43, 51, 50, 49, 48, 40, 32, 24, 16, 8, 0]
[00:00:00:10:562] ! Unidirectional t-s. expansions: 13,155, time: 10,562 [ms], path length: 49 [edges], generated: 23,429
[00:00:00:00:030] Expansion 24:New longest path found with length 49: [0, 8, 16, 24, 32, 40, 48, 49, 41, 33, 25, 17, 9, 1, 2, 10, 18, 26, 34, 42, 50, 51, 43, 44, 45, 53, 54, 46, 38, 30, 29, 28, 36, 35, 27, 19, 11, 12, 20, 21, 22, 14, 6, 7, 15, 23, 31, 39, 47, 55]
[00:00:00:23:841] Path of length 49 found: [0, 8, 16, 24, 32, 40, 48, 49, 41, 33, 25, 17, 9, 1, 2, 10, 18, 26, 34, 42, 50, 51, 43, 44, 45, 53, 54, 46, 38, 30, 29, 28, 36, 35, 27, 19, 11, 12, 20, 21, 22, 14, 6, 7, 15, 23, 31, 39, 47, 55]
[00:00:00:24:180] ! Bidirectional. expansions: 27,907, time: 23,841 [ms], path length: 49 [edges], g_F: 25, g_B: 24, generated: {'F': 50,406, 'B': 50,951}, MM: 1, MMPER: 1.0%
[00:00:00:24:180] 
---------- SM_Grids/7x8_grid_with_random_blocks_8per_7 ----------
[00:00:00:00:043] Expansion 48: New longest path found with length 49: [0, 1, 9, 17, 16, 24, 32, 40, 48, 49, 41, 33, 25, 26, 18, 10, 2, 3, 11, 19, 20, 12, 4, 5, 13, 21, 29, 28, 36, 35, 34, 42, 43, 51, 52, 53, 45, 37, 38, 30, 22, 14, 6, 7, 15, 23, 31, 39, 47, 55]
[00:00:00:00:044] Expansion 50: New longest path found with length 51: [0, 1, 9, 17, 16, 24, 32, 40, 48, 49, 41, 33, 25, 26, 18, 10, 2, 3, 11, 19, 20, 12, 4, 5, 13, 21, 29, 28, 36, 35, 34, 42, 43, 51, 52, 53, 45, 37, 38, 30, 22, 14, 6, 7, 15, 23, 31, 39, 47, 46, 54, 55]
[00:00:00:00:045] Path of length 51 found: [0, 1, 9, 17, 16, 24, 32, 40, 48, 49, 41, 33, 25, 26, 18, 10, 2, 3, 11, 19, 20, 12, 4, 5, 13, 21, 29, 28, 36, 35, 34, 42, 43, 51, 52, 53, 45, 37, 38, 30, 22, 14, 6, 7, 15, 23, 31, 39, 47, 46, 54, 55]
[00:00:00:00:045] ! Unidirectional s-t. expansions: 51, time: 45 [ms], path length: 51 [edges], generated: 83
[00:00:00:00:042] Expansion 50: New longest path found with length 51: [55, 47, 39, 31, 23, 15, 7, 6, 5, 4, 3, 2, 10, 18, 26, 25, 33, 34, 35, 36, 28, 20, 19, 11, 12, 13, 14, 22, 21, 29, 30, 38, 37, 45, 46, 54, 53, 52, 51, 43, 42, 41, 49, 48, 40, 32, 24, 16, 17, 9, 1, 0]
[00:00:00:00:044] Path of length 51 found: [55, 47, 39, 31, 23, 15, 7, 6, 5, 4, 3, 2, 10, 18, 26, 25, 33, 34, 35, 36, 28, 20, 19, 11, 12, 13, 14, 22, 21, 29, 30, 38, 37, 45, 46, 54, 53, 52, 51, 43, 42, 41, 49, 48, 40, 32, 24, 16, 17, 9, 1, 0]
[00:00:00:00:044] ! Unidirectional t-s. expansions: 51, time: 44 [ms], path length: 51 [edges], generated: 83
[00:00:00:00:021] Expansion 13:New longest path found with length 27: [0, 1, 9, 17, 16, 24, 32, 40, 48, 49, 41, 33, 25, 26, 18, 10, 2, 3, 4, 5, 6, 7, 15, 23, 31, 39, 47, 55]
[00:00:00:00:028] Expansion 24:New longest path found with length 49: [0, 1, 9, 17, 16, 24, 32, 40, 48, 49, 41, 33, 25, 26, 34, 42, 43, 51, 52, 53, 54, 46, 38, 30, 22, 14, 13, 21, 29, 37, 36, 28, 20, 12, 11, 19, 18, 10, 2, 3, 4, 5, 6, 7, 15, 23, 31, 39, 47, 55]
[00:00:00:00:053] Expansion 71:New longest path found with length 51: [0, 1, 9, 17, 16, 24, 32, 40, 48, 49, 41, 33, 25, 26, 18, 19, 20, 28, 36, 35, 34, 42, 43, 51, 52, 53, 54, 46, 45, 37, 38, 30, 29, 21, 22, 14, 13, 12, 11, 10, 2, 3, 4, 5, 6, 7, 15, 23, 31, 39, 47, 55]
[00:00:00:00:054] Path of length 51 found: [0, 1, 9, 17, 16, 24, 32, 40, 48, 49, 41, 33, 25, 26, 18, 19, 20, 28, 36, 35, 34, 42, 43, 51, 52, 53, 54, 46, 45, 37, 38, 30, 29, 21, 22, 14, 13, 12, 11, 10, 2, 3, 4, 5, 6, 7, 15, 23, 31, 39, 47, 55]
[00:00:00:00:384] ! Bidirectional. expansions: 72, time: 54 [ms], path length: 51 [edges], g_F: 26, g_B: 25, generated: {'F': 130, 'B': 135}, MM: 1, MMPER: 0.9230769230769231%
[00:00:00:00:385] 
---------- SM_Grids/7x8_grid_with_random_blocks_8per_8 ----------
[00:00:00:00:076] Expansion 44: New longest path found with length 45: [0, 8, 16, 24, 32, 40, 48, 49, 41, 33, 25, 17, 9, 1, 2, 10, 18, 26, 34, 42, 43, 35, 27, 19, 20, 12, 11, 3, 4, 5, 13, 14, 6, 7, 15, 23, 22, 30, 29, 37, 45, 44, 52, 53, 54, 55]
[00:00:00:00:077] Expansion 48: New longest path found with length 49: [0, 8, 16, 24, 32, 40, 48, 49, 41, 33, 25, 17, 9, 1, 2, 10, 18, 26, 34, 42, 43, 35, 27, 19, 20, 12, 11, 3, 4, 5, 13, 14, 6, 7, 15, 23, 22, 30, 29, 37, 45, 44, 52, 53, 54, 46, 38, 39, 47, 55]
[00:00:00:00:111] Expansion 98: New longest path found with length 51: [0, 8, 16, 24, 32, 40, 48, 49, 41, 33, 25, 17, 9, 1, 2, 10, 18, 26, 27, 35, 34, 42, 43, 51, 52, 44, 45, 53, 54, 46, 38, 37, 29, 30, 22, 14, 13, 12, 20, 19, 11, 3, 4, 5, 6, 7, 15, 23, 31, 39, 47, 55]
[00:00:00:00:113] Path of length 51 found: [0, 8, 16, 24, 32, 40, 48, 49, 41, 33, 25, 17, 9, 1, 2, 10, 18, 26, 27, 35, 34, 42, 43, 51, 52, 44, 45, 53, 54, 46, 38, 37, 29, 30, 22, 14, 13, 12, 20, 19, 11, 3, 4, 5, 6, 7, 15, 23, 31, 39, 47, 55]
[00:00:00:00:113] ! Unidirectional s-t. expansions: 99, time: 113 [ms], path length: 51 [edges], generated: 160
[00:00:00:00:016] Expansion 12: New longest path found with length 13: [55, 47, 39, 31, 23, 15, 7, 6, 5, 4, 3, 2, 1, 0]
[00:00:00:00:042] Expansion 48: New longest path found with length 49: [55, 47, 39, 31, 23, 15, 7, 6, 5, 4, 3, 2, 1, 9, 17, 25, 33, 34, 26, 18, 10, 11, 19, 20, 12, 13, 14, 22, 30, 29, 37, 38, 46, 54, 53, 45, 44, 52, 51, 43, 42, 41, 49, 48, 40, 32, 24, 16, 8, 0]
[00:00:00:00:064] Expansion 85: New longest path found with length 51: [55, 47, 39, 31, 23, 15, 7, 6, 5, 4, 3, 2, 1, 9, 17, 25, 33, 34, 35, 27, 26, 18, 10, 11, 19, 20, 12, 13, 14, 22, 30, 29, 37, 38, 46, 54, 53, 45, 44, 52, 51, 43, 42, 41, 49, 48, 40, 32, 24, 16, 8, 0]
[00:00:00:00:066] Path of length 51 found: [55, 47, 39, 31, 23, 15, 7, 6, 5, 4, 3, 2, 1, 9, 17, 25, 33, 34, 35, 27, 26, 18, 10, 11, 19, 20, 12, 13, 14, 22, 30, 29, 37, 38, 46, 54, 53, 45, 44, 52, 51, 43, 42, 41, 49, 48, 40, 32, 24, 16, 8, 0]
[00:00:00:00:066] ! Unidirectional t-s. expansions: 86, time: 66 [ms], path length: 51 [edges], generated: 135
[00:00:00:00:028] Expansion 24:New longest path found with length 49: [0, 8, 16, 24, 32, 40, 48, 49, 41, 33, 25, 17, 18, 26, 34, 42, 43, 51, 52, 44, 45, 53, 54, 46, 38, 37, 29, 30, 22, 14, 13, 12, 20, 19, 11, 10, 9, 1, 2, 3, 4, 5, 6, 7, 15, 23, 31, 39, 47, 55]
[00:00:00:00:036] Expansion 38:New longest path found with length 51: [0, 8, 16, 24, 32, 40, 48, 49, 41, 33, 25, 17, 18, 26, 27, 35, 34, 42, 43, 51, 52, 44, 45, 53, 54, 46, 38, 37, 29, 30, 22, 14, 13, 12, 20, 19, 11, 10, 9, 1, 2, 3, 4, 5, 6, 7, 15, 23, 31, 39, 47, 55]
[00:00:00:00:037] Path of length 51 found: [0, 8, 16, 24, 32, 40, 48, 49, 41, 33, 25, 17, 18, 26, 27, 35, 34, 42, 43, 51, 52, 44, 45, 53, 54, 46, 38, 37, 29, 30, 22, 14, 13, 12, 20, 19, 11, 10, 9, 1, 2, 3, 4, 5, 6, 7, 15, 23, 31, 39, 47, 55]
[00:00:00:00:375] ! Bidirectional. expansions: 39, time: 38 [ms], path length: 51 [edges], g_F: 26, g_B: 25, generated: {'F': 73, 'B': 67}, MM: 1, MMPER: 0.9230769230769231%
[00:00:00:00:375] 
---------- SM_Grids/7x8_grid_with_random_blocks_8per_9 ----------
[00:00:00:00:045] Expansion 48: New longest path found with length 49: [0, 1, 9, 8, 16, 24, 32, 40, 41, 49, 50, 42, 34, 33, 25, 17, 18, 10, 11, 3, 4, 12, 20, 19, 27, 35, 43, 51, 52, 44, 36, 28, 29, 37, 45, 46, 38, 30, 22, 14, 13, 5, 6, 7, 15, 23, 31, 39, 47, 55]
[00:00:01:16:791] Path of length 49 found: [0, 1, 9, 8, 16, 24, 32, 40, 41, 49, 50, 42, 34, 33, 25, 17, 18, 10, 11, 3, 4, 12, 20, 19, 27, 35, 43, 51, 52, 44, 36, 28, 29, 37, 45, 46, 38, 30, 22, 14, 13, 5, 6, 7, 15, 23, 31, 39, 47, 55]
[00:00:01:16:791] ! Unidirectional s-t. expansions: 123,315, time: 76,791 [ms], path length: 49 [edges], generated: 196,959
[00:00:00:00:044] Expansion 48: New longest path found with length 49: [55, 54, 46, 47, 39, 31, 23, 15, 7, 6, 5, 4, 3, 11, 10, 9, 17, 25, 33, 34, 26, 18, 19, 27, 35, 36, 28, 20, 12, 13, 14, 22, 30, 29, 37, 45, 44, 52, 51, 43, 42, 50, 49, 41, 40, 32, 24, 16, 8, 0]
[00:00:01:09:850] Path of length 49 found: [55, 54, 46, 47, 39, 31, 23, 15, 7, 6, 5, 4, 3, 11, 10, 9, 17, 25, 33, 34, 26, 18, 19, 27, 35, 36, 28, 20, 12, 13, 14, 22, 30, 29, 37, 45, 44, 52, 51, 43, 42, 50, 49, 41, 40, 32, 24, 16, 8, 0]
[00:00:01:09:850] ! Unidirectional t-s. expansions: 111,673, time: 69,850 [ms], path length: 49 [edges], generated: 177,606
[00:00:00:00:025] Expansion 15:New longest path found with length 31: [0, 1, 9, 8, 16, 24, 32, 40, 41, 49, 50, 42, 34, 33, 25, 26, 18, 10, 11, 3, 4, 5, 6, 7, 15, 23, 31, 39, 47, 46, 54, 55]
[00:00:00:00:026] Expansion 16:New longest path found with length 33: [0, 1, 9, 8, 16, 24, 32, 40, 41, 49, 50, 42, 34, 33, 25, 26, 27, 19, 18, 10, 11, 3, 4, 5, 6, 7, 15, 23, 31, 39, 47, 46, 54, 55]
[00:00:00:00:029] Expansion 23:New longest path found with length 47: [0, 1, 9, 8, 16, 24, 32, 40, 41, 49, 50, 42, 34, 33, 25, 26, 27, 35, 43, 51, 52, 44, 45, 37, 29, 30, 22, 14, 13, 12, 20, 19, 18, 10, 11, 3, 4, 5, 6, 7, 15, 23, 31, 39, 47, 46, 54, 55]
[00:00:00:00:030] Expansion 24:New longest path found with length 49: [0, 1, 9, 8, 16, 24, 32, 40, 41, 49, 50, 42, 34, 33, 25, 26, 27, 35, 43, 51, 52, 44, 45, 37, 36, 28, 29, 30, 22, 14, 13, 12, 20, 19, 18, 10, 11, 3, 4, 5, 6, 7, 15, 23, 31, 39, 47, 46, 54, 55]
[00:00:00:16:631] Path of length 49 found: [0, 1, 9, 8, 16, 24, 32, 40, 41, 49, 50, 42, 34, 33, 25, 26, 27, 35, 43, 51, 52, 44, 45, 37, 36, 28, 29, 30, 22, 14, 13, 12, 20, 19, 18, 10, 11, 3, 4, 5, 6, 7, 15, 23, 31, 39, 47, 46, 54, 55]
[00:00:00:16:973] ! Bidirectional. expansions: 16,846, time: 16,631 [ms], path length: 49 [edges], g_F: 25, g_B: 24, generated: {'F': 31,987, 'B': 31,095}, MM: 1, MMPER: 1.0%
[00:00:00:16:973] average expansions: (89,117, 75,606, 45,628, 0)
[00:00:00:16:973] average time: (57,364, 52,330, 39,043, 0)
[00:00:00:16:973] X-DFBnB: 75,606 , 52,330 (expansions , time[ms])
[00:00:00:16:973] BiX-DFBnB: 45,628 , 39,043 (expansions , time[ms])

