--------------------------
date: SM_Grids
number_of_graphs: 10
graph_type: grid
size_of_graphs: [7, 8]
heuristic: bcc_heuristic
snake: False
run_uni: True
run_bi: True
run_multi: False
solution_vertices: []
algorithms: ['DFBnB']
bsd: False
cube_first_dims: 4
cube_buffer_dim: None
backward_sym_generation: False
sym_coil: False
prefix_set: None

---------- SM_Grids/7x8_grid_with_random_blocks_20per_0 ----------
[00:00:00:00:023] Expansion 28: New longest path found with length 29: [0, 1, 9, 8, 16, 17, 25, 26, 18, 19, 11, 3, 4, 12, 20, 21, 13, 5, 6, 7, 15, 14, 22, 30, 38, 37, 45, 46, 47, 55]
[00:00:00:00:058] Path of length 29 found: [0, 1, 9, 8, 16, 17, 25, 26, 18, 19, 11, 3, 4, 12, 20, 21, 13, 5, 6, 7, 15, 14, 22, 30, 38, 37, 45, 46, 47, 55]
[00:00:00:00:058] ! Unidirectional s-t. expansions: 67, time: 58 [ms], path length: 29 [edges], generated: 118
[00:00:00:00:020] Expansion 24: New longest path found with length 25: [55, 47, 46, 38, 30, 22, 23, 15, 7, 6, 14, 13, 5, 4, 3, 11, 12, 20, 19, 18, 26, 25, 17, 16, 8, 0]
[00:00:00:00:020] Expansion 26: New longest path found with length 27: [55, 47, 46, 38, 30, 22, 23, 15, 7, 6, 14, 13, 5, 4, 3, 11, 12, 20, 19, 18, 26, 25, 17, 16, 8, 9, 1, 0]
[00:00:00:00:039] Expansion 52: New longest path found with length 29: [55, 47, 46, 45, 37, 38, 30, 22, 23, 15, 7, 6, 14, 13, 5, 4, 3, 11, 12, 20, 19, 18, 26, 25, 17, 16, 8, 9, 1, 0]
[00:00:00:00:040] Path of length 29 found: [55, 47, 46, 45, 37, 38, 30, 22, 23, 15, 7, 6, 14, 13, 5, 4, 3, 11, 12, 20, 19, 18, 26, 25, 17, 16, 8, 9, 1, 0]
[00:00:00:00:040] ! Unidirectional t-s. expansions: 53, time: 40 [ms], path length: 29 [edges], generated: 85
[00:00:00:00:011] Expansion 13:New longest path found with length 27: [0, 1, 9, 8, 16, 17, 25, 26, 18, 19, 11, 3, 4, 12, 20, 21, 13, 14, 6, 7, 15, 23, 22, 30, 38, 46, 47, 55]
[00:00:00:00:020] Expansion 27:New longest path found with length 29: [0, 1, 9, 8, 16, 17, 25, 26, 18, 19, 11, 3, 4, 12, 20, 21, 13, 14, 6, 7, 15, 23, 22, 30, 38, 37, 45, 46, 47, 55]
[00:00:00:00:038] Path of length 29 found: [0, 1, 9, 8, 16, 17, 25, 26, 18, 19, 11, 3, 4, 12, 20, 21, 13, 14, 6, 7, 15, 23, 22, 30, 38, 37, 45, 46, 47, 55]
[00:00:00:00:464] ! Bidirectional. expansions: 39, time: 38 [ms], path length: 29 [edges], g_F: 15, g_B: 14, generated: {'F': 74, 'B': 69}, MM: 1, MMPER: 2.3333333333333335%
[00:00:00:00:465] 
---------- SM_Grids/7x8_grid_with_random_blocks_20per_1 ----------
[00:00:00:00:032] Expansion 38: New longest path found with length 39: [0, 8, 16, 24, 32, 40, 41, 42, 34, 26, 18, 17, 9, 10, 2, 3, 11, 12, 4, 5, 13, 14, 22, 21, 20, 28, 27, 35, 43, 44, 36, 37, 29, 30, 31, 39, 38, 46, 54, 55]
[00:00:00:00:283] Path of length 39 found: [0, 8, 16, 24, 32, 40, 41, 42, 34, 26, 18, 17, 9, 10, 2, 3, 11, 12, 4, 5, 13, 14, 22, 21, 20, 28, 27, 35, 43, 44, 36, 37, 29, 30, 31, 39, 38, 46, 54, 55]
[00:00:00:00:284] ! Unidirectional s-t. expansions: 329, time: 284 [ms], path length: 39 [edges], generated: 578
[00:00:00:00:032] Expansion 38: New longest path found with length 39: [55, 54, 46, 38, 39, 31, 30, 22, 14, 13, 5, 4, 3, 2, 10, 11, 12, 20, 21, 29, 28, 27, 26, 34, 35, 36, 37, 45, 44, 43, 42, 41, 40, 32, 24, 16, 17, 9, 8, 0]
[00:00:00:00:470] Path of length 39 found: [55, 54, 46, 38, 39, 31, 30, 22, 14, 13, 5, 4, 3, 2, 10, 11, 12, 20, 21, 29, 28, 27, 26, 34, 35, 36, 37, 45, 44, 43, 42, 41, 40, 32, 24, 16, 17, 9, 8, 0]
[00:00:00:00:470] ! Unidirectional t-s. expansions: 515, time: 470 [ms], path length: 39 [edges], generated: 897
[00:00:00:00:020] Expansion 21:New longest path found with length 37: [0, 8, 16, 24, 32, 40, 41, 42, 34, 26, 18, 17, 9, 10, 2, 3, 11, 12, 20, 28, 27, 35, 43, 44, 45, 37, 29, 21, 13, 14, 22, 30, 31, 39, 38, 46, 54, 55]
[00:00:00:00:036] Expansion 45:New longest path found with length 39: [0, 8, 16, 24, 32, 40, 41, 42, 34, 35, 43, 44, 45, 37, 29, 21, 20, 28, 27, 26, 18, 17, 9, 10, 2, 3, 11, 12, 4, 5, 13, 14, 22, 30, 31, 39, 38, 46, 54, 55]
[00:00:00:00:371] Path of length 39 found: [0, 8, 16, 24, 32, 40, 41, 42, 34, 35, 43, 44, 45, 37, 29, 21, 20, 28, 27, 26, 18, 17, 9, 10, 2, 3, 11, 12, 4, 5, 13, 14, 22, 30, 31, 39, 38, 46, 54, 55]
[00:00:00:00:745] ! Bidirectional. expansions: 387, time: 371 [ms], path length: 39 [edges], g_F: 20, g_B: 19, generated: {'F': 760, 'B': 742}, MM: 1, MMPER: 1.5%
[00:00:00:00:745] 
---------- SM_Grids/7x8_grid_with_random_blocks_20per_2 ----------
[00:00:00:00:029] Expansion 30: New longest path found with length 31: [0, 1, 9, 17, 16, 24, 32, 40, 48, 49, 41, 33, 25, 26, 18, 10, 2, 3, 11, 19, 27, 28, 36, 35, 34, 42, 43, 44, 45, 53, 54, 55]
[00:00:00:00:030] Path of length 31 found: [0, 1, 9, 17, 16, 24, 32, 40, 48, 49, 41, 33, 25, 26, 18, 10, 2, 3, 11, 19, 27, 28, 36, 35, 34, 42, 43, 44, 45, 53, 54, 55]
[00:00:00:00:030] ! Unidirectional s-t. expansions: 31, time: 30 [ms], path length: 31 [edges], generated: 47
[00:00:00:00:023] Expansion 30: New longest path found with length 31: [55, 54, 53, 45, 44, 36, 28, 27, 19, 11, 3, 2, 10, 18, 26, 25, 33, 34, 35, 43, 42, 41, 49, 48, 40, 32, 24, 16, 17, 9, 1, 0]
[00:00:00:00:024] Path of length 31 found: [55, 54, 53, 45, 44, 36, 28, 27, 19, 11, 3, 2, 10, 18, 26, 25, 33, 34, 35, 43, 42, 41, 49, 48, 40, 32, 24, 16, 17, 9, 1, 0]
[00:00:00:00:024] ! Unidirectional t-s. expansions: 31, time: 24 [ms], path length: 31 [edges], generated: 48
[00:00:00:00:014] Expansion 14:New longest path found with length 29: [0, 1, 9, 17, 16, 24, 32, 40, 48, 49, 41, 42, 43, 35, 34, 26, 18, 10, 2, 3, 11, 19, 27, 28, 36, 44, 45, 53, 54, 55]
[00:00:00:00:014] Expansion 15:New longest path found with length 31: [0, 1, 9, 17, 16, 24, 32, 40, 48, 49, 41, 42, 43, 35, 34, 33, 25, 26, 18, 10, 2, 3, 11, 19, 27, 28, 36, 44, 45, 53, 54, 55]
[00:00:00:00:015] Path of length 31 found: [0, 1, 9, 17, 16, 24, 32, 40, 48, 49, 41, 42, 43, 35, 34, 33, 25, 26, 18, 10, 2, 3, 11, 19, 27, 28, 36, 44, 45, 53, 54, 55]
[00:00:00:00:397] ! Bidirectional. expansions: 16, time: 15 [ms], path length: 31 [edges], g_F: 16, g_B: 15, generated: {'F': 29, 'B': 29}, MM: 1, MMPER: 2.125%
[00:00:00:00:397] 
---------- SM_Grids/7x8_grid_with_random_blocks_20per_3 ----------
[00:00:00:00:028] Expansion 34: New longest path found with length 35: [0, 1, 9, 8, 16, 24, 32, 33, 25, 17, 18, 10, 11, 19, 20, 12, 4, 5, 13, 21, 29, 37, 45, 46, 38, 30, 22, 14, 6, 7, 15, 23, 31, 39, 47, 55]
[00:00:00:00:029] Path of length 35 found: [0, 1, 9, 8, 16, 24, 32, 33, 25, 17, 18, 10, 11, 19, 20, 12, 4, 5, 13, 21, 29, 37, 45, 46, 38, 30, 22, 14, 6, 7, 15, 23, 31, 39, 47, 55]
[00:00:00:00:029] ! Unidirectional s-t. expansions: 35, time: 29 [ms], path length: 35 [edges], generated: 58
[00:00:00:00:029] Expansion 34: New longest path found with length 35: [55, 47, 39, 31, 23, 15, 7, 6, 5, 4, 12, 13, 14, 22, 30, 38, 46, 45, 37, 29, 21, 20, 19, 11, 10, 9, 17, 18, 26, 25, 33, 32, 24, 16, 8, 0]
[00:00:00:00:480] Path of length 35 found: [55, 47, 39, 31, 23, 15, 7, 6, 5, 4, 12, 13, 14, 22, 30, 38, 46, 45, 37, 29, 21, 20, 19, 11, 10, 9, 17, 18, 26, 25, 33, 32, 24, 16, 8, 0]
[00:00:00:00:480] ! Unidirectional t-s. expansions: 597, time: 480 [ms], path length: 35 [edges], generated: 989
[00:00:00:00:019] Expansion 17:New longest path found with length 35: [0, 1, 9, 8, 16, 24, 32, 33, 25, 17, 18, 10, 11, 19, 20, 21, 29, 37, 45, 46, 38, 30, 22, 14, 13, 12, 4, 5, 6, 7, 15, 23, 31, 39, 47, 55]
[00:00:00:00:066] Path of length 35 found: [0, 1, 9, 8, 16, 24, 32, 33, 25, 17, 18, 10, 11, 19, 20, 21, 29, 37, 45, 46, 38, 30, 22, 14, 13, 12, 4, 5, 6, 7, 15, 23, 31, 39, 47, 55]
[00:00:00:00:442] ! Bidirectional. expansions: 52, time: 66 [ms], path length: 35 [edges], g_F: 18, g_B: 17, generated: {'F': 95, 'B': 100}, MM: 1, MMPER: 1.7777777777777777%
[00:00:00:00:443] 
---------- SM_Grids/7x8_grid_with_random_blocks_20per_4 ----------
[00:00:00:00:027] Expansion 34: New longest path found with length 35: [0, 8, 16, 17, 25, 26, 34, 35, 27, 19, 18, 10, 9, 1, 2, 3, 4, 12, 20, 28, 29, 37, 38, 30, 22, 21, 13, 5, 6, 14, 15, 23, 31, 39, 47, 55]
[00:00:00:00:227] Path of length 35 found: [0, 8, 16, 17, 25, 26, 34, 35, 27, 19, 18, 10, 9, 1, 2, 3, 4, 12, 20, 28, 29, 37, 38, 30, 22, 21, 13, 5, 6, 14, 15, 23, 31, 39, 47, 55]
[00:00:00:00:227] ! Unidirectional s-t. expansions: 329, time: 227 [ms], path length: 35 [edges], generated: 541
[00:00:00:00:021] Expansion 20: New longest path found with length 21: [55, 47, 46, 38, 37, 29, 21, 22, 30, 31, 23, 15, 14, 6, 5, 13, 12, 4, 3, 2, 1, 0]
[00:00:00:00:028] Expansion 34: New longest path found with length 35: [55, 47, 46, 38, 37, 29, 21, 22, 30, 31, 23, 15, 14, 6, 5, 13, 12, 4, 3, 2, 1, 9, 10, 18, 19, 20, 28, 27, 35, 34, 26, 25, 17, 16, 8, 0]
[00:00:00:00:029] Path of length 35 found: [55, 47, 46, 38, 37, 29, 21, 22, 30, 31, 23, 15, 14, 6, 5, 13, 12, 4, 3, 2, 1, 9, 10, 18, 19, 20, 28, 27, 35, 34, 26, 25, 17, 16, 8, 0]
[00:00:00:00:029] ! Unidirectional t-s. expansions: 35, time: 29 [ms], path length: 35 [edges], generated: 57
[00:00:00:00:020] Expansion 17:New longest path found with length 35: [0, 8, 16, 17, 25, 26, 34, 35, 27, 28, 20, 19, 18, 10, 9, 1, 2, 3, 4, 12, 13, 5, 6, 14, 15, 23, 31, 30, 22, 21, 29, 37, 38, 46, 47, 55]
[00:00:00:00:029] Path of length 35 found: [0, 8, 16, 17, 25, 26, 34, 35, 27, 28, 20, 19, 18, 10, 9, 1, 2, 3, 4, 12, 13, 5, 6, 14, 15, 23, 31, 30, 22, 21, 29, 37, 38, 46, 47, 55]
[00:00:00:00:407] ! Bidirectional. expansions: 23, time: 29 [ms], path length: 35 [edges], g_F: 18, g_B: 17, generated: {'F': 39, 'B': 41}, MM: 1, MMPER: 1.7777777777777777%
[00:00:00:00:407] 
---------- SM_Grids/7x8_grid_with_random_blocks_20per_5 ----------
[00:00:00:00:024] Expansion 26: New longest path found with length 27: [0, 1, 9, 17, 25, 26, 18, 10, 2, 3, 11, 12, 20, 28, 27, 35, 34, 42, 41, 49, 50, 51, 43, 44, 45, 46, 47, 55]
[00:00:00:00:068] Expansion 121: New longest path found with length 29: [0, 1, 9, 17, 25, 26, 18, 10, 2, 3, 4, 5, 13, 12, 20, 28, 27, 35, 34, 42, 41, 49, 50, 51, 43, 44, 45, 46, 47, 55]
[00:00:00:00:091] Expansion 173: New longest path found with length 33: [0, 1, 9, 17, 25, 26, 18, 10, 2, 3, 4, 5, 6, 7, 15, 14, 13, 12, 20, 28, 27, 35, 34, 42, 41, 49, 50, 51, 43, 44, 45, 46, 47, 55]
[00:00:00:00:104] Expansion 199: New longest path found with length 35: [0, 1, 9, 17, 25, 26, 18, 10, 2, 3, 4, 5, 6, 7, 15, 23, 22, 14, 13, 12, 20, 28, 27, 35, 34, 42, 41, 49, 50, 51, 43, 44, 45, 46, 47, 55]
[00:00:00:00:117] Expansion 222: New longest path found with length 37: [0, 1, 9, 17, 25, 26, 18, 10, 2, 3, 4, 5, 6, 7, 15, 23, 31, 30, 22, 14, 13, 12, 20, 28, 27, 35, 34, 42, 41, 49, 50, 51, 43, 44, 45, 46, 47, 55]
[00:00:00:00:365] Path of length 37 found: [0, 1, 9, 17, 25, 26, 18, 10, 2, 3, 4, 5, 6, 7, 15, 23, 31, 30, 22, 14, 13, 12, 20, 28, 27, 35, 34, 42, 41, 49, 50, 51, 43, 44, 45, 46, 47, 55]
[00:00:00:00:366] ! Unidirectional s-t. expansions: 431, time: 366 [ms], path length: 37 [edges], generated: 724
[00:00:00:00:028] Expansion 36: New longest path found with length 37: [55, 47, 46, 45, 44, 52, 51, 50, 49, 41, 42, 43, 35, 34, 26, 27, 28, 20, 12, 13, 14, 22, 30, 31, 23, 15, 7, 6, 5, 4, 3, 11, 10, 18, 17, 9, 1, 0]
[00:00:00:00:130] Path of length 37 found: [55, 47, 46, 45, 44, 52, 51, 50, 49, 41, 42, 43, 35, 34, 26, 27, 28, 20, 12, 13, 14, 22, 30, 31, 23, 15, 7, 6, 5, 4, 3, 11, 10, 18, 17, 9, 1, 0]
[00:00:00:00:130] ! Unidirectional t-s. expansions: 171, time: 130 [ms], path length: 37 [edges], generated: 278
[00:00:00:00:018] Expansion 18:New longest path found with length 37: [0, 1, 9, 17, 25, 26, 18, 10, 2, 3, 4, 5, 6, 7, 15, 23, 31, 30, 22, 14, 13, 12, 20, 28, 27, 35, 34, 42, 41, 49, 50, 51, 52, 44, 45, 46, 47, 55]
[00:00:00:00:085] Path of length 37 found: [0, 1, 9, 17, 25, 26, 18, 10, 2, 3, 4, 5, 6, 7, 15, 23, 31, 30, 22, 14, 13, 12, 20, 28, 27, 35, 34, 42, 41, 49, 50, 51, 52, 44, 45, 46, 47, 55]
[00:00:00:00:455] ! Bidirectional. expansions: 73, time: 85 [ms], path length: 37 [edges], g_F: 19, g_B: 18, generated: {'F': 131, 'B': 128}, MM: 1, MMPER: 1.6315789473684212%
[00:00:00:00:456] 
---------- SM_Grids/7x8_grid_with_random_blocks_20per_6 ----------
[00:00:00:00:028] Expansion 30: New longest path found with length 31: [0, 8, 16, 17, 9, 1, 2, 10, 18, 26, 34, 42, 50, 51, 43, 35, 27, 28, 29, 21, 13, 5, 6, 7, 15, 14, 22, 30, 38, 39, 47, 55]
[00:00:00:00:031] Expansion 36: New longest path found with length 37: [0, 8, 16, 17, 9, 1, 2, 10, 18, 26, 34, 42, 50, 51, 43, 35, 27, 28, 29, 21, 13, 5, 6, 7, 15, 14, 22, 30, 38, 39, 47, 46, 45, 44, 52, 53, 54, 55]
[00:00:00:00:266] Path of length 37 found: [0, 8, 16, 17, 9, 1, 2, 10, 18, 26, 34, 42, 50, 51, 43, 35, 27, 28, 29, 21, 13, 5, 6, 7, 15, 14, 22, 30, 38, 39, 47, 46, 45, 44, 52, 53, 54, 55]
[00:00:00:00:266] ! Unidirectional s-t. expansions: 346, time: 266 [ms], path length: 37 [edges], generated: 552
[00:00:00:00:029] Expansion 32: New longest path found with length 33: [55, 47, 39, 38, 30, 22, 23, 15, 7, 6, 5, 13, 21, 29, 28, 27, 35, 43, 44, 45, 46, 54, 53, 52, 51, 50, 42, 34, 26, 25, 17, 16, 8, 0]
[00:00:00:00:031] Expansion 36: New longest path found with length 37: [55, 47, 39, 38, 30, 22, 23, 15, 7, 6, 5, 13, 21, 29, 28, 27, 35, 43, 44, 45, 46, 54, 53, 52, 51, 50, 42, 34, 26, 25, 17, 16, 8, 9, 10, 2, 1, 0]
[00:00:00:00:380] Path of length 37 found: [55, 47, 39, 38, 30, 22, 23, 15, 7, 6, 5, 13, 21, 29, 28, 27, 35, 43, 44, 45, 46, 54, 53, 52, 51, 50, 42, 34, 26, 25, 17, 16, 8, 9, 10, 2, 1, 0]
[00:00:00:00:380] ! Unidirectional t-s. expansions: 489, time: 380 [ms], path length: 37 [edges], generated: 753
[00:00:00:00:022] Expansion 18:New longest path found with length 37: [0, 8, 16, 17, 9, 1, 2, 10, 18, 26, 34, 42, 50, 51, 52, 53, 54, 46, 45, 44, 43, 35, 27, 28, 29, 21, 13, 5, 6, 7, 15, 23, 22, 30, 38, 39, 47, 55]
[00:00:00:00:305] Path of length 37 found: [0, 8, 16, 17, 9, 1, 2, 10, 18, 26, 34, 42, 50, 51, 52, 53, 54, 46, 45, 44, 43, 35, 27, 28, 29, 21, 13, 5, 6, 7, 15, 23, 22, 30, 38, 39, 47, 55]
[00:00:00:00:675] ! Bidirectional. expansions: 266, time: 305 [ms], path length: 37 [edges], g_F: 19, g_B: 18, generated: {'F': 473, 'B': 444}, MM: 1, MMPER: 1.6315789473684212%
[00:00:00:00:676] 
---------- SM_Grids/7x8_grid_with_random_blocks_20per_7 ----------
[00:00:00:00:029] Expansion 34: New longest path found with length 35: [0, 8, 16, 24, 32, 33, 25, 17, 9, 10, 18, 19, 11, 12, 13, 5, 6, 7, 15, 23, 22, 21, 29, 28, 36, 35, 34, 42, 50, 51, 52, 44, 45, 46, 54, 55]
[00:00:00:00:054] Expansion 86: New longest path found with length 37: [0, 8, 16, 24, 32, 33, 25, 17, 9, 10, 18, 19, 11, 12, 13, 5, 6, 7, 15, 23, 31, 30, 22, 21, 29, 28, 36, 35, 34, 42, 50, 51, 52, 44, 45, 46, 54, 55]
[00:00:00:00:081] Expansion 132: New longest path found with length 39: [0, 8, 16, 24, 32, 33, 25, 17, 9, 10, 11, 19, 18, 26, 34, 42, 50, 51, 52, 44, 45, 37, 36, 28, 29, 21, 13, 5, 6, 7, 15, 23, 22, 30, 31, 39, 47, 46, 54, 55]
[00:00:00:00:190] Path of length 39 found: [0, 8, 16, 24, 32, 33, 25, 17, 9, 10, 11, 19, 18, 26, 34, 42, 50, 51, 52, 44, 45, 37, 36, 28, 29, 21, 13, 5, 6, 7, 15, 23, 22, 30, 31, 39, 47, 46, 54, 55]
[00:00:00:00:190] ! Unidirectional s-t. expansions: 240, time: 190 [ms], path length: 39 [edges], generated: 398
[00:00:00:00:030] Expansion 38: New longest path found with length 39: [55, 54, 46, 47, 39, 31, 23, 15, 7, 6, 5, 13, 21, 22, 30, 29, 28, 36, 37, 45, 44, 52, 51, 50, 42, 34, 26, 18, 19, 11, 10, 9, 17, 25, 33, 32, 24, 16, 8, 0]
[00:00:00:00:046] Path of length 39 found: [55, 54, 46, 47, 39, 31, 23, 15, 7, 6, 5, 13, 21, 22, 30, 29, 28, 36, 37, 45, 44, 52, 51, 50, 42, 34, 26, 18, 19, 11, 10, 9, 17, 25, 33, 32, 24, 16, 8, 0]
[00:00:00:00:046] ! Unidirectional t-s. expansions: 53, time: 46 [ms], path length: 39 [edges], generated: 82
[00:00:00:00:017] Expansion 17:New longest path found with length 35: [0, 8, 16, 24, 32, 33, 25, 17, 9, 10, 18, 26, 34, 42, 50, 51, 52, 44, 36, 28, 29, 30, 22, 21, 13, 5, 6, 7, 15, 23, 31, 39, 47, 46, 54, 55]
[00:00:00:00:018] Expansion 19:New longest path found with length 37: [0, 8, 16, 24, 32, 33, 25, 17, 9, 10, 18, 26, 34, 42, 50, 51, 52, 44, 45, 37, 36, 28, 29, 30, 22, 21, 13, 5, 6, 7, 15, 23, 31, 39, 47, 46, 54, 55]
[00:00:00:00:023] Expansion 29:New longest path found with length 39: [0, 8, 16, 24, 32, 33, 25, 17, 9, 10, 11, 19, 18, 26, 34, 42, 50, 51, 52, 44, 45, 37, 36, 28, 29, 30, 22, 21, 13, 5, 6, 7, 15, 23, 31, 39, 47, 46, 54, 55]
[00:00:00:00:159] Path of length 39 found: [0, 8, 16, 24, 32, 33, 25, 17, 9, 10, 11, 19, 18, 26, 34, 42, 50, 51, 52, 44, 45, 37, 36, 28, 29, 30, 22, 21, 13, 5, 6, 7, 15, 23, 31, 39, 47, 46, 54, 55]
[00:00:00:00:542] ! Bidirectional. expansions: 156, time: 159 [ms], path length: 39 [edges], g_F: 20, g_B: 19, generated: {'F': 288, 'B': 228}, MM: 1, MMPER: 1.5%
[00:00:00:00:542] 
---------- SM_Grids/7x8_grid_with_random_blocks_20per_8 ----------
[00:00:00:00:031] Expansion 38: New longest path found with length 39: [0, 1, 9, 17, 16, 24, 32, 40, 41, 33, 34, 26, 18, 10, 2, 3, 4, 12, 20, 28, 27, 35, 43, 51, 52, 53, 45, 37, 29, 21, 13, 5, 6, 14, 22, 30, 38, 46, 54, 55]
[00:00:00:01:018] Path of length 39 found: [0, 1, 9, 17, 16, 24, 32, 40, 41, 33, 34, 26, 18, 10, 2, 3, 4, 12, 20, 28, 27, 35, 43, 51, 52, 53, 45, 37, 29, 21, 13, 5, 6, 14, 22, 30, 38, 46, 54, 55]
[00:00:00:01:018] ! Unidirectional s-t. expansions: 1,633, time: 1,018 [ms], path length: 39 [edges], generated: 2,568
[00:00:00:00:031] Expansion 38: New longest path found with length 39: [55, 47, 46, 54, 53, 52, 51, 43, 35, 27, 28, 36, 37, 38, 30, 29, 21, 20, 12, 13, 14, 6, 5, 4, 3, 2, 10, 18, 26, 34, 33, 41, 40, 32, 24, 16, 17, 9, 1, 0]
[00:00:00:00:530] Path of length 39 found: [55, 47, 46, 54, 53, 52, 51, 43, 35, 27, 28, 36, 37, 38, 30, 29, 21, 20, 12, 13, 14, 6, 5, 4, 3, 2, 10, 18, 26, 34, 33, 41, 40, 32, 24, 16, 17, 9, 1, 0]
[00:00:00:00:530] ! Unidirectional t-s. expansions: 554, time: 530 [ms], path length: 39 [edges], generated: 986
[00:00:00:00:019] Expansion 18:New longest path found with length 37: [0, 1, 9, 17, 16, 24, 32, 40, 41, 33, 34, 26, 18, 10, 2, 3, 4, 12, 13, 14, 22, 21, 29, 30, 38, 37, 36, 28, 27, 35, 43, 51, 52, 53, 54, 46, 47, 55]
[00:00:00:00:019] Expansion 19:New longest path found with length 39: [0, 1, 9, 17, 16, 24, 32, 40, 41, 33, 34, 26, 18, 10, 2, 3, 4, 12, 13, 5, 6, 14, 22, 21, 29, 30, 38, 37, 36, 28, 27, 35, 43, 51, 52, 53, 54, 46, 47, 55]
[00:00:00:00:807] Path of length 39 found: [0, 1, 9, 17, 16, 24, 32, 40, 41, 33, 34, 26, 18, 10, 2, 3, 4, 12, 13, 5, 6, 14, 22, 21, 29, 30, 38, 37, 36, 28, 27, 35, 43, 51, 52, 53, 54, 46, 47, 55]
[00:00:00:01:191] ! Bidirectional. expansions: 805, time: 807 [ms], path length: 39 [edges], g_F: 20, g_B: 19, generated: {'F': 1,522, 'B': 1,365}, MM: 1, MMPER: 1.5%
[00:00:00:01:191] 
---------- SM_Grids/7x8_grid_with_random_blocks_20per_9 ----------
[00:00:00:00:063] Expansion 30: New longest path found with length 31: [0, 8, 16, 17, 25, 33, 32, 40, 48, 49, 41, 42, 34, 26, 18, 19, 11, 3, 4, 12, 20, 28, 27, 35, 36, 44, 45, 37, 38, 39, 47, 55]
[00:00:00:00:063] Expansion 32: New longest path found with length 33: [0, 8, 16, 17, 25, 33, 32, 40, 48, 49, 41, 42, 34, 26, 18, 19, 11, 3, 4, 12, 20, 28, 27, 35, 36, 44, 45, 37, 38, 39, 47, 46, 54, 55]
[00:00:00:00:111] Path of length 33 found: [0, 8, 16, 17, 25, 33, 32, 40, 48, 49, 41, 42, 34, 26, 18, 19, 11, 3, 4, 12, 20, 28, 27, 35, 36, 44, 45, 37, 38, 39, 47, 46, 54, 55]
[00:00:00:00:111] ! Unidirectional s-t. expansions: 75, time: 111 [ms], path length: 33 [edges], generated: 132
[00:00:00:00:027] Expansion 32: New longest path found with length 33: [55, 54, 46, 47, 39, 38, 37, 45, 44, 36, 28, 20, 12, 4, 3, 11, 19, 18, 26, 27, 35, 34, 42, 50, 49, 48, 40, 32, 33, 25, 17, 16, 8, 0]
[00:00:00:00:399] Path of length 33 found: [55, 54, 46, 47, 39, 38, 37, 45, 44, 36, 28, 20, 12, 4, 3, 11, 19, 18, 26, 27, 35, 34, 42, 50, 49, 48, 40, 32, 33, 25, 17, 16, 8, 0]
[00:00:00:00:399] ! Unidirectional t-s. expansions: 425, time: 399 [ms], path length: 33 [edges], generated: 819
[00:00:00:00:018] Expansion 16:New longest path found with length 33: [0, 8, 16, 17, 25, 33, 32, 40, 48, 49, 41, 42, 34, 35, 27, 26, 18, 19, 11, 3, 4, 12, 20, 28, 36, 44, 45, 37, 38, 39, 47, 46, 54, 55]
[00:00:00:00:054] Path of length 33 found: [0, 8, 16, 17, 25, 33, 32, 40, 48, 49, 41, 42, 34, 35, 27, 26, 18, 19, 11, 3, 4, 12, 20, 28, 36, 44, 45, 37, 38, 39, 47, 46, 54, 55]
[00:00:00:00:438] ! Bidirectional. expansions: 51, time: 54 [ms], path length: 33 [edges], g_F: 17, g_B: 16, generated: {'F': 94, 'B': 89}, MM: 1, MMPER: 1.9411764705882355%
[00:00:00:00:438] average expansions: (352, 292, 187, 0)
[00:00:00:00:438] average time: (258, 253, 193, 0)
[00:00:00:00:438] X-DFBnB: 292 , 253 (expansions , time[ms])
[00:00:00:00:438] BiX-DFBnB: 187 , 193 (expansions , time[ms])

