--------------------------
date: SM_Grids
number_of_graphs: 10
graph_type: grid
size_of_graphs: [7, 7]
heuristic: bcc_heuristic
snake: False
run_uni: True
run_bi: True
run_multi: False
solution_vertices: []
algorithms: ['DFBnB']
bsd: False
cube_first_dims: 4
cube_buffer_dim: None
backward_sym_generation: False
sym_coil: False
prefix_set: None

---------- SM_Grids/7x7_grid_with_random_blocks_16per_0 ----------
[00:00:00:00:021] Expansion 25: New longest path found with length 26: [0, 1, 8, 7, 14, 21, 22, 29, 28, 35, 42, 43, 36, 37, 30, 31, 24, 17, 18, 25, 32, 39, 38, 45, 46, 47, 48]
[00:00:00:00:024] Expansion 33: New longest path found with length 34: [0, 1, 8, 7, 14, 21, 22, 29, 28, 35, 42, 43, 36, 37, 30, 31, 24, 17, 18, 25, 32, 39, 38, 45, 46, 47, 40, 33, 26, 19, 20, 27, 34, 41, 48]
[00:00:00:00:025] Path of length 34 found: [0, 1, 8, 7, 14, 21, 22, 29, 28, 35, 42, 43, 36, 37, 30, 31, 24, 17, 18, 25, 32, 39, 38, 45, 46, 47, 40, 33, 26, 19, 20, 27, 34, 41, 48]
[00:00:00:00:025] ! Unidirectional s-t. expansions: 34, time: 25 [ms], path length: 34 [edges], generated: 59
[00:00:00:00:021] Expansion 31: New longest path found with length 32: [48, 41, 34, 27, 20, 19, 18, 17, 24, 31, 30, 29, 36, 37, 38, 39, 32, 25, 26, 33, 40, 47, 46, 45, 44, 43, 42, 35, 28, 21, 14, 7, 0]
[00:00:00:00:022] Expansion 33: New longest path found with length 34: [48, 41, 34, 27, 20, 19, 18, 17, 24, 31, 30, 29, 36, 37, 38, 39, 32, 25, 26, 33, 40, 47, 46, 45, 44, 43, 42, 35, 28, 21, 14, 7, 8, 1, 0]
[00:00:00:00:981] Path of length 34 found: [48, 41, 34, 27, 20, 19, 18, 17, 24, 31, 30, 29, 36, 37, 38, 39, 32, 25, 26, 33, 40, 47, 46, 45, 44, 43, 42, 35, 28, 21, 14, 7, 8, 1, 0]
[00:00:00:00:982] ! Unidirectional t-s. expansions: 1,530, time: 981 [ms], path length: 34 [edges], generated: 2,632
[00:00:00:00:017] Expansion 17:New longest path found with length 34: [0, 1, 8, 7, 14, 21, 22, 29, 28, 35, 42, 43, 44, 45, 46, 47, 40, 33, 26, 25, 32, 39, 38, 37, 30, 31, 24, 17, 18, 19, 20, 27, 34, 41, 48]
[00:00:00:00:221] Path of length 34 found: [0, 1, 8, 7, 14, 21, 22, 29, 28, 35, 42, 43, 44, 45, 46, 47, 40, 33, 26, 25, 32, 39, 38, 37, 30, 31, 24, 17, 18, 19, 20, 27, 34, 41, 48]
[00:00:00:00:575] ! Bidirectional. expansions: 228, time: 221 [ms], path length: 34 [edges], g_F: 17, g_B: 17, generated: {'F': 394, 'B': 447}, MM: 0, MMPER: -1.0%
[00:00:00:00:575] 
---------- SM_Grids/7x7_grid_with_random_blocks_16per_1 ----------
[00:00:00:00:026] Expansion 33: New longest path found with length 34: [0, 1, 2, 9, 10, 3, 4, 5, 12, 11, 18, 19, 20, 27, 26, 25, 24, 31, 32, 39, 38, 37, 30, 29, 22, 21, 28, 35, 42, 43, 44, 45, 46, 47, 48]
[00:00:00:00:027] Expansion 35: New longest path found with length 36: [0, 1, 2, 9, 10, 3, 4, 5, 12, 11, 18, 19, 20, 27, 26, 25, 24, 31, 32, 39, 38, 37, 30, 29, 22, 21, 28, 35, 42, 43, 44, 45, 46, 47, 40, 41, 48]
[00:00:00:00:133] Expansion 177: New longest path found with length 38: [0, 1, 2, 3, 4, 5, 12, 13, 20, 27, 26, 19, 18, 11, 10, 9, 16, 15, 22, 21, 28, 35, 42, 43, 36, 29, 30, 37, 44, 45, 38, 31, 24, 25, 32, 39, 46, 47, 48]
[00:00:00:00:133] Expansion 179: New longest path found with length 40: [0, 1, 2, 3, 4, 5, 12, 13, 20, 27, 26, 19, 18, 11, 10, 9, 16, 15, 22, 21, 28, 35, 42, 43, 36, 29, 30, 37, 44, 45, 38, 31, 24, 25, 32, 39, 46, 47, 40, 41, 48]
[00:00:00:00:134] Path of length 40 found: [0, 1, 2, 3, 4, 5, 12, 13, 20, 27, 26, 19, 18, 11, 10, 9, 16, 15, 22, 21, 28, 35, 42, 43, 36, 29, 30, 37, 44, 45, 38, 31, 24, 25, 32, 39, 46, 47, 40, 41, 48]
[00:00:00:00:135] ! Unidirectional s-t. expansions: 180, time: 135 [ms], path length: 40 [edges], generated: 307
[00:00:00:00:027] Expansion 39: New longest path found with length 40: [48, 41, 40, 47, 46, 39, 32, 25, 24, 31, 30, 29, 36, 37, 38, 45, 44, 43, 42, 35, 28, 21, 22, 15, 16, 9, 10, 11, 18, 19, 26, 27, 20, 13, 12, 5, 4, 3, 2, 1, 0]
[00:00:00:00:028] Path of length 40 found: [48, 41, 40, 47, 46, 39, 32, 25, 24, 31, 30, 29, 36, 37, 38, 45, 44, 43, 42, 35, 28, 21, 22, 15, 16, 9, 10, 11, 18, 19, 26, 27, 20, 13, 12, 5, 4, 3, 2, 1, 0]
[00:00:00:00:028] ! Unidirectional t-s. expansions: 40, time: 28 [ms], path length: 40 [edges], generated: 60
[00:00:00:00:018] Expansion 19:New longest path found with length 36: [0, 1, 2, 9, 10, 3, 4, 5, 12, 11, 18, 19, 20, 27, 26, 25, 24, 31, 30, 29, 22, 21, 28, 35, 42, 43, 36, 37, 44, 45, 38, 39, 46, 47, 40, 41, 48]
[00:00:00:00:198] Expansion 241:New longest path found with length 40: [0, 1, 2, 3, 4, 5, 12, 13, 20, 27, 26, 19, 18, 11, 10, 9, 16, 15, 22, 21, 28, 35, 42, 43, 44, 45, 38, 37, 36, 29, 30, 31, 24, 25, 32, 39, 46, 47, 40, 41, 48]
[00:00:00:00:198] Path of length 40 found: [0, 1, 2, 3, 4, 5, 12, 13, 20, 27, 26, 19, 18, 11, 10, 9, 16, 15, 22, 21, 28, 35, 42, 43, 44, 45, 38, 37, 36, 29, 30, 31, 24, 25, 32, 39, 46, 47, 40, 41, 48]
[00:00:00:00:552] ! Bidirectional. expansions: 241, time: 198 [ms], path length: 40 [edges], g_F: 20, g_B: 20, generated: {'F': 384, 'B': 409}, MM: 0, MMPER: -1.0%
[00:00:00:00:552] 
---------- SM_Grids/7x7_grid_with_random_blocks_16per_2 ----------
[00:00:00:00:027] Expansion 35: New longest path found with length 36: [0, 7, 8, 1, 2, 9, 16, 23, 22, 29, 28, 35, 36, 43, 44, 37, 30, 31, 32, 25, 18, 17, 10, 3, 4, 5, 6, 13, 12, 19, 26, 27, 34, 33, 40, 47, 48]
[00:00:00:00:046] Expansion 69: New longest path found with length 38: [0, 7, 8, 1, 2, 9, 16, 23, 22, 29, 28, 35, 36, 43, 44, 45, 38, 37, 30, 31, 32, 25, 18, 17, 10, 3, 4, 5, 6, 13, 12, 19, 26, 27, 34, 33, 40, 47, 48]
[00:00:00:00:451] Path of length 38 found: [0, 7, 8, 1, 2, 9, 16, 23, 22, 29, 28, 35, 36, 43, 44, 45, 38, 37, 30, 31, 32, 25, 18, 17, 10, 3, 4, 5, 6, 13, 12, 19, 26, 27, 34, 33, 40, 47, 48]
[00:00:00:00:451] ! Unidirectional s-t. expansions: 583, time: 451 [ms], path length: 38 [edges], generated: 966
[00:00:00:00:028] Expansion 35: New longest path found with length 36: [48, 47, 40, 33, 34, 27, 26, 19, 12, 13, 6, 5, 4, 3, 10, 11, 18, 25, 32, 31, 30, 37, 38, 45, 44, 43, 36, 35, 28, 29, 22, 23, 16, 9, 2, 1, 0]
[00:00:00:00:029] Expansion 37: New longest path found with length 38: [48, 47, 40, 33, 34, 27, 26, 19, 12, 13, 6, 5, 4, 3, 10, 11, 18, 25, 32, 31, 30, 37, 38, 45, 44, 43, 36, 35, 28, 29, 22, 23, 16, 9, 2, 1, 8, 7, 0]
[00:00:00:00:198] Path of length 38 found: [48, 47, 40, 33, 34, 27, 26, 19, 12, 13, 6, 5, 4, 3, 10, 11, 18, 25, 32, 31, 30, 37, 38, 45, 44, 43, 36, 35, 28, 29, 22, 23, 16, 9, 2, 1, 8, 7, 0]
[00:00:00:00:198] ! Unidirectional t-s. expansions: 275, time: 198 [ms], path length: 38 [edges], generated: 450
[00:00:00:00:018] Expansion 19:New longest path found with length 38: [0, 7, 8, 1, 2, 9, 16, 23, 22, 29, 28, 35, 36, 43, 44, 45, 38, 37, 30, 31, 32, 25, 18, 17, 10, 3, 4, 5, 6, 13, 12, 19, 26, 27, 34, 33, 40, 47, 48]
[00:00:00:00:167] Path of length 38 found: [0, 7, 8, 1, 2, 9, 16, 23, 22, 29, 28, 35, 36, 43, 44, 45, 38, 37, 30, 31, 32, 25, 18, 17, 10, 3, 4, 5, 6, 13, 12, 19, 26, 27, 34, 33, 40, 47, 48]
[00:00:00:00:503] ! Bidirectional. expansions: 192, time: 167 [ms], path length: 38 [edges], g_F: 19, g_B: 19, generated: {'F': 328, 'B': 314}, MM: 0, MMPER: -1.0%
[00:00:00:00:503] 
---------- SM_Grids/7x7_grid_with_random_blocks_16per_3 ----------
[00:00:00:00:029] Expansion 37: New longest path found with length 38: [0, 7, 14, 21, 28, 35, 42, 43, 36, 37, 30, 29, 22, 15, 8, 1, 2, 3, 4, 11, 12, 19, 18, 17, 16, 23, 24, 31, 32, 25, 26, 27, 34, 33, 40, 39, 46, 47, 48]
[00:00:00:00:336] Path of length 38 found: [0, 7, 14, 21, 28, 35, 42, 43, 36, 37, 30, 29, 22, 15, 8, 1, 2, 3, 4, 11, 12, 19, 18, 17, 16, 23, 24, 31, 32, 25, 26, 27, 34, 33, 40, 39, 46, 47, 48]
[00:00:00:00:336] ! Unidirectional s-t. expansions: 424, time: 336 [ms], path length: 38 [edges], generated: 696
[00:00:00:00:018] Expansion 19: New longest path found with length 20: [48, 41, 34, 27, 26, 33, 40, 47, 46, 39, 32, 25, 18, 19, 12, 11, 4, 3, 2, 1, 0]
[00:00:00:00:027] Expansion 37: New longest path found with length 38: [48, 41, 34, 27, 26, 33, 40, 47, 46, 39, 32, 25, 18, 19, 12, 11, 4, 3, 2, 1, 8, 15, 22, 23, 16, 17, 24, 31, 30, 37, 36, 43, 42, 35, 28, 21, 14, 7, 0]
[00:00:00:00:217] Path of length 38 found: [48, 41, 34, 27, 26, 33, 40, 47, 46, 39, 32, 25, 18, 19, 12, 11, 4, 3, 2, 1, 8, 15, 22, 23, 16, 17, 24, 31, 30, 37, 36, 43, 42, 35, 28, 21, 14, 7, 0]
[00:00:00:00:217] ! Unidirectional t-s. expansions: 292, time: 217 [ms], path length: 38 [edges], generated: 508
[00:00:00:00:019] Expansion 19:New longest path found with length 38: [0, 7, 14, 21, 28, 35, 42, 43, 36, 37, 30, 29, 22, 23, 16, 15, 8, 1, 2, 3, 4, 11, 12, 19, 18, 25, 24, 31, 32, 39, 46, 47, 40, 33, 26, 27, 34, 41, 48]
[00:00:00:00:307] Path of length 38 found: [0, 7, 14, 21, 28, 35, 42, 43, 36, 37, 30, 29, 22, 23, 16, 15, 8, 1, 2, 3, 4, 11, 12, 19, 18, 25, 24, 31, 32, 39, 46, 47, 40, 33, 26, 27, 34, 41, 48]
[00:00:00:00:640] ! Bidirectional. expansions: 356, time: 307 [ms], path length: 38 [edges], g_F: 19, g_B: 19, generated: {'F': 628, 'B': 676}, MM: 0, MMPER: -1.0%
[00:00:00:00:640] 
---------- SM_Grids/7x7_grid_with_random_blocks_16per_4 ----------
[00:00:00:00:027] Expansion 33: New longest path found with length 34: [0, 7, 14, 21, 28, 35, 42, 43, 36, 29, 22, 23, 16, 9, 8, 1, 2, 3, 10, 11, 18, 25, 26, 19, 12, 5, 6, 13, 20, 27, 34, 33, 40, 47, 48]
[00:00:00:00:075] Expansion 116: New longest path found with length 38: [0, 7, 14, 21, 28, 35, 42, 43, 44, 45, 38, 31, 30, 29, 22, 23, 16, 9, 8, 1, 2, 3, 10, 11, 18, 25, 26, 19, 12, 5, 6, 13, 20, 27, 34, 33, 40, 47, 48]
[00:00:00:00:420] Path of length 38 found: [0, 7, 14, 21, 28, 35, 42, 43, 44, 45, 38, 31, 30, 29, 22, 23, 16, 9, 8, 1, 2, 3, 10, 11, 18, 25, 26, 19, 12, 5, 6, 13, 20, 27, 34, 33, 40, 47, 48]
[00:00:00:00:421] ! Unidirectional s-t. expansions: 690, time: 421 [ms], path length: 38 [edges], generated: 1,048
[00:00:00:00:024] Expansion 31: New longest path found with length 32: [48, 41, 34, 27, 20, 13, 6, 5, 12, 11, 18, 25, 26, 33, 40, 47, 46, 45, 38, 31, 30, 23, 22, 29, 36, 43, 42, 35, 28, 21, 14, 7, 0]
[00:00:00:00:027] Expansion 37: New longest path found with length 38: [48, 41, 34, 27, 20, 13, 6, 5, 12, 11, 18, 25, 26, 33, 40, 47, 46, 45, 38, 31, 30, 23, 22, 29, 36, 43, 42, 35, 28, 21, 14, 7, 8, 9, 10, 3, 2, 1, 0]
[00:00:00:00:395] Path of length 38 found: [48, 41, 34, 27, 20, 13, 6, 5, 12, 11, 18, 25, 26, 33, 40, 47, 46, 45, 38, 31, 30, 23, 22, 29, 36, 43, 42, 35, 28, 21, 14, 7, 8, 9, 10, 3, 2, 1, 0]
[00:00:00:00:395] ! Unidirectional t-s. expansions: 560, time: 395 [ms], path length: 38 [edges], generated: 878
[00:00:00:00:017] Expansion 17:New longest path found with length 32: [0, 7, 14, 21, 28, 35, 42, 43, 36, 29, 22, 23, 30, 31, 38, 45, 46, 47, 40, 33, 26, 25, 18, 11, 12, 5, 6, 13, 20, 27, 34, 41, 48]
[00:00:00:00:028] Expansion 33:New longest path found with length 36: [0, 7, 14, 21, 28, 35, 42, 43, 44, 45, 38, 31, 30, 29, 22, 23, 16, 9, 8, 1, 2, 3, 10, 11, 18, 25, 26, 19, 12, 5, 6, 13, 20, 27, 34, 41, 48]
[00:00:00:00:174] Expansion 171:New longest path found with length 38: [0, 7, 14, 21, 28, 35, 42, 43, 44, 45, 38, 31, 30, 29, 22, 23, 16, 9, 8, 1, 2, 3, 10, 11, 18, 25, 26, 19, 12, 5, 6, 13, 20, 27, 34, 33, 40, 41, 48]
[00:00:00:00:476] Path of length 38 found: [0, 7, 14, 21, 28, 35, 42, 43, 44, 45, 38, 31, 30, 29, 22, 23, 16, 9, 8, 1, 2, 3, 10, 11, 18, 25, 26, 19, 12, 5, 6, 13, 20, 27, 34, 33, 40, 41, 48]
[00:00:00:00:803] ! Bidirectional. expansions: 436, time: 476 [ms], path length: 38 [edges], g_F: 19, g_B: 19, generated: {'F': 766, 'B': 782}, MM: 0, MMPER: -1.0%
[00:00:00:00:803] 
---------- SM_Grids/7x7_grid_with_random_blocks_16per_5 ----------
[00:00:00:00:029] Expansion 37: New longest path found with length 38: [0, 7, 14, 21, 28, 29, 22, 15, 8, 1, 2, 9, 16, 23, 30, 37, 38, 31, 24, 17, 18, 11, 4, 5, 6, 13, 12, 19, 20, 27, 26, 25, 32, 39, 40, 33, 34, 41, 48]
[00:00:00:00:030] Path of length 38 found: [0, 7, 14, 21, 28, 29, 22, 15, 8, 1, 2, 9, 16, 23, 30, 37, 38, 31, 24, 17, 18, 11, 4, 5, 6, 13, 12, 19, 20, 27, 26, 25, 32, 39, 40, 33, 34, 41, 48]
[00:00:00:00:030] ! Unidirectional s-t. expansions: 38, time: 30 [ms], path length: 38 [edges], generated: 64
[00:00:00:00:019] Expansion 17: New longest path found with length 18: [48, 41, 34, 27, 20, 13, 6, 5, 4, 11, 12, 19, 18, 17, 16, 9, 2, 1, 0]
[00:00:00:00:030] Expansion 37: New longest path found with length 38: [48, 41, 34, 27, 20, 13, 6, 5, 4, 11, 12, 19, 18, 17, 16, 9, 2, 1, 8, 15, 22, 23, 24, 31, 32, 25, 26, 33, 40, 39, 38, 37, 30, 29, 28, 21, 14, 7, 0]
[00:00:00:00:031] Path of length 38 found: [48, 41, 34, 27, 20, 13, 6, 5, 4, 11, 12, 19, 18, 17, 16, 9, 2, 1, 8, 15, 22, 23, 24, 31, 32, 25, 26, 33, 40, 39, 38, 37, 30, 29, 28, 21, 14, 7, 0]
[00:00:00:00:031] ! Unidirectional t-s. expansions: 38, time: 31 [ms], path length: 38 [edges], generated: 64
[00:00:00:00:019] Expansion 19:New longest path found with length 38: [0, 7, 14, 21, 28, 29, 22, 15, 8, 1, 2, 9, 16, 23, 30, 37, 38, 39, 40, 33, 26, 25, 32, 31, 24, 17, 18, 19, 12, 11, 4, 5, 6, 13, 20, 27, 34, 41, 48]
[00:00:00:00:019] Path of length 38 found: [0, 7, 14, 21, 28, 29, 22, 15, 8, 1, 2, 9, 16, 23, 30, 37, 38, 39, 40, 33, 26, 25, 32, 31, 24, 17, 18, 19, 12, 11, 4, 5, 6, 13, 20, 27, 34, 41, 48]
[00:00:00:00:348] ! Bidirectional. expansions: 19, time: 20 [ms], path length: 38 [edges], g_F: 19, g_B: 19, generated: {'F': 35, 'B': 35}, MM: 0, MMPER: -1.0%
[00:00:00:00:348] 
---------- SM_Grids/7x7_grid_with_random_blocks_16per_6 ----------
[00:00:00:00:027] Expansion 35: New longest path found with length 36: [0, 1, 8, 15, 22, 23, 16, 9, 2, 3, 10, 17, 24, 31, 30, 37, 44, 45, 46, 39, 32, 25, 18, 11, 4, 5, 6, 13, 12, 19, 20, 27, 26, 33, 34, 41, 48]
[00:00:00:00:028] Path of length 36 found: [0, 1, 8, 15, 22, 23, 16, 9, 2, 3, 10, 17, 24, 31, 30, 37, 44, 45, 46, 39, 32, 25, 18, 11, 4, 5, 6, 13, 12, 19, 20, 27, 26, 33, 34, 41, 48]
[00:00:00:00:029] ! Unidirectional s-t. expansions: 36, time: 28 [ms], path length: 36 [edges], generated: 58
[00:00:00:00:029] Expansion 35: New longest path found with length 36: [48, 41, 34, 27, 20, 13, 6, 5, 4, 3, 2, 9, 16, 17, 10, 11, 12, 19, 18, 25, 26, 33, 32, 39, 46, 45, 44, 37, 30, 31, 24, 23, 22, 15, 8, 1, 0]
[00:00:00:00:030] Path of length 36 found: [48, 41, 34, 27, 20, 13, 6, 5, 4, 3, 2, 9, 16, 17, 10, 11, 12, 19, 18, 25, 26, 33, 32, 39, 46, 45, 44, 37, 30, 31, 24, 23, 22, 15, 8, 1, 0]
[00:00:00:00:030] ! Unidirectional t-s. expansions: 36, time: 30 [ms], path length: 36 [edges], generated: 58
[00:00:00:00:019] Expansion 18:New longest path found with length 36: [0, 1, 8, 15, 22, 23, 16, 9, 2, 3, 10, 17, 24, 31, 30, 37, 44, 45, 46, 39, 32, 33, 26, 25, 18, 19, 12, 11, 4, 5, 6, 13, 20, 27, 34, 41, 48]
[00:00:00:00:019] Path of length 36 found: [0, 1, 8, 15, 22, 23, 16, 9, 2, 3, 10, 17, 24, 31, 30, 37, 44, 45, 46, 39, 32, 33, 26, 25, 18, 19, 12, 11, 4, 5, 6, 13, 20, 27, 34, 41, 48]
[00:00:00:00:355] ! Bidirectional. expansions: 18, time: 19 [ms], path length: 36 [edges], g_F: 18, g_B: 18, generated: {'F': 32, 'B': 31}, MM: 0, MMPER: -1.0%
[00:00:00:00:355] 
---------- SM_Grids/7x7_grid_with_random_blocks_16per_7 ----------
[00:00:00:00:030] Expansion 37: New longest path found with length 38: [0, 7, 14, 21, 28, 35, 42, 43, 36, 37, 30, 31, 24, 17, 16, 15, 8, 1, 2, 3, 10, 11, 4, 5, 6, 13, 12, 19, 18, 25, 26, 27, 34, 33, 40, 39, 46, 47, 48]
[00:00:00:00:470] Path of length 38 found: [0, 7, 14, 21, 28, 35, 42, 43, 36, 37, 30, 31, 24, 17, 16, 15, 8, 1, 2, 3, 10, 11, 4, 5, 6, 13, 12, 19, 18, 25, 26, 27, 34, 33, 40, 39, 46, 47, 48]
[00:00:00:00:470] ! Unidirectional s-t. expansions: 580, time: 470 [ms], path length: 38 [edges], generated: 969
[00:00:00:00:014] Expansion 15: New longest path found with length 16: [48, 47, 46, 39, 40, 33, 34, 27, 20, 13, 6, 5, 4, 3, 2, 1, 0]
[00:00:00:00:026] Expansion 37: New longest path found with length 38: [48, 47, 46, 39, 40, 33, 34, 27, 20, 13, 6, 5, 4, 3, 2, 1, 8, 15, 16, 17, 10, 11, 12, 19, 18, 25, 24, 31, 30, 37, 36, 43, 42, 35, 28, 21, 14, 7, 0]
[00:00:00:00:474] Path of length 38 found: [48, 47, 46, 39, 40, 33, 34, 27, 20, 13, 6, 5, 4, 3, 2, 1, 8, 15, 16, 17, 10, 11, 12, 19, 18, 25, 24, 31, 30, 37, 36, 43, 42, 35, 28, 21, 14, 7, 0]
[00:00:00:00:474] ! Unidirectional t-s. expansions: 685, time: 474 [ms], path length: 38 [edges], generated: 1,149
[00:00:00:00:016] Expansion 17:New longest path found with length 34: [0, 7, 14, 21, 28, 35, 42, 43, 36, 37, 30, 31, 24, 17, 18, 25, 26, 19, 12, 11, 10, 3, 4, 5, 6, 13, 20, 27, 34, 33, 40, 39, 46, 47, 48]
[00:00:00:00:020] Expansion 24:New longest path found with length 38: [0, 7, 14, 21, 28, 35, 42, 43, 36, 37, 30, 31, 24, 25, 26, 19, 12, 11, 10, 17, 16, 15, 8, 1, 2, 3, 4, 5, 6, 13, 20, 27, 34, 33, 40, 39, 46, 47, 48]
[00:00:00:00:303] Path of length 38 found: [0, 7, 14, 21, 28, 35, 42, 43, 36, 37, 30, 31, 24, 25, 26, 19, 12, 11, 10, 17, 16, 15, 8, 1, 2, 3, 4, 5, 6, 13, 20, 27, 34, 33, 40, 39, 46, 47, 48]
[00:00:00:00:624] ! Bidirectional. expansions: 402, time: 303 [ms], path length: 38 [edges], g_F: 19, g_B: 19, generated: {'F': 750, 'B': 663}, MM: 0, MMPER: -1.0%
[00:00:00:00:624] 
---------- SM_Grids/7x7_grid_with_random_blocks_16per_8 ----------
[00:00:00:00:029] Expansion 37: New longest path found with length 38: [0, 1, 8, 15, 22, 21, 28, 35, 42, 43, 44, 37, 36, 29, 30, 31, 24, 17, 16, 9, 2, 3, 10, 11, 4, 5, 6, 13, 12, 19, 18, 25, 26, 27, 34, 33, 40, 47, 48]
[00:00:00:02:856] Path of length 38 found: [0, 1, 8, 15, 22, 21, 28, 35, 42, 43, 44, 37, 36, 29, 30, 31, 24, 17, 16, 9, 2, 3, 10, 11, 4, 5, 6, 13, 12, 19, 18, 25, 26, 27, 34, 33, 40, 47, 48]
[00:00:00:02:856] ! Unidirectional s-t. expansions: 4,388, time: 2,856 [ms], path length: 38 [edges], generated: 7,244
[00:00:00:00:028] Expansion 37: New longest path found with length 38: [48, 47, 40, 33, 34, 27, 20, 13, 6, 5, 4, 3, 2, 9, 16, 17, 10, 11, 12, 19, 18, 25, 24, 31, 30, 29, 36, 37, 44, 43, 42, 35, 28, 21, 22, 15, 8, 1, 0]
[00:00:00:02:002] Path of length 38 found: [48, 47, 40, 33, 34, 27, 20, 13, 6, 5, 4, 3, 2, 9, 16, 17, 10, 11, 12, 19, 18, 25, 24, 31, 30, 29, 36, 37, 44, 43, 42, 35, 28, 21, 22, 15, 8, 1, 0]
[00:00:00:02:002] ! Unidirectional t-s. expansions: 3,200, time: 2,002 [ms], path length: 38 [edges], generated: 5,280
[00:00:00:00:019] Expansion 19:New longest path found with length 38: [0, 1, 8, 15, 22, 21, 28, 35, 42, 43, 44, 37, 36, 29, 30, 31, 24, 25, 18, 19, 12, 11, 10, 17, 16, 9, 2, 3, 4, 5, 6, 13, 20, 27, 34, 33, 40, 47, 48]
[00:00:00:01:428] Path of length 38 found: [0, 1, 8, 15, 22, 21, 28, 35, 42, 43, 44, 37, 36, 29, 30, 31, 24, 25, 18, 19, 12, 11, 10, 17, 16, 9, 2, 3, 4, 5, 6, 13, 20, 27, 34, 33, 40, 47, 48]
[00:00:00:01:760] ! Bidirectional. expansions: 1,847, time: 1,428 [ms], path length: 38 [edges], g_F: 19, g_B: 19, generated: {'F': 3,205, 'B': 3,507}, MM: 0, MMPER: -1.0%
[00:00:00:01:760] 
---------- SM_Grids/7x7_grid_with_random_blocks_16per_9 ----------
[00:00:00:00:029] Expansion 35: New longest path found with length 36: [0, 7, 8, 1, 2, 3, 10, 9, 16, 15, 22, 21, 28, 29, 36, 35, 42, 43, 44, 45, 46, 39, 32, 31, 24, 17, 18, 25, 26, 19, 20, 27, 34, 33, 40, 47, 48]
[00:00:00:02:409] Path of length 36 found: [0, 7, 8, 1, 2, 3, 10, 9, 16, 15, 22, 21, 28, 29, 36, 35, 42, 43, 44, 45, 46, 39, 32, 31, 24, 17, 18, 25, 26, 19, 20, 27, 34, 33, 40, 47, 48]
[00:00:00:02:409] ! Unidirectional s-t. expansions: 3,625, time: 2,409 [ms], path length: 36 [edges], generated: 6,176
[00:00:00:00:027] Expansion 35: New longest path found with length 36: [48, 41, 34, 27, 20, 19, 18, 17, 10, 3, 2, 9, 16, 23, 24, 31, 32, 25, 26, 33, 40, 39, 46, 45, 44, 37, 36, 43, 42, 35, 28, 21, 22, 15, 8, 1, 0]
[00:00:00:03:185] Path of length 36 found: [48, 41, 34, 27, 20, 19, 18, 17, 10, 3, 2, 9, 16, 23, 24, 31, 32, 25, 26, 33, 40, 39, 46, 45, 44, 37, 36, 43, 42, 35, 28, 21, 22, 15, 8, 1, 0]
[00:00:00:03:185] ! Unidirectional t-s. expansions: 5,301, time: 3,185 [ms], path length: 36 [edges], generated: 8,944
[00:00:00:00:012] Expansion 8:New longest path found with length 16: [0, 7, 8, 1, 2, 3, 10, 9, 16, 17, 18, 19, 20, 27, 34, 41, 48]
[00:00:00:00:020] Expansion 18:New longest path found with length 36: [0, 7, 8, 1, 2, 3, 10, 9, 16, 15, 22, 21, 28, 29, 36, 35, 42, 43, 44, 45, 46, 39, 40, 33, 26, 25, 32, 31, 24, 17, 18, 19, 20, 27, 34, 41, 48]
[00:00:00:03:153] Path of length 36 found: [0, 7, 8, 1, 2, 3, 10, 9, 16, 15, 22, 21, 28, 29, 36, 35, 42, 43, 44, 45, 46, 39, 40, 33, 26, 25, 32, 31, 24, 17, 18, 19, 20, 27, 34, 41, 48]
[00:00:00:03:501] ! Bidirectional. expansions: 3,450, time: 3,153 [ms], path length: 36 [edges], g_F: 18, g_B: 18, generated: {'F': 6,750, 'B': 6,342}, MM: 0, MMPER: -1.0%
[00:00:00:03:501] average expansions: (1,058, 1,196, 719, 0)
[00:00:00:03:501] average time: (716, 754, 629, 0)
[00:00:00:03:501] X-DFBnB: 1,058 , 716 (expansions , time[ms])
[00:00:00:03:501] BiX-DFBnB: 719 , 629 (expansions , time[ms])

