--------------------------
date: SM_Grids
number_of_graphs: 10
graph_type: grid
size_of_graphs: [8, 9]
heuristic: bcc_heuristic
snake: True
run_uni: True
run_bi: True
run_multi: False
solution_vertices: []
algorithms: ['DFBnB']
bsd: False
cube_first_dims: 4
cube_buffer_dim: None
backward_sym_generation: False
sym_coil: False
prefix_set: None

---------- SM_Grids/8x9_grid_with_random_blocks_16per_0 ----------
[00:00:00:00:122] Expansion 38: New longest path found with length 39: [0, 9, 10, 19, 28, 27, 36, 45, 54, 63, 64, 65, 56, 47, 38, 39, 30, 21, 12, 3, 4, 5, 6, 15, 16, 25, 34, 33, 32, 41, 50, 49, 58, 67, 68, 69, 60, 61, 62, 71]
[00:00:00:03:336] Path of length 39 found: [0, 9, 10, 19, 28, 27, 36, 45, 54, 63, 64, 65, 56, 47, 38, 39, 30, 21, 12, 3, 4, 5, 6, 15, 16, 25, 34, 33, 32, 41, 50, 49, 58, 67, 68, 69, 60, 61, 62, 71]
[00:00:00:03:336] ! Unidirectional s-t. expansions: 790, time: 3,336 [ms], path length: 39 [edges], generated: 1,389
[00:00:00:00:529] Expansion 250: New longest path found with length 19: [71, 62, 61, 52, 51, 42, 33, 24, 25, 16, 7, 6, 5, 4, 3, 2, 11, 10, 9, 0]
[00:00:00:01:475] Expansion 696: New longest path found with length 21: [71, 62, 61, 52, 51, 42, 33, 24, 25, 16, 7, 6, 5, 4, 3, 12, 21, 20, 19, 10, 1, 0]
[00:00:00:01:777] Expansion 836: New longest path found with length 35: [71, 62, 61, 52, 51, 42, 33, 24, 25, 16, 7, 6, 5, 4, 3, 12, 21, 30, 31, 40, 49, 58, 67, 66, 65, 56, 55, 54, 45, 36, 27, 28, 19, 10, 1, 0]
[00:00:00:02:538] Expansion 1,034: New longest path found with length 37: [71, 62, 61, 52, 51, 50, 59, 58, 67, 66, 65, 56, 55, 54, 45, 36, 27, 28, 29, 38, 39, 40, 31, 32, 33, 24, 25, 16, 7, 6, 5, 4, 3, 2, 11, 10, 9, 0]
[00:00:00:04:203] Expansion 1,457: New longest path found with length 39: [71, 62, 61, 60, 69, 68, 67, 58, 49, 50, 41, 42, 33, 24, 25, 16, 7, 6, 5, 4, 3, 12, 21, 30, 39, 38, 47, 56, 65, 64, 63, 54, 45, 36, 27, 28, 19, 10, 1, 0]
[00:00:00:08:090] Path of length 39 found: [71, 62, 61, 60, 69, 68, 67, 58, 49, 50, 41, 42, 33, 24, 25, 16, 7, 6, 5, 4, 3, 12, 21, 30, 39, 38, 47, 56, 65, 64, 63, 54, 45, 36, 27, 28, 19, 10, 1, 0]
[00:00:00:08:090] ! Unidirectional t-s. expansions: 2,310, time: 8,090 [ms], path length: 39 [edges], generated: 3,762
[00:00:00:00:075] Expansion 11:New longest path found with length 21: [0, 9, 10, 11, 2, 3, 4, 5, 6, 7, 16, 25, 24, 23, 32, 41, 42, 51, 52, 61, 62, 71]
[00:00:00:00:129] Expansion 25:New longest path found with length 35: [0, 9, 10, 11, 2, 3, 4, 5, 6, 7, 16, 25, 24, 23, 32, 31, 30, 29, 28, 27, 36, 45, 54, 55, 56, 65, 66, 67, 58, 49, 50, 51, 52, 61, 62, 71]
[00:00:00:00:273] Expansion 62:New longest path found with length 37: [0, 9, 10, 11, 2, 3, 4, 5, 6, 15, 16, 25, 34, 33, 32, 31, 40, 39, 38, 29, 28, 27, 36, 45, 54, 55, 56, 65, 66, 67, 58, 59, 50, 51, 52, 61, 62, 71]
[00:00:00:00:730] Expansion 145:New longest path found with length 39: [0, 9, 10, 19, 28, 27, 36, 45, 54, 63, 64, 65, 56, 47, 38, 39, 30, 21, 12, 3, 4, 5, 6, 7, 16, 25, 34, 33, 42, 41, 50, 49, 58, 67, 68, 69, 60, 61, 62, 71]
[00:00:00:02:363] Path of length 39 found: [0, 9, 10, 19, 28, 27, 36, 45, 54, 63, 64, 65, 56, 47, 38, 39, 30, 21, 12, 3, 4, 5, 6, 7, 16, 25, 34, 33, 42, 41, 50, 49, 58, 67, 68, 69, 60, 61, 62, 71]
[00:00:00:02:904] ! Bidirectional. expansions: 350, time: 2,363 [ms], path length: 39 [edges], g_F: 20, g_B: 19, generated: {'F': 585, 'B': 606}, MM: 1, MMPER: 1.5%
[00:00:00:02:904] 
---------- SM_Grids/8x9_grid_with_random_blocks_16per_1 ----------
[00:00:00:00:140] Expansion 28: New longest path found with length 29: [0, 1, 10, 19, 28, 29, 38, 47, 56, 57, 58, 49, 40, 41, 32, 23, 14, 15, 16, 17, 26, 35, 34, 43, 52, 51, 60, 69, 70, 71]
[00:00:00:36:114] Path of length 29 found: [0, 1, 10, 19, 28, 29, 38, 47, 56, 57, 58, 49, 40, 41, 32, 23, 14, 15, 16, 17, 26, 35, 34, 43, 52, 51, 60, 69, 70, 71]
[00:00:00:36:114] ! Unidirectional s-t. expansions: 9,254, time: 36,114 [ms], path length: 29 [edges], generated: 17,073
[00:00:00:00:119] Expansion 23: New longest path found with length 21: [71, 70, 69, 68, 59, 50, 49, 48, 47, 38, 29, 30, 31, 32, 23, 14, 13, 12, 11, 10, 1, 0]
[00:00:00:00:329] Expansion 73: New longest path found with length 25: [71, 70, 69, 68, 59, 50, 51, 52, 53, 44, 35, 26, 17, 16, 15, 24, 23, 22, 31, 30, 29, 28, 27, 18, 9, 0]
[00:00:00:00:367] Expansion 86: New longest path found with length 27: [71, 70, 69, 68, 59, 50, 51, 52, 53, 44, 35, 26, 17, 16, 15, 24, 23, 22, 31, 40, 39, 38, 29, 28, 27, 18, 9, 0]
[00:00:00:03:275] Expansion 893: New longest path found with length 29: [71, 70, 69, 60, 51, 52, 53, 44, 35, 26, 17, 16, 15, 24, 23, 22, 31, 40, 49, 58, 57, 56, 47, 38, 29, 28, 27, 18, 9, 0]
[00:00:00:28:446] Path of length 29 found: [71, 70, 69, 60, 51, 52, 53, 44, 35, 26, 17, 16, 15, 24, 23, 22, 31, 40, 49, 58, 57, 56, 47, 38, 29, 28, 27, 18, 9, 0]
[00:00:00:28:447] ! Unidirectional t-s. expansions: 7,974, time: 28,446 [ms], path length: 29 [edges], generated: 14,840
[00:00:00:00:437] Expansion 182:New longest path found with length 15: [0, 9, 18, 27, 28, 29, 38, 39, 40, 41, 50, 59, 68, 69, 70, 71]
[00:00:00:00:475] Expansion 193:New longest path found with length 27: [0, 9, 18, 27, 28, 29, 38, 39, 40, 31, 22, 13, 14, 15, 16, 17, 26, 35, 44, 53, 52, 51, 50, 59, 68, 69, 70, 71]
[00:00:00:00:898] Expansion 276:New longest path found with length 29: [0, 9, 18, 27, 28, 29, 38, 47, 56, 57, 58, 49, 40, 41, 32, 23, 14, 15, 16, 17, 26, 35, 44, 53, 52, 51, 60, 69, 70, 71]
[00:00:00:25:469] Path of length 29 found: [0, 9, 18, 27, 28, 29, 38, 47, 56, 57, 58, 49, 40, 41, 32, 23, 14, 15, 16, 17, 26, 35, 44, 53, 52, 51, 60, 69, 70, 71]
[00:00:00:25:970] ! Bidirectional. expansions: 3,391, time: 25,469 [ms], path length: 29 [edges], g_F: 15, g_B: 14, generated: {'F': 7,020, 'B': 6,378}, MM: 1, MMPER: 2.3333333333333335%
[00:00:00:25:970] 
---------- SM_Grids/8x9_grid_with_random_blocks_16per_2 ----------
[00:00:00:00:138] Expansion 32: New longest path found with length 33: [0, 9, 18, 27, 36, 45, 46, 55, 64, 65, 66, 57, 58, 49, 40, 39, 38, 29, 20, 11, 2, 3, 4, 13, 22, 23, 32, 33, 34, 43, 52, 61, 70, 71]
[00:00:00:00:177] Expansion 49: New longest path found with length 37: [0, 9, 18, 27, 36, 45, 46, 55, 64, 65, 66, 57, 58, 49, 40, 39, 38, 29, 20, 11, 2, 3, 4, 13, 14, 15, 16, 17, 26, 35, 34, 33, 42, 51, 52, 61, 70, 71]
[00:00:00:04:809] Expansion 1,200: New longest path found with length 39: [0, 9, 10, 11, 2, 3, 4, 13, 14, 15, 16, 17, 26, 35, 44, 43, 42, 33, 32, 31, 40, 39, 38, 29, 28, 27, 36, 45, 46, 55, 64, 65, 66, 57, 58, 59, 68, 69, 70, 71]
[00:00:00:06:052] Path of length 39 found: [0, 9, 10, 11, 2, 3, 4, 13, 14, 15, 16, 17, 26, 35, 44, 43, 42, 33, 32, 31, 40, 39, 38, 29, 28, 27, 36, 45, 46, 55, 64, 65, 66, 57, 58, 59, 68, 69, 70, 71]
[00:00:00:06:052] ! Unidirectional s-t. expansions: 1,441, time: 6,052 [ms], path length: 39 [edges], generated: 2,484
[00:00:00:00:147] Expansion 38: New longest path found with length 39: [71, 70, 69, 68, 59, 58, 57, 66, 65, 64, 55, 46, 45, 36, 27, 28, 29, 38, 39, 40, 31, 32, 33, 42, 43, 44, 35, 26, 17, 16, 15, 14, 5, 4, 3, 2, 11, 10, 9, 0]
[00:00:00:01:613] Path of length 39 found: [71, 70, 69, 68, 59, 58, 57, 66, 65, 64, 55, 46, 45, 36, 27, 28, 29, 38, 39, 40, 31, 32, 33, 42, 43, 44, 35, 26, 17, 16, 15, 14, 5, 4, 3, 2, 11, 10, 9, 0]
[00:00:00:01:613] ! Unidirectional t-s. expansions: 348, time: 1,613 [ms], path length: 39 [edges], generated: 606
[00:00:00:00:104] Expansion 18:New longest path found with length 35: [0, 9, 18, 27, 36, 45, 46, 47, 38, 29, 20, 11, 2, 3, 4, 13, 14, 15, 16, 17, 26, 35, 44, 43, 42, 33, 32, 31, 40, 49, 58, 59, 68, 69, 70, 71]
[00:00:00:00:573] Expansion 103:New longest path found with length 39: [0, 9, 10, 11, 2, 3, 4, 13, 14, 15, 16, 17, 26, 35, 44, 43, 42, 33, 32, 31, 40, 39, 38, 29, 28, 27, 36, 45, 46, 55, 64, 65, 66, 57, 58, 59, 68, 69, 70, 71]
[00:00:00:01:426] Path of length 39 found: [0, 9, 10, 11, 2, 3, 4, 13, 14, 15, 16, 17, 26, 35, 44, 43, 42, 33, 32, 31, 40, 39, 38, 29, 28, 27, 36, 45, 46, 55, 64, 65, 66, 57, 58, 59, 68, 69, 70, 71]
[00:00:00:01:930] ! Bidirectional. expansions: 216, time: 1,426 [ms], path length: 39 [edges], g_F: 20, g_B: 19, generated: {'F': 386, 'B': 386}, MM: 1, MMPER: 1.5%
[00:00:00:01:930] 
---------- SM_Grids/8x9_grid_with_random_blocks_16per_3 ----------
[00:00:00:00:141] Expansion 32: New longest path found with length 31: [0, 1, 2, 3, 4, 5, 14, 23, 22, 21, 20, 19, 28, 37, 46, 55, 64, 65, 66, 57, 48, 39, 40, 41, 42, 33, 34, 35, 44, 53, 62, 71]
[00:00:00:01:601] Expansion 465: New longest path found with length 37: [0, 1, 2, 3, 4, 5, 14, 23, 24, 25, 34, 35, 44, 53, 52, 51, 42, 41, 40, 31, 30, 21, 20, 19, 28, 37, 46, 55, 64, 65, 66, 57, 58, 59, 68, 69, 70, 71]
[00:00:00:02:122] Path of length 37 found: [0, 1, 2, 3, 4, 5, 14, 23, 24, 25, 34, 35, 44, 53, 52, 51, 42, 41, 40, 31, 30, 21, 20, 19, 28, 37, 46, 55, 64, 65, 66, 57, 58, 59, 68, 69, 70, 71]
[00:00:00:02:122] ! Unidirectional s-t. expansions: 580, time: 2,122 [ms], path length: 37 [edges], generated: 1,045
[00:00:00:00:141] Expansion 36: New longest path found with length 37: [71, 70, 69, 68, 59, 58, 57, 66, 65, 64, 55, 46, 37, 28, 19, 20, 21, 30, 39, 40, 41, 42, 51, 52, 53, 44, 35, 26, 25, 24, 23, 14, 5, 4, 3, 2, 1, 0]
[00:00:00:02:508] Path of length 37 found: [71, 70, 69, 68, 59, 58, 57, 66, 65, 64, 55, 46, 37, 28, 19, 20, 21, 30, 39, 40, 41, 42, 51, 52, 53, 44, 35, 26, 25, 24, 23, 14, 5, 4, 3, 2, 1, 0]
[00:00:00:02:509] ! Unidirectional t-s. expansions: 508, time: 2,508 [ms], path length: 37 [edges], generated: 931
[00:00:00:00:057] Expansion 8:New longest path found with length 15: [0, 1, 2, 3, 4, 5, 14, 23, 24, 25, 26, 35, 44, 53, 62, 71]
[00:00:00:00:114] Expansion 21:New longest path found with length 29: [0, 1, 2, 3, 4, 5, 14, 23, 22, 21, 20, 19, 28, 37, 46, 47, 48, 49, 58, 59, 60, 51, 42, 33, 34, 35, 44, 53, 62, 71]
[00:00:00:00:127] Expansion 28:New longest path found with length 31: [0, 1, 2, 3, 4, 5, 14, 23, 22, 21, 20, 19, 28, 37, 46, 55, 64, 65, 66, 57, 58, 59, 60, 51, 42, 33, 34, 35, 44, 53, 62, 71]
[00:00:00:02:723] Expansion 404:New longest path found with length 37: [0, 1, 2, 3, 4, 5, 14, 23, 24, 25, 34, 35, 44, 53, 52, 51, 42, 41, 40, 39, 30, 21, 20, 19, 28, 37, 46, 55, 64, 65, 66, 57, 58, 59, 68, 69, 70, 71]
[00:00:00:03:248] Path of length 37 found: [0, 1, 2, 3, 4, 5, 14, 23, 24, 25, 34, 35, 44, 53, 52, 51, 42, 41, 40, 39, 30, 21, 20, 19, 28, 37, 46, 55, 64, 65, 66, 57, 58, 59, 68, 69, 70, 71]
[00:00:00:03:747] ! Bidirectional. expansions: 464, time: 3,248 [ms], path length: 37 [edges], g_F: 19, g_B: 18, generated: {'F': 840, 'B': 930}, MM: 1, MMPER: 1.6315789473684212%
[00:00:00:03:747] 
---------- SM_Grids/8x9_grid_with_random_blocks_16per_4 ----------
[00:00:00:00:136] Expansion 31: New longest path found with length 31: [0, 1, 10, 19, 18, 27, 36, 37, 38, 47, 48, 49, 40, 31, 30, 21, 12, 3, 4, 5, 6, 7, 16, 25, 24, 33, 42, 51, 60, 69, 70, 71]
[00:00:00:00:196] Expansion 58: New longest path found with length 33: [0, 1, 10, 19, 18, 27, 36, 37, 38, 47, 48, 49, 40, 31, 30, 21, 12, 3, 4, 5, 6, 7, 16, 25, 34, 35, 44, 53, 52, 51, 60, 69, 70, 71]
[00:00:00:04:995] Path of length 33 found: [0, 1, 10, 19, 18, 27, 36, 37, 38, 47, 48, 49, 40, 31, 30, 21, 12, 3, 4, 5, 6, 7, 16, 25, 34, 35, 44, 53, 52, 51, 60, 69, 70, 71]
[00:00:00:04:995] ! Unidirectional s-t. expansions: 1,120, time: 4,995 [ms], path length: 33 [edges], generated: 2,010
[00:00:00:00:544] Expansion 203: New longest path found with length 17: [71, 62, 61, 60, 59, 50, 49, 48, 47, 38, 37, 36, 27, 18, 19, 10, 1, 0]
[00:00:00:01:355] Expansion 518: New longest path found with length 27: [71, 62, 61, 60, 59, 50, 49, 48, 47, 38, 29, 30, 31, 32, 33, 24, 25, 16, 7, 6, 5, 4, 3, 12, 11, 10, 1, 0]
[00:00:00:01:643] Expansion 610: New longest path found with length 29: [71, 62, 61, 60, 59, 50, 49, 40, 31, 32, 33, 24, 25, 16, 7, 6, 5, 4, 3, 12, 21, 20, 29, 38, 37, 36, 27, 18, 9, 0]
[00:00:00:02:064] Expansion 742: New longest path found with length 31: [71, 62, 61, 60, 51, 42, 43, 34, 25, 16, 7, 6, 5, 4, 3, 12, 21, 30, 31, 40, 49, 48, 47, 38, 37, 36, 27, 18, 19, 10, 1, 0]
[00:00:00:12:109] Expansion 3,037: New longest path found with length 33: [71, 70, 69, 60, 51, 52, 53, 44, 35, 34, 25, 16, 7, 6, 5, 4, 3, 12, 21, 30, 31, 40, 49, 48, 47, 38, 37, 36, 27, 18, 19, 10, 1, 0]
[00:00:00:17:986] Path of length 33 found: [71, 70, 69, 60, 51, 52, 53, 44, 35, 34, 25, 16, 7, 6, 5, 4, 3, 12, 21, 30, 31, 40, 49, 48, 47, 38, 37, 36, 27, 18, 19, 10, 1, 0]
[00:00:00:17:986] ! Unidirectional t-s. expansions: 4,439, time: 17,986 [ms], path length: 33 [edges], generated: 7,777
[00:00:00:00:271] Expansion 115:New longest path found with length 19: [0, 1, 10, 19, 18, 27, 36, 37, 38, 29, 30, 31, 40, 49, 50, 59, 68, 69, 70, 71]
[00:00:00:00:313] Expansion 126:New longest path found with length 31: [0, 1, 10, 19, 18, 27, 36, 37, 38, 29, 30, 21, 12, 3, 4, 5, 6, 7, 16, 25, 34, 35, 44, 53, 52, 51, 50, 59, 68, 69, 70, 71]
[00:00:00:00:665] Expansion 198:New longest path found with length 33: [0, 1, 10, 19, 18, 27, 36, 37, 38, 47, 48, 49, 40, 31, 30, 21, 12, 3, 4, 5, 6, 7, 16, 25, 34, 35, 44, 53, 52, 51, 60, 69, 70, 71]
[00:00:00:08:361] Path of length 33 found: [0, 1, 10, 19, 18, 27, 36, 37, 38, 47, 48, 49, 40, 31, 30, 21, 12, 3, 4, 5, 6, 7, 16, 25, 34, 35, 44, 53, 52, 51, 60, 69, 70, 71]
[00:00:00:08:839] ! Bidirectional. expansions: 1,192, time: 8,361 [ms], path length: 33 [edges], g_F: 17, g_B: 16, generated: {'F': 1,967, 'B': 2,297}, MM: 1, MMPER: 1.9411764705882355%
[00:00:00:08:840] 
---------- SM_Grids/8x9_grid_with_random_blocks_16per_5 ----------
[00:00:00:00:156] Expansion 30: New longest path found with length 31: [0, 9, 18, 19, 28, 37, 38, 39, 30, 21, 22, 23, 24, 15, 6, 7, 8, 17, 26, 35, 34, 43, 42, 41, 50, 49, 58, 67, 68, 69, 70, 71]
[00:00:00:03:285] Path of length 31 found: [0, 9, 18, 19, 28, 37, 38, 39, 30, 21, 22, 23, 24, 15, 6, 7, 8, 17, 26, 35, 34, 43, 42, 41, 50, 49, 58, 67, 68, 69, 70, 71]
[00:00:00:03:285] ! Unidirectional s-t. expansions: 830, time: 3,285 [ms], path length: 31 [edges], generated: 1,320
[00:00:00:00:101] Expansion 18: New longest path found with length 19: [71, 70, 69, 60, 59, 58, 57, 48, 39, 40, 31, 22, 13, 12, 11, 20, 19, 18, 9, 0]
[00:00:00:00:207] Expansion 55: New longest path found with length 31: [71, 70, 69, 60, 59, 58, 57, 48, 39, 40, 41, 42, 43, 34, 35, 26, 17, 8, 7, 6, 15, 24, 23, 22, 13, 12, 11, 20, 19, 18, 9, 0]
[00:00:00:02:652] Path of length 31 found: [71, 70, 69, 60, 59, 58, 57, 48, 39, 40, 41, 42, 43, 34, 35, 26, 17, 8, 7, 6, 15, 24, 23, 22, 13, 12, 11, 20, 19, 18, 9, 0]
[00:00:00:02:653] ! Unidirectional t-s. expansions: 630, time: 2,652 [ms], path length: 31 [edges], generated: 1,119
[00:00:00:00:101] Expansion 15:New longest path found with length 31: [0, 9, 18, 19, 20, 11, 12, 13, 22, 23, 24, 15, 6, 7, 8, 17, 26, 35, 34, 43, 42, 41, 40, 39, 48, 57, 58, 59, 60, 69, 70, 71]
[00:00:00:01:701] Path of length 31 found: [0, 9, 18, 19, 20, 11, 12, 13, 22, 23, 24, 15, 6, 7, 8, 17, 26, 35, 34, 43, 42, 41, 40, 39, 48, 57, 58, 59, 60, 69, 70, 71]
[00:00:00:02:177] ! Bidirectional. expansions: 202, time: 1,701 [ms], path length: 31 [edges], g_F: 16, g_B: 15, generated: {'F': 424, 'B': 386}, MM: 1, MMPER: 2.125%
[00:00:00:02:178] 
---------- SM_Grids/8x9_grid_with_random_blocks_16per_6 ----------
[00:00:00:00:142] Expansion 25: New longest path found with length 25: [0, 1, 2, 11, 20, 19, 18, 27, 36, 37, 46, 55, 64, 65, 66, 57, 58, 49, 40, 41, 42, 51, 60, 61, 62, 71]
[00:00:00:04:730] Path of length 25 found: [0, 1, 2, 11, 20, 19, 18, 27, 36, 37, 46, 55, 64, 65, 66, 57, 58, 49, 40, 41, 42, 51, 60, 61, 62, 71]
[00:00:00:04:730] ! Unidirectional s-t. expansions: 911, time: 4,730 [ms], path length: 25 [edges], generated: 1,875
[00:00:00:00:107] Expansion 24: New longest path found with length 25: [71, 62, 53, 52, 51, 42, 41, 40, 49, 58, 67, 66, 65, 56, 47, 46, 37, 36, 27, 18, 19, 20, 11, 2, 1, 0]
[00:00:00:02:332] Path of length 25 found: [71, 62, 53, 52, 51, 42, 41, 40, 49, 58, 67, 66, 65, 56, 47, 46, 37, 36, 27, 18, 19, 20, 11, 2, 1, 0]
[00:00:00:02:332] ! Unidirectional t-s. expansions: 601, time: 2,332 [ms], path length: 25 [edges], generated: 984
[00:00:00:00:087] Expansion 13:New longest path found with length 25: [0, 1, 2, 11, 20, 19, 18, 27, 36, 37, 46, 55, 64, 65, 66, 67, 58, 49, 40, 41, 42, 51, 52, 53, 62, 71]
[00:00:00:02:182] Path of length 25 found: [0, 1, 2, 11, 20, 19, 18, 27, 36, 37, 46, 55, 64, 65, 66, 67, 58, 49, 40, 41, 42, 51, 52, 53, 62, 71]
[00:00:00:02:658] ! Bidirectional. expansions: 302, time: 2,182 [ms], path length: 25 [edges], g_F: 13, g_B: 12, generated: {'F': 507, 'B': 567}, MM: 1, MMPER: 2.8461538461538463%
[00:00:00:02:658] 
---------- SM_Grids/8x9_grid_with_random_blocks_16per_7 ----------
[00:00:00:00:167] Expansion 35: New longest path found with length 33: [0, 1, 10, 19, 18, 27, 36, 45, 46, 47, 38, 29, 30, 21, 12, 3, 4, 5, 14, 15, 24, 33, 32, 41, 50, 49, 58, 67, 68, 69, 60, 61, 62, 71]
[00:00:00:01:921] Expansion 646: New longest path found with length 37: [0, 1, 10, 19, 18, 27, 36, 45, 46, 47, 56, 57, 58, 67, 68, 69, 60, 51, 50, 41, 32, 31, 22, 21, 12, 3, 4, 5, 14, 15, 24, 25, 34, 43, 44, 53, 62, 71]
[00:00:00:03:224] Path of length 37 found: [0, 1, 10, 19, 18, 27, 36, 45, 46, 47, 56, 57, 58, 67, 68, 69, 60, 51, 50, 41, 32, 31, 22, 21, 12, 3, 4, 5, 14, 15, 24, 25, 34, 43, 44, 53, 62, 71]
[00:00:00:03:224] ! Unidirectional s-t. expansions: 907, time: 3,224 [ms], path length: 37 [edges], generated: 1,524
[00:00:00:00:140] Expansion 32: New longest path found with length 33: [71, 70, 61, 52, 43, 34, 25, 24, 15, 6, 5, 4, 3, 12, 21, 22, 31, 32, 41, 50, 59, 58, 57, 48, 39, 38, 37, 36, 27, 18, 19, 10, 1, 0]
[00:00:00:02:260] Expansion 474: New longest path found with length 37: [71, 62, 53, 44, 43, 34, 25, 24, 15, 6, 5, 4, 3, 12, 21, 30, 31, 32, 41, 50, 51, 60, 69, 68, 67, 58, 57, 48, 47, 38, 37, 36, 27, 18, 19, 10, 1, 0]
[00:00:00:03:082] Path of length 37 found: [71, 62, 53, 44, 43, 34, 25, 24, 15, 6, 5, 4, 3, 12, 21, 30, 31, 32, 41, 50, 51, 60, 69, 68, 67, 58, 57, 48, 47, 38, 37, 36, 27, 18, 19, 10, 1, 0]
[00:00:00:03:082] ! Unidirectional t-s. expansions: 665, time: 3,082 [ms], path length: 37 [edges], generated: 1,177
[00:00:00:00:112] Expansion 18:New longest path found with length 33: [0, 1, 10, 19, 18, 27, 36, 45, 46, 47, 56, 57, 58, 49, 50, 41, 32, 31, 30, 21, 12, 3, 4, 5, 6, 15, 24, 25, 34, 43, 52, 61, 70, 71]
[00:00:00:02:350] Expansion 311:New longest path found with length 37: [0, 1, 10, 19, 18, 27, 36, 45, 46, 47, 56, 57, 58, 67, 68, 69, 60, 51, 50, 41, 32, 31, 30, 21, 12, 3, 4, 5, 6, 15, 24, 25, 34, 43, 44, 53, 62, 71]
[00:00:00:03:083] Path of length 37 found: [0, 1, 10, 19, 18, 27, 36, 45, 46, 47, 56, 57, 58, 67, 68, 69, 60, 51, 50, 41, 32, 31, 30, 21, 12, 3, 4, 5, 6, 15, 24, 25, 34, 43, 44, 53, 62, 71]
[00:00:00:03:566] ! Bidirectional. expansions: 397, time: 3,083 [ms], path length: 37 [edges], g_F: 19, g_B: 18, generated: {'F': 724, 'B': 764}, MM: 1, MMPER: 1.6315789473684212%
[00:00:00:03:566] 
---------- SM_Grids/8x9_grid_with_random_blocks_16per_8 ----------
[00:00:00:00:151] Expansion 25: New longest path found with length 25: [0, 9, 18, 27, 36, 45, 54, 63, 64, 65, 56, 57, 58, 49, 50, 41, 32, 23, 24, 25, 34, 35, 44, 53, 62, 71]
[00:00:00:00:169] Expansion 33: New longest path found with length 27: [0, 9, 18, 27, 36, 45, 54, 63, 64, 65, 56, 57, 58, 49, 50, 41, 32, 23, 24, 25, 26, 35, 44, 43, 52, 61, 62, 71]
[00:00:00:00:271] Expansion 69: New longest path found with length 29: [0, 9, 18, 27, 36, 45, 54, 63, 64, 65, 56, 57, 48, 39, 38, 29, 20, 11, 12, 13, 22, 31, 32, 41, 50, 51, 52, 61, 62, 71]
[00:00:00:00:393] Expansion 129: New longest path found with length 31: [0, 9, 18, 27, 36, 45, 54, 63, 64, 65, 56, 57, 48, 39, 38, 29, 20, 11, 12, 13, 22, 23, 24, 25, 26, 35, 44, 43, 52, 61, 62, 71]
[00:00:00:00:892] Expansion 267: New longest path found with length 33: [0, 9, 18, 27, 36, 45, 54, 63, 64, 65, 66, 67, 68, 59, 50, 49, 48, 39, 38, 29, 20, 11, 12, 13, 22, 23, 24, 25, 34, 35, 44, 53, 62, 71]
[00:00:00:00:906] Expansion 275: New longest path found with length 35: [0, 9, 18, 27, 36, 45, 54, 63, 64, 65, 66, 67, 68, 59, 50, 49, 48, 39, 38, 29, 20, 11, 12, 13, 22, 23, 24, 25, 26, 35, 44, 43, 52, 61, 62, 71]
[00:00:00:05:217] Path of length 35 found: [0, 9, 18, 27, 36, 45, 54, 63, 64, 65, 66, 67, 68, 59, 50, 49, 48, 39, 38, 29, 20, 11, 12, 13, 22, 23, 24, 25, 26, 35, 44, 43, 52, 61, 62, 71]
[00:00:00:05:217] ! Unidirectional s-t. expansions: 1,301, time: 5,217 [ms], path length: 35 [edges], generated: 2,192
[00:00:00:01:051] Expansion 517: New longest path found with length 19: [71, 62, 61, 52, 43, 44, 35, 26, 25, 24, 23, 32, 31, 30, 21, 12, 11, 10, 9, 0]
[00:00:00:02:188] Expansion 1,040: New longest path found with length 27: [71, 62, 61, 52, 43, 44, 35, 26, 25, 24, 23, 32, 31, 30, 39, 38, 47, 56, 65, 64, 63, 54, 45, 36, 27, 18, 9, 0]
[00:00:00:02:204] Expansion 1,047: New longest path found with length 29: [71, 62, 61, 52, 43, 44, 35, 26, 25, 24, 23, 32, 31, 30, 39, 38, 47, 56, 65, 64, 63, 54, 45, 36, 27, 28, 19, 10, 9, 0]
[00:00:00:02:282] Expansion 1,077: New longest path found with length 31: [71, 62, 61, 52, 43, 44, 35, 26, 25, 24, 23, 32, 31, 30, 39, 48, 49, 50, 59, 68, 67, 66, 65, 56, 55, 54, 45, 36, 27, 18, 9, 0]
[00:00:00:02:295] Expansion 1,084: New longest path found with length 33: [71, 62, 61, 52, 43, 44, 35, 26, 25, 24, 23, 32, 31, 30, 39, 48, 49, 50, 59, 68, 67, 66, 65, 56, 55, 54, 45, 36, 27, 28, 19, 10, 9, 0]
[00:00:00:05:070] Expansion 2,067: New longest path found with length 35: [71, 62, 61, 52, 43, 44, 35, 26, 25, 24, 23, 22, 13, 12, 11, 20, 29, 38, 39, 48, 49, 50, 59, 68, 67, 66, 65, 56, 55, 54, 45, 36, 27, 18, 9, 0]
[00:00:00:09:944] Path of length 35 found: [71, 62, 61, 52, 43, 44, 35, 26, 25, 24, 23, 22, 13, 12, 11, 20, 29, 38, 39, 48, 49, 50, 59, 68, 67, 66, 65, 56, 55, 54, 45, 36, 27, 18, 9, 0]
[00:00:00:09:944] ! Unidirectional t-s. expansions: 3,220, time: 9,944 [ms], path length: 35 [edges], generated: 5,243
[00:00:00:00:097] Expansion 17:New longest path found with length 19: [0, 9, 18, 19, 20, 11, 12, 13, 22, 23, 24, 25, 26, 35, 44, 43, 52, 61, 62, 71]
[00:00:00:00:162] Expansion 33:New longest path found with length 31: [0, 9, 18, 19, 20, 29, 38, 37, 36, 45, 54, 63, 64, 65, 56, 57, 58, 59, 50, 41, 32, 23, 24, 25, 26, 35, 44, 43, 52, 61, 62, 71]
[00:00:00:00:240] Expansion 54:New longest path found with length 33: [0, 9, 18, 19, 20, 21, 30, 39, 38, 37, 36, 45, 54, 63, 64, 65, 56, 57, 58, 49, 50, 41, 32, 23, 24, 25, 26, 35, 44, 43, 52, 61, 62, 71]
[00:00:00:00:602] Expansion 112:New longest path found with length 35: [0, 9, 18, 27, 36, 45, 54, 63, 64, 65, 66, 67, 68, 59, 50, 49, 48, 39, 38, 29, 20, 11, 12, 13, 22, 23, 24, 25, 26, 35, 44, 43, 52, 61, 62, 71]
[00:00:00:02:806] Path of length 35 found: [0, 9, 18, 27, 36, 45, 54, 63, 64, 65, 66, 67, 68, 59, 50, 49, 48, 39, 38, 29, 20, 11, 12, 13, 22, 23, 24, 25, 26, 35, 44, 43, 52, 61, 62, 71]
[00:00:00:03:279] ! Bidirectional. expansions: 414, time: 2,806 [ms], path length: 35 [edges], g_F: 18, g_B: 17, generated: {'F': 752, 'B': 669}, MM: 1, MMPER: 1.7777777777777777%
[00:00:00:03:279] 
---------- SM_Grids/8x9_grid_with_random_blocks_16per_9 ----------
[00:00:00:01:459] Expansion 588: New longest path found with length 17: [0, 1, 2, 3, 12, 21, 22, 23, 32, 33, 34, 35, 44, 53, 52, 61, 70, 71]
[00:00:00:01:561] Expansion 619: New longest path found with length 21: [0, 1, 2, 3, 12, 21, 22, 23, 32, 41, 40, 39, 48, 57, 58, 59, 60, 51, 52, 53, 62, 71]
[00:00:00:02:148] Expansion 747: New longest path found with length 23: [0, 1, 2, 3, 12, 13, 14, 15, 24, 33, 32, 31, 40, 39, 48, 57, 58, 59, 50, 51, 52, 61, 70, 71]
[00:00:00:05:851] Expansion 1,681: New longest path found with length 31: [0, 1, 10, 19, 18, 27, 36, 45, 46, 47, 38, 39, 40, 31, 22, 21, 12, 3, 4, 5, 14, 15, 24, 33, 34, 35, 44, 53, 52, 61, 70, 71]
[00:00:00:06:338] Expansion 1,865: New longest path found with length 35: [0, 1, 10, 19, 18, 27, 36, 45, 46, 47, 48, 57, 58, 59, 50, 41, 40, 31, 22, 21, 12, 3, 4, 5, 14, 15, 24, 33, 34, 35, 44, 53, 52, 61, 70, 71]
[00:00:00:08:168] Path of length 35 found: [0, 1, 10, 19, 18, 27, 36, 45, 46, 47, 48, 57, 58, 59, 50, 41, 40, 31, 22, 21, 12, 3, 4, 5, 14, 15, 24, 33, 34, 35, 44, 53, 52, 61, 70, 71]
[00:00:00:08:168] ! Unidirectional s-t. expansions: 2,235, time: 8,168 [ms], path length: 35 [edges], generated: 3,810
[00:00:00:00:093] Expansion 16: New longest path found with length 17: [71, 62, 53, 44, 35, 26, 25, 24, 33, 32, 31, 22, 13, 4, 3, 2, 1, 0]
[00:00:00:00:163] Expansion 37: New longest path found with length 23: [71, 62, 53, 44, 35, 26, 25, 24, 33, 32, 31, 40, 49, 48, 47, 46, 37, 36, 27, 18, 19, 10, 1, 0]
[00:00:00:00:255] Expansion 60: New longest path found with length 25: [71, 62, 53, 44, 35, 26, 25, 24, 33, 32, 41, 50, 59, 58, 57, 48, 39, 38, 37, 36, 27, 18, 19, 10, 1, 0]
[00:00:00:00:400] Expansion 98: New longest path found with length 33: [71, 62, 53, 44, 35, 26, 25, 24, 15, 6, 5, 4, 3, 12, 21, 22, 31, 32, 41, 50, 59, 58, 57, 48, 39, 38, 37, 36, 27, 18, 19, 10, 1, 0]
[00:00:00:04:220] Expansion 1,057: New longest path found with length 35: [71, 62, 61, 52, 43, 44, 35, 26, 25, 24, 15, 6, 5, 4, 3, 12, 21, 22, 31, 32, 41, 50, 59, 58, 57, 48, 39, 38, 37, 36, 27, 18, 19, 10, 1, 0]
[00:00:00:08:031] Path of length 35 found: [71, 62, 61, 52, 43, 44, 35, 26, 25, 24, 15, 6, 5, 4, 3, 12, 21, 22, 31, 32, 41, 50, 59, 58, 57, 48, 39, 38, 37, 36, 27, 18, 19, 10, 1, 0]
[00:00:00:08:031] ! Unidirectional t-s. expansions: 2,008, time: 8,031 [ms], path length: 35 [edges], generated: 3,388
[00:00:00:02:903] Expansion 1,522:New longest path found with length 15: [0, 1, 2, 3, 12, 21, 22, 31, 40, 49, 50, 51, 60, 61, 70, 71]
[00:00:00:03:585] Expansion 1,846:New longest path found with length 19: [0, 1, 2, 3, 12, 13, 14, 15, 24, 33, 32, 31, 40, 49, 50, 51, 60, 61, 70, 71]
[00:00:00:03:907] Expansion 1,947:New longest path found with length 21: [0, 1, 2, 3, 12, 13, 14, 15, 24, 33, 32, 31, 40, 39, 48, 57, 58, 59, 60, 61, 70, 71]
[00:00:00:04:811] Expansion 2,071:New longest path found with length 23: [0, 1, 2, 3, 12, 13, 14, 15, 24, 33, 32, 31, 40, 39, 48, 57, 58, 59, 50, 51, 52, 61, 70, 71]
[00:00:00:05:547] Expansion 2,170:New longest path found with length 31: [0, 1, 10, 19, 18, 27, 36, 45, 46, 47, 38, 39, 40, 31, 22, 21, 12, 3, 4, 5, 6, 15, 24, 25, 26, 35, 44, 43, 52, 61, 70, 71]
[00:00:00:05:585] Expansion 2,180:New longest path found with length 35: [0, 1, 10, 19, 18, 27, 36, 45, 46, 47, 48, 57, 58, 59, 50, 41, 32, 31, 22, 21, 12, 3, 4, 5, 6, 15, 24, 25, 26, 35, 44, 43, 52, 61, 70, 71]
[00:00:00:09:356] Path of length 35 found: [0, 1, 10, 19, 18, 27, 36, 45, 46, 47, 48, 57, 58, 59, 50, 41, 32, 31, 22, 21, 12, 3, 4, 5, 6, 15, 24, 25, 26, 35, 44, 43, 52, 61, 70, 71]
[00:00:00:09:831] ! Bidirectional. expansions: 2,639, time: 9,356 [ms], path length: 35 [edges], g_F: 18, g_B: 17, generated: {'F': 3,619, 'B': 3,992}, MM: 1, MMPER: 1.7777777777777777%
[00:00:00:09:831] average expansions: (1,937, 2,270, 957, 0)
[00:00:00:09:831] average time: (7,724, 8,468, 6,000, 0)
[00:00:00:09:831] X-DFBnB: 1,937 , 7,724 (expansions , time[ms])
[00:00:00:09:832] BiX-DFBnB: 957 , 6,000 (expansions , time[ms])

