--------------------------
date: SM_Grids
number_of_graphs: 10
graph_type: grid
size_of_graphs: [8, 8]
heuristic: bcc_heuristic
snake: False
run_uni: True
run_bi: True
run_multi: False
solution_vertices: []
algorithms: ['full', 'DFS']
bsd: True
cube_first_dims: 4
cube_buffer_dim: None
backward_sym_generation: False
sym_coil: False
prefix_set: None

---------- SM_Grids/8x8_grid_with_random_blocks_20per_0 ----------
[00:00:00:00:836] Path of length 44 found: [0, 1, 9, 10, 2, 3, 4, 12, 20, 21, 13, 5, 6, 7, 15, 14, 22, 23, 31, 39, 38, 30, 29, 28, 36, 35, 34, 26, 25, 17, 16, 24, 32, 40, 48, 49, 41, 42, 43, 44, 52, 53, 61, 62, 63]
[00:00:00:00:836] ! Unidirectional s-t. expansions: 651, time: 836 [ms], path length: 44 [edges], generated: 1,044
[00:00:00:00:526] Path of length 44 found: [63, 62, 61, 53, 52, 44, 43, 42, 50, 49, 41, 40, 32, 24, 16, 17, 25, 26, 34, 35, 36, 28, 20, 21, 29, 37, 38, 39, 31, 30, 22, 23, 15, 7, 6, 14, 13, 5, 4, 3, 2, 10, 9, 1, 0]
[00:00:00:00:526] ! Unidirectional t-s. expansions: 412, time: 526 [ms], path length: 44 [edges], generated: 729
[00:00:00:00:726] Path of length 44 found: [63, 62, 61, 53, 52, 44, 43, 42, 50, 49, 41, 40, 32, 24, 16, 17, 25, 26, 34, 35, 36, 28, 29, 30, 38, 39, 31, 23, 22, 14, 15, 7, 6, 5, 13, 21, 20, 12, 4, 3, 2, 10, 9, 1, 0]
[00:00:00:01:179] ! Bidirectional. expansions: 498, time: 726 [ms], path length: 44 [edges], g_F: 21, g_B: 23, generated: 839, MM: 2, MMPER: 3.4,444,444,444,444,446%
[00:00:00:01:179] 
---------- SM_Grids/8x8_grid_with_random_blocks_20per_1 ----------
[00:00:00:09:646] Path of length 38 found: [0, 8, 16, 24, 25, 33, 41, 40, 48, 56, 57, 49, 50, 51, 43, 42, 34, 35, 27, 26, 18, 17, 9, 1, 2, 10, 11, 19, 20, 28, 29, 30, 31, 39, 47, 46, 54, 62, 63]
[00:00:00:09:646] ! Unidirectional s-t. expansions: 6,33, time: 9,646 [ms], path length: 38 [edges], generated: 10,444
[00:00:00:03:876] Path of length 38 found: [63, 62, 54, 55, 47, 39, 31, 30, 29, 21, 20, 28, 27, 35, 34, 42, 43, 51, 50, 49, 57, 56, 48, 40, 41, 33, 25, 24, 16, 17, 18, 19, 11, 3, 2, 10, 9, 1, 0]
[00:00:00:03:877] ! Unidirectional t-s. expansions: 2,558, time: 3,876 [ms], path length: 38 [edges], generated: 4,479
[00:00:00:04:438] Path of length 38 found: [63, 62, 54, 55, 47, 39, 31, 30, 29, 21, 20, 28, 27, 19, 11, 3, 2, 1, 9, 17, 18, 26, 34, 42, 43, 51, 50, 49, 57, 56, 48, 40, 41, 33, 25, 24, 16, 8, 0]
[00:00:00:04:868] ! Bidirectional. expansions: 2,307, time: 4,438 [ms], path length: 38 [edges], g_F: 17, g_B: 21, generated: 4,307, MM: 4, MMPER: 9.256,410,256,410,257%
[00:00:00:04:869] 
---------- SM_Grids/8x8_grid_with_random_blocks_20per_2 ----------
[00:00:00:00:999] Path of length 48 found: [0, 8, 16, 17, 9, 1, 2, 3, 4, 12, 13, 5, 6, 14, 15, 23, 22, 21, 20, 19, 18, 26, 34, 33, 41, 40, 48, 56, 57, 49, 50, 58, 59, 60, 61, 53, 45, 37, 36, 28, 29, 30, 31, 39, 38, 46, 54, 62, 63]
[00:00:00:00:999] ! Unidirectional s-t. expansions: 624, time: 999 [ms], path length: 48 [edges], generated: 1,058
[00:00:00:01:159] Path of length 48 found: [63, 62, 54, 53, 61, 60, 59, 58, 50, 49, 57, 56, 48, 40, 41, 33, 34, 26, 18, 19, 20, 12, 13, 21, 29, 28, 36, 37, 45, 46, 47, 39, 38, 30, 31, 23, 15, 14, 6, 5, 4, 3, 2, 1, 9, 17, 16, 8, 0]
[00:00:00:01:160] ! Unidirectional t-s. expansions: 706, time: 1,159 [ms], path length: 48 [edges], generated: 1,155
[00:00:00:00:854] Path of length 48 found: [63, 62, 54, 46, 47, 39, 31, 30, 38, 37, 45, 53, 61, 60, 59, 58, 50, 49, 57, 56, 48, 40, 41, 33, 34, 26, 18, 19, 20, 28, 29, 21, 22, 23, 15, 14, 6, 5, 13, 12, 4, 3, 2, 1, 9, 17, 16, 8, 0]
[00:00:00:01:286] ! Bidirectional. expansions: 489, time: 854 [ms], path length: 48 [edges], g_F: 23, g_B: 25, generated: 866, MM: 2, MMPER: 3.816,326,530,612,246%
[00:00:00:01:286] 
---------- SM_Grids/8x8_grid_with_random_blocks_20per_3 ----------
[00:00:00:00:670] Path of length 46 found: [0, 1, 9, 10, 18, 17, 16, 24, 32, 40, 41, 49, 57, 58, 50, 51, 43, 44, 36, 35, 34, 26, 27, 19, 20, 12, 11, 3, 4, 5, 6, 7, 15, 23, 22, 30, 31, 39, 38, 37, 45, 53, 52, 60, 61, 62, 63]
[00:00:00:00:670] ! Unidirectional s-t. expansions: 423, time: 670 [ms], path length: 46 [edges], generated: 716
[00:00:00:00:859] Path of length 46 found: [63, 62, 61, 60, 52, 53, 45, 44, 43, 51, 50, 58, 57, 49, 41, 40, 32, 24, 16, 17, 18, 19, 27, 26, 34, 35, 36, 37, 29, 30, 38, 39, 31, 23, 15, 7, 6, 5, 13, 12, 4, 3, 11, 10, 9, 1, 0]
[00:00:00:00:859] ! Unidirectional t-s. expansions: 573, time: 859 [ms], path length: 46 [edges], generated: 930
[00:00:00:00:820] Path of length 46 found: [63, 62, 61, 60, 52, 53, 45, 44, 36, 37, 29, 30, 38, 39, 31, 23, 15, 7, 6, 5, 13, 12, 4, 3, 11, 19, 27, 26, 34, 35, 43, 51, 50, 58, 57, 49, 41, 40, 32, 24, 16, 17, 18, 10, 9, 1, 0]
[00:00:00:01:235] ! Bidirectional. expansions: 424, time: 820 [ms], path length: 46 [edges], g_F: 23, g_B: 23, generated: 758, MM: 0, MMPER: -1.0%
[00:00:00:01:235] 
---------- SM_Grids/8x8_grid_with_random_blocks_20per_4 ----------
[00:00:00:23:586] Path of length 44 found: [0, 8, 16, 24, 25, 17, 9, 1, 2, 10, 18, 19, 11, 3, 4, 5, 6, 7, 15, 23, 22, 21, 20, 28, 27, 26, 34, 33, 32, 40, 48, 49, 57, 58, 59, 51, 43, 44, 36, 37, 45, 46, 54, 62, 63]
[00:00:00:23:586] ! Unidirectional s-t. expansions: 16,45, time: 23,586 [ms], path length: 44 [edges], generated: 25,726
[00:00:00:17:290] Path of length 44 found: [63, 55, 54, 46, 38, 37, 29, 21, 22, 23, 15, 7, 6, 5, 4, 3, 11, 10, 2, 1, 9, 17, 18, 26, 27, 19, 20, 28, 36, 44, 43, 51, 59, 58, 57, 49, 48, 40, 41, 33, 25, 24, 16, 8, 0]
[00:00:00:17:291] ! Unidirectional t-s. expansions: 10,486, time: 17,290 [ms], path length: 44 [edges], generated: 19,052
[00:00:00:12:493] Path of length 44 found: [63, 55, 54, 46, 38, 37, 29, 21, 22, 23, 15, 7, 6, 5, 4, 3, 2, 1, 9, 17, 18, 10, 11, 19, 27, 28, 36, 44, 43, 51, 59, 58, 57, 49, 48, 40, 32, 33, 34, 26, 25, 24, 16, 8, 0]
[00:00:00:12:926] ! Bidirectional. expansions: 6,763, time: 12,493 [ms], path length: 44 [edges], g_F: 22, g_B: 22, generated: 12,372, MM: 0, MMPER: -1.0%
[00:00:00:12:926] 
---------- SM_Grids/8x8_grid_with_random_blocks_20per_5 ----------
[00:00:00:02:200] Path of length 46 found: [0, 1, 9, 8, 16, 24, 32, 33, 25, 17, 18, 26, 34, 35, 43, 42, 41, 40, 48, 49, 57, 58, 50, 51, 52, 53, 61, 62, 54, 46, 45, 37, 36, 28, 29, 21, 20, 12, 13, 14, 22, 23, 31, 39, 47, 55, 63]
[00:00:00:02:200] ! Unidirectional s-t. expansions: 1,228, time: 2,200 [ms], path length: 46 [edges], generated: 2,196
[00:00:00:01:358] Path of length 46 found: [63, 55, 47, 46, 54, 62, 61, 53, 45, 37, 38, 39, 31, 23, 15, 14, 22, 21, 13, 12, 20, 28, 36, 35, 34, 26, 18, 17, 25, 33, 41, 42, 43, 51, 59, 58, 50, 49, 48, 40, 32, 24, 16, 8, 9, 1, 0]
[00:00:00:01:358] ! Unidirectional t-s. expansions: 722, time: 1,358 [ms], path length: 46 [edges], generated: 1,323
[00:00:00:01:723] Path of length 46 found: [63, 62, 54, 55, 47, 46, 38, 39, 31, 23, 15, 14, 22, 21, 13, 12, 20, 28, 29, 37, 45, 53, 52, 51, 50, 58, 57, 49, 48, 40, 41, 42, 43, 35, 34, 26, 18, 17, 25, 33, 32, 24, 16, 8, 9, 1, 0]
[00:00:00:02:149] ! Bidirectional. expansions: 910, time: 1,723 [ms], path length: 46 [edges], g_F: 22, g_B: 24, generated: 1,588, MM: 2, MMPER: 3.25,531,914,893,617%
[00:00:00:02:149] 
---------- SM_Grids/8x8_grid_with_random_blocks_20per_6 ----------
[00:00:00:01:499] Path of length 46 found: [0, 1, 9, 8, 16, 17, 18, 10, 11, 19, 27, 28, 36, 44, 43, 42, 50, 49, 48, 56, 57, 58, 59, 51, 52, 60, 61, 62, 54, 53, 45, 37, 29, 21, 20, 12, 4, 5, 13, 14, 15, 23, 31, 39, 47, 55, 63]
[00:00:00:01:499] ! Unidirectional s-t. expansions: 956, time: 1,499 [ms], path length: 46 [edges], generated: 1,538
[00:00:00:01:892] Path of length 46 found: [63, 62, 61, 60, 52, 51, 59, 58, 57, 56, 48, 49, 50, 42, 43, 44, 36, 28, 27, 26, 18, 19, 20, 21, 29, 37, 45, 53, 54, 55, 47, 39, 31, 23, 15, 14, 6, 5, 4, 12, 11, 10, 9, 17, 16, 8, 0]
[00:00:00:01:892] ! Unidirectional t-s. expansions: 1,199, time: 1,892 [ms], path length: 46 [edges], generated: 1,959
[00:00:00:01:525] Path of length 46 found: [63, 62, 54, 55, 47, 39, 31, 23, 15, 14, 6, 5, 4, 12, 13, 21, 29, 37, 45, 53, 61, 60, 52, 51, 59, 58, 57, 56, 48, 49, 50, 42, 43, 44, 36, 28, 27, 19, 11, 10, 18, 17, 16, 8, 9, 1, 0]
[00:00:00:01:956] ! Bidirectional. expansions: 892, time: 1,525 [ms], path length: 46 [edges], g_F: 22, g_B: 24, generated: 1,454, MM: 2, MMPER: 3.25,531,914,893,617%
[00:00:00:01:956] 
---------- SM_Grids/8x8_grid_with_random_blocks_20per_7 ----------
[00:00:00:01:885] Path of length 42 found: [0, 8, 16, 24, 32, 40, 41, 33, 25, 17, 9, 1, 2, 3, 11, 19, 18, 26, 34, 42, 50, 51, 43, 35, 27, 28, 20, 12, 4, 5, 6, 14, 15, 23, 31, 30, 38, 39, 47, 55, 54, 62, 63]
[00:00:00:01:885] ! Unidirectional s-t. expansions: 1,130, time: 1,885 [ms], path length: 42 [edges], generated: 1,924
[00:00:00:00:473] Path of length 42 found: [63, 62, 54, 55, 47, 39, 38, 30, 31, 23, 15, 7, 6, 5, 4, 3, 2, 1, 9, 17, 18, 26, 27, 19, 11, 12, 20, 28, 36, 35, 43, 51, 50, 42, 34, 33, 41, 40, 32, 24, 16, 8, 0]
[00:00:00:00:474] ! Unidirectional t-s. expansions: 292, time: 473 [ms], path length: 42 [edges], generated: 525
[00:00:00:01:799] Path of length 42 found: [63, 62, 54, 55, 47, 39, 38, 30, 31, 23, 15, 7, 6, 5, 4, 3, 2, 1, 9, 17, 25, 26, 27, 19, 11, 12, 20, 28, 36, 35, 43, 51, 50, 42, 34, 33, 41, 40, 32, 24, 16, 8, 0]
[00:00:00:02:232] ! Bidirectional. expansions: 931, time: 1,799 [ms], path length: 42 [edges], g_F: 20, g_B: 22, generated: 1,673, MM: 2, MMPER: 3.6,511,627,906,976,747%
[00:00:00:02:232] 
---------- SM_Grids/8x8_grid_with_random_blocks_20per_8 ----------
[00:00:00:00:161] Path of length 48 found: [0, 8, 16, 24, 32, 33, 25, 17, 9, 10, 2, 3, 11, 19, 20, 12, 4, 5, 13, 14, 6, 7, 15, 23, 22, 21, 29, 28, 27, 35, 36, 44, 52, 51, 50, 42, 41, 49, 57, 58, 59, 60, 61, 53, 45, 46, 47, 55, 63]
[00:00:00:00:161] ! Unidirectional s-t. expansions: 108, time: 161 [ms], path length: 48 [edges], generated: 163
[00:00:00:00:078] Path of length 48 found: [63, 55, 47, 46, 45, 53, 61, 60, 59, 58, 57, 49, 41, 42, 50, 51, 52, 44, 36, 35, 27, 19, 11, 12, 20, 28, 29, 21, 13, 14, 22, 23, 15, 7, 6, 5, 4, 3, 2, 10, 9, 17, 25, 33, 32, 24, 16, 8, 0]
[00:00:00:00:078] ! Unidirectional t-s. expansions: 52, time: 78 [ms], path length: 48 [edges], generated: 80
[00:00:00:00:296] Path of length 48 found: [63, 55, 47, 46, 45, 53, 61, 60, 59, 58, 57, 49, 41, 42, 50, 51, 52, 44, 36, 35, 27, 19, 11, 12, 20, 28, 29, 21, 22, 23, 15, 7, 6, 14, 13, 5, 4, 3, 2, 10, 9, 17, 25, 33, 32, 24, 16, 8, 0]
[00:00:00:00:726] ! Bidirectional. expansions: 152, time: 296 [ms], path length: 48 [edges], g_F: 24, g_B: 24, generated: 272, MM: 0, MMPER: -1.0%
[00:00:00:00:726] 
---------- SM_Grids/8x8_grid_with_random_blocks_20per_9 ----------
[00:00:00:00:063] Path of length 36 found: [0, 8, 9, 1, 2, 10, 18, 26, 34, 35, 27, 28, 36, 44, 45, 37, 29, 21, 13, 5, 6, 7, 15, 14, 22, 23, 31, 30, 38, 39, 47, 55, 54, 53, 61, 62, 63]
[00:00:00:00:063] ! Unidirectional s-t. expansions: 44, time: 63 [ms], path length: 36 [edges], generated: 66
[00:00:00:00:102] Path of length 36 found: [63, 62, 61, 53, 54, 55, 47, 39, 31, 23, 15, 7, 6, 5, 13, 14, 22, 21, 29, 30, 38, 37, 45, 44, 36, 28, 27, 35, 34, 26, 18, 17, 9, 10, 2, 1, 0]
[00:00:00:00:102] ! Unidirectional t-s. expansions: 66, time: 102 [ms], path length: 36 [edges], generated: 106
[00:00:00:00:122] Path of length 36 found: [0, 8, 9, 1, 2, 10, 18, 26, 34, 35, 27, 28, 36, 44, 45, 37, 29, 21, 22, 14, 13, 5, 6, 7, 15, 23, 31, 30, 38, 39, 47, 55, 54, 53, 61, 62, 63]
[00:00:00:00:545] ! Bidirectional. expansions: 63, time: 122 [ms], path length: 36 [edges], g_F: 17, g_B: 19, generated: 109, MM: 2, MMPER: 4.405,405,405,405,405%
[00:00:00:00:545] average expansions: (2,724, 1,707, 1,343, 0)
[00:00:00:00:546] average time: (4,154, 2,761, 2,480, 0)
[00:00:00:00:546] A*: 1,707 , 2,761 (expansions , time[ms])
[00:00:00:00:546] XMM: 1,343 , 2,480 (expansions , time[ms])

[00:00:00:00:546] 
---------- SM_Grids/8x8_grid_with_random_blocks_20per_0 ----------
[00:00:00:01:563] Path of length 44 found: [0, 1, 9, 10, 2, 3, 4, 12, 20, 28, 29, 21, 13, 5, 6, 7, 15, 14, 22, 23, 31, 30, 38, 37, 36, 35, 34, 26, 25, 17, 16, 24, 32, 40, 48, 49, 41, 42, 43, 44, 52, 53, 61, 62, 63]
[00:00:00:01:563] ! Unidirectional s-t. expansions: 650, time: 1,563 [ms], path length: 44 [edges], generated: 1,111
[00:00:00:01:598] Path of length 44 found: [63, 62, 61, 53, 52, 44, 43, 42, 50, 49, 41, 40, 32, 24, 16, 17, 25, 26, 34, 35, 36, 28, 20, 12, 13, 21, 29, 37, 38, 39, 31, 30, 22, 23, 15, 7, 6, 5, 4, 3, 2, 10, 9, 1, 0]
[00:00:00:01:599] ! Unidirectional t-s. expansions: 670, time: 1,598 [ms], path length: 44 [edges], generated: 1,224
[00:00:00:00:573] Path of length 44 found: [0, 1, 9, 10, 2, 3, 4, 12, 20, 28, 29, 21, 13, 5, 6, 7, 15, 14, 22, 23, 31, 30, 38, 37, 36, 35, 34, 26, 25, 17, 16, 24, 32, 40, 41, 49, 50, 42, 43, 44, 52, 53, 61, 62, 63]
[00:00:00:01:018] ! Bidirectional. expansions: 860, time: 573 [ms], path length: 44 [edges], g_F: 22, g_B: 22, generated: {'F': 769, 'B': 621}, MM: 0, MMPER: -1.0%
[00:00:00:01:018] 
---------- SM_Grids/8x8_grid_with_random_blocks_20per_1 ----------
[00:00:00:14:161] Path of length 38 found: [0, 8, 16, 24, 25, 17, 9, 1, 2, 3, 11, 10, 18, 26, 34, 33, 41, 40, 48, 56, 57, 49, 50, 42, 43, 35, 27, 19, 20, 28, 29, 30, 31, 39, 47, 46, 54, 62, 63]
[00:00:00:14:161] ! Unidirectional s-t. expansions: 6,33, time: 14,161 [ms], path length: 38 [edges], generated: 10,719
[00:00:00:05:625] Path of length 38 found: [63, 62, 54, 55, 47, 39, 31, 30, 29, 21, 20, 28, 27, 19, 11, 3, 2, 1, 9, 10, 18, 26, 34, 35, 43, 51, 50, 49, 57, 56, 48, 40, 41, 33, 25, 17, 16, 8, 0]
[00:00:00:05:625] ! Unidirectional t-s. expansions: 2,559, time: 5,625 [ms], path length: 38 [edges], generated: 4,538
[00:00:00:03:669] Path of length 38 found: [0, 8, 16, 24, 25, 17, 9, 1, 2, 3, 11, 10, 18, 26, 34, 33, 41, 40, 48, 56, 57, 49, 50, 51, 43, 35, 27, 28, 20, 21, 29, 30, 31, 39, 47, 55, 54, 62, 63]
[00:00:00:04:094] ! Bidirectional. expansions: 3,983, time: 3,669 [ms], path length: 38 [edges], g_F: 19, g_B: 19, generated: {'F': 3,855, 'B': 4,077}, MM: 0, MMPER: -1.0%
[00:00:00:04:094] 
---------- SM_Grids/8x8_grid_with_random_blocks_20per_2 ----------
[00:00:00:01:473] Path of length 48 found: [0, 8, 16, 17, 9, 1, 2, 3, 4, 12, 20, 19, 18, 26, 34, 33, 41, 40, 48, 56, 57, 49, 50, 58, 59, 60, 61, 53, 45, 37, 36, 28, 29, 21, 13, 5, 6, 14, 15, 23, 22, 30, 31, 39, 38, 46, 54, 62, 63]
[00:00:00:01:473] ! Unidirectional s-t. expansions: 623, time: 1,473 [ms], path length: 48 [edges], generated: 1,105
[00:00:00:01:915] Path of length 48 found: [63, 62, 54, 46, 47, 39, 31, 23, 15, 14, 6, 5, 13, 21, 22, 30, 29, 28, 36, 37, 45, 53, 61, 60, 59, 58, 50, 49, 57, 56, 48, 40, 41, 33, 34, 26, 18, 19, 20, 12, 4, 3, 2, 1, 9, 17, 16, 8, 0]
[00:00:00:01:916] ! Unidirectional t-s. expansions: 822, time: 1,915 [ms], path length: 48 [edges], generated: 1,346
[00:00:00:00:794] Path of length 48 found: [0, 8, 16, 17, 9, 1, 2, 3, 4, 12, 20, 19, 18, 26, 34, 33, 41, 40, 48, 56, 57, 49, 50, 58, 59, 60, 61, 53, 45, 37, 36, 28, 29, 30, 22, 21, 13, 5, 6, 14, 15, 23, 31, 39, 47, 46, 54, 62, 63]
[00:00:00:01:222] ! Bidirectional. expansions: 975, time: 794 [ms], path length: 48 [edges], g_F: 24, g_B: 24, generated: {'F': 921, 'B': 789}, MM: 0, MMPER: -1.0%
[00:00:00:01:222] 
---------- SM_Grids/8x8_grid_with_random_blocks_20per_3 ----------
[00:00:00:01:005] Path of length 46 found: [0, 1, 9, 8, 16, 24, 32, 40, 41, 49, 57, 58, 50, 51, 43, 35, 34, 26, 27, 19, 18, 10, 11, 3, 4, 12, 13, 5, 6, 7, 15, 23, 22, 30, 31, 39, 38, 37, 36, 44, 45, 53, 52, 60, 61, 62, 63]
[00:00:00:01:006] ! Unidirectional s-t. expansions: 424, time: 1,5 [ms], path length: 46 [edges], generated: 730
[00:00:00:01:288] Path of length 46 found: [63, 62, 61, 60, 52, 53, 45, 37, 29, 30, 38, 39, 31, 23, 15, 7, 6, 5, 13, 12, 4, 3, 11, 10, 9, 17, 18, 19, 27, 26, 34, 35, 36, 44, 43, 51, 50, 58, 57, 49, 41, 40, 32, 24, 16, 8, 0]
[00:00:00:01:288] ! Unidirectional t-s. expansions: 592, time: 1,288 [ms], path length: 46 [edges], generated: 969
[00:00:00:00:985] Path of length 46 found: [0, 1, 9, 8, 16, 24, 32, 40, 41, 49, 57, 58, 50, 51, 43, 35, 34, 26, 27, 19, 18, 10, 11, 3, 4, 12, 13, 5, 6, 7, 15, 23, 31, 39, 38, 30, 29, 37, 36, 44, 45, 53, 52, 60, 61, 62, 63]
[00:00:00:01:412] ! Bidirectional. expansions: 1,151, time: 985 [ms], path length: 46 [edges], g_F: 23, g_B: 23, generated: {'F': 1,000, 'B': 970}, MM: 0, MMPER: -1.0%
[00:00:00:01:412] 
---------- SM_Grids/8x8_grid_with_random_blocks_20per_4 ----------
[00:00:00:35:050] Path of length 44 found: [0, 8, 16, 24, 32, 40, 48, 49, 57, 58, 59, 51, 43, 44, 36, 28, 20, 19, 27, 26, 34, 33, 25, 17, 18, 10, 9, 1, 2, 3, 4, 5, 6, 7, 15, 23, 22, 21, 29, 37, 45, 46, 54, 62, 63]
[00:00:00:35:050] ! Unidirectional s-t. expansions: 16,45, time: 35,50 [ms], path length: 44 [edges], generated: 26,500
[00:00:00:24:933] Path of length 44 found: [63, 55, 54, 46, 38, 37, 45, 44, 43, 51, 59, 58, 57, 49, 48, 40, 41, 33, 32, 24, 16, 8, 9, 17, 25, 26, 18, 10, 11, 19, 27, 28, 20, 21, 22, 23, 15, 7, 6, 5, 4, 3, 2, 1, 0]
[00:00:00:24:933] ! Unidirectional t-s. expansions: 10,493, time: 24,933 [ms], path length: 44 [edges], generated: 19,465
[00:00:00:22:552] Path of length 44 found: [0, 8, 16, 24, 32, 40, 48, 49, 57, 58, 59, 51, 43, 44, 36, 28, 20, 19, 11, 10, 18, 26, 34, 33, 25, 17, 9, 1, 2, 3, 4, 5, 6, 7, 15, 23, 22, 21, 29, 37, 38, 46, 54, 55, 63]
[00:00:00:23:011] ! Bidirectional. expansions: 31,834, time: 22,552 [ms], path length: 44 [edges], g_F: 22, g_B: 22, generated: {'F': 26,521, 'B': 27,618}, MM: 0, MMPER: -1.0%
[00:00:00:23:011] 
---------- SM_Grids/8x8_grid_with_random_blocks_20per_5 ----------
[00:00:00:03:161] Path of length 46 found: [0, 1, 9, 8, 16, 24, 32, 40, 48, 49, 57, 58, 59, 51, 50, 42, 41, 33, 25, 17, 18, 26, 34, 35, 36, 28, 20, 12, 13, 21, 22, 14, 15, 23, 31, 39, 38, 37, 45, 53, 61, 62, 54, 46, 47, 55, 63]
[00:00:00:03:161] ! Unidirectional s-t. expansions: 1,237, time: 3,161 [ms], path length: 46 [edges], generated: 2,257
[00:00:00:01:850] Path of length 46 found: [63, 55, 47, 39, 31, 23, 15, 14, 22, 21, 13, 12, 20, 28, 29, 37, 38, 46, 54, 62, 61, 53, 52, 51, 59, 58, 57, 49, 48, 40, 32, 24, 25, 33, 41, 42, 43, 35, 34, 26, 18, 17, 16, 8, 9, 1, 0]
[00:00:00:01:850] ! Unidirectional t-s. expansions: 729, time: 1,850 [ms], path length: 46 [edges], generated: 1,351
[00:00:00:07:225] Path of length 46 found: [0, 1, 9, 8, 16, 24, 32, 40, 48, 49, 57, 58, 50, 42, 41, 33, 25, 17, 18, 26, 34, 35, 43, 51, 52, 53, 61, 62, 54, 46, 38, 37, 29, 28, 20, 12, 13, 21, 22, 14, 15, 23, 31, 39, 47, 55, 63]
[00:00:00:07:650] ! Bidirectional. expansions: 8,474, time: 7,225 [ms], path length: 46 [edges], g_F: 23, g_B: 23, generated: {'F': 7,386, 'B': 7,731}, MM: 0, MMPER: -1.0%
[00:00:00:07:650] 
---------- SM_Grids/8x8_grid_with_random_blocks_20per_6 ----------
[00:00:00:02:261] Path of length 46 found: [0, 1, 9, 8, 16, 17, 18, 10, 11, 19, 27, 28, 20, 21, 13, 12, 4, 5, 6, 14, 15, 23, 31, 39, 38, 37, 36, 44, 45, 53, 52, 51, 43, 42, 50, 49, 48, 56, 57, 58, 59, 60, 61, 62, 54, 55, 63]
[00:00:00:02:261] ! Unidirectional s-t. expansions: 1,12, time: 2,261 [ms], path length: 46 [edges], generated: 1,644
[00:00:00:02:757] Path of length 46 found: [63, 55, 47, 39, 31, 23, 15, 14, 6, 5, 4, 12, 13, 21, 29, 37, 45, 53, 54, 62, 61, 60, 52, 51, 59, 58, 57, 56, 48, 49, 50, 42, 43, 44, 36, 28, 20, 19, 27, 26, 18, 10, 9, 17, 16, 8, 0]
[00:00:00:02:757] ! Unidirectional t-s. expansions: 1,198, time: 2,757 [ms], path length: 46 [edges], generated: 2,032
[00:00:00:01:990] Path of length 46 found: [0, 1, 9, 8, 16, 17, 18, 10, 11, 19, 27, 28, 36, 44, 43, 42, 50, 49, 48, 56, 57, 58, 59, 51, 52, 60, 61, 62, 54, 53, 45, 37, 29, 21, 20, 12, 4, 5, 6, 14, 15, 23, 31, 39, 47, 55, 63]
[00:00:00:02:441] ! Bidirectional. expansions: 2,461, time: 1,990 [ms], path length: 46 [edges], g_F: 23, g_B: 23, generated: {'F': 2,152, 'B': 2,119}, MM: 0, MMPER: -1.0%
[00:00:00:02:441] 
---------- SM_Grids/8x8_grid_with_random_blocks_20per_7 ----------
[00:00:00:02:700] Path of length 42 found: [0, 8, 16, 24, 32, 40, 41, 33, 25, 17, 9, 1, 2, 3, 11, 19, 18, 26, 34, 42, 50, 51, 43, 35, 27, 28, 20, 12, 4, 5, 6, 14, 15, 23, 31, 30, 38, 39, 47, 55, 54, 62, 63]
[00:00:00:02:700] ! Unidirectional s-t. expansions: 1,131, time: 2,700 [ms], path length: 42 [edges], generated: 1,999
[00:00:00:00:727] Path of length 42 found: [63, 62, 54, 55, 47, 39, 38, 30, 31, 23, 15, 7, 6, 5, 4, 3, 2, 1, 9, 17, 25, 33, 34, 26, 18, 19, 11, 12, 20, 28, 27, 35, 43, 51, 50, 42, 41, 40, 32, 24, 16, 8, 0]
[00:00:00:00:728] ! Unidirectional t-s. expansions: 297, time: 728 [ms], path length: 42 [edges], generated: 549
[00:00:00:00:965] Path of length 42 found: [0, 8, 16, 24, 32, 40, 41, 33, 25, 17, 9, 1, 2, 3, 11, 19, 18, 26, 34, 42, 50, 51, 43, 35, 27, 28, 20, 12, 4, 5, 6, 7, 15, 23, 31, 30, 38, 39, 47, 55, 54, 62, 63]
[00:00:00:01:383] ! Bidirectional. expansions: 1,148, time: 965 [ms], path length: 42 [edges], g_F: 21, g_B: 21, generated: {'F': 1,025, 'B': 1,013}, MM: 0, MMPER: -1.0%
[00:00:00:01:383] 
---------- SM_Grids/8x8_grid_with_random_blocks_20per_8 ----------
[00:00:00:00:238] Path of length 48 found: [0, 8, 16, 24, 32, 33, 25, 17, 9, 10, 2, 3, 11, 19, 20, 12, 4, 5, 13, 14, 6, 7, 15, 23, 22, 21, 29, 28, 27, 35, 36, 44, 52, 51, 50, 42, 41, 49, 57, 58, 59, 60, 61, 53, 45, 46, 47, 55, 63]
[00:00:00:00:238] ! Unidirectional s-t. expansions: 107, time: 238 [ms], path length: 48 [edges], generated: 169
[00:00:00:00:302] Path of length 48 found: [63, 55, 47, 46, 45, 53, 61, 60, 59, 58, 57, 49, 41, 42, 50, 51, 52, 44, 36, 35, 27, 19, 11, 12, 20, 28, 29, 21, 13, 14, 22, 23, 15, 7, 6, 5, 4, 3, 2, 10, 9, 17, 25, 33, 32, 24, 16, 8, 0]
[00:00:00:00:302] ! Unidirectional t-s. expansions: 144, time: 302 [ms], path length: 48 [edges], generated: 221
[00:00:00:00:103] Path of length 48 found: [0, 8, 16, 24, 32, 33, 25, 17, 9, 10, 2, 3, 11, 19, 20, 12, 4, 5, 13, 14, 6, 7, 15, 23, 22, 21, 29, 28, 27, 35, 36, 44, 52, 51, 50, 42, 41, 49, 57, 58, 59, 60, 61, 53, 45, 46, 47, 55, 63]
[00:00:00:00:523] ! Bidirectional. expansions: 94, time: 103 [ms], path length: 48 [edges], g_F: 24, g_B: 24, generated: {'F': 80, 'B': 81}, MM: 0, MMPER: -1.0%
[00:00:00:00:523] 
---------- SM_Grids/8x8_grid_with_random_blocks_20per_9 ----------
[00:00:00:00:089] Path of length 36 found: [0, 8, 9, 1, 2, 10, 18, 26, 34, 35, 27, 28, 36, 44, 45, 37, 29, 21, 13, 5, 6, 7, 15, 14, 22, 23, 31, 30, 38, 39, 47, 55, 54, 53, 61, 62, 63]
[00:00:00:00:089] ! Unidirectional s-t. expansions: 43, time: 89 [ms], path length: 36 [edges], generated: 66
[00:00:00:00:513] Path of length 36 found: [63, 62, 61, 53, 54, 55, 47, 39, 31, 23, 15, 7, 6, 5, 13, 14, 22, 21, 29, 30, 38, 37, 45, 44, 36, 28, 27, 35, 34, 26, 18, 17, 9, 10, 2, 1, 0]
[00:00:00:00:513] ! Unidirectional t-s. expansions: 235, time: 513 [ms], path length: 36 [edges], generated: 401
[00:00:00:00:066] Path of length 36 found: [0, 8, 9, 1, 2, 10, 18, 26, 34, 35, 27, 28, 36, 44, 45, 37, 38, 30, 29, 21, 22, 14, 13, 5, 6, 7, 15, 23, 31, 39, 47, 55, 54, 53, 61, 62, 63]
[00:00:00:00:480] ! Bidirectional. expansions: 77, time: 66 [ms], path length: 36 [edges], g_F: 18, g_B: 18, generated: {'F': 77, 'B': 67}, MM: 0, MMPER: -1.0%
[00:00:00:00:480] average expansions: (2,730, 1,774, 5,106, 0)
[00:00:00:00:480] average time: (6,170, 4,151, 3,892, 0)
[00:00:00:00:480] X-DFBnB: 1,774 , 4,151 (expansions , time[ms])
[00:00:00:00:480] BiX-DFBnB: 5,106 , 3,892 (expansions , time[ms])

