--------------------------
date: SM_Grids
number_of_graphs: 10
graph_type: grid
size_of_graphs: [7, 7]
heuristic: bcc_heuristic
snake: False
run_uni: True
run_bi: True
run_multi: False
solution_vertices: []
algorithms: ['full', 'DFS']
bsd: True
cube_first_dims: 4
cube_buffer_dim: None
backward_sym_generation: False
sym_coil: False
prefix_set: None

---------- SM_Grids/7x7_grid_with_random_blocks_8per_0 ----------
[00:00:00:01:498] Path of length 44 found: [0, 7, 8, 1, 2, 9, 16, 15, 22, 21, 28, 35, 42, 43, 36, 29, 30, 37, 44, 45, 46, 39, 38, 31, 32, 25, 18, 17, 10, 3, 4, 11, 12, 5, 6, 13, 20, 19, 26, 27, 34, 33, 40, 47, 48]
[00:00:00:01:498] ! Unidirectional s-t. expansions: 1,244, time: 1,498 [ms], path length: 44 [edges], generated: 2,099
[00:00:00:04:048] Path of length 44 found: [48, 41, 34, 27, 20, 13, 6, 5, 4, 3, 2, 9, 16, 17, 10, 11, 12, 19, 18, 25, 26, 33, 32, 31, 30, 29, 36, 37, 38, 39, 40, 47, 46, 45, 44, 43, 42, 35, 28, 21, 22, 15, 8, 1, 0]
[00:00:00:04:048] ! Unidirectional t-s. expansions: 3,188, time: 4,48 [ms], path length: 44 [edges], generated: 5,354
[00:00:00:00:973] Path of length 44 found: [48, 41, 34, 27, 20, 13, 6, 5, 4, 3, 10, 17, 18, 11, 12, 19, 26, 25, 32, 33, 40, 47, 46, 45, 44, 37, 38, 31, 30, 29, 36, 43, 42, 35, 28, 21, 22, 15, 16, 9, 2, 1, 8, 7, 0]
[00:00:00:01:324] ! Bidirectional. expansions: 555, time: 973 [ms], path length: 44 [edges], g_F: 22, g_B: 22, generated: 1,036, MM: 0, MMPER: -1.0%
[00:00:00:01:324] 
---------- SM_Grids/7x7_grid_with_random_blocks_8per_1 ----------
[00:00:00:16:175] Path of length 42 found: [0, 7, 14, 21, 28, 35, 42, 43, 36, 29, 22, 15, 8, 9, 2, 3, 10, 11, 4, 5, 6, 13, 12, 19, 20, 27, 34, 41, 40, 33, 26, 25, 18, 17, 16, 23, 30, 31, 38, 39, 46, 47, 48]
[00:00:00:16:175] ! Unidirectional s-t. expansions: 10,625, time: 16,175 [ms], path length: 42 [edges], generated: 18,691
[00:00:00:18:215] Path of length 42 found: [48, 41, 34, 27, 20, 13, 6, 5, 12, 19, 26, 25, 32, 33, 40, 47, 46, 39, 38, 31, 30, 29, 36, 43, 42, 35, 28, 21, 22, 23, 24, 17, 18, 11, 4, 3, 2, 9, 16, 15, 8, 7, 0]
[00:00:00:18:216] ! Unidirectional t-s. expansions: 11,809, time: 18,215 [ms], path length: 42 [edges], generated: 20,442
[00:00:00:08:930] Path of length 42 found: [48, 41, 34, 27, 20, 13, 6, 5, 4, 3, 2, 9, 8, 15, 22, 23, 16, 17, 10, 11, 12, 19, 18, 25, 32, 33, 40, 47, 46, 39, 38, 31, 30, 29, 36, 43, 42, 35, 28, 21, 14, 7, 0]
[00:00:00:09:339] ! Bidirectional. expansions: 4,834, time: 8,930 [ms], path length: 42 [edges], g_F: 20, g_B: 22, generated: 9,389, MM: 2, MMPER: 3.6,511,627,906,976,747%
[00:00:00:09:339] 
---------- SM_Grids/7x7_grid_with_random_blocks_8per_2 ----------
[00:00:00:04:489] Path of length 44 found: [0, 7, 14, 21, 22, 29, 28, 35, 36, 43, 44, 45, 46, 47, 40, 33, 32, 39, 38, 37, 30, 31, 24, 23, 16, 15, 8, 9, 2, 3, 10, 17, 18, 11, 4, 5, 6, 13, 12, 19, 26, 27, 34, 41, 48]
[00:00:00:04:489] ! Unidirectional s-t. expansions: 2,734, time: 4,489 [ms], path length: 44 [edges], generated: 4,865
[00:00:00:06:367] Path of length 44 found: [48, 41, 34, 27, 20, 13, 6, 5, 4, 3, 2, 9, 10, 17, 18, 11, 12, 19, 26, 33, 32, 39, 40, 47, 46, 45, 38, 37, 44, 43, 36, 35, 28, 21, 22, 29, 30, 31, 24, 23, 16, 15, 8, 7, 0]
[00:00:00:06:367] ! Unidirectional t-s. expansions: 3,909, time: 6,367 [ms], path length: 44 [edges], generated: 6,874
[00:00:00:02:616] Path of length 44 found: [48, 41, 34, 27, 20, 13, 6, 5, 4, 3, 2, 9, 8, 15, 22, 29, 30, 37, 38, 31, 24, 23, 16, 17, 18, 11, 12, 19, 26, 33, 32, 39, 40, 47, 46, 45, 44, 43, 36, 35, 28, 21, 14, 7, 0]
[00:00:00:02:936] ! Bidirectional. expansions: 1,388, time: 2,616 [ms], path length: 44 [edges], g_F: 22, g_B: 22, generated: 2,721, MM: 0, MMPER: -1.0%
[00:00:00:02:937] 
---------- SM_Grids/7x7_grid_with_random_blocks_8per_3 ----------
[00:00:00:06:654] Path of length 44 found: [0, 7, 14, 21, 28, 35, 42, 43, 44, 37, 30, 29, 22, 23, 16, 9, 8, 1, 2, 3, 10, 17, 24, 31, 38, 45, 46, 39, 32, 25, 18, 11, 4, 5, 6, 13, 12, 19, 20, 27, 26, 33, 40, 47, 48]
[00:00:00:06:654] ! Unidirectional s-t. expansions: 4,624, time: 6,654 [ms], path length: 44 [edges], generated: 7,658
[00:00:00:00:929] Path of length 44 found: [48, 41, 40, 47, 46, 39, 32, 33, 26, 27, 20, 13, 6, 5, 4, 3, 2, 1, 8, 9, 16, 17, 10, 11, 12, 19, 18, 25, 24, 23, 22, 29, 30, 31, 38, 37, 44, 43, 42, 35, 28, 21, 14, 7, 0]
[00:00:00:00:929] ! Unidirectional t-s. expansions: 601, time: 929 [ms], path length: 44 [edges], generated: 1,059
[00:00:00:03:863] Path of length 44 found: [48, 41, 40, 47, 46, 39, 32, 33, 26, 27, 20, 13, 6, 5, 4, 3, 2, 1, 8, 9, 10, 11, 12, 19, 18, 17, 16, 23, 24, 31, 30, 37, 38, 45, 44, 43, 42, 35, 28, 29, 22, 21, 14, 7, 0]
[00:00:00:04:189] ! Bidirectional. expansions: 2,191, time: 3,863 [ms], path length: 44 [edges], g_F: 22, g_B: 22, generated: 4,054, MM: 0, MMPER: -1.0%
[00:00:00:04:189] 
---------- SM_Grids/7x7_grid_with_random_blocks_8per_4 ----------
[00:00:00:00:633] Path of length 44 found: [0, 7, 14, 21, 28, 35, 42, 43, 36, 37, 38, 45, 46, 47, 40, 39, 32, 33, 26, 19, 18, 25, 24, 31, 30, 29, 22, 23, 16, 15, 8, 1, 2, 9, 10, 11, 4, 5, 12, 13, 20, 27, 34, 41, 48]
[00:00:00:00:633] ! Unidirectional s-t. expansions: 420, time: 633 [ms], path length: 44 [edges], generated: 705
[00:00:00:01:470] Path of length 44 found: [48, 41, 34, 27, 26, 33, 32, 39, 40, 47, 46, 45, 38, 31, 30, 37, 36, 43, 42, 35, 28, 29, 22, 21, 14, 7, 8, 15, 16, 23, 24, 25, 18, 19, 20, 13, 6, 5, 4, 11, 10, 9, 2, 1, 0]
[00:00:00:01:470] ! Unidirectional t-s. expansions: 939, time: 1,470 [ms], path length: 44 [edges], generated: 1,606
[00:00:00:00:589] Path of length 44 found: [48, 41, 34, 27, 26, 33, 32, 39, 40, 47, 46, 45, 38, 37, 30, 31, 24, 25, 18, 19, 20, 13, 6, 5, 4, 11, 10, 9, 2, 1, 8, 15, 16, 23, 22, 29, 36, 43, 42, 35, 28, 21, 14, 7, 0]
[00:00:00:00:910] ! Bidirectional. expansions: 337, time: 589 [ms], path length: 44 [edges], g_F: 22, g_B: 22, generated: 614, MM: 0, MMPER: -1.0%
[00:00:00:00:910] 
---------- SM_Grids/7x7_grid_with_random_blocks_8per_5 ----------
[00:00:00:01:043] Path of length 44 found: [0, 1, 2, 3, 10, 9, 8, 7, 14, 15, 22, 21, 28, 35, 42, 43, 44, 45, 46, 39, 40, 33, 26, 25, 32, 31, 38, 37, 36, 29, 30, 23, 24, 17, 18, 11, 12, 5, 6, 13, 20, 27, 34, 41, 48]
[00:00:00:01:044] ! Unidirectional s-t. expansions: 676, time: 1,43 [ms], path length: 44 [edges], generated: 1,166
[00:00:00:03:402] Path of length 44 found: [48, 41, 34, 27, 20, 13, 6, 5, 12, 11, 18, 19, 26, 25, 32, 33, 40, 39, 46, 45, 38, 31, 30, 29, 36, 37, 44, 43, 42, 35, 28, 21, 14, 15, 22, 23, 24, 17, 10, 3, 2, 9, 8, 1, 0]
[00:00:00:03:402] ! Unidirectional t-s. expansions: 2,364, time: 3,402 [ms], path length: 44 [edges], generated: 3,809
[00:00:00:00:868] Path of length 44 found: [48, 41, 34, 27, 20, 13, 6, 5, 12, 11, 18, 19, 26, 25, 32, 33, 40, 39, 46, 45, 38, 31, 24, 23, 30, 29, 36, 37, 44, 43, 42, 35, 28, 21, 22, 15, 14, 7, 8, 9, 10, 3, 2, 1, 0]
[00:00:00:01:192] ! Bidirectional. expansions: 481, time: 868 [ms], path length: 44 [edges], g_F: 22, g_B: 22, generated: 904, MM: 0, MMPER: -1.0%
[00:00:00:01:192] 
---------- SM_Grids/7x7_grid_with_random_blocks_8per_6 ----------
[00:00:00:03:778] Path of length 44 found: [0, 1, 8, 15, 14, 21, 28, 35, 42, 43, 36, 29, 22, 23, 30, 37, 44, 45, 46, 39, 38, 31, 24, 17, 16, 9, 2, 3, 4, 11, 18, 25, 26, 19, 12, 5, 6, 13, 20, 27, 34, 33, 40, 47, 48]
[00:00:00:03:779] ! Unidirectional s-t. expansions: 2,782, time: 3,778 [ms], path length: 44 [edges], generated: 4,387
[00:00:00:02:704] Path of length 44 found: [48, 41, 34, 27, 20, 13, 6, 5, 12, 19, 26, 33, 40, 47, 46, 39, 38, 45, 44, 37, 36, 43, 42, 35, 28, 21, 14, 15, 8, 9, 16, 23, 22, 29, 30, 31, 24, 17, 18, 11, 4, 3, 2, 1, 0]
[00:00:00:02:705] ! Unidirectional t-s. expansions: 1,729, time: 2,705 [ms], path length: 44 [edges], generated: 2,989
[00:00:00:01:878] Path of length 44 found: [48, 41, 34, 27, 20, 13, 6, 5, 4, 3, 2, 9, 16, 23, 22, 29, 36, 37, 30, 31, 24, 17, 18, 11, 12, 19, 26, 33, 40, 47, 46, 39, 38, 45, 44, 43, 42, 35, 28, 21, 14, 15, 8, 1, 0]
[00:00:00:02:192] ! Bidirectional. expansions: 1,145, time: 1,878 [ms], path length: 44 [edges], g_F: 22, g_B: 22, generated: 1,963, MM: 0, MMPER: -1.0%
[00:00:00:02:192] 
---------- SM_Grids/7x7_grid_with_random_blocks_8per_7 ----------
[00:00:00:21:324] Path of length 42 found: [0, 7, 14, 21, 28, 35, 42, 43, 36, 29, 22, 15, 8, 1, 2, 9, 16, 23, 30, 37, 44, 45, 46, 39, 38, 31, 24, 17, 10, 3, 4, 5, 12, 11, 18, 19, 26, 25, 32, 33, 40, 47, 48]
[00:00:00:21:324] ! Unidirectional s-t. expansions: 13,307, time: 21,324 [ms], path length: 42 [edges], generated: 23,586
[00:00:00:07:736] Path of length 42 found: [48, 41, 40, 47, 46, 39, 32, 33, 26, 19, 12, 5, 4, 3, 2, 9, 16, 17, 10, 11, 18, 25, 24, 23, 22, 29, 36, 37, 30, 31, 38, 45, 44, 43, 42, 35, 28, 21, 14, 15, 8, 1, 0]
[00:00:00:07:736] ! Unidirectional t-s. expansions: 4,816, time: 7,736 [ms], path length: 42 [edges], generated: 8,695
[00:00:00:14:272] Path of length 42 found: [48, 41, 40, 47, 46, 39, 32, 33, 26, 19, 12, 5, 4, 3, 2, 1, 8, 15, 22, 29, 36, 37, 30, 23, 16, 9, 10, 11, 18, 17, 24, 31, 38, 45, 44, 43, 42, 35, 28, 21, 14, 7, 0]
[00:00:00:14:594] ! Bidirectional. expansions: 7,488, time: 14,272 [ms], path length: 42 [edges], g_F: 21, g_B: 21, generated: 14,644, MM: 0, MMPER: -1.0%
[00:00:00:14:594] 
---------- SM_Grids/7x7_grid_with_random_blocks_8per_8 ----------
[00:00:00:38:307] Path of length 42 found: [0, 7, 8, 1, 2, 9, 10, 3, 4, 11, 12, 5, 6, 13, 20, 19, 18, 17, 24, 23, 16, 15, 22, 21, 28, 35, 42, 43, 44, 37, 38, 45, 46, 39, 32, 25, 26, 27, 34, 33, 40, 47, 48]
[00:00:00:38:307] ! Unidirectional s-t. expansions: 24,280, time: 38,307 [ms], path length: 42 [edges], generated: 44,455
[00:00:00:56:945] Path of length 42 found: [48, 41, 34, 27, 20, 13, 6, 5, 4, 3, 2, 9, 16, 23, 24, 17, 10, 11, 12, 19, 18, 25, 26, 33, 40, 47, 46, 39, 32, 31, 38, 37, 44, 43, 42, 35, 28, 21, 22, 15, 8, 1, 0]
[00:00:00:56:945] ! Unidirectional t-s. expansions: 36,54, time: 56,945 [ms], path length: 42 [edges], generated: 63,852
[00:00:00:35:728] Path of length 42 found: [48, 41, 34, 27, 20, 13, 6, 5, 12, 19, 26, 33, 32, 39, 40, 47, 46, 45, 38, 37, 44, 43, 42, 35, 28, 21, 22, 15, 16, 23, 24, 17, 18, 11, 4, 3, 10, 9, 2, 1, 8, 7, 0]
[00:00:00:36:060] ! Bidirectional. expansions: 19,470, time: 35,728 [ms], path length: 42 [edges], g_F: 20, g_B: 22, generated: 37,858, MM: 2, MMPER: 3.6,511,627,906,976,747%
[00:00:00:36:060] 
---------- SM_Grids/7x7_grid_with_random_blocks_8per_9 ----------
[00:00:00:04:506] Path of length 44 found: [0, 7, 14, 21, 28, 35, 42, 43, 36, 29, 22, 15, 8, 1, 2, 9, 16, 23, 30, 37, 44, 45, 46, 39, 38, 31, 32, 25, 18, 17, 10, 3, 4, 11, 12, 5, 6, 13, 20, 27, 26, 33, 40, 41, 48]
[00:00:00:04:507] ! Unidirectional s-t. expansions: 2,878, time: 4,506 [ms], path length: 44 [edges], generated: 4,725
[00:00:00:01:462] Path of length 44 found: [48, 41, 34, 33, 40, 39, 46, 45, 38, 37, 44, 43, 42, 35, 36, 29, 28, 21, 14, 7, 8, 9, 16, 15, 22, 23, 30, 31, 32, 25, 26, 27, 20, 13, 6, 5, 12, 11, 18, 17, 10, 3, 2, 1, 0]
[00:00:00:01:462] ! Unidirectional t-s. expansions: 971, time: 1,462 [ms], path length: 44 [edges], generated: 1,636
[00:00:00:03:150] Path of length 44 found: [48, 41, 34, 27, 20, 13, 6, 5, 12, 11, 4, 3, 2, 1, 8, 15, 22, 23, 16, 9, 10, 17, 18, 25, 32, 33, 40, 39, 46, 45, 44, 37, 38, 31, 30, 29, 36, 43, 42, 35, 28, 21, 14, 7, 0]
[00:00:00:03:466] ! Bidirectional. expansions: 1,868, time: 3,151 [ms], path length: 44 [edges], g_F: 22, g_B: 22, generated: 3,256, MM: 0, MMPER: -1.0%
[00:00:00:03:466] average expansions: (6,357, 6,638, 3,976, 0)
[00:00:00:03:466] average time: (9,841, 10,328, 7,287, 0)
[00:00:00:03:466] A*: 6,357 , 9,841 (expansions , time[ms])
[00:00:00:03:466] XMM: 3,976 , 7,287 (expansions , time[ms])

[00:00:00:03:467] 
---------- SM_Grids/7x7_grid_with_random_blocks_8per_0 ----------
[00:00:00:02:721] Path of length 44 found: [0, 7, 8, 1, 2, 9, 16, 15, 22, 21, 28, 35, 42, 43, 36, 29, 30, 37, 44, 45, 38, 31, 32, 25, 18, 17, 10, 3, 4, 11, 12, 5, 6, 13, 20, 19, 26, 27, 34, 33, 40, 39, 46, 47, 48]
[00:00:00:02:721] ! Unidirectional s-t. expansions: 1,245, time: 2,721 [ms], path length: 44 [edges], generated: 2,220
[00:00:00:07:180] Path of length 44 found: [48, 41, 34, 27, 20, 13, 6, 5, 4, 3, 2, 9, 16, 17, 10, 11, 12, 19, 18, 25, 26, 33, 32, 31, 30, 29, 36, 37, 38, 39, 40, 47, 46, 45, 44, 43, 42, 35, 28, 21, 22, 15, 8, 1, 0]
[00:00:00:07:181] ! Unidirectional t-s. expansions: 3,187, time: 7,180 [ms], path length: 44 [edges], generated: 5,723
[00:00:00:07:076] Path of length 44 found: [0, 7, 8, 1, 2, 9, 16, 15, 22, 21, 28, 35, 42, 43, 36, 29, 30, 37, 44, 45, 38, 39, 46, 47, 40, 33, 32, 25, 26, 19, 12, 11, 18, 17, 10, 3, 4, 5, 6, 13, 20, 27, 34, 41, 48]
[00:00:00:07:393] ! Bidirectional. expansions: 9,900, time: 7,77 [ms], path length: 44 [edges], g_F: 22, g_B: 22, generated: {'F': 9,667, 'B': 8,662}, MM: 0, MMPER: -1.0%
[00:00:00:07:393] 
---------- SM_Grids/7x7_grid_with_random_blocks_8per_1 ----------
[00:00:00:23:721] Path of length 42 found: [0, 7, 14, 21, 28, 35, 42, 43, 36, 29, 22, 15, 8, 9, 2, 3, 10, 17, 16, 23, 30, 31, 24, 25, 18, 11, 4, 5, 6, 13, 12, 19, 20, 27, 26, 33, 32, 39, 46, 47, 40, 41, 48]
[00:00:00:23:721] ! Unidirectional s-t. expansions: 10,627, time: 23,721 [ms], path length: 42 [edges], generated: 19,796
[00:00:00:27:048] Path of length 42 found: [48, 41, 34, 27, 20, 13, 6, 5, 4, 3, 2, 9, 8, 15, 22, 23, 16, 17, 10, 11, 12, 19, 18, 25, 26, 33, 40, 47, 46, 39, 32, 31, 30, 29, 36, 43, 42, 35, 28, 21, 14, 7, 0]
[00:00:00:27:048] ! Unidirectional t-s. expansions: 11,818, time: 27,48 [ms], path length: 42 [edges], generated: 21,875
[00:00:00:24:799] Path of length 42 found: [0, 7, 14, 21, 28, 35, 42, 43, 36, 29, 22, 15, 16, 23, 30, 31, 38, 39, 46, 47, 40, 33, 26, 19, 12, 11, 18, 25, 24, 17, 10, 9, 2, 3, 4, 5, 6, 13, 20, 27, 34, 41, 48]
[00:00:00:25:120] ! Bidirectional. expansions: 37,773, time: 24,799 [ms], path length: 42 [edges], g_F: 21, g_B: 21, generated: {'F': 37,684, 'B': 35,547}, MM: 0, MMPER: -1.0%
[00:00:00:25:120] 
---------- SM_Grids/7x7_grid_with_random_blocks_8per_2 ----------
[00:00:00:06:313] Path of length 44 found: [0, 7, 14, 21, 28, 35, 36, 43, 44, 37, 30, 29, 22, 15, 8, 9, 2, 3, 10, 17, 16, 23, 24, 31, 38, 45, 46, 39, 32, 33, 26, 19, 18, 11, 4, 5, 12, 13, 20, 27, 34, 41, 40, 47, 48]
[00:00:00:06:313] ! Unidirectional s-t. expansions: 2,737, time: 6,313 [ms], path length: 44 [edges], generated: 5,124
[00:00:00:09:521] Path of length 44 found: [48, 41, 34, 27, 20, 13, 6, 5, 4, 3, 2, 9, 8, 15, 22, 29, 30, 37, 38, 31, 24, 23, 16, 17, 10, 11, 18, 19, 26, 33, 32, 39, 40, 47, 46, 45, 44, 43, 36, 35, 28, 21, 14, 7, 0]
[00:00:00:09:521] ! Unidirectional t-s. expansions: 4,61, time: 9,521 [ms], path length: 44 [edges], generated: 7,515
[00:00:00:13:759] Path of length 44 found: [0, 7, 14, 21, 28, 35, 36, 43, 44, 37, 30, 29, 22, 15, 16, 23, 24, 31, 32, 39, 38, 45, 46, 47, 40, 33, 26, 19, 12, 11, 18, 17, 10, 9, 2, 3, 4, 5, 6, 13, 20, 27, 34, 41, 48]
[00:00:00:14:099] ! Bidirectional. expansions: 19,615, time: 13,759 [ms], path length: 44 [edges], g_F: 22, g_B: 22, generated: {'F': 19,082, 'B': 18,148}, MM: 0, MMPER: -1.0%
[00:00:00:14:100] 
---------- SM_Grids/7x7_grid_with_random_blocks_8per_3 ----------
[00:00:00:10:155] Path of length 44 found: [0, 7, 14, 21, 28, 35, 42, 43, 44, 37, 30, 29, 22, 23, 16, 9, 8, 1, 2, 3, 10, 17, 24, 31, 38, 45, 46, 39, 32, 25, 18, 11, 4, 5, 6, 13, 12, 19, 20, 27, 26, 33, 40, 47, 48]
[00:00:00:10:156] ! Unidirectional s-t. expansions: 4,623, time: 10,155 [ms], path length: 44 [edges], generated: 8,294
[00:00:00:01:369] Path of length 44 found: [48, 41, 40, 47, 46, 39, 32, 33, 26, 27, 20, 13, 6, 5, 4, 3, 2, 1, 8, 9, 16, 17, 10, 11, 12, 19, 18, 25, 24, 23, 22, 29, 30, 31, 38, 37, 44, 43, 42, 35, 28, 21, 14, 7, 0]
[00:00:00:01:369] ! Unidirectional t-s. expansions: 600, time: 1,369 [ms], path length: 44 [edges], generated: 1,096
[00:00:00:01:833] Path of length 44 found: [0, 7, 14, 21, 28, 35, 42, 43, 44, 45, 38, 37, 30, 29, 22, 23, 24, 25, 18, 19, 12, 11, 10, 17, 16, 9, 8, 1, 2, 3, 4, 5, 6, 13, 20, 27, 26, 33, 32, 39, 46, 47, 40, 41, 48]
[00:00:00:02:175] ! Bidirectional. expansions: 2,500, time: 1,833 [ms], path length: 44 [edges], g_F: 22, g_B: 22, generated: {'F': 2,299, 'B': 2,355}, MM: 0, MMPER: -1.0%
[00:00:00:02:175] 
---------- SM_Grids/7x7_grid_with_random_blocks_8per_4 ----------
[00:00:00:00:959] Path of length 44 found: [0, 7, 14, 21, 28, 35, 42, 43, 36, 29, 22, 15, 8, 1, 2, 9, 16, 23, 30, 37, 38, 45, 46, 39, 32, 31, 24, 25, 18, 11, 4, 5, 6, 13, 12, 19, 20, 27, 26, 33, 34, 41, 40, 47, 48]
[00:00:00:00:960] ! Unidirectional s-t. expansions: 441, time: 959 [ms], path length: 44 [edges], generated: 762
[00:00:00:02:189] Path of length 44 found: [48, 41, 34, 27, 20, 13, 6, 5, 4, 11, 10, 9, 2, 1, 8, 15, 16, 23, 22, 29, 30, 31, 24, 25, 18, 19, 26, 33, 32, 39, 40, 47, 46, 45, 38, 37, 36, 43, 42, 35, 28, 21, 14, 7, 0]
[00:00:00:02:190] ! Unidirectional t-s. expansions: 966, time: 2,189 [ms], path length: 44 [edges], generated: 1,714
[00:00:00:02:574] Path of length 44 found: [0, 7, 14, 21, 28, 35, 42, 43, 36, 29, 22, 15, 8, 1, 2, 9, 16, 23, 24, 31, 30, 37, 38, 45, 46, 47, 40, 39, 32, 33, 26, 25, 18, 19, 12, 11, 4, 5, 6, 13, 20, 27, 34, 41, 48]
[00:00:00:02:894] ! Bidirectional. expansions: 3,215, time: 2,574 [ms], path length: 44 [edges], g_F: 22, g_B: 22, generated: {'F': 2,803, 'B': 2,842}, MM: 0, MMPER: -1.0%
[00:00:00:02:894] 
---------- SM_Grids/7x7_grid_with_random_blocks_8per_5 ----------
[00:00:00:01:583] Path of length 44 found: [0, 7, 14, 21, 28, 35, 42, 43, 36, 29, 22, 15, 8, 1, 2, 9, 10, 17, 24, 23, 30, 37, 44, 45, 46, 39, 38, 31, 32, 25, 18, 11, 12, 5, 6, 13, 20, 19, 26, 27, 34, 33, 40, 41, 48]
[00:00:00:01:583] ! Unidirectional s-t. expansions: 697, time: 1,583 [ms], path length: 44 [edges], generated: 1,264
[00:00:00:05:289] Path of length 44 found: [48, 41, 34, 27, 20, 13, 6, 5, 12, 11, 10, 3, 2, 9, 8, 15, 22, 29, 36, 37, 38, 31, 30, 23, 24, 17, 18, 19, 26, 25, 32, 33, 40, 39, 46, 45, 44, 43, 42, 35, 28, 21, 14, 7, 0]
[00:00:00:05:290] ! Unidirectional t-s. expansions: 2,455, time: 5,289 [ms], path length: 44 [edges], generated: 4,224
[00:00:00:03:205] Path of length 44 found: [0, 7, 14, 21, 28, 35, 42, 43, 36, 29, 30, 31, 38, 37, 44, 45, 46, 39, 40, 33, 32, 25, 26, 19, 18, 17, 24, 23, 22, 15, 8, 1, 2, 3, 10, 11, 12, 5, 6, 13, 20, 27, 34, 41, 48]
[00:00:00:03:527] ! Bidirectional. expansions: 4,319, time: 3,205 [ms], path length: 44 [edges], g_F: 22, g_B: 22, generated: {'F': 3,961, 'B': 4,044}, MM: 0, MMPER: -1.0%
[00:00:00:03:527] 
---------- SM_Grids/7x7_grid_with_random_blocks_8per_6 ----------
[00:00:00:05:802] Path of length 44 found: [0, 1, 8, 15, 14, 21, 28, 35, 42, 43, 36, 29, 22, 23, 16, 9, 2, 3, 4, 11, 18, 17, 24, 25, 26, 19, 12, 5, 6, 13, 20, 27, 34, 33, 40, 39, 38, 31, 30, 37, 44, 45, 46, 47, 48]
[00:00:00:05:802] ! Unidirectional s-t. expansions: 2,789, time: 5,802 [ms], path length: 44 [edges], generated: 4,706
[00:00:00:03:962] Path of length 44 found: [48, 41, 34, 27, 20, 13, 6, 5, 4, 3, 2, 9, 16, 23, 22, 29, 36, 37, 30, 31, 24, 17, 18, 11, 12, 19, 26, 33, 40, 47, 46, 39, 38, 45, 44, 43, 42, 35, 28, 21, 14, 15, 8, 1, 0]
[00:00:00:03:962] ! Unidirectional t-s. expansions: 1,742, time: 3,962 [ms], path length: 44 [edges], generated: 3,138
[00:00:00:06:706] Path of length 44 found: [0, 1, 8, 15, 14, 21, 28, 35, 42, 43, 36, 29, 22, 23, 30, 37, 44, 45, 38, 39, 46, 47, 40, 33, 26, 19, 12, 11, 18, 25, 24, 17, 16, 9, 2, 3, 4, 5, 6, 13, 20, 27, 34, 41, 48]
[00:00:00:07:025] ! Bidirectional. expansions: 9,470, time: 6,706 [ms], path length: 44 [edges], g_F: 22, g_B: 22, generated: {'F': 8,752, 'B': 8,592}, MM: 0, MMPER: -1.0%
[00:00:00:07:025] 
---------- SM_Grids/7x7_grid_with_random_blocks_8per_7 ----------
[00:00:00:32:169] Path of length 42 found: [0, 7, 14, 21, 28, 35, 42, 43, 36, 29, 22, 15, 8, 1, 2, 9, 16, 23, 30, 37, 44, 45, 38, 31, 24, 17, 10, 3, 4, 5, 12, 11, 18, 19, 26, 25, 32, 33, 40, 39, 46, 47, 48]
[00:00:00:32:169] ! Unidirectional s-t. expansions: 13,308, time: 32,169 [ms], path length: 42 [edges], generated: 25,675
[00:00:00:11:597] Path of length 42 found: [48, 41, 40, 47, 46, 39, 32, 33, 26, 19, 12, 5, 4, 3, 2, 1, 8, 15, 22, 29, 36, 37, 30, 23, 16, 9, 10, 11, 18, 17, 24, 31, 38, 45, 44, 43, 42, 35, 28, 21, 14, 7, 0]
[00:00:00:11:598] ! Unidirectional t-s. expansions: 4,827, time: 11,598 [ms], path length: 42 [edges], generated: 9,316
[00:00:00:20:589] Path of length 42 found: [0, 7, 14, 21, 28, 35, 42, 43, 36, 29, 22, 15, 8, 1, 2, 9, 16, 23, 30, 37, 44, 45, 38, 31, 24, 17, 18, 11, 10, 3, 4, 5, 12, 19, 26, 33, 32, 39, 46, 47, 40, 41, 48]
[00:00:00:20:915] ! Bidirectional. expansions: 30,911, time: 20,589 [ms], path length: 42 [edges], g_F: 21, g_B: 21, generated: {'F': 30,927, 'B': 30,359}, MM: 0, MMPER: -1.0%
[00:00:00:20:915] 
---------- SM_Grids/7x7_grid_with_random_blocks_8per_8 ----------
[00:00:00:55:529] Path of length 42 found: [0, 7, 8, 1, 2, 9, 16, 15, 22, 21, 28, 35, 42, 43, 44, 37, 38, 45, 46, 39, 32, 31, 24, 17, 10, 3, 4, 11, 18, 25, 26, 19, 12, 5, 6, 13, 20, 27, 34, 33, 40, 47, 48]
[00:00:00:55:529] ! Unidirectional s-t. expansions: 24,279, time: 55,529 [ms], path length: 42 [edges], generated: 46,642
[00:00:01:22:695] Path of length 42 found: [48, 41, 34, 27, 20, 13, 6, 5, 4, 3, 2, 9, 16, 23, 24, 17, 10, 11, 12, 19, 18, 25, 26, 33, 32, 31, 38, 39, 40, 47, 46, 45, 44, 43, 42, 35, 28, 21, 22, 15, 8, 1, 0]
[00:00:01:22:695] ! Unidirectional t-s. expansions: 36,53, time: 82,695 [ms], path length: 42 [edges], generated: 67,686
[00:00:01:32:034] Path of length 42 found: [0, 7, 8, 1, 2, 9, 16, 15, 22, 21, 28, 35, 42, 43, 44, 45, 46, 47, 40, 33, 26, 19, 12, 11, 18, 25, 32, 39, 38, 31, 24, 17, 10, 3, 4, 5, 6, 13, 20, 27, 34, 41, 48]
[00:00:01:32:381] ! Bidirectional. expansions: 128,325, time: 92,34 [ms], path length: 42 [edges], g_F: 21, g_B: 21, generated: {'F': 120,045, 'B': 116,037}, MM: 0, MMPER: -1.0%
[00:00:01:32:381] 
---------- SM_Grids/7x7_grid_with_random_blocks_8per_9 ----------
[00:00:00:06:405] Path of length 44 found: [0, 7, 14, 21, 28, 35, 42, 43, 36, 29, 22, 15, 8, 1, 2, 9, 16, 23, 30, 37, 44, 45, 46, 39, 38, 31, 32, 25, 18, 17, 10, 3, 4, 11, 12, 5, 6, 13, 20, 27, 26, 33, 40, 41, 48]
[00:00:00:06:405] ! Unidirectional s-t. expansions: 2,878, time: 6,405 [ms], path length: 44 [edges], generated: 5,057
[00:00:00:02:146] Path of length 44 found: [48, 41, 34, 27, 20, 13, 6, 5, 12, 11, 4, 3, 2, 1, 8, 15, 22, 29, 36, 37, 30, 23, 16, 9, 10, 17, 18, 25, 26, 33, 40, 39, 32, 31, 38, 45, 44, 43, 42, 35, 28, 21, 14, 7, 0]
[00:00:00:02:146] ! Unidirectional t-s. expansions: 976, time: 2,146 [ms], path length: 44 [edges], generated: 1,713
[00:00:00:06:619] Path of length 44 found: [0, 7, 14, 21, 28, 35, 42, 43, 36, 29, 22, 15, 8, 1, 2, 9, 16, 23, 30, 37, 44, 45, 38, 31, 32, 39, 40, 33, 26, 25, 18, 17, 10, 3, 4, 11, 12, 5, 6, 13, 20, 27, 34, 41, 48]
[00:00:00:06:939] ! Bidirectional. expansions: 9,154, time: 6,619 [ms], path length: 44 [edges], g_F: 22, g_B: 22, generated: {'F': 8,071, 'B': 8,194}, MM: 0, MMPER: -1.0%
[00:00:00:06:939] average expansions: (6,362, 6,668, 25,518, 0)
[00:00:00:06:939] average time: (14,536, 15,300, 17,920, 0)
[00:00:00:06:939] X-DFBnB: 6,362 , 14,536 (expansions , time[ms])
[00:00:00:06:939] BiX-DFBnB: 25,518 , 17,920 (expansions , time[ms])

