--------------------------
date: SM_Grids
number_of_graphs: 10
graph_type: grid
size_of_graphs: [7, 8]
heuristic: bcc_heuristic
snake: False
run_uni: True
run_bi: True
run_multi: False
solution_vertices: []
algorithms: ['full', 'DFS']
bsd: True
cube_first_dims: 4
cube_buffer_dim: None
backward_sym_generation: False
sym_coil: False
prefix_set: None

---------- SM_Grids/7x8_grid_with_random_blocks_12per_0 ----------
[00:00:00:03:495] Path of length 47 found: [0, 1, 2, 10, 18, 17, 16, 24, 32, 40, 48, 49, 41, 33, 25, 26, 34, 42, 50, 51, 43, 44, 45, 37, 29, 21, 13, 12, 20, 28, 27, 19, 11, 3, 4, 5, 6, 7, 15, 14, 22, 23, 31, 30, 38, 46, 47, 55]
[00:00:00:03:495] ! Unidirectional s-t. expansions: 2,593, time: 3,495 [ms], path length: 47 [edges], generated: 4,333
[00:00:00:01:433] Path of length 47 found: [55, 47, 39, 31, 23, 15, 7, 6, 14, 22, 30, 29, 37, 38, 46, 45, 44, 43, 51, 50, 42, 34, 26, 25, 33, 41, 49, 48, 40, 32, 24, 16, 17, 18, 19, 27, 28, 20, 21, 13, 5, 4, 12, 11, 3, 2, 1, 0]
[00:00:00:01:434] ! Unidirectional t-s. expansions: 1,22, time: 1,433 [ms], path length: 47 [edges], generated: 1,762
[00:00:00:02:902] Path of length 47 found: [55, 47, 39, 31, 23, 15, 7, 6, 5, 4, 3, 11, 19, 27, 28, 20, 12, 13, 14, 22, 21, 29, 30, 38, 37, 45, 44, 43, 51, 50, 42, 34, 26, 25, 33, 41, 49, 48, 40, 32, 24, 16, 17, 18, 10, 2, 1, 0]
[00:00:00:03:311] ! Bidirectional. expansions: 1,728, time: 2,902 [ms], path length: 47 [edges], g_F: 23, g_B: 24, generated: 2,969, MM: 1, MMPER: 1.833,333,333,333,335%
[00:00:00:03:312] 
---------- SM_Grids/7x8_grid_with_random_blocks_12per_1 ----------
[00:00:00:02:567] Path of length 47 found: [0, 8, 16, 24, 32, 40, 41, 33, 25, 17, 9, 10, 2, 3, 11, 19, 18, 26, 34, 42, 50, 51, 43, 44, 36, 35, 27, 28, 20, 21, 13, 12, 4, 5, 6, 14, 15, 23, 22, 30, 38, 37, 45, 53, 54, 46, 47, 55]
[00:00:00:02:567] ! Unidirectional s-t. expansions: 1,504, time: 2,567 [ms], path length: 47 [edges], generated: 2,619
[00:00:00:00:084] Path of length 47 found: [55, 54, 53, 45, 46, 47, 39, 38, 30, 22, 23, 15, 14, 6, 5, 4, 3, 2, 10, 9, 17, 25, 33, 34, 26, 18, 19, 11, 12, 13, 21, 20, 28, 27, 35, 36, 44, 43, 51, 50, 42, 41, 40, 32, 24, 16, 8, 0]
[00:00:00:00:084] ! Unidirectional t-s. expansions: 51, time: 84 [ms], path length: 47 [edges], generated: 85
[00:00:00:07:354] Path of length 47 found: [55, 54, 53, 45, 46, 47, 39, 38, 30, 22, 23, 15, 14, 6, 5, 4, 3, 2, 10, 9, 17, 25, 33, 34, 35, 27, 26, 18, 19, 11, 12, 13, 21, 20, 28, 36, 44, 43, 51, 50, 42, 41, 40, 32, 24, 16, 8, 0]
[00:00:00:07:746] ! Bidirectional. expansions: 3,853, time: 7,354 [ms], path length: 47 [edges], g_F: 23, g_B: 24, generated: 7,063, MM: 1, MMPER: 1.833,333,333,333,335%
[00:00:00:07:746] 
---------- SM_Grids/7x8_grid_with_random_blocks_12per_2 ----------
[00:00:00:06:787] Path of length 45 found: [0, 8, 16, 24, 32, 40, 48, 49, 41, 33, 34, 26, 18, 17, 9, 1, 2, 10, 11, 3, 4, 5, 13, 21, 22, 14, 6, 7, 15, 23, 31, 39, 38, 37, 29, 28, 20, 19, 27, 35, 43, 44, 52, 53, 54, 55]
[00:00:00:06:787] ! Unidirectional s-t. expansions: 4,201, time: 6,787 [ms], path length: 45 [edges], generated: 7,043
[00:00:00:01:062] Path of length 45 found: [55, 54, 53, 52, 44, 43, 35, 27, 26, 34, 33, 41, 49, 48, 40, 32, 24, 16, 8, 9, 17, 18, 10, 11, 19, 20, 21, 29, 28, 36, 37, 38, 39, 31, 23, 22, 14, 15, 7, 6, 5, 4, 3, 2, 1, 0]
[00:00:00:01:063] ! Unidirectional t-s. expansions: 611, time: 1,62 [ms], path length: 45 [edges], generated: 1,085
[00:00:00:04:584] Path of length 45 found: [55, 54, 53, 52, 44, 43, 35, 27, 26, 34, 33, 41, 49, 48, 40, 32, 24, 16, 8, 9, 17, 18, 10, 11, 19, 20, 28, 29, 37, 38, 39, 31, 23, 15, 7, 6, 14, 22, 21, 13, 5, 4, 3, 2, 1, 0]
[00:00:00:04:963] ! Bidirectional. expansions: 2,510, time: 4,584 [ms], path length: 45 [edges], g_F: 22, g_B: 23, generated: 4,387, MM: 1, MMPER: 1.1,739,130,434,782,608%
[00:00:00:04:964] 
---------- SM_Grids/7x8_grid_with_random_blocks_12per_3 ----------
[00:00:00:29:066] Path of length 45 found: [0, 8, 16, 17, 25, 24, 32, 33, 41, 49, 50, 42, 34, 26, 27, 19, 20, 12, 11, 10, 9, 1, 2, 3, 4, 5, 6, 14, 22, 21, 29, 28, 36, 35, 43, 51, 52, 44, 45, 37, 38, 30, 31, 39, 47, 55]
[00:00:00:29:066] ! Unidirectional s-t. expansions: 17,851, time: 29,66 [ms], path length: 45 [edges], generated: 31,031
[00:00:00:26:990] Path of length 45 found: [55, 47, 39, 31, 30, 22, 14, 6, 5, 4, 12, 20, 21, 29, 37, 38, 46, 45, 53, 52, 51, 50, 49, 41, 33, 32, 24, 16, 17, 25, 26, 34, 42, 43, 44, 36, 28, 27, 19, 11, 3, 2, 10, 9, 1, 0]
[00:00:00:26:990] ! Unidirectional t-s. expansions: 17,186, time: 26,990 [ms], path length: 45 [edges], generated: 28,763
[00:00:00:17:960] Path of length 45 found: [55, 47, 39, 31, 30, 22, 14, 6, 5, 4, 12, 20, 21, 29, 37, 38, 46, 45, 53, 52, 44, 36, 28, 27, 26, 34, 42, 43, 51, 50, 49, 41, 33, 32, 24, 25, 17, 16, 8, 9, 10, 11, 3, 2, 1, 0]
[00:00:00:18:350] ! Bidirectional. expansions: 9,210, time: 17,960 [ms], path length: 45 [edges], g_F: 22, g_B: 23, generated: 17,609, MM: 1, MMPER: 1.1,739,130,434,782,608%
[00:00:00:18:350] 
---------- SM_Grids/7x8_grid_with_random_blocks_12per_4 ----------
[00:00:00:34:254] Path of length 45 found: [0, 1, 2, 10, 9, 17, 18, 19, 11, 12, 20, 21, 13, 5, 6, 7, 15, 23, 22, 30, 31, 39, 38, 37, 36, 28, 27, 35, 34, 33, 25, 24, 32, 40, 48, 49, 41, 42, 50, 51, 52, 53, 45, 46, 54, 55]
[00:00:00:34:254] ! Unidirectional s-t. expansions: 22,467, time: 34,254 [ms], path length: 45 [edges], generated: 38,634
[00:00:00:34:107] Path of length 45 found: [55, 47, 39, 31, 23, 15, 7, 6, 5, 4, 12, 13, 21, 22, 30, 38, 37, 45, 46, 54, 53, 52, 51, 50, 49, 48, 40, 32, 24, 16, 17, 25, 33, 41, 42, 34, 35, 36, 28, 20, 19, 11, 10, 2, 1, 0]
[00:00:00:34:108] ! Unidirectional t-s. expansions: 22,506, time: 34,107 [ms], path length: 45 [edges], generated: 37,293
[00:00:00:17:191] Path of length 45 found: [0, 1, 2, 10, 9, 17, 16, 24, 25, 33, 32, 40, 48, 49, 41, 42, 34, 35, 43, 51, 52, 53, 45, 46, 38, 37, 36, 28, 27, 19, 20, 21, 13, 12, 4, 5, 6, 7, 15, 23, 22, 30, 31, 39, 47, 55]
[00:00:00:17:575] ! Bidirectional. expansions: 9,561, time: 17,191 [ms], path length: 45 [edges], g_F: 22, g_B: 23, generated: 16,839, MM: 1, MMPER: 1.1,739,130,434,782,608%
[00:00:00:17:575] 
---------- SM_Grids/7x8_grid_with_random_blocks_12per_5 ----------
[00:00:00:24:077] Path of length 45 found: [0, 8, 16, 17, 25, 26, 18, 10, 9, 1, 2, 3, 11, 19, 27, 28, 36, 35, 34, 33, 32, 40, 48, 49, 50, 51, 52, 53, 45, 46, 38, 30, 29, 21, 20, 12, 4, 5, 13, 14, 22, 23, 31, 39, 47, 55]
[00:00:00:24:077] ! Unidirectional s-t. expansions: 14,77, time: 24,77 [ms], path length: 45 [edges], generated: 25,151
[00:00:00:09:615] Path of length 45 found: [55, 47, 39, 31, 23, 22, 14, 6, 5, 4, 3, 2, 1, 9, 10, 11, 12, 13, 21, 20, 19, 27, 35, 36, 28, 29, 30, 38, 46, 45, 53, 52, 51, 50, 49, 48, 40, 32, 33, 34, 26, 18, 17, 16, 8, 0]
[00:00:00:09:615] ! Unidirectional t-s. expansions: 5,856, time: 9,615 [ms], path length: 45 [edges], generated: 10,274
[00:00:00:21:950] Path of length 45 found: [55, 47, 39, 31, 23, 22, 14, 6, 5, 4, 12, 13, 21, 29, 30, 38, 46, 45, 53, 52, 51, 50, 49, 48, 40, 32, 33, 34, 35, 36, 28, 27, 19, 11, 3, 2, 1, 9, 10, 18, 26, 25, 17, 16, 8, 0]
[00:00:00:22:320] ! Bidirectional. expansions: 11,697, time: 21,951 [ms], path length: 45 [edges], g_F: 23, g_B: 22, generated: 21,574, MM: 1, MMPER: 1.1,739,130,434,782,608%
[00:00:00:22:321] 
---------- SM_Grids/7x8_grid_with_random_blocks_12per_6 ----------
[00:00:00:00:075] Path of length 47 found: [0, 8, 9, 17, 18, 10, 2, 3, 11, 19, 27, 26, 34, 33, 32, 40, 48, 49, 41, 42, 50, 51, 43, 35, 36, 28, 20, 21, 29, 37, 45, 44, 52, 53, 54, 46, 38, 30, 22, 14, 6, 7, 15, 23, 31, 39, 47, 55]
[00:00:00:00:075] ! Unidirectional s-t. expansions: 48, time: 75 [ms], path length: 47 [edges], generated: 78
[00:00:00:00:140] Path of length 47 found: [55, 47, 39, 31, 23, 15, 7, 6, 14, 22, 21, 20, 28, 36, 35, 43, 44, 45, 37, 29, 30, 38, 46, 54, 53, 52, 51, 50, 42, 41, 49, 48, 40, 32, 33, 34, 26, 27, 19, 11, 3, 2, 10, 18, 17, 9, 8, 0]
[00:00:00:00:140] ! Unidirectional t-s. expansions: 86, time: 140 [ms], path length: 47 [edges], generated: 144
[00:00:00:04:444] Path of length 45 found: [55, 47, 39, 31, 23, 15, 7, 6, 14, 22, 21, 20, 28, 36, 44, 45, 37, 29, 30, 38, 46, 54, 53, 52, 51, 50, 42, 41, 49, 48, 40, 32, 33, 34, 26, 27, 19, 11, 3, 2, 10, 18, 17, 9, 8, 0]
[00:00:00:04:813] ! Bidirectional. expansions: 2,286, time: 4,444 [ms], path length: 45 [edges], g_F: 22, g_B: 23, generated: 4,251, MM: 1, MMPER: 1.1,739,130,434,782,608%
[00:00:00:04:813] 
---------- SM_Grids/7x8_grid_with_random_blocks_12per_7 ----------
[00:00:00:00:101] Path of length 47 found: [0, 8, 9, 1, 2, 10, 18, 17, 25, 33, 41, 49, 50, 42, 34, 26, 27, 35, 43, 51, 52, 44, 36, 28, 20, 19, 11, 3, 4, 12, 13, 5, 6, 14, 15, 23, 31, 30, 29, 37, 45, 53, 54, 46, 38, 39, 47, 55]
[00:00:00:00:102] ! Unidirectional s-t. expansions: 62, time: 101 [ms], path length: 47 [edges], generated: 104
[00:00:00:00:372] Path of length 47 found: [55, 47, 39, 31, 23, 15, 14, 6, 5, 13, 12, 4, 3, 11, 19, 20, 28, 27, 26, 34, 42, 43, 35, 36, 44, 45, 37, 29, 30, 38, 46, 54, 53, 52, 51, 50, 49, 41, 33, 25, 17, 18, 10, 2, 1, 9, 8, 0]
[00:00:00:00:372] ! Unidirectional t-s. expansions: 223, time: 372 [ms], path length: 47 [edges], generated: 388
[00:00:00:30:215] Path of length 45 found: [55, 47, 39, 31, 23, 15, 14, 6, 5, 13, 12, 4, 3, 11, 19, 20, 28, 27, 26, 34, 42, 43, 35, 36, 37, 38, 46, 54, 53, 45, 44, 52, 51, 50, 49, 41, 33, 25, 17, 18, 10, 2, 1, 9, 8, 0]
[00:00:00:30:603] ! Bidirectional. expansions: 15,794, time: 30,216 [ms], path length: 45 [edges], g_F: 22, g_B: 23, generated: 29,817, MM: 1, MMPER: 1.1,739,130,434,782,608%
[00:00:00:30:603] 
---------- SM_Grids/7x8_grid_with_random_blocks_12per_8 ----------
[00:00:00:06:240] Path of length 47 found: [0, 8, 16, 24, 32, 33, 34, 26, 18, 17, 9, 1, 2, 10, 11, 3, 4, 12, 20, 19, 27, 28, 29, 21, 13, 5, 6, 7, 15, 14, 22, 30, 31, 39, 47, 46, 45, 37, 36, 35, 43, 42, 50, 51, 52, 53, 54, 55]
[00:00:00:06:241] ! Unidirectional s-t. expansions: 3,583, time: 6,240 [ms], path length: 47 [edges], generated: 6,304
[00:00:00:11:990] Path of length 47 found: [55, 47, 39, 31, 30, 22, 14, 15, 7, 6, 5, 4, 3, 2, 10, 18, 26, 27, 19, 11, 12, 13, 21, 20, 28, 29, 37, 36, 35, 43, 44, 45, 46, 54, 53, 52, 51, 50, 42, 34, 33, 32, 24, 16, 17, 9, 1, 0]
[00:00:00:11:991] ! Unidirectional t-s. expansions: 7,323, time: 11,990 [ms], path length: 47 [edges], generated: 12,594
[00:00:00:04:294] Path of length 47 found: [55, 47, 39, 31, 30, 22, 14, 15, 7, 6, 5, 4, 3, 2, 1, 9, 17, 18, 10, 11, 19, 20, 12, 13, 21, 29, 37, 36, 44, 45, 46, 54, 53, 52, 51, 50, 42, 43, 35, 27, 26, 34, 33, 32, 24, 16, 8, 0]
[00:00:00:04:667] ! Bidirectional. expansions: 2,247, time: 4,294 [ms], path length: 47 [edges], g_F: 24, g_B: 23, generated: 4,173, MM: 1, MMPER: 1.833,333,333,333,335%
[00:00:00:04:668] 
---------- SM_Grids/7x8_grid_with_random_blocks_12per_9 ----------
[00:00:00:00:719] Path of length 47 found: [0, 8, 16, 24, 32, 40, 48, 49, 41, 33, 34, 42, 50, 51, 43, 44, 36, 35, 27, 26, 25, 17, 18, 10, 2, 3, 11, 19, 20, 28, 29, 21, 13, 5, 6, 7, 15, 14, 22, 23, 31, 30, 38, 39, 47, 46, 54, 55]
[00:00:00:00:719] ! Unidirectional s-t. expansions: 410, time: 719 [ms], path length: 47 [edges], generated: 727
[00:00:00:00:492] Path of length 47 found: [55, 54, 46, 47, 39, 38, 30, 31, 23, 15, 7, 6, 5, 13, 14, 22, 21, 29, 28, 20, 12, 11, 3, 2, 10, 18, 19, 27, 26, 34, 35, 36, 44, 43, 51, 50, 42, 41, 49, 48, 40, 32, 33, 25, 17, 16, 8, 0]
[00:00:00:00:492] ! Unidirectional t-s. expansions: 325, time: 492 [ms], path length: 47 [edges], generated: 542
[00:00:00:00:740] Path of length 47 found: [55, 54, 46, 47, 39, 38, 30, 31, 23, 15, 7, 6, 5, 13, 14, 22, 21, 29, 28, 20, 12, 11, 3, 2, 10, 18, 17, 25, 26, 27, 35, 36, 44, 43, 51, 50, 42, 34, 33, 41, 49, 48, 40, 32, 24, 16, 8, 0]
[00:00:00:01:113] ! Bidirectional. expansions: 389, time: 740 [ms], path length: 47 [edges], g_F: 23, g_B: 24, generated: 695, MM: 1, MMPER: 1.833,333,333,333,335%
[00:00:00:01:113] average expansions: (6,680, 5,519, 5,928, 0)
[00:00:00:01:113] average time: (10,738, 8,628, 11,164, 0)
[00:00:00:01:113] A*: 5,519 , 8,628 (expansions , time[ms])
[00:00:00:01:113] XMM: 5,928 , 11,164 (expansions , time[ms])

[00:00:00:01:113] 
---------- SM_Grids/7x8_grid_with_random_blocks_12per_0 ----------
[00:00:00:06:313] Path of length 47 found: [0, 1, 2, 10, 18, 17, 16, 24, 32, 40, 48, 49, 41, 33, 25, 26, 34, 42, 50, 51, 43, 44, 45, 37, 29, 21, 13, 12, 20, 28, 27, 19, 11, 3, 4, 5, 6, 7, 15, 14, 22, 23, 31, 30, 38, 46, 47, 55]
[00:00:00:06:313] ! Unidirectional s-t. expansions: 2,593, time: 6,313 [ms], path length: 47 [edges], generated: 4,590
[00:00:00:02:554] Path of length 47 found: [55, 47, 39, 31, 23, 15, 7, 6, 5, 4, 3, 11, 19, 27, 28, 20, 12, 13, 14, 22, 21, 29, 30, 38, 37, 45, 44, 43, 51, 50, 42, 34, 26, 25, 33, 41, 49, 48, 40, 32, 24, 16, 17, 18, 10, 2, 1, 0]
[00:00:00:02:554] ! Unidirectional t-s. expansions: 1,41, time: 2,554 [ms], path length: 47 [edges], generated: 1,882
[00:00:00:11:026] Path of length 47 found: [0, 1, 2, 10, 18, 17, 16, 24, 32, 40, 48, 49, 41, 33, 25, 26, 34, 42, 50, 51, 43, 44, 45, 37, 38, 30, 22, 14, 13, 21, 29, 28, 27, 19, 20, 12, 11, 3, 4, 5, 6, 7, 15, 23, 31, 39, 47, 55]
[00:00:00:11:395] ! Bidirectional. expansions: 14,439, time: 11,26 [ms], path length: 47 [edges], g_F: 24, g_B: 23, generated: {'F': 12,284, 'B': 13,326}, MM: 1, MMPER: 1.833,333,333,333,335%
[00:00:00:11:395] 
---------- SM_Grids/7x8_grid_with_random_blocks_12per_1 ----------
[00:00:00:03:927] Path of length 47 found: [0, 8, 16, 24, 32, 40, 41, 33, 25, 17, 9, 10, 2, 3, 11, 19, 18, 26, 34, 42, 50, 51, 43, 35, 27, 28, 20, 21, 13, 12, 4, 5, 6, 14, 15, 23, 22, 30, 38, 37, 36, 44, 45, 53, 54, 46, 47, 55]
[00:00:00:03:927] ! Unidirectional s-t. expansions: 1,541, time: 3,927 [ms], path length: 47 [edges], generated: 2,833
[00:00:00:00:128] Path of length 47 found: [55, 47, 39, 38, 46, 54, 53, 45, 37, 36, 44, 43, 51, 50, 42, 34, 35, 27, 28, 20, 12, 13, 21, 22, 23, 15, 14, 6, 5, 4, 3, 2, 10, 11, 19, 18, 26, 25, 33, 41, 40, 32, 24, 16, 17, 9, 8, 0]
[00:00:00:00:128] ! Unidirectional t-s. expansions: 54, time: 128 [ms], path length: 47 [edges], generated: 91
[00:00:00:00:365] Path of length 47 found: [0, 8, 16, 24, 32, 40, 41, 33, 25, 26, 18, 17, 9, 10, 2, 3, 4, 5, 6, 14, 15, 23, 22, 21, 13, 12, 11, 19, 20, 28, 27, 35, 34, 42, 50, 51, 43, 44, 36, 37, 45, 53, 54, 46, 38, 39, 47, 55]
[00:00:00:00:735] ! Bidirectional. expansions: 400, time: 365 [ms], path length: 47 [edges], g_F: 24, g_B: 23, generated: {'F': 373, 'B': 424}, MM: 1, MMPER: 1.833,333,333,333,335%
[00:00:00:00:735] 
---------- SM_Grids/7x8_grid_with_random_blocks_12per_2 ----------
[00:00:00:09:848] Path of length 45 found: [0, 8, 16, 24, 32, 40, 48, 49, 41, 33, 34, 26, 18, 17, 9, 1, 2, 10, 11, 3, 4, 5, 13, 21, 22, 14, 6, 7, 15, 23, 31, 39, 38, 37, 29, 28, 20, 19, 27, 35, 43, 44, 52, 53, 54, 55]
[00:00:00:09:849] ! Unidirectional s-t. expansions: 4,200, time: 9,848 [ms], path length: 45 [edges], generated: 7,274
[00:00:00:02:632] Path of length 45 found: [55, 47, 39, 31, 23, 15, 7, 6, 5, 13, 14, 22, 21, 29, 37, 45, 53, 52, 44, 43, 35, 36, 28, 20, 19, 27, 26, 34, 33, 41, 49, 48, 40, 32, 24, 16, 8, 9, 17, 18, 10, 11, 3, 2, 1, 0]
[00:00:00:02:632] ! Unidirectional t-s. expansions: 1,126, time: 2,632 [ms], path length: 45 [edges], generated: 2,013
[00:00:00:02:570] Path of length 45 found: [0, 8, 16, 24, 32, 40, 48, 49, 41, 33, 34, 26, 27, 35, 43, 44, 52, 53, 45, 37, 29, 28, 20, 19, 11, 10, 18, 17, 9, 1, 2, 3, 4, 5, 13, 21, 22, 14, 6, 7, 15, 23, 31, 39, 47, 55]
[00:00:00:02:944] ! Bidirectional. expansions: 3,43, time: 2,571 [ms], path length: 45 [edges], g_F: 23, g_B: 22, generated: {'F': 2,605, 'B': 2,797}, MM: 1, MMPER: 1.1,739,130,434,782,608%
[00:00:00:02:944] 
---------- SM_Grids/7x8_grid_with_random_blocks_12per_3 ----------
[00:00:00:43:892] Path of length 45 found: [0, 8, 16, 24, 32, 33, 25, 17, 9, 1, 2, 10, 11, 3, 4, 5, 6, 14, 22, 21, 20, 19, 27, 26, 34, 42, 41, 49, 50, 51, 43, 35, 36, 44, 52, 53, 45, 37, 29, 30, 31, 39, 38, 46, 47, 55]
[00:00:00:43:892] ! Unidirectional s-t. expansions: 17,858, time: 43,892 [ms], path length: 45 [edges], generated: 32,887
[00:00:00:40:575] Path of length 45 found: [55, 47, 39, 31, 30, 22, 14, 6, 5, 4, 3, 2, 1, 9, 10, 11, 12, 20, 19, 27, 26, 34, 42, 43, 35, 36, 28, 29, 37, 38, 46, 45, 44, 52, 51, 50, 49, 41, 33, 32, 24, 25, 17, 16, 8, 0]
[00:00:00:40:575] ! Unidirectional t-s. expansions: 17,197, time: 40,575 [ms], path length: 45 [edges], generated: 30,507
[00:00:00:39:265] Path of length 45 found: [0, 8, 16, 24, 32, 33, 25, 26, 34, 42, 41, 49, 50, 51, 43, 35, 36, 44, 52, 53, 45, 46, 38, 37, 29, 28, 27, 19, 20, 12, 11, 10, 9, 1, 2, 3, 4, 5, 6, 14, 22, 30, 31, 39, 47, 55]
[00:00:00:39:636] ! Bidirectional. expansions: 54,281, time: 39,266 [ms], path length: 45 [edges], g_F: 23, g_B: 22, generated: {'F': 51,983, 'B': 53,009}, MM: 1, MMPER: 1.1,739,130,434,782,608%
[00:00:00:39:636] 
---------- SM_Grids/7x8_grid_with_random_blocks_12per_4 ----------
[00:00:00:50:359] Path of length 45 found: [0, 1, 2, 10, 9, 17, 16, 24, 25, 33, 32, 40, 48, 49, 41, 42, 34, 35, 43, 51, 52, 53, 45, 37, 36, 28, 27, 19, 11, 12, 20, 21, 13, 5, 6, 7, 15, 23, 22, 30, 31, 39, 38, 46, 54, 55]
[00:00:00:50:359] ! Unidirectional s-t. expansions: 22,477, time: 50,359 [ms], path length: 45 [edges], generated: 39,344
[00:00:00:50:684] Path of length 45 found: [55, 47, 39, 31, 23, 15, 7, 6, 5, 4, 12, 13, 21, 22, 30, 38, 37, 45, 46, 54, 53, 52, 51, 43, 42, 50, 49, 48, 40, 32, 24, 16, 17, 25, 33, 34, 35, 36, 28, 20, 19, 11, 10, 2, 1, 0]
[00:00:00:50:684] ! Unidirectional t-s. expansions: 22,600, time: 50,684 [ms], path length: 45 [edges], generated: 38,559
[00:00:00:49:212] Path of length 45 found: [0, 1, 2, 10, 9, 17, 16, 24, 25, 33, 32, 40, 48, 49, 41, 42, 50, 51, 52, 53, 54, 46, 45, 37, 38, 30, 22, 21, 20, 28, 36, 35, 27, 19, 11, 12, 4, 5, 6, 7, 15, 23, 31, 39, 47, 55]
[00:00:00:49:611] ! Bidirectional. expansions: 65,249, time: 49,212 [ms], path length: 45 [edges], g_F: 23, g_B: 22, generated: {'F': 56,917, 'B': 56,296}, MM: 1, MMPER: 1.1,739,130,434,782,608%
[00:00:00:49:611] 
---------- SM_Grids/7x8_grid_with_random_blocks_12per_5 ----------
[00:00:00:34:688] Path of length 45 found: [0, 8, 16, 17, 9, 1, 2, 10, 18, 26, 25, 33, 32, 40, 48, 49, 50, 51, 52, 53, 45, 46, 38, 30, 29, 21, 13, 12, 20, 28, 36, 35, 27, 19, 11, 3, 4, 5, 6, 14, 22, 23, 31, 39, 47, 55]
[00:00:00:34:689] ! Unidirectional s-t. expansions: 14,96, time: 34,689 [ms], path length: 45 [edges], generated: 26,249
[00:00:00:13:904] Path of length 45 found: [55, 47, 39, 31, 23, 22, 14, 6, 5, 4, 3, 2, 1, 9, 10, 18, 26, 34, 35, 36, 28, 27, 19, 11, 12, 20, 21, 29, 30, 38, 46, 45, 53, 52, 51, 50, 49, 48, 40, 32, 33, 25, 17, 16, 8, 0]
[00:00:00:13:904] ! Unidirectional t-s. expansions: 5,857, time: 13,904 [ms], path length: 45 [edges], generated: 10,650
[00:00:00:25:115] Path of length 45 found: [0, 8, 16, 17, 9, 1, 2, 10, 18, 26, 25, 33, 32, 40, 48, 49, 50, 51, 52, 53, 45, 46, 38, 30, 29, 21, 13, 12, 20, 28, 36, 35, 27, 19, 11, 3, 4, 5, 6, 14, 22, 23, 31, 39, 47, 55]
[00:00:00:25:482] ! Bidirectional. expansions: 31,617, time: 25,115 [ms], path length: 45 [edges], g_F: 23, g_B: 22, generated: {'F': 29,191, 'B': 30,741}, MM: 1, MMPER: 1.1,739,130,434,782,608%
[00:00:00:25:483] 
---------- SM_Grids/7x8_grid_with_random_blocks_12per_6 ----------
[00:00:00:00:105] Path of length 47 found: [0, 8, 9, 17, 18, 10, 2, 3, 11, 19, 27, 26, 34, 33, 32, 40, 48, 49, 41, 42, 50, 51, 43, 35, 36, 28, 20, 21, 29, 37, 45, 44, 52, 53, 54, 46, 38, 30, 22, 14, 6, 7, 15, 23, 31, 39, 47, 55]
[00:00:00:00:106] ! Unidirectional s-t. expansions: 47, time: 106 [ms], path length: 47 [edges], generated: 78
[00:00:00:00:858] Path of length 47 found: [55, 47, 39, 31, 23, 15, 7, 6, 14, 22, 21, 20, 28, 36, 35, 43, 44, 45, 37, 29, 30, 38, 46, 54, 53, 52, 51, 50, 42, 41, 49, 48, 40, 32, 33, 34, 26, 27, 19, 11, 3, 2, 10, 18, 17, 9, 8, 0]
[00:00:00:00:858] ! Unidirectional t-s. expansions: 392, time: 858 [ms], path length: 47 [edges], generated: 662
[00:00:00:00:043] Path of length 47 found: [0, 8, 9, 17, 18, 10, 2, 3, 11, 19, 27, 26, 34, 33, 32, 40, 48, 49, 41, 42, 50, 51, 52, 53, 54, 46, 38, 30, 29, 37, 45, 44, 43, 35, 36, 28, 20, 21, 22, 14, 6, 7, 15, 23, 31, 39, 47, 55]
[00:00:00:00:410] ! Bidirectional. expansions: 47, time: 43 [ms], path length: 47 [edges], g_F: 24, g_B: 23, generated: {'F': 41, 'B': 45}, MM: 1, MMPER: 1.833,333,333,333,335%
[00:00:00:00:410] 
---------- SM_Grids/7x8_grid_with_random_blocks_12per_7 ----------
[00:00:00:00:450] Path of length 47 found: [0, 8, 9, 1, 2, 10, 18, 17, 25, 33, 41, 49, 50, 42, 34, 26, 27, 35, 43, 51, 52, 44, 36, 28, 20, 19, 11, 3, 4, 12, 13, 5, 6, 14, 15, 23, 31, 30, 29, 37, 45, 53, 54, 46, 38, 39, 47, 55]
[00:00:00:00:450] ! Unidirectional s-t. expansions: 201, time: 450 [ms], path length: 47 [edges], generated: 361
[00:00:00:04:176] Path of length 47 found: [55, 47, 39, 31, 23, 15, 14, 6, 5, 13, 12, 4, 3, 11, 19, 20, 28, 27, 26, 34, 42, 43, 35, 36, 44, 45, 37, 29, 30, 38, 46, 54, 53, 52, 51, 50, 49, 41, 33, 25, 17, 18, 10, 2, 1, 9, 8, 0]
[00:00:00:04:176] ! Unidirectional t-s. expansions: 1,778, time: 4,176 [ms], path length: 47 [edges], generated: 3,144
[00:00:00:00:055] Path of length 47 found: [0, 8, 9, 1, 2, 10, 18, 17, 25, 33, 41, 49, 50, 42, 43, 51, 52, 44, 45, 53, 54, 46, 38, 30, 29, 37, 36, 35, 34, 26, 27, 28, 20, 19, 11, 3, 4, 12, 13, 5, 6, 14, 15, 23, 31, 39, 47, 55]
[00:00:00:00:452] ! Bidirectional. expansions: 67, time: 55 [ms], path length: 47 [edges], g_F: 24, g_B: 23, generated: {'F': 70, 'B': 72}, MM: 1, MMPER: 1.833,333,333,333,335%
[00:00:00:00:452] 
---------- SM_Grids/7x8_grid_with_random_blocks_12per_8 ----------
[00:00:00:08:929] Path of length 47 found: [0, 8, 16, 24, 32, 33, 34, 26, 18, 17, 9, 1, 2, 10, 11, 3, 4, 12, 20, 19, 27, 35, 43, 42, 50, 51, 52, 44, 36, 28, 29, 21, 13, 5, 6, 7, 15, 14, 22, 30, 31, 39, 47, 46, 45, 53, 54, 55]
[00:00:00:08:929] ! Unidirectional s-t. expansions: 3,592, time: 8,929 [ms], path length: 47 [edges], generated: 6,671
[00:00:00:18:331] Path of length 47 found: [55, 47, 39, 31, 30, 22, 14, 15, 7, 6, 5, 4, 3, 2, 1, 9, 17, 18, 10, 11, 19, 27, 35, 43, 44, 36, 28, 20, 12, 13, 21, 29, 37, 45, 46, 54, 53, 52, 51, 50, 42, 34, 33, 32, 24, 16, 8, 0]
[00:00:00:18:331] ! Unidirectional t-s. expansions: 7,346, time: 18,331 [ms], path length: 47 [edges], generated: 13,666
[00:00:00:18:749] Path of length 47 found: [0, 8, 16, 24, 32, 33, 34, 26, 18, 17, 9, 1, 2, 10, 11, 3, 4, 12, 20, 19, 27, 35, 43, 42, 50, 51, 52, 53, 54, 46, 45, 37, 36, 28, 29, 21, 13, 5, 6, 7, 15, 14, 22, 30, 31, 39, 47, 55]
[00:00:00:19:119] ! Bidirectional. expansions: 25,40, time: 18,749 [ms], path length: 47 [edges], g_F: 24, g_B: 23, generated: {'F': 23,389, 'B': 23,391}, MM: 1, MMPER: 1.833,333,333,333,335%
[00:00:00:19:120] 
---------- SM_Grids/7x8_grid_with_random_blocks_12per_9 ----------
[00:00:00:01:169] Path of length 47 found: [0, 8, 16, 24, 32, 40, 48, 49, 41, 33, 25, 17, 18, 10, 2, 3, 11, 19, 27, 26, 34, 42, 50, 51, 43, 35, 36, 28, 29, 21, 20, 12, 13, 5, 6, 7, 15, 14, 22, 23, 31, 30, 38, 39, 47, 46, 54, 55]
[00:00:00:01:169] ! Unidirectional s-t. expansions: 481, time: 1,169 [ms], path length: 47 [edges], generated: 866
[00:00:00:00:751] Path of length 47 found: [55, 54, 46, 47, 39, 38, 30, 31, 23, 15, 7, 6, 5, 13, 14, 22, 21, 29, 28, 20, 12, 11, 3, 2, 10, 18, 19, 27, 26, 25, 33, 41, 42, 34, 35, 36, 44, 43, 51, 50, 49, 48, 40, 32, 24, 16, 8, 0]
[00:00:00:00:751] ! Unidirectional t-s. expansions: 338, time: 751 [ms], path length: 47 [edges], generated: 585
[00:00:00:00:902] Path of length 47 found: [0, 8, 16, 24, 32, 40, 48, 49, 41, 33, 25, 26, 34, 42, 50, 51, 43, 44, 36, 35, 27, 19, 18, 10, 2, 3, 11, 12, 20, 28, 29, 21, 22, 14, 13, 5, 6, 7, 15, 23, 31, 30, 38, 39, 47, 46, 54, 55]
[00:00:00:01:280] ! Bidirectional. expansions: 1,240, time: 902 [ms], path length: 47 [edges], g_F: 24, g_B: 23, generated: {'F': 1,081, 'B': 1,144}, MM: 1, MMPER: 1.833,333,333,333,335%
[00:00:00:01:280] average expansions: (6,709, 5,773, 19,542, 0)
[00:00:00:01:280] average time: (15,968, 13,459, 14,730, 0)
[00:00:00:01:280] X-DFBnB: 5,773 , 13,459 (expansions , time[ms])
[00:00:00:01:280] BiX-DFBnB: 19,542 , 14,730 (expansions , time[ms])

