--------------------------
date: SM_Grids
number_of_graphs: 10
graph_type: grid
size_of_graphs: [6, 8]
heuristic: bcc_heuristic
snake: False
run_uni: True
run_bi: True
run_multi: False
solution_vertices: []
algorithms: ['full', 'DFS']
bsd: True
cube_first_dims: 4
cube_buffer_dim: None
backward_sym_generation: False
sym_coil: False
prefix_set: None

---------- SM_Grids/6x8_grid_with_random_blocks_8per_0 ----------
[00:00:01:19:594] Path of length 40 found: [0, 1, 9, 8, 16, 24, 32, 40, 41, 33, 25, 17, 18, 10, 11, 3, 4, 12, 13, 5, 6, 14, 15, 23, 31, 30, 29, 21, 20, 19, 27, 26, 34, 42, 43, 35, 36, 37, 38, 46, 47]
[00:00:01:19:595] ! Unidirectional s-t. expansions: 56,996, time: 79,594 [ms], path length: 40 [edges], generated: 96,832
[00:00:01:32:706] Path of length 40 found: [47, 46, 38, 39, 31, 30, 29, 37, 36, 44, 43, 35, 34, 42, 41, 40, 32, 33, 25, 24, 16, 17, 18, 26, 27, 28, 20, 21, 13, 14, 15, 7, 6, 5, 4, 3, 11, 10, 9, 1, 0]
[00:00:01:32:707] ! Unidirectional t-s. expansions: 62,67, time: 92,706 [ms], path length: 40 [edges], generated: 105,960
[00:00:00:43:868] Path of length 40 found: [47, 46, 38, 39, 31, 23, 15, 7, 6, 14, 13, 5, 4, 3, 11, 12, 20, 21, 29, 37, 36, 44, 43, 35, 27, 26, 18, 17, 25, 33, 34, 42, 41, 40, 32, 24, 16, 8, 9, 1, 0]
[00:00:00:44:229] ! Bidirectional. expansions: 22,181, time: 43,868 [ms], path length: 40 [edges], g_F: 19, g_B: 21, generated: 43,114, MM: 2, MMPER: 3.8,780,487,804,878,048%
[00:00:00:44:229] 
---------- SM_Grids/6x8_grid_with_random_blocks_8per_1 ----------
[00:00:00:02:485] Path of length 42 found: [0, 8, 16, 24, 32, 40, 41, 33, 25, 17, 18, 10, 11, 3, 4, 12, 13, 21, 22, 14, 6, 7, 15, 23, 31, 30, 29, 28, 20, 19, 27, 26, 34, 42, 43, 35, 36, 44, 45, 37, 38, 46, 47]
[00:00:00:02:486] ! Unidirectional s-t. expansions: 1,506, time: 2,485 [ms], path length: 42 [edges], generated: 2,748
[00:00:00:06:020] Path of length 42 found: [47, 39, 31, 23, 15, 7, 6, 14, 13, 12, 4, 3, 11, 10, 18, 26, 34, 35, 27, 19, 20, 28, 36, 37, 29, 21, 22, 30, 38, 46, 45, 44, 43, 42, 41, 40, 32, 33, 25, 17, 16, 8, 0]
[00:00:00:06:020] ! Unidirectional t-s. expansions: 3,769, time: 6,20 [ms], path length: 42 [edges], generated: 6,461
[00:00:00:01:571] Path of length 42 found: [47, 39, 31, 23, 15, 7, 6, 14, 13, 12, 4, 3, 11, 10, 18, 17, 25, 33, 34, 26, 27, 19, 20, 21, 22, 30, 29, 37, 38, 46, 45, 44, 36, 35, 43, 42, 41, 40, 32, 24, 16, 8, 0]
[00:00:00:01:893] ! Bidirectional. expansions: 769, time: 1,571 [ms], path length: 42 [edges], g_F: 21, g_B: 21, generated: 1,570, MM: 0, MMPER: -1.0%
[00:00:00:01:893] 
---------- SM_Grids/6x8_grid_with_random_blocks_8per_2 ----------
[00:00:00:19:281] Path of length 40 found: [0, 1, 2, 3, 11, 12, 20, 21, 22, 14, 6, 7, 15, 23, 31, 30, 29, 28, 27, 19, 18, 10, 9, 8, 16, 17, 25, 24, 32, 40, 41, 33, 34, 35, 36, 44, 45, 37, 38, 46, 47]
[00:00:00:19:281] ! Unidirectional s-t. expansions: 12,615, time: 19,281 [ms], path length: 40 [edges], generated: 22,013
[00:00:00:19:719] Path of length 40 found: [47, 46, 45, 44, 36, 35, 34, 42, 41, 40, 32, 33, 25, 24, 16, 17, 18, 26, 27, 28, 29, 37, 38, 39, 31, 23, 15, 7, 6, 14, 22, 21, 20, 12, 11, 3, 2, 10, 9, 1, 0]
[00:00:00:19:719] ! Unidirectional t-s. expansions: 12,963, time: 19,719 [ms], path length: 40 [edges], generated: 22,888
[00:00:00:09:510] Path of length 40 found: [47, 39, 31, 23, 15, 7, 6, 14, 22, 21, 20, 12, 11, 3, 2, 1, 9, 10, 18, 19, 27, 28, 29, 37, 38, 46, 45, 44, 36, 35, 34, 42, 41, 40, 32, 33, 25, 24, 16, 8, 0]
[00:00:00:09:836] ! Bidirectional. expansions: 4,977, time: 9,510 [ms], path length: 40 [edges], g_F: 19, g_B: 21, generated: 9,495, MM: 2, MMPER: 3.8,780,487,804,878,048%
[00:00:00:09:836] 
---------- SM_Grids/6x8_grid_with_random_blocks_8per_3 ----------
[00:00:00:11:076] Path of length 42 found: [0, 8, 9, 1, 2, 10, 11, 3, 4, 12, 20, 21, 13, 14, 6, 7, 15, 23, 31, 30, 29, 28, 36, 35, 34, 26, 27, 19, 18, 17, 25, 24, 32, 40, 41, 42, 43, 44, 45, 37, 38, 46, 47]
[00:00:00:11:076] ! Unidirectional s-t. expansions: 7,152, time: 11,76 [ms], path length: 42 [edges], generated: 12,184
[00:00:00:14:862] Path of length 42 found: [47, 39, 31, 23, 15, 7, 6, 14, 13, 12, 4, 3, 2, 10, 11, 19, 18, 26, 34, 35, 27, 28, 20, 21, 29, 30, 38, 46, 45, 37, 36, 44, 43, 42, 41, 40, 32, 24, 25, 17, 9, 1, 0]
[00:00:00:14:863] ! Unidirectional t-s. expansions: 9,498, time: 14,862 [ms], path length: 42 [edges], generated: 16,367
[00:00:00:05:470] Path of length 42 found: [47, 39, 31, 23, 15, 7, 6, 14, 13, 21, 29, 30, 38, 46, 45, 37, 36, 44, 43, 35, 34, 33, 41, 40, 32, 24, 25, 17, 18, 26, 27, 19, 20, 12, 4, 3, 11, 10, 2, 1, 9, 8, 0]
[00:00:00:05:800] ! Bidirectional. expansions: 2,977, time: 5,470 [ms], path length: 42 [edges], g_F: 20, g_B: 22, generated: 5,582, MM: 2, MMPER: 3.6,511,627,906,976,747%
[00:00:00:05:800] 
---------- SM_Grids/6x8_grid_with_random_blocks_8per_4 ----------
[00:00:00:27:041] Path of length 42 found: [0, 1, 9, 17, 16, 24, 32, 40, 41, 33, 25, 26, 18, 10, 2, 3, 11, 19, 27, 35, 34, 42, 43, 44, 45, 37, 36, 28, 20, 12, 4, 5, 6, 7, 15, 14, 13, 21, 29, 30, 38, 39, 47]
[00:00:00:27:042] ! Unidirectional s-t. expansions: 17,905, time: 27,42 [ms], path length: 42 [edges], generated: 30,139
[00:00:00:18:091] Path of length 42 found: [47, 39, 31, 30, 38, 37, 45, 44, 36, 35, 43, 42, 34, 33, 41, 40, 32, 24, 16, 17, 25, 26, 27, 28, 29, 21, 22, 14, 15, 7, 6, 5, 13, 12, 4, 3, 11, 19, 18, 10, 2, 1, 0]
[00:00:00:18:091] ! Unidirectional t-s. expansions: 11,247, time: 18,91 [ms], path length: 42 [edges], generated: 19,508
[00:00:00:13:724] Path of length 42 found: [47, 39, 31, 30, 38, 37, 45, 44, 36, 35, 43, 42, 34, 26, 25, 33, 41, 40, 32, 24, 16, 17, 9, 10, 11, 19, 27, 28, 20, 21, 22, 14, 15, 7, 6, 5, 13, 12, 4, 3, 2, 1, 0]
[00:00:00:14:055] ! Bidirectional. expansions: 7,184, time: 13,724 [ms], path length: 42 [edges], g_F: 20, g_B: 22, generated: 13,857, MM: 2, MMPER: 3.6,511,627,906,976,747%
[00:00:00:14:055] 
---------- SM_Grids/6x8_grid_with_random_blocks_8per_5 ----------
[00:00:00:02:838] Path of length 42 found: [0, 8, 16, 17, 25, 26, 34, 33, 32, 40, 41, 42, 43, 44, 36, 37, 45, 46, 38, 30, 29, 21, 20, 28, 27, 19, 18, 10, 9, 1, 2, 3, 11, 12, 4, 5, 13, 14, 22, 23, 31, 39, 47]
[00:00:00:02:839] ! Unidirectional s-t. expansions: 1,823, time: 2,839 [ms], path length: 42 [edges], generated: 3,117
[00:00:00:03:110] Path of length 42 found: [47, 39, 31, 23, 15, 14, 13, 5, 4, 3, 2, 1, 9, 10, 11, 12, 20, 19, 27, 28, 36, 37, 29, 21, 22, 30, 38, 46, 45, 44, 43, 42, 41, 40, 32, 33, 34, 26, 18, 17, 16, 8, 0]
[00:00:00:03:110] ! Unidirectional t-s. expansions: 2,34, time: 3,110 [ms], path length: 42 [edges], generated: 3,409
[00:00:00:02:140] Path of length 42 found: [47, 39, 31, 23, 15, 14, 13, 5, 4, 3, 2, 1, 9, 10, 11, 12, 20, 19, 27, 28, 36, 37, 29, 21, 22, 30, 38, 46, 45, 44, 43, 42, 41, 40, 32, 33, 34, 26, 25, 17, 16, 8, 0]
[00:00:00:02:466] ! Bidirectional. expansions: 1,151, time: 2,140 [ms], path length: 42 [edges], g_F: 21, g_B: 21, generated: 2,133, MM: 0, MMPER: -1.0%
[00:00:00:02:466] 
---------- SM_Grids/6x8_grid_with_random_blocks_8per_6 ----------
[00:00:00:04:902] Path of length 42 found: [0, 8, 16, 24, 32, 40, 41, 33, 25, 17, 18, 10, 11, 19, 27, 26, 34, 42, 43, 35, 36, 44, 45, 37, 29, 28, 20, 12, 4, 5, 13, 21, 22, 14, 6, 7, 15, 23, 31, 30, 38, 46, 47]
[00:00:00:04:903] ! Unidirectional s-t. expansions: 3,50, time: 4,902 [ms], path length: 42 [edges], generated: 5,385
[00:00:00:09:297] Path of length 42 found: [47, 39, 31, 23, 15, 7, 6, 5, 4, 12, 11, 10, 18, 26, 34, 35, 27, 19, 20, 28, 36, 37, 29, 21, 13, 14, 22, 30, 38, 46, 45, 44, 43, 42, 41, 40, 32, 33, 25, 17, 16, 8, 0]
[00:00:00:09:298] ! Unidirectional t-s. expansions: 5,682, time: 9,298 [ms], path length: 42 [edges], generated: 9,980
[00:00:00:02:788] Path of length 42 found: [47, 39, 31, 23, 15, 7, 6, 5, 4, 12, 11, 10, 18, 17, 25, 33, 34, 26, 27, 19, 20, 28, 29, 21, 13, 14, 22, 30, 38, 46, 45, 37, 36, 44, 43, 42, 41, 40, 32, 24, 16, 8, 0]
[00:00:00:03:113] ! Bidirectional. expansions: 1,423, time: 2,788 [ms], path length: 42 [edges], g_F: 21, g_B: 21, generated: 2,824, MM: 0, MMPER: -1.0%
[00:00:00:03:113] 
---------- SM_Grids/6x8_grid_with_random_blocks_8per_7 ----------
[00:00:00:00:068] Path of length 44 found: [0, 8, 16, 24, 32, 40, 41, 33, 25, 17, 9, 1, 2, 10, 18, 26, 34, 42, 43, 35, 27, 19, 20, 12, 11, 3, 4, 5, 6, 14, 15, 23, 22, 21, 29, 37, 36, 44, 45, 46, 38, 30, 31, 39, 47]
[00:00:00:00:069] ! Unidirectional s-t. expansions: 48, time: 68 [ms], path length: 44 [edges], generated: 77
[00:00:00:00:065] Path of length 44 found: [47, 39, 31, 23, 15, 14, 6, 5, 4, 3, 2, 1, 9, 17, 25, 33, 34, 26, 18, 10, 11, 12, 20, 19, 27, 35, 36, 37, 29, 21, 22, 30, 38, 46, 45, 44, 43, 42, 41, 40, 32, 24, 16, 8, 0]
[00:00:00:00:065] ! Unidirectional t-s. expansions: 45, time: 65 [ms], path length: 44 [edges], generated: 72
[00:00:00:04:889] Path of length 44 found: [47, 39, 31, 23, 15, 14, 6, 5, 4, 3, 2, 1, 9, 17, 25, 33, 34, 26, 18, 10, 11, 12, 20, 19, 27, 35, 36, 37, 29, 21, 22, 30, 38, 46, 45, 44, 43, 42, 41, 40, 32, 24, 16, 8, 0]
[00:00:00:05:208] ! Bidirectional. expansions: 2,799, time: 4,889 [ms], path length: 44 [edges], g_F: 22, g_B: 22, generated: 5,008, MM: 0, MMPER: -1.0%
[00:00:00:05:208] 
---------- SM_Grids/6x8_grid_with_random_blocks_8per_8 ----------
[00:00:00:10:349] Path of length 42 found: [0, 8, 9, 1, 2, 10, 11, 3, 4, 12, 13, 5, 6, 7, 15, 14, 22, 21, 29, 28, 20, 19, 27, 26, 18, 17, 16, 24, 25, 33, 32, 40, 41, 42, 43, 35, 36, 37, 38, 30, 31, 39, 47]
[00:00:00:10:350] ! Unidirectional s-t. expansions: 6,575, time: 10,350 [ms], path length: 42 [edges], generated: 11,301
[00:00:00:05:377] Path of length 42 found: [47, 46, 38, 39, 31, 30, 22, 14, 15, 7, 6, 5, 4, 3, 2, 10, 18, 26, 27, 19, 11, 12, 13, 21, 20, 28, 29, 37, 36, 35, 43, 42, 41, 40, 32, 33, 25, 24, 16, 17, 9, 1, 0]
[00:00:00:05:378] ! Unidirectional t-s. expansions: 3,416, time: 5,377 [ms], path length: 42 [edges], generated: 5,951
[00:00:00:08:308] Path of length 42 found: [0, 8, 16, 17, 9, 1, 2, 3, 11, 10, 18, 19, 20, 28, 27, 26, 25, 24, 32, 40, 41, 42, 43, 44, 36, 37, 29, 21, 13, 12, 4, 5, 6, 7, 15, 14, 22, 30, 31, 39, 38, 46, 47]
[00:00:00:08:634] ! Bidirectional. expansions: 4,530, time: 8,308 [ms], path length: 42 [edges], g_F: 21, g_B: 21, generated: 8,415, MM: 0, MMPER: -1.0%
[00:00:00:08:634] 
---------- SM_Grids/6x8_grid_with_random_blocks_8per_9 ----------
[00:00:00:00:375] Path of length 44 found: [0, 1, 9, 10, 2, 3, 11, 12, 20, 28, 27, 19, 18, 26, 25, 17, 16, 24, 32, 33, 41, 42, 34, 35, 43, 44, 36, 37, 45, 46, 38, 30, 29, 21, 13, 5, 6, 7, 15, 14, 22, 23, 31, 39, 47]
[00:00:00:00:375] ! Unidirectional s-t. expansions: 206, time: 375 [ms], path length: 44 [edges], generated: 377
[00:00:00:00:150] Path of length 44 found: [47, 39, 31, 23, 15, 7, 6, 5, 13, 14, 22, 21, 29, 30, 38, 46, 45, 37, 36, 44, 43, 35, 34, 42, 41, 33, 32, 24, 16, 17, 25, 26, 18, 19, 27, 28, 20, 12, 11, 3, 2, 10, 9, 1, 0]
[00:00:00:00:151] ! Unidirectional t-s. expansions: 92, time: 150 [ms], path length: 44 [edges], generated: 161
[00:00:00:01:262] Path of length 44 found: [47, 39, 31, 23, 15, 7, 6, 5, 13, 14, 22, 21, 29, 30, 38, 46, 45, 37, 36, 44, 43, 35, 34, 42, 41, 33, 32, 24, 16, 17, 25, 26, 18, 19, 27, 28, 20, 12, 11, 3, 2, 10, 9, 1, 0]
[00:00:00:01:651] ! Bidirectional. expansions: 674, time: 1,262 [ms], path length: 44 [edges], g_F: 22, g_B: 22, generated: 1,234, MM: 0, MMPER: -1.0%
[00:00:00:01:651] average expansions: (10,788, 11,081, 4,866, 0)
[00:00:00:01:651] average time: (15,801, 16,940, 9,353, 0)
[00:00:00:01:651] A*: 10,788 , 15,801 (expansions , time[ms])
[00:00:00:01:651] XMM: 4,866 , 9,353 (expansions , time[ms])

[00:00:00:01:651] 
---------- SM_Grids/6x8_grid_with_random_blocks_8per_0 ----------
[00:00:02:08:138] Path of length 40 found: [0, 1, 9, 8, 16, 24, 32, 40, 41, 33, 25, 17, 18, 10, 11, 3, 4, 12, 20, 19, 27, 26, 34, 42, 43, 35, 36, 28, 29, 21, 13, 5, 6, 14, 15, 23, 31, 30, 38, 46, 47]
[00:00:02:08:138] ! Unidirectional s-t. expansions: 56,996, time: 128,138 [ms], path length: 40 [edges], generated: 102,107
[00:00:02:20:265] Path of length 40 found: [47, 46, 38, 39, 31, 23, 15, 7, 6, 14, 13, 5, 4, 3, 11, 12, 20, 21, 29, 37, 36, 28, 27, 19, 18, 10, 9, 17, 25, 26, 34, 35, 43, 42, 41, 33, 32, 24, 16, 8, 0]
[00:00:02:20:265] ! Unidirectional t-s. expansions: 62,70, time: 140,265 [ms], path length: 40 [edges], generated: 112,800
[00:00:01:45:573] Path of length 40 found: [0, 1, 9, 8, 16, 24, 32, 40, 41, 33, 25, 17, 18, 10, 11, 19, 27, 26, 34, 42, 43, 35, 36, 28, 29, 21, 20, 12, 4, 5, 13, 14, 6, 7, 15, 23, 31, 39, 38, 46, 47]
[00:00:01:45:901] ! Bidirectional. expansions: 159,649, time: 105,573 [ms], path length: 40 [edges], g_F: 20, g_B: 20, generated: {'F': 150,638, 'B': 156,670}, MM: 0, MMPER: -1.0%
[00:00:01:45:902] 
---------- SM_Grids/6x8_grid_with_random_blocks_8per_1 ----------
[00:00:00:03:665] Path of length 42 found: [0, 8, 16, 24, 32, 40, 41, 33, 25, 17, 18, 10, 11, 3, 4, 12, 20, 19, 27, 26, 34, 42, 43, 35, 36, 28, 29, 21, 13, 14, 6, 7, 15, 23, 22, 30, 31, 39, 38, 37, 45, 46, 47]
[00:00:00:03:666] ! Unidirectional s-t. expansions: 1,522, time: 3,665 [ms], path length: 42 [edges], generated: 2,890
[00:00:00:09:049] Path of length 42 found: [47, 39, 31, 23, 15, 7, 6, 14, 13, 12, 4, 3, 11, 10, 18, 17, 25, 33, 34, 26, 27, 19, 20, 28, 36, 37, 29, 21, 22, 30, 38, 46, 45, 44, 43, 42, 41, 40, 32, 24, 16, 8, 0]
[00:00:00:09:049] ! Unidirectional t-s. expansions: 3,782, time: 9,49 [ms], path length: 42 [edges], generated: 6,959
[00:00:00:06:186] Path of length 42 found: [0, 8, 16, 24, 32, 40, 41, 33, 25, 17, 18, 26, 34, 42, 43, 35, 36, 44, 45, 46, 38, 37, 29, 30, 22, 21, 20, 28, 27, 19, 11, 3, 4, 12, 13, 14, 6, 7, 15, 23, 31, 39, 47]
[00:00:00:06:536] ! Bidirectional. expansions: 8,537, time: 6,186 [ms], path length: 42 [edges], g_F: 21, g_B: 21, generated: {'F': 8,664, 'B': 7,714}, MM: 0, MMPER: -1.0%
[00:00:00:06:536] 
---------- SM_Grids/6x8_grid_with_random_blocks_8per_2 ----------
[00:00:00:28:443] Path of length 40 found: [0, 8, 16, 24, 32, 40, 41, 42, 34, 33, 25, 17, 9, 1, 2, 3, 11, 10, 18, 26, 27, 19, 20, 28, 36, 44, 45, 37, 29, 21, 22, 14, 6, 7, 15, 23, 31, 30, 38, 46, 47]
[00:00:00:28:443] ! Unidirectional s-t. expansions: 12,614, time: 28,443 [ms], path length: 40 [edges], generated: 23,010
[00:00:00:29:066] Path of length 40 found: [47, 39, 31, 23, 15, 7, 6, 14, 22, 21, 20, 12, 11, 3, 2, 1, 9, 10, 18, 19, 27, 28, 29, 30, 38, 46, 45, 37, 36, 35, 34, 26, 25, 33, 41, 40, 32, 24, 16, 8, 0]
[00:00:00:29:066] ! Unidirectional t-s. expansions: 12,968, time: 29,66 [ms], path length: 40 [edges], generated: 23,898
[00:00:00:47:565] Path of length 40 found: [0, 8, 16, 24, 32, 40, 41, 42, 34, 33, 25, 17, 9, 1, 2, 3, 11, 10, 18, 26, 27, 35, 36, 37, 45, 46, 38, 30, 29, 28, 20, 21, 22, 14, 6, 7, 15, 23, 31, 39, 47]
[00:00:00:47:896] ! Bidirectional. expansions: 72,139, time: 47,565 [ms], path length: 40 [edges], g_F: 20, g_B: 20, generated: {'F': 65,454, 'B': 65,438}, MM: 0, MMPER: -1.0%
[00:00:00:47:896] 
---------- SM_Grids/6x8_grid_with_random_blocks_8per_3 ----------
[00:00:00:16:577] Path of length 42 found: [0, 8, 9, 1, 2, 10, 18, 17, 25, 24, 32, 40, 41, 33, 34, 26, 27, 19, 11, 3, 4, 12, 20, 28, 36, 35, 43, 44, 45, 37, 29, 21, 13, 14, 6, 7, 15, 23, 31, 30, 38, 46, 47]
[00:00:00:16:577] ! Unidirectional s-t. expansions: 7,151, time: 16,577 [ms], path length: 42 [edges], generated: 12,805
[00:00:00:22:747] Path of length 42 found: [47, 39, 31, 23, 15, 7, 6, 14, 13, 12, 4, 3, 2, 10, 11, 19, 18, 26, 34, 35, 27, 28, 20, 21, 29, 30, 38, 46, 45, 37, 36, 44, 43, 42, 41, 40, 32, 24, 25, 17, 9, 1, 0]
[00:00:00:22:747] ! Unidirectional t-s. expansions: 9,497, time: 22,747 [ms], path length: 42 [edges], generated: 17,369
[00:00:00:15:377] Path of length 42 found: [0, 8, 9, 1, 2, 10, 18, 17, 25, 24, 32, 40, 41, 33, 34, 42, 43, 44, 45, 46, 38, 30, 29, 21, 20, 28, 36, 35, 27, 19, 11, 3, 4, 12, 13, 14, 6, 7, 15, 23, 31, 39, 47]
[00:00:00:15:728] ! Bidirectional. expansions: 22,566, time: 15,377 [ms], path length: 42 [edges], g_F: 21, g_B: 21, generated: {'F': 20,492, 'B': 20,609}, MM: 0, MMPER: -1.0%
[00:00:00:15:728] 
---------- SM_Grids/6x8_grid_with_random_blocks_8per_4 ----------
[00:00:00:41:256] Path of length 42 found: [0, 1, 9, 17, 16, 24, 32, 40, 41, 33, 25, 26, 18, 10, 2, 3, 11, 19, 27, 35, 34, 42, 43, 44, 45, 37, 36, 28, 20, 12, 4, 5, 6, 7, 15, 14, 13, 21, 29, 30, 38, 39, 47]
[00:00:00:41:256] ! Unidirectional s-t. expansions: 17,905, time: 41,256 [ms], path length: 42 [edges], generated: 32,622
[00:00:00:26:471] Path of length 42 found: [47, 39, 31, 30, 38, 37, 45, 44, 36, 28, 29, 21, 22, 14, 15, 7, 6, 5, 13, 12, 4, 3, 2, 10, 11, 19, 18, 26, 27, 35, 43, 42, 34, 33, 41, 40, 32, 24, 16, 17, 9, 1, 0]
[00:00:00:26:471] ! Unidirectional t-s. expansions: 11,248, time: 26,471 [ms], path length: 42 [edges], generated: 20,737
[00:00:00:22:601] Path of length 42 found: [0, 1, 9, 17, 16, 24, 32, 40, 41, 33, 25, 26, 34, 42, 43, 35, 27, 19, 18, 10, 2, 3, 4, 12, 13, 5, 6, 7, 15, 14, 22, 21, 29, 28, 36, 44, 45, 37, 38, 30, 31, 39, 47]
[00:00:00:22:957] ! Bidirectional. expansions: 34,669, time: 22,602 [ms], path length: 42 [edges], g_F: 21, g_B: 21, generated: {'F': 34,542, 'B': 32,812}, MM: 0, MMPER: -1.0%
[00:00:00:22:958] 
---------- SM_Grids/6x8_grid_with_random_blocks_8per_5 ----------
[00:00:00:04:310] Path of length 42 found: [0, 8, 16, 17, 9, 1, 2, 10, 18, 26, 25, 33, 32, 40, 41, 42, 43, 44, 36, 28, 27, 19, 11, 3, 4, 5, 13, 12, 20, 21, 29, 37, 45, 46, 38, 30, 22, 14, 15, 23, 31, 39, 47]
[00:00:00:04:310] ! Unidirectional s-t. expansions: 1,848, time: 4,310 [ms], path length: 42 [edges], generated: 3,366
[00:00:00:04:757] Path of length 42 found: [47, 39, 31, 23, 15, 14, 13, 5, 4, 3, 2, 1, 9, 10, 18, 26, 27, 19, 11, 12, 20, 28, 36, 37, 29, 21, 22, 30, 38, 46, 45, 44, 43, 42, 41, 40, 32, 33, 25, 17, 16, 8, 0]
[00:00:00:04:757] ! Unidirectional t-s. expansions: 2,37, time: 4,757 [ms], path length: 42 [edges], generated: 3,665
[00:00:00:10:463] Path of length 42 found: [0, 8, 16, 17, 9, 1, 2, 10, 18, 26, 25, 33, 32, 40, 41, 42, 43, 44, 45, 46, 38, 30, 22, 21, 29, 37, 36, 28, 27, 19, 20, 12, 11, 3, 4, 5, 13, 14, 15, 23, 31, 39, 47]
[00:00:00:10:787] ! Bidirectional. expansions: 13,483, time: 10,463 [ms], path length: 42 [edges], g_F: 21, g_B: 21, generated: {'F': 13,084, 'B': 12,001}, MM: 0, MMPER: -1.0%
[00:00:00:10:788] 
---------- SM_Grids/6x8_grid_with_random_blocks_8per_6 ----------
[00:00:00:07:113] Path of length 42 found: [0, 8, 16, 24, 32, 40, 41, 33, 25, 17, 18, 10, 11, 19, 27, 26, 34, 42, 43, 35, 36, 44, 45, 37, 29, 28, 20, 12, 4, 5, 13, 21, 22, 14, 6, 7, 15, 23, 31, 30, 38, 46, 47]
[00:00:00:07:113] ! Unidirectional s-t. expansions: 3,49, time: 7,113 [ms], path length: 42 [edges], generated: 5,700
[00:00:00:14:081] Path of length 42 found: [47, 39, 31, 23, 15, 7, 6, 5, 4, 12, 11, 10, 18, 17, 25, 33, 34, 26, 27, 19, 20, 28, 36, 37, 29, 21, 13, 14, 22, 30, 38, 46, 45, 44, 43, 42, 41, 40, 32, 24, 16, 8, 0]
[00:00:00:14:081] ! Unidirectional t-s. expansions: 5,697, time: 14,81 [ms], path length: 42 [edges], generated: 10,784
[00:00:00:13:560] Path of length 42 found: [0, 8, 16, 24, 32, 40, 41, 33, 25, 17, 18, 26, 34, 42, 43, 44, 45, 46, 38, 37, 29, 30, 22, 14, 13, 21, 20, 28, 36, 35, 27, 19, 11, 12, 4, 5, 6, 7, 15, 23, 31, 39, 47]
[00:00:00:13:883] ! Bidirectional. expansions: 19,492, time: 13,560 [ms], path length: 42 [edges], g_F: 21, g_B: 21, generated: {'F': 19,486, 'B': 17,860}, MM: 0, MMPER: -1.0%
[00:00:00:13:883] 
---------- SM_Grids/6x8_grid_with_random_blocks_8per_7 ----------
[00:00:00:00:131] Path of length 44 found: [0, 8, 16, 24, 32, 40, 41, 33, 25, 17, 9, 1, 2, 10, 18, 26, 34, 42, 43, 35, 27, 19, 20, 12, 11, 3, 4, 5, 6, 14, 15, 23, 22, 21, 29, 37, 36, 44, 45, 46, 38, 30, 31, 39, 47]
[00:00:00:00:131] ! Unidirectional s-t. expansions: 65, time: 131 [ms], path length: 44 [edges], generated: 105
[00:00:00:00:092] Path of length 44 found: [47, 39, 31, 23, 15, 14, 6, 5, 4, 3, 2, 1, 9, 17, 25, 33, 34, 26, 18, 10, 11, 12, 20, 19, 27, 35, 36, 37, 29, 21, 22, 30, 38, 46, 45, 44, 43, 42, 41, 40, 32, 24, 16, 8, 0]
[00:00:00:00:092] ! Unidirectional t-s. expansions: 44, time: 92 [ms], path length: 44 [edges], generated: 72
[00:00:00:00:036] Path of length 44 found: [0, 8, 16, 24, 32, 40, 41, 33, 25, 17, 9, 1, 2, 10, 18, 26, 34, 42, 43, 44, 45, 46, 38, 30, 22, 21, 29, 37, 36, 35, 27, 19, 20, 12, 11, 3, 4, 5, 6, 14, 15, 23, 31, 39, 47]
[00:00:00:00:359] ! Bidirectional. expansions: 44, time: 36 [ms], path length: 44 [edges], g_F: 22, g_B: 22, generated: {'F': 41, 'B': 40}, MM: 0, MMPER: -1.0%
[00:00:00:00:359] 
---------- SM_Grids/6x8_grid_with_random_blocks_8per_8 ----------
[00:00:00:15:454] Path of length 42 found: [0, 8, 16, 24, 32, 40, 41, 33, 25, 17, 9, 1, 2, 10, 18, 26, 27, 35, 43, 44, 36, 28, 20, 19, 11, 3, 4, 12, 13, 5, 6, 7, 15, 14, 22, 21, 29, 37, 38, 30, 31, 39, 47]
[00:00:00:15:454] ! Unidirectional s-t. expansions: 6,574, time: 15,454 [ms], path length: 42 [edges], generated: 11,875
[00:00:00:08:032] Path of length 42 found: [47, 46, 38, 39, 31, 30, 22, 14, 15, 7, 6, 5, 4, 3, 2, 1, 9, 17, 25, 26, 18, 10, 11, 19, 27, 28, 20, 12, 13, 21, 29, 37, 36, 35, 43, 42, 41, 33, 32, 24, 16, 8, 0]
[00:00:00:08:032] ! Unidirectional t-s. expansions: 3,419, time: 8,32 [ms], path length: 42 [edges], generated: 6,211
[00:00:00:11:498] Path of length 42 found: [0, 8, 16, 24, 32, 40, 41, 33, 25, 17, 9, 1, 2, 10, 18, 26, 27, 35, 43, 44, 36, 28, 29, 21, 13, 12, 20, 19, 11, 3, 4, 5, 6, 7, 15, 14, 22, 30, 31, 39, 38, 46, 47]
[00:00:00:11:826] ! Bidirectional. expansions: 15,836, time: 11,498 [ms], path length: 42 [edges], g_F: 21, g_B: 21, generated: {'F': 14,373, 'B': 14,502}, MM: 0, MMPER: -1.0%
[00:00:00:11:826] 
---------- SM_Grids/6x8_grid_with_random_blocks_8per_9 ----------
[00:00:00:17:605] Path of length 44 found: [0, 1, 9, 10, 2, 3, 11, 12, 20, 28, 27, 19, 18, 26, 25, 17, 16, 24, 32, 33, 41, 42, 34, 35, 43, 44, 36, 37, 45, 46, 38, 30, 29, 21, 13, 5, 6, 7, 15, 14, 22, 23, 31, 39, 47]
[00:00:00:17:605] ! Unidirectional s-t. expansions: 7,448, time: 17,605 [ms], path length: 44 [edges], generated: 13,751
[00:00:00:01:345] Path of length 44 found: [47, 39, 31, 23, 15, 7, 6, 5, 13, 14, 22, 21, 29, 30, 38, 46, 45, 37, 36, 44, 43, 35, 34, 42, 41, 33, 32, 24, 16, 17, 25, 26, 18, 19, 27, 28, 20, 12, 11, 3, 2, 10, 9, 1, 0]
[00:00:00:01:345] ! Unidirectional t-s. expansions: 629, time: 1,345 [ms], path length: 44 [edges], generated: 1,074
[00:00:00:04:239] Path of length 44 found: [0, 1, 9, 10, 2, 3, 11, 12, 20, 28, 27, 19, 18, 26, 25, 17, 16, 24, 32, 33, 41, 42, 34, 35, 43, 44, 36, 37, 45, 46, 38, 30, 29, 21, 22, 14, 13, 5, 6, 7, 15, 23, 31, 39, 47]
[00:00:00:04:609] ! Bidirectional. expansions: 6,366, time: 4,239 [ms], path length: 44 [edges], g_F: 22, g_B: 22, generated: {'F': 6,209, 'B': 6,195}, MM: 0, MMPER: -1.0%
[00:00:00:04:609] average expansions: (11,517, 11,139, 35,278, 0)
[00:00:00:04:609] average time: (26,269, 25,590, 23,710, 0)
[00:00:00:04:610] X-DFBnB: 11,139 , 25,590 (expansions , time[ms])
[00:00:00:04:610] BiX-DFBnB: 35,278 , 23,710 (expansions , time[ms])

