--------------------------
date: SM_Grids
number_of_graphs: 10
graph_type: grid
size_of_graphs: [7, 8]
heuristic: bcc_heuristic
snake: False
run_uni: True
run_bi: True
run_multi: False
solution_vertices: []
algorithms: ['full', 'DFS']
bsd: True
cube_first_dims: 4
cube_buffer_dim: None
backward_sym_generation: False
sym_coil: False
prefix_set: None

---------- SM_Grids/7x8_grid_with_random_blocks_16per_0 ----------
[00:00:00:01:057] Path of length 43 found: [0, 1, 2, 3, 4, 5, 13, 12, 20, 28, 29, 30, 22, 14, 15, 23, 31, 39, 47, 46, 45, 37, 36, 35, 27, 19, 18, 17, 25, 24, 32, 33, 41, 40, 48, 49, 50, 42, 43, 51, 52, 53, 54, 55]
[00:00:00:01:057] ! Unidirectional s-t. expansions: 832, time: 1,57 [ms], path length: 43 [edges], generated: 1,472
[00:00:00:04:634] Path of length 43 found: [55, 54, 53, 52, 51, 50, 49, 48, 40, 32, 24, 25, 33, 41, 42, 43, 44, 45, 46, 47, 39, 31, 30, 22, 23, 15, 14, 13, 5, 4, 12, 20, 28, 29, 37, 36, 35, 27, 19, 18, 17, 9, 1, 0]
[00:00:00:04:634] ! Unidirectional t-s. expansions: 3,632, time: 4,634 [ms], path length: 43 [edges], generated: 6,169
[00:00:00:02:207] Path of length 43 found: [0, 1, 2, 3, 4, 5, 13, 12, 20, 19, 27, 26, 18, 17, 25, 24, 32, 33, 41, 40, 48, 49, 50, 51, 52, 53, 54, 46, 45, 44, 43, 35, 36, 37, 29, 30, 22, 14, 15, 23, 31, 39, 47, 55]
[00:00:00:02:611] ! Bidirectional. expansions: 1,289, time: 2,207 [ms], path length: 43 [edges], g_F: 21, g_B: 22, generated: 2,255, MM: 1, MMPER: 1.272,727,272,727,273%
[00:00:00:02:611] 
---------- SM_Grids/7x8_grid_with_random_blocks_16per_1 ----------
[00:00:00:00:062] Path of length 39 found: [0, 1, 9, 8, 16, 17, 25, 26, 18, 10, 11, 19, 27, 35, 34, 42, 43, 51, 52, 44, 36, 28, 20, 12, 13, 14, 22, 21, 29, 37, 45, 53, 54, 46, 38, 30, 31, 39, 47, 55]
[00:00:00:00:062] ! Unidirectional s-t. expansions: 40, time: 62 [ms], path length: 39 [edges], generated: 69
[00:00:00:00:063] Path of length 39 found: [55, 47, 39, 31, 30, 22, 14, 13, 12, 11, 10, 18, 19, 27, 35, 36, 28, 20, 21, 29, 37, 38, 46, 54, 53, 45, 44, 52, 51, 43, 42, 34, 26, 25, 17, 16, 8, 9, 1, 0]
[00:00:00:00:064] ! Unidirectional t-s. expansions: 40, time: 63 [ms], path length: 39 [edges], generated: 69
[00:00:00:02:580] Path of length 39 found: [55, 47, 39, 31, 30, 22, 14, 13, 12, 11, 10, 18, 19, 27, 35, 36, 28, 20, 21, 29, 37, 38, 46, 54, 53, 45, 44, 52, 51, 43, 42, 34, 26, 25, 17, 16, 8, 9, 1, 0]
[00:00:00:02:969] ! Bidirectional. expansions: 1,319, time: 2,580 [ms], path length: 39 [edges], g_F: 20, g_B: 19, generated: 2,631, MM: 1, MMPER: 1.5%
[00:00:00:02:970] 
---------- SM_Grids/7x8_grid_with_random_blocks_16per_2 ----------
[00:00:00:00:943] Path of length 43 found: [0, 1, 9, 8, 16, 24, 25, 17, 18, 26, 34, 33, 32, 40, 48, 49, 50, 51, 52, 44, 43, 35, 27, 28, 20, 12, 11, 3, 4, 5, 13, 14, 6, 7, 15, 23, 22, 21, 29, 37, 38, 39, 47, 55]
[00:00:00:00:943] ! Unidirectional s-t. expansions: 648, time: 943 [ms], path length: 43 [edges], generated: 1,093
[00:00:00:00:348] Path of length 43 found: [55, 47, 39, 38, 37, 29, 28, 20, 21, 13, 14, 22, 23, 15, 7, 6, 5, 4, 12, 11, 3, 2, 1, 9, 17, 18, 26, 27, 35, 43, 44, 52, 51, 50, 49, 48, 40, 41, 33, 25, 24, 16, 8, 0]
[00:00:00:00:348] ! Unidirectional t-s. expansions: 216, time: 348 [ms], path length: 43 [edges], generated: 379
[00:00:00:00:516] Path of length 43 found: [0, 8, 16, 24, 32, 33, 41, 40, 48, 49, 50, 51, 52, 44, 43, 35, 34, 26, 18, 17, 9, 1, 2, 3, 11, 12, 4, 5, 6, 7, 15, 23, 22, 14, 13, 21, 20, 28, 29, 37, 38, 39, 47, 55]
[00:00:00:00:902] ! Bidirectional. expansions: 330, time: 517 [ms], path length: 43 [edges], g_F: 20, g_B: 23, generated: 522, MM: 3, MMPER: 5.818,181,818,181,818%
[00:00:00:00:902] 
---------- SM_Grids/7x8_grid_with_random_blocks_16per_3 ----------
[00:00:00:03:624] Path of length 43 found: [0, 1, 9, 17, 16, 24, 32, 40, 48, 49, 41, 33, 34, 42, 50, 51, 43, 44, 52, 53, 45, 46, 38, 30, 29, 21, 20, 28, 27, 19, 18, 10, 2, 3, 11, 12, 13, 14, 22, 23, 31, 39, 47, 55]
[00:00:00:03:624] ! Unidirectional s-t. expansions: 2,294, time: 3,624 [ms], path length: 43 [edges], generated: 3,967
[00:00:00:04:413] Path of length 43 found: [55, 47, 39, 31, 23, 15, 14, 22, 30, 38, 46, 45, 53, 52, 44, 43, 51, 50, 42, 34, 33, 41, 49, 48, 40, 32, 24, 16, 17, 18, 19, 27, 28, 29, 21, 13, 12, 4, 3, 11, 10, 2, 1, 0]
[00:00:00:04:413] ! Unidirectional t-s. expansions: 2,859, time: 4,413 [ms], path length: 43 [edges], generated: 4,987
[00:00:00:03:818] Path of length 43 found: [0, 1, 9, 17, 16, 24, 32, 40, 48, 49, 41, 33, 34, 42, 50, 51, 52, 53, 45, 44, 36, 28, 27, 19, 11, 10, 2, 3, 4, 12, 13, 21, 29, 30, 22, 14, 15, 23, 31, 39, 38, 46, 47, 55]
[00:00:00:04:198] ! Bidirectional. expansions: 2,187, time: 3,819 [ms], path length: 43 [edges], g_F: 22, g_B: 21, generated: 3,923, MM: 1, MMPER: 1.272,727,272,727,273%
[00:00:00:04:199] 
---------- SM_Grids/7x8_grid_with_random_blocks_16per_4 ----------
[00:00:00:00:065] Path of length 47 found: [0, 8, 16, 24, 32, 40, 48, 49, 41, 33, 25, 17, 9, 1, 2, 3, 11, 19, 18, 26, 34, 42, 50, 51, 43, 35, 36, 28, 20, 12, 13, 5, 6, 14, 22, 30, 31, 39, 38, 37, 45, 44, 52, 53, 54, 46, 47, 55]
[00:00:00:00:065] ! Unidirectional s-t. expansions: 48, time: 65 [ms], path length: 47 [edges], generated: 73
[00:00:00:00:065] Path of length 47 found: [55, 47, 39, 31, 30, 22, 14, 6, 5, 13, 12, 11, 3, 2, 1, 9, 17, 25, 33, 41, 42, 34, 26, 18, 19, 20, 28, 36, 35, 43, 44, 45, 37, 38, 46, 54, 53, 52, 51, 50, 49, 48, 40, 32, 24, 16, 8, 0]
[00:00:00:00:065] ! Unidirectional t-s. expansions: 48, time: 65 [ms], path length: 47 [edges], generated: 73
[00:00:00:06:403] Path of length 47 found: [55, 47, 39, 31, 30, 22, 14, 6, 5, 13, 12, 11, 3, 2, 1, 9, 17, 25, 33, 41, 42, 34, 26, 18, 19, 20, 28, 36, 35, 43, 44, 45, 37, 38, 46, 54, 53, 52, 51, 50, 49, 48, 40, 32, 24, 16, 8, 0]
[00:00:00:06:779] ! Bidirectional. expansions: 3,775, time: 6,403 [ms], path length: 47 [edges], g_F: 24, g_B: 23, generated: 6,730, MM: 1, MMPER: 1.833,333,333,333,335%
[00:00:00:06:779] 
---------- SM_Grids/7x8_grid_with_random_blocks_16per_5 ----------
[00:00:00:02:086] Path of length 45 found: [0, 8, 16, 17, 9, 1, 2, 10, 18, 26, 34, 33, 32, 40, 41, 49, 50, 42, 43, 35, 27, 19, 11, 3, 4, 12, 20, 28, 29, 21, 13, 5, 6, 14, 15, 23, 31, 30, 38, 37, 45, 44, 52, 53, 54, 55]
[00:00:00:02:087] ! Unidirectional s-t. expansions: 1,345, time: 2,86 [ms], path length: 45 [edges], generated: 2,289
[00:00:00:00:939] Path of length 45 found: [55, 54, 53, 52, 44, 45, 37, 29, 30, 38, 39, 31, 23, 15, 7, 6, 14, 13, 5, 4, 12, 20, 28, 27, 35, 43, 42, 50, 49, 41, 40, 32, 33, 34, 26, 18, 19, 11, 3, 2, 10, 9, 17, 16, 8, 0]
[00:00:00:00:940] ! Unidirectional t-s. expansions: 594, time: 939 [ms], path length: 45 [edges], generated: 1,067
[00:00:00:01:743] Path of length 45 found: [55, 54, 53, 52, 44, 45, 37, 29, 30, 38, 39, 31, 23, 15, 7, 6, 14, 13, 5, 4, 3, 2, 1, 9, 10, 11, 19, 20, 28, 27, 35, 43, 42, 50, 49, 41, 40, 32, 33, 34, 26, 18, 17, 16, 8, 0]
[00:00:00:02:122] ! Bidirectional. expansions: 992, time: 1,743 [ms], path length: 45 [edges], g_F: 22, g_B: 23, generated: 1,740, MM: 1, MMPER: 1.1,739,130,434,782,608%
[00:00:00:02:122] 
---------- SM_Grids/7x8_grid_with_random_blocks_16per_6 ----------
[00:00:00:00:069] Path of length 45 found: [0, 1, 9, 17, 16, 24, 32, 33, 25, 26, 34, 35, 27, 19, 18, 10, 2, 3, 11, 12, 4, 5, 13, 14, 6, 7, 15, 23, 31, 30, 29, 21, 20, 28, 36, 44, 43, 51, 52, 53, 45, 37, 38, 46, 54, 55]
[00:00:00:00:069] ! Unidirectional s-t. expansions: 46, time: 69 [ms], path length: 45 [edges], generated: 75
[00:00:00:00:105] Path of length 45 found: [55, 54, 46, 38, 30, 31, 23, 15, 7, 6, 14, 13, 5, 4, 3, 2, 10, 18, 19, 11, 12, 20, 21, 29, 37, 45, 53, 52, 51, 43, 44, 36, 28, 27, 35, 34, 26, 25, 33, 32, 24, 16, 17, 9, 1, 0]
[00:00:00:00:105] ! Unidirectional t-s. expansions: 67, time: 105 [ms], path length: 45 [edges], generated: 114
[00:00:00:13:659] Path of length 43 found: [55, 54, 46, 38, 30, 31, 23, 15, 7, 6, 14, 13, 5, 4, 3, 2, 10, 18, 19, 11, 12, 20, 21, 29, 37, 36, 44, 45, 53, 52, 51, 43, 35, 34, 26, 25, 33, 32, 24, 16, 17, 9, 1, 0]
[00:00:00:14:040] ! Bidirectional. expansions: 7,293, time: 13,659 [ms], path length: 43 [edges], g_F: 21, g_B: 22, generated: 14,070, MM: 1, MMPER: 1.272,727,272,727,273%
[00:00:00:14:040] 
---------- SM_Grids/7x8_grid_with_random_blocks_16per_7 ----------
[00:00:00:00:066] Path of length 47 found: [0, 1, 9, 8, 16, 17, 25, 24, 32, 40, 48, 49, 41, 33, 34, 42, 50, 51, 43, 44, 52, 53, 45, 37, 36, 28, 27, 19, 11, 3, 4, 12, 20, 21, 13, 14, 6, 7, 15, 23, 22, 30, 38, 39, 47, 46, 54, 55]
[00:00:00:00:067] ! Unidirectional s-t. expansions: 48, time: 66 [ms], path length: 47 [edges], generated: 71
[00:00:00:00:066] Path of length 47 found: [55, 47, 39, 38, 30, 22, 23, 15, 7, 6, 14, 13, 21, 20, 12, 4, 3, 11, 19, 27, 28, 36, 37, 45, 46, 54, 53, 52, 44, 43, 51, 50, 42, 34, 33, 41, 49, 48, 40, 32, 24, 25, 17, 16, 8, 9, 1, 0]
[00:00:00:00:067] ! Unidirectional t-s. expansions: 48, time: 66 [ms], path length: 47 [edges], generated: 71
[00:00:00:00:281] Path of length 47 found: [55, 47, 39, 38, 30, 22, 23, 15, 7, 6, 14, 13, 21, 20, 12, 4, 3, 11, 19, 27, 28, 36, 37, 45, 46, 54, 53, 52, 44, 43, 51, 50, 42, 34, 33, 41, 49, 48, 40, 32, 24, 25, 17, 16, 8, 9, 1, 0]
[00:00:00:00:662] ! Bidirectional. expansions: 154, time: 281 [ms], path length: 47 [edges], g_F: 24, g_B: 23, generated: 277, MM: 1, MMPER: 1.833,333,333,333,335%
[00:00:00:00:662] 
---------- SM_Grids/7x8_grid_with_random_blocks_16per_8 ----------
[00:00:00:03:555] Path of length 43 found: [0, 8, 16, 17, 9, 10, 2, 3, 4, 12, 13, 5, 6, 7, 15, 23, 31, 39, 47, 46, 38, 30, 29, 21, 20, 19, 18, 26, 25, 33, 32, 40, 41, 42, 50, 51, 43, 35, 36, 44, 45, 53, 54, 55]
[00:00:00:03:556] ! Unidirectional s-t. expansions: 2,350, time: 3,555 [ms], path length: 43 [edges], generated: 4,072
[00:00:00:05:132] Path of length 43 found: [55, 47, 39, 38, 46, 54, 53, 45, 44, 43, 51, 50, 42, 41, 40, 32, 33, 25, 26, 34, 35, 36, 37, 29, 30, 31, 23, 15, 7, 6, 5, 13, 21, 20, 12, 4, 3, 2, 10, 18, 17, 9, 8, 0]
[00:00:00:05:132] ! Unidirectional t-s. expansions: 3,364, time: 5,132 [ms], path length: 43 [edges], generated: 5,654
[00:00:00:03:343] Path of length 43 found: [55, 47, 46, 54, 53, 45, 44, 43, 51, 50, 42, 41, 40, 32, 33, 25, 26, 34, 35, 36, 28, 20, 21, 29, 30, 38, 39, 31, 23, 15, 7, 6, 5, 13, 12, 4, 3, 2, 10, 9, 17, 16, 8, 0]
[00:00:00:03:727] ! Bidirectional. expansions: 1,923, time: 3,343 [ms], path length: 43 [edges], g_F: 20, g_B: 23, generated: 3,403, MM: 3, MMPER: 5.818,181,818,181,818%
[00:00:00:03:727] 
---------- SM_Grids/7x8_grid_with_random_blocks_16per_9 ----------
[00:00:00:00:290] Path of length 45 found: [0, 8, 16, 24, 25, 26, 34, 35, 43, 42, 41, 49, 50, 51, 52, 44, 45, 37, 38, 30, 22, 14, 13, 12, 20, 28, 27, 19, 18, 17, 9, 1, 2, 3, 4, 5, 6, 7, 15, 23, 31, 39, 47, 46, 54, 55]
[00:00:00:00:290] ! Unidirectional s-t. expansions: 188, time: 290 [ms], path length: 45 [edges], generated: 311
[00:00:00:00:450] Path of length 45 found: [55, 54, 46, 47, 39, 31, 23, 15, 7, 6, 5, 4, 3, 2, 10, 18, 19, 27, 28, 20, 12, 13, 14, 22, 30, 38, 37, 45, 44, 52, 51, 50, 49, 41, 42, 43, 35, 34, 26, 25, 24, 16, 17, 9, 1, 0]
[00:00:00:00:451] ! Unidirectional t-s. expansions: 318, time: 450 [ms], path length: 45 [edges], generated: 505
[00:00:00:00:324] Path of length 45 found: [55, 54, 46, 47, 39, 31, 23, 15, 7, 6, 5, 4, 3, 2, 1, 9, 10, 18, 19, 27, 28, 20, 12, 13, 14, 22, 30, 38, 37, 45, 44, 52, 51, 50, 49, 41, 42, 43, 35, 34, 26, 25, 24, 16, 8, 0]
[00:00:00:00:751] ! Bidirectional. expansions: 183, time: 325 [ms], path length: 45 [edges], g_F: 22, g_B: 23, generated: 318, MM: 1, MMPER: 1.1,739,130,434,782,608%
[00:00:00:00:751] average expansions: (784, 1,119, 1,944, 0)
[00:00:00:00:751] average time: (1,182, 1,622, 3,488, 0)
[00:00:00:00:751] A*: 784 , 1,182 (expansions , time[ms])
[00:00:00:00:751] XMM: 1,944 , 3,488 (expansions , time[ms])

[00:00:00:00:752] 
---------- SM_Grids/7x8_grid_with_random_blocks_16per_0 ----------
[00:00:00:01:825] Path of length 43 found: [0, 1, 2, 3, 4, 5, 13, 12, 20, 19, 18, 17, 25, 24, 32, 33, 41, 40, 48, 49, 50, 42, 43, 51, 52, 44, 36, 35, 27, 28, 29, 30, 22, 14, 15, 23, 31, 39, 47, 46, 45, 53, 54, 55]
[00:00:00:01:826] ! Unidirectional s-t. expansions: 839, time: 1,825 [ms], path length: 43 [edges], generated: 1,493
[00:00:00:08:169] Path of length 43 found: [55, 47, 39, 31, 23, 15, 14, 22, 30, 29, 28, 27, 35, 43, 44, 36, 37, 45, 46, 54, 53, 52, 51, 50, 42, 41, 49, 48, 40, 32, 24, 25, 26, 18, 19, 20, 12, 13, 5, 4, 3, 2, 1, 0]
[00:00:00:08:169] ! Unidirectional t-s. expansions: 3,710, time: 8,169 [ms], path length: 43 [edges], generated: 6,433
[00:00:00:01:798] Path of length 43 found: [0, 1, 2, 3, 4, 5, 13, 12, 20, 19, 18, 17, 25, 24, 32, 33, 41, 40, 48, 49, 50, 51, 52, 53, 54, 46, 45, 37, 36, 44, 43, 35, 27, 28, 29, 30, 22, 14, 15, 23, 31, 39, 47, 55]
[00:00:00:02:206] ! Bidirectional. expansions: 2,272, time: 1,798 [ms], path length: 43 [edges], g_F: 22, g_B: 21, generated: {'F': 2,005, 'B': 2,077}, MM: 1, MMPER: 1.272,727,272,727,273%
[00:00:00:02:207] 
---------- SM_Grids/7x8_grid_with_random_blocks_16per_1 ----------
[00:00:00:00:089] Path of length 39 found: [0, 1, 9, 8, 16, 17, 25, 26, 18, 10, 11, 19, 27, 35, 34, 42, 43, 51, 52, 44, 36, 28, 20, 12, 13, 14, 22, 21, 29, 37, 45, 53, 54, 46, 38, 30, 31, 39, 47, 55]
[00:00:00:00:089] ! Unidirectional s-t. expansions: 39, time: 89 [ms], path length: 39 [edges], generated: 69
[00:00:00:00:087] Path of length 39 found: [55, 47, 39, 31, 30, 22, 14, 13, 12, 11, 10, 18, 19, 27, 35, 36, 28, 20, 21, 29, 37, 38, 46, 54, 53, 45, 44, 52, 51, 43, 42, 34, 26, 25, 17, 16, 8, 9, 1, 0]
[00:00:00:00:087] ! Unidirectional t-s. expansions: 39, time: 87 [ms], path length: 39 [edges], generated: 69
[00:00:00:00:081] Path of length 39 found: [0, 1, 9, 8, 16, 17, 25, 26, 18, 10, 11, 12, 20, 19, 27, 28, 36, 35, 34, 42, 43, 51, 52, 44, 45, 53, 54, 46, 38, 37, 29, 21, 13, 14, 22, 30, 31, 39, 47, 55]
[00:00:00:00:451] ! Bidirectional. expansions: 95, time: 81 [ms], path length: 39 [edges], g_F: 20, g_B: 19, generated: {'F': 89, 'B': 96}, MM: 1, MMPER: 1.5%
[00:00:00:00:452] 
---------- SM_Grids/7x8_grid_with_random_blocks_16per_2 ----------
[00:00:00:01:413] Path of length 43 found: [0, 8, 16, 24, 32, 40, 48, 49, 50, 51, 52, 44, 43, 35, 27, 26, 34, 33, 25, 17, 9, 1, 2, 3, 11, 12, 4, 5, 13, 14, 6, 7, 15, 23, 22, 21, 20, 28, 29, 37, 38, 39, 47, 55]
[00:00:00:01:413] ! Unidirectional s-t. expansions: 663, time: 1,413 [ms], path length: 43 [edges], generated: 1,117
[00:00:00:00:490] Path of length 43 found: [55, 47, 39, 38, 37, 29, 21, 13, 14, 22, 23, 15, 7, 6, 5, 4, 3, 11, 12, 20, 28, 27, 26, 18, 17, 25, 33, 34, 35, 43, 44, 52, 51, 50, 49, 41, 40, 32, 24, 16, 8, 9, 1, 0]
[00:00:00:00:490] ! Unidirectional t-s. expansions: 220, time: 490 [ms], path length: 43 [edges], generated: 388
[00:00:00:00:861] Path of length 43 found: [0, 8, 16, 24, 32, 40, 48, 49, 50, 51, 52, 44, 43, 35, 27, 26, 34, 33, 25, 17, 9, 1, 2, 3, 11, 12, 4, 5, 6, 7, 15, 23, 22, 14, 13, 21, 20, 28, 29, 37, 38, 39, 47, 55]
[00:00:00:01:239] ! Bidirectional. expansions: 1,66, time: 861 [ms], path length: 43 [edges], g_F: 22, g_B: 21, generated: {'F': 901, 'B': 954}, MM: 1, MMPER: 1.272,727,272,727,273%
[00:00:00:01:240] 
---------- SM_Grids/7x8_grid_with_random_blocks_16per_3 ----------
[00:00:00:05:307] Path of length 43 found: [0, 1, 9, 17, 16, 24, 32, 40, 48, 49, 41, 33, 34, 42, 50, 51, 43, 44, 52, 53, 45, 46, 38, 30, 22, 21, 29, 28, 27, 19, 18, 10, 2, 3, 11, 12, 13, 14, 15, 23, 31, 39, 47, 55]
[00:00:00:05:307] ! Unidirectional s-t. expansions: 2,297, time: 5,307 [ms], path length: 43 [edges], generated: 4,089
[00:00:00:06:441] Path of length 43 found: [55, 47, 39, 31, 23, 15, 14, 13, 12, 4, 3, 2, 10, 11, 19, 27, 28, 20, 21, 29, 30, 38, 46, 45, 53, 52, 44, 43, 51, 50, 42, 34, 33, 41, 49, 48, 40, 32, 24, 16, 17, 9, 1, 0]
[00:00:00:06:441] ! Unidirectional t-s. expansions: 2,880, time: 6,441 [ms], path length: 43 [edges], generated: 5,141
[00:00:00:09:369] Path of length 43 found: [0, 1, 9, 17, 16, 24, 32, 40, 48, 49, 41, 33, 34, 42, 50, 51, 43, 44, 52, 53, 45, 46, 38, 30, 29, 21, 20, 28, 27, 19, 18, 10, 2, 3, 4, 12, 13, 14, 15, 23, 31, 39, 47, 55]
[00:00:00:09:741] ! Bidirectional. expansions: 11,677, time: 9,369 [ms], path length: 43 [edges], g_F: 22, g_B: 21, generated: {'F': 10,211, 'B': 11,490}, MM: 1, MMPER: 1.272,727,272,727,273%
[00:00:00:09:741] 
---------- SM_Grids/7x8_grid_with_random_blocks_16per_4 ----------
[00:00:00:00:095] Path of length 47 found: [0, 8, 16, 24, 32, 40, 48, 49, 41, 33, 25, 17, 9, 1, 2, 3, 11, 19, 18, 26, 34, 42, 50, 51, 43, 35, 36, 28, 20, 12, 13, 5, 6, 14, 22, 30, 31, 39, 38, 37, 45, 44, 52, 53, 54, 46, 47, 55]
[00:00:00:00:095] ! Unidirectional s-t. expansions: 47, time: 95 [ms], path length: 47 [edges], generated: 73
[00:00:00:00:124] Path of length 47 found: [55, 47, 39, 31, 30, 22, 14, 6, 5, 13, 12, 11, 3, 2, 1, 9, 17, 25, 33, 41, 42, 34, 26, 18, 19, 20, 28, 36, 35, 43, 44, 45, 37, 38, 46, 54, 53, 52, 51, 50, 49, 48, 40, 32, 24, 16, 8, 0]
[00:00:00:00:124] ! Unidirectional t-s. expansions: 47, time: 124 [ms], path length: 47 [edges], generated: 73
[00:00:00:00:051] Path of length 47 found: [0, 8, 16, 24, 32, 40, 48, 49, 41, 33, 25, 17, 9, 1, 2, 3, 11, 19, 18, 26, 34, 42, 50, 51, 52, 53, 54, 46, 38, 37, 45, 44, 43, 35, 36, 28, 20, 12, 13, 5, 6, 14, 22, 30, 31, 39, 47, 55]
[00:00:00:00:426] ! Bidirectional. expansions: 68, time: 51 [ms], path length: 47 [edges], g_F: 24, g_B: 23, generated: {'F': 61, 'B': 58}, MM: 1, MMPER: 1.833,333,333,333,335%
[00:00:00:00:426] 
---------- SM_Grids/7x8_grid_with_random_blocks_16per_5 ----------
[00:00:00:03:061] Path of length 45 found: [0, 8, 16, 17, 9, 1, 2, 10, 18, 26, 34, 33, 32, 40, 41, 49, 50, 42, 43, 35, 27, 19, 11, 3, 4, 12, 20, 28, 29, 21, 13, 5, 6, 14, 15, 23, 31, 30, 38, 37, 45, 44, 52, 53, 54, 55]
[00:00:00:03:061] ! Unidirectional s-t. expansions: 1,344, time: 3,61 [ms], path length: 45 [edges], generated: 2,352
[00:00:00:01:377] Path of length 45 found: [55, 54, 53, 52, 44, 45, 37, 29, 30, 38, 39, 31, 23, 15, 7, 6, 14, 13, 5, 4, 3, 2, 1, 9, 10, 11, 12, 20, 28, 27, 35, 43, 42, 50, 49, 41, 40, 32, 33, 34, 26, 18, 17, 16, 8, 0]
[00:00:00:01:377] ! Unidirectional t-s. expansions: 605, time: 1,377 [ms], path length: 45 [edges], generated: 1,089
[00:00:00:01:853] Path of length 45 found: [0, 8, 16, 17, 9, 1, 2, 10, 18, 26, 34, 33, 32, 40, 41, 49, 50, 42, 43, 35, 27, 28, 20, 19, 11, 3, 4, 5, 13, 14, 6, 7, 15, 23, 31, 39, 38, 30, 29, 37, 45, 44, 52, 53, 54, 55]
[00:00:00:02:235] ! Bidirectional. expansions: 2,306, time: 1,853 [ms], path length: 45 [edges], g_F: 23, g_B: 22, generated: {'F': 1,947, 'B': 2,003}, MM: 1, MMPER: 1.1,739,130,434,782,608%
[00:00:00:02:235] 
---------- SM_Grids/7x8_grid_with_random_blocks_16per_6 ----------
[00:00:00:00:100] Path of length 45 found: [0, 1, 9, 17, 16, 24, 32, 33, 25, 26, 34, 35, 27, 19, 18, 10, 2, 3, 11, 12, 4, 5, 13, 14, 6, 7, 15, 23, 31, 30, 29, 21, 20, 28, 36, 44, 43, 51, 52, 53, 45, 37, 38, 46, 54, 55]
[00:00:00:00:100] ! Unidirectional s-t. expansions: 45, time: 100 [ms], path length: 45 [edges], generated: 75
[00:00:00:00:384] Path of length 45 found: [55, 54, 46, 38, 30, 31, 23, 15, 7, 6, 14, 13, 5, 4, 3, 2, 10, 18, 19, 11, 12, 20, 21, 29, 37, 45, 53, 52, 51, 43, 44, 36, 28, 27, 35, 34, 26, 25, 33, 32, 24, 16, 17, 9, 1, 0]
[00:00:00:00:384] ! Unidirectional t-s. expansions: 181, time: 384 [ms], path length: 45 [edges], generated: 304
[00:00:00:00:041] Path of length 45 found: [0, 1, 9, 17, 16, 24, 32, 33, 25, 26, 34, 35, 27, 28, 36, 44, 43, 51, 52, 53, 45, 37, 29, 21, 20, 12, 11, 19, 18, 10, 2, 3, 4, 5, 13, 14, 6, 7, 15, 23, 31, 30, 38, 46, 54, 55]
[00:00:00:00:422] ! Bidirectional. expansions: 45, time: 41 [ms], path length: 45 [edges], g_F: 23, g_B: 22, generated: {'F': 45, 'B': 40}, MM: 1, MMPER: 1.1,739,130,434,782,608%
[00:00:00:00:422] 
---------- SM_Grids/7x8_grid_with_random_blocks_16per_7 ----------
[00:00:00:00:094] Path of length 47 found: [0, 1, 9, 8, 16, 17, 25, 24, 32, 40, 48, 49, 41, 33, 34, 42, 50, 51, 43, 44, 52, 53, 45, 37, 36, 28, 27, 19, 11, 3, 4, 12, 20, 21, 13, 14, 6, 7, 15, 23, 22, 30, 38, 39, 47, 46, 54, 55]
[00:00:00:00:094] ! Unidirectional s-t. expansions: 47, time: 94 [ms], path length: 47 [edges], generated: 71
[00:00:00:00:141] Path of length 47 found: [55, 47, 39, 38, 30, 22, 23, 15, 7, 6, 14, 13, 21, 20, 12, 4, 3, 11, 19, 27, 28, 36, 37, 45, 46, 54, 53, 52, 44, 43, 51, 50, 42, 34, 33, 41, 49, 48, 40, 32, 24, 25, 17, 16, 8, 9, 1, 0]
[00:00:00:00:142] ! Unidirectional t-s. expansions: 47, time: 141 [ms], path length: 47 [edges], generated: 71
[00:00:00:00:040] Path of length 47 found: [0, 1, 9, 8, 16, 17, 25, 24, 32, 40, 48, 49, 41, 33, 34, 42, 50, 51, 43, 44, 52, 53, 54, 46, 45, 37, 36, 28, 27, 19, 11, 3, 4, 12, 20, 21, 13, 14, 6, 7, 15, 23, 22, 30, 38, 39, 47, 55]
[00:00:00:00:418] ! Bidirectional. expansions: 47, time: 40 [ms], path length: 47 [edges], g_F: 24, g_B: 23, generated: {'F': 40, 'B': 35}, MM: 1, MMPER: 1.833,333,333,333,335%
[00:00:00:00:419] 
---------- SM_Grids/7x8_grid_with_random_blocks_16per_8 ----------
[00:00:00:05:235] Path of length 43 found: [0, 8, 16, 17, 9, 10, 2, 3, 4, 12, 20, 19, 18, 26, 25, 33, 32, 40, 41, 42, 50, 51, 43, 35, 36, 28, 29, 21, 13, 5, 6, 7, 15, 23, 31, 30, 38, 37, 45, 53, 54, 46, 47, 55]
[00:00:00:05:235] ! Unidirectional s-t. expansions: 2,352, time: 5,235 [ms], path length: 43 [edges], generated: 4,157
[00:00:00:07:519] Path of length 43 found: [55, 47, 39, 31, 23, 15, 7, 6, 5, 4, 3, 2, 10, 18, 19, 20, 12, 13, 21, 29, 28, 36, 37, 38, 46, 54, 53, 45, 44, 43, 51, 50, 42, 41, 40, 32, 33, 34, 26, 25, 17, 9, 8, 0]
[00:00:00:07:519] ! Unidirectional t-s. expansions: 3,364, time: 7,519 [ms], path length: 43 [edges], generated: 5,818
[00:00:00:05:391] Path of length 43 found: [0, 8, 16, 17, 9, 10, 2, 3, 4, 12, 20, 19, 18, 26, 25, 33, 32, 40, 41, 42, 34, 35, 43, 44, 45, 53, 54, 46, 38, 37, 36, 28, 29, 21, 13, 5, 6, 7, 15, 23, 31, 39, 47, 55]
[00:00:00:05:771] ! Bidirectional. expansions: 7,422, time: 5,391 [ms], path length: 43 [edges], g_F: 22, g_B: 21, generated: {'F': 6,454, 'B': 6,548}, MM: 1, MMPER: 1.272,727,272,727,273%
[00:00:00:05:772] 
---------- SM_Grids/7x8_grid_with_random_blocks_16per_9 ----------
[00:00:00:00:579] Path of length 45 found: [0, 8, 16, 24, 25, 17, 9, 1, 2, 10, 18, 19, 20, 28, 27, 26, 34, 35, 43, 42, 41, 49, 50, 51, 52, 44, 45, 37, 38, 30, 22, 14, 13, 12, 4, 5, 6, 7, 15, 23, 31, 39, 47, 46, 54, 55]
[00:00:00:00:579] ! Unidirectional s-t. expansions: 264, time: 579 [ms], path length: 45 [edges], generated: 440
[00:00:00:00:712] Path of length 45 found: [55, 54, 46, 47, 39, 31, 23, 15, 7, 6, 5, 4, 3, 2, 1, 9, 10, 18, 19, 27, 28, 20, 12, 13, 14, 22, 30, 38, 37, 45, 44, 52, 51, 50, 49, 41, 42, 43, 35, 34, 26, 25, 17, 16, 8, 0]
[00:00:00:00:712] ! Unidirectional t-s. expansions: 319, time: 712 [ms], path length: 45 [edges], generated: 517
[00:00:00:00:448] Path of length 45 found: [0, 8, 16, 24, 25, 17, 9, 1, 2, 10, 18, 19, 20, 28, 27, 26, 34, 35, 43, 42, 41, 49, 50, 51, 52, 44, 45, 37, 38, 30, 22, 14, 13, 12, 4, 5, 6, 7, 15, 23, 31, 39, 47, 46, 54, 55]
[00:00:00:00:832] ! Bidirectional. expansions: 560, time: 448 [ms], path length: 45 [edges], g_F: 23, g_B: 22, generated: {'F': 475, 'B': 431}, MM: 1, MMPER: 1.1,739,130,434,782,608%
[00:00:00:00:833] average expansions: (794, 1,141, 2,556, 0)
[00:00:00:00:833] average time: (1,780, 2,544, 1,993, 0)
[00:00:00:00:833] X-DFBnB: 794 , 1,780 (expansions , time[ms])
[00:00:00:00:833] BiX-DFBnB: 2,556 , 1,993 (expansions , time[ms])

