--------------------------
date: SM_Grids
number_of_graphs: 10
graph_type: grid
size_of_graphs: [8, 8]
heuristic: bcc_heuristic
snake: False
run_uni: True
run_bi: True
run_multi: False
solution_vertices: []
algorithms: ['full', 'DFS']
bsd: True
cube_first_dims: 4
cube_buffer_dim: None
backward_sym_generation: False
sym_coil: False
prefix_set: None

---------- SM_Grids/8x8_grid_with_random_blocks_12per_0 ----------
[00:00:00:05:753] Path of length 52 found: [0, 8, 16, 24, 25, 17, 9, 1, 2, 10, 18, 26, 34, 33, 41, 40, 48, 56, 57, 58, 50, 42, 43, 51, 59, 60, 61, 62, 54, 53, 52, 44, 45, 37, 36, 35, 27, 28, 20, 19, 11, 3, 4, 12, 13, 21, 22, 30, 31, 39, 47, 55, 63]
[00:00:00:05:753] ! Unidirectional s-t. expansions: 3,817, time: 5,753 [ms], path length: 52 [edges], generated: 6,482
[00:00:00:08:944] Path of length 52 found: [63, 55, 47, 39, 31, 30, 22, 14, 13, 21, 20, 12, 4, 3, 2, 10, 11, 19, 18, 26, 34, 42, 50, 51, 43, 35, 27, 28, 36, 37, 45, 44, 52, 53, 54, 62, 61, 60, 59, 58, 57, 56, 48, 40, 41, 33, 25, 24, 16, 17, 9, 1, 0]
[00:00:00:08:944] ! Unidirectional t-s. expansions: 5,243, time: 8,944 [ms], path length: 52 [edges], generated: 8,766
[00:00:00:04:569] Path of length 52 found: [63, 55, 47, 39, 31, 30, 22, 14, 13, 21, 20, 12, 4, 3, 2, 1, 9, 17, 18, 10, 11, 19, 27, 28, 36, 37, 45, 44, 52, 53, 54, 62, 61, 60, 59, 51, 43, 35, 34, 42, 50, 58, 57, 56, 48, 40, 41, 33, 25, 24, 16, 8, 0]
[00:00:00:05:058] ! Bidirectional. expansions: 2,211, time: 4,569 [ms], path length: 52 [edges], g_F: 26, g_B: 26, generated: 3,988, MM: 0, MMPER: -1.0%
[00:00:00:05:058] 
---------- SM_Grids/8x8_grid_with_random_blocks_12per_1 ----------
[00:00:00:01:608] Path of length 52 found: [0, 8, 16, 24, 32, 33, 25, 17, 9, 1, 2, 10, 11, 3, 4, 12, 13, 5, 6, 7, 15, 14, 22, 21, 20, 19, 27, 26, 34, 42, 41, 49, 50, 58, 59, 51, 52, 60, 61, 53, 45, 44, 36, 28, 29, 37, 38, 39, 47, 46, 54, 62, 63]
[00:00:00:01:608] ! Unidirectional s-t. expansions: 915, time: 1,608 [ms], path length: 52 [edges], generated: 1,496
[00:00:00:00:989] Path of length 52 found: [63, 55, 47, 39, 38, 37, 29, 21, 22, 14, 15, 7, 6, 5, 13, 12, 4, 3, 11, 10, 2, 1, 9, 17, 25, 26, 27, 19, 20, 28, 36, 44, 52, 53, 45, 46, 54, 62, 61, 60, 59, 51, 50, 49, 41, 42, 34, 33, 32, 24, 16, 8, 0]
[00:00:00:00:989] ! Unidirectional t-s. expansions: 499, time: 989 [ms], path length: 52 [edges], generated: 874
[00:00:00:01:029] Path of length 52 found: [63, 55, 47, 39, 38, 37, 29, 21, 22, 14, 15, 7, 6, 5, 13, 12, 4, 3, 11, 10, 2, 1, 9, 17, 25, 26, 27, 19, 20, 28, 36, 44, 45, 53, 54, 62, 61, 60, 52, 51, 59, 58, 50, 49, 41, 42, 34, 33, 32, 24, 16, 8, 0]
[00:00:00:01:465] ! Bidirectional. expansions: 488, time: 1,29 [ms], path length: 52 [edges], g_F: 26, g_B: 26, generated: 876, MM: 0, MMPER: -1.0%
[00:00:00:01:465] 
---------- SM_Grids/8x8_grid_with_random_blocks_12per_2 ----------
[00:00:00:18:011] Path of length 50 found: [0, 8, 9, 1, 2, 10, 11, 3, 4, 5, 13, 12, 20, 21, 22, 14, 15, 23, 31, 30, 29, 28, 27, 19, 18, 17, 16, 24, 32, 33, 34, 42, 43, 51, 50, 49, 57, 58, 59, 60, 52, 44, 36, 37, 45, 46, 47, 55, 54, 62, 63]
[00:00:00:18:011] ! Unidirectional s-t. expansions: 9,289, time: 18,11 [ms], path length: 50 [edges], generated: 16,745
[00:00:00:07:200] Path of length 50 found: [63, 62, 54, 55, 47, 46, 38, 30, 31, 23, 15, 14, 22, 21, 13, 5, 4, 3, 2, 1, 9, 17, 18, 10, 11, 12, 20, 19, 27, 28, 29, 37, 36, 44, 43, 51, 52, 60, 59, 58, 57, 49, 50, 42, 34, 33, 25, 24, 16, 8, 0]
[00:00:00:07:200] ! Unidirectional t-s. expansions: 3,647, time: 7,200 [ms], path length: 50 [edges], generated: 6,892
[00:00:00:13:768] Path of length 50 found: [63, 55, 47, 46, 54, 62, 61, 60, 52, 51, 59, 58, 57, 49, 50, 42, 34, 33, 32, 24, 25, 17, 16, 8, 9, 10, 11, 19, 27, 28, 36, 44, 45, 37, 29, 30, 31, 23, 15, 14, 22, 21, 20, 12, 13, 5, 4, 3, 2, 1, 0]
[00:00:00:14:206] ! Bidirectional. expansions: 6,397, time: 13,768 [ms], path length: 50 [edges], g_F: 24, g_B: 26, generated: 12,019, MM: 2, MMPER: 2.9,215,686,274,509,802%
[00:00:00:14:206] 
---------- SM_Grids/8x8_grid_with_random_blocks_12per_3 ----------
[00:00:00:06:323] Path of length 54 found: [0, 8, 16, 17, 18, 10, 9, 1, 2, 3, 4, 5, 6, 7, 15, 23, 22, 14, 13, 12, 20, 19, 27, 26, 25, 24, 32, 33, 41, 49, 48, 56, 57, 58, 50, 51, 59, 60, 61, 62, 54, 46, 45, 44, 43, 35, 36, 37, 29, 30, 38, 39, 47, 55, 63]
[00:00:00:06:323] ! Unidirectional s-t. expansions: 3,536, time: 6,323 [ms], path length: 54 [edges], generated: 5,882
[00:00:00:06:972] Path of length 54 found: [63, 55, 54, 62, 61, 60, 52, 44, 45, 46, 47, 39, 31, 23, 15, 7, 6, 5, 4, 3, 2, 1, 9, 10, 18, 17, 25, 26, 27, 19, 20, 12, 13, 14, 22, 30, 29, 37, 36, 35, 43, 51, 59, 58, 57, 56, 48, 49, 41, 33, 32, 24, 16, 8, 0]
[00:00:00:06:972] ! Unidirectional t-s. expansions: 3,916, time: 6,972 [ms], path length: 54 [edges], generated: 6,487
[00:00:00:05:054] Path of length 54 found: [0, 8, 16, 17, 25, 24, 32, 33, 41, 49, 48, 56, 57, 58, 50, 51, 59, 60, 61, 62, 54, 46, 45, 44, 43, 35, 36, 37, 29, 30, 22, 14, 13, 12, 20, 19, 27, 26, 18, 10, 9, 1, 2, 3, 4, 5, 6, 7, 15, 23, 31, 39, 47, 55, 63]
[00:00:00:05:479] ! Bidirectional. expansions: 2,492, time: 5,54 [ms], path length: 54 [edges], g_F: 26, g_B: 28, generated: 4,384, MM: 2, MMPER: 2.6,363,636,363,636,362%
[00:00:00:05:479] 
---------- SM_Grids/8x8_grid_with_random_blocks_12per_4 ----------
[00:00:00:00:194] Path of length 54 found: [0, 8, 16, 24, 25, 17, 9, 10, 18, 26, 34, 33, 41, 49, 48, 56, 57, 58, 50, 42, 43, 51, 59, 60, 52, 44, 36, 35, 27, 19, 11, 12, 4, 5, 6, 14, 13, 21, 20, 28, 29, 37, 38, 30, 22, 23, 31, 39, 47, 55, 54, 53, 61, 62, 63]
[00:00:00:00:195] ! Unidirectional s-t. expansions: 104, time: 194 [ms], path length: 54 [edges], generated: 180
[00:00:00:00:101] Path of length 54 found: [63, 55, 47, 39, 31, 23, 22, 14, 6, 5, 4, 12, 13, 21, 20, 19, 11, 10, 9, 17, 18, 26, 34, 42, 50, 51, 43, 35, 27, 28, 29, 30, 38, 37, 36, 44, 52, 53, 54, 62, 61, 60, 59, 58, 57, 56, 48, 49, 41, 33, 25, 24, 16, 8, 0]
[00:00:00:00:101] ! Unidirectional t-s. expansions: 55, time: 101 [ms], path length: 54 [edges], generated: 91
[00:00:00:13:376] Path of length 54 found: [63, 55, 47, 39, 31, 23, 22, 14, 6, 5, 4, 12, 13, 21, 20, 19, 11, 10, 9, 17, 18, 26, 34, 42, 50, 51, 43, 35, 27, 28, 29, 30, 38, 37, 36, 44, 52, 53, 54, 62, 61, 60, 59, 58, 57, 56, 48, 49, 41, 33, 25, 24, 16, 8, 0]
[00:00:00:13:794] ! Bidirectional. expansions: 6,171, time: 13,376 [ms], path length: 54 [edges], g_F: 27, g_B: 27, generated: 11,440, MM: 0, MMPER: -1.0%
[00:00:00:13:794] 
---------- SM_Grids/8x8_grid_with_random_blocks_12per_5 ----------
[00:00:00:14:474] Path of length 52 found: [0, 8, 9, 1, 2, 3, 4, 5, 6, 14, 15, 23, 22, 30, 31, 39, 38, 37, 29, 28, 20, 21, 13, 12, 11, 19, 18, 17, 16, 24, 25, 33, 32, 40, 41, 42, 34, 35, 43, 44, 52, 51, 50, 58, 59, 60, 61, 53, 45, 46, 47, 55, 63]
[00:00:00:14:474] ! Unidirectional s-t. expansions: 7,577, time: 14,474 [ms], path length: 52 [edges], generated: 13,302
[00:00:00:04:310] Path of length 52 found: [63, 55, 47, 39, 31, 23, 15, 14, 6, 5, 13, 21, 22, 30, 29, 37, 38, 46, 45, 44, 52, 53, 61, 60, 59, 58, 50, 51, 43, 35, 34, 42, 41, 40, 32, 33, 25, 24, 16, 8, 9, 17, 18, 19, 27, 28, 20, 12, 4, 3, 2, 1, 0]
[00:00:00:04:310] ! Unidirectional t-s. expansions: 2,341, time: 4,310 [ms], path length: 52 [edges], generated: 4,010
[00:00:00:11:226] Path of length 52 found: [63, 55, 47, 39, 31, 23, 15, 14, 6, 5, 4, 12, 13, 21, 22, 30, 29, 37, 38, 46, 45, 44, 43, 51, 52, 53, 61, 60, 59, 58, 50, 42, 34, 35, 27, 28, 20, 19, 11, 3, 2, 1, 9, 17, 25, 33, 41, 40, 32, 24, 16, 8, 0]
[00:00:00:11:653] ! Bidirectional. expansions: 5,313, time: 11,226 [ms], path length: 52 [edges], g_F: 26, g_B: 26, generated: 9,679, MM: 0, MMPER: -1.0%
[00:00:00:11:654] 
---------- SM_Grids/8x8_grid_with_random_blocks_12per_6 ----------
[00:00:00:08:342] Path of length 52 found: [0, 8, 16, 24, 32, 40, 48, 49, 41, 42, 50, 51, 59, 60, 61, 53, 45, 44, 43, 35, 34, 26, 25, 17, 9, 1, 2, 3, 4, 5, 13, 14, 6, 7, 15, 23, 22, 21, 20, 12, 11, 10, 18, 19, 27, 28, 36, 37, 38, 46, 54, 62, 63]
[00:00:00:08:342] ! Unidirectional s-t. expansions: 4,517, time: 8,342 [ms], path length: 52 [edges], generated: 7,646
[00:00:00:06:780] Path of length 52 found: [63, 62, 54, 46, 38, 37, 29, 21, 13, 14, 22, 23, 15, 7, 6, 5, 4, 3, 2, 1, 9, 17, 25, 26, 18, 10, 11, 12, 20, 19, 27, 28, 36, 35, 34, 42, 43, 44, 45, 53, 61, 60, 59, 51, 50, 49, 41, 40, 32, 24, 16, 8, 0]
[00:00:00:06:780] ! Unidirectional t-s. expansions: 3,704, time: 6,780 [ms], path length: 52 [edges], generated: 6,221
[00:00:00:05:040] Path of length 52 found: [63, 62, 54, 46, 38, 37, 29, 21, 13, 14, 22, 23, 15, 7, 6, 5, 4, 3, 2, 1, 9, 10, 18, 19, 11, 12, 20, 28, 27, 26, 34, 35, 43, 44, 45, 53, 61, 60, 59, 51, 50, 42, 41, 49, 48, 40, 32, 24, 25, 17, 16, 8, 0]
[00:00:00:05:460] ! Bidirectional. expansions: 2,304, time: 5,40 [ms], path length: 52 [edges], g_F: 26, g_B: 26, generated: 4,256, MM: 0, MMPER: -1.0%
[00:00:00:05:460] 
---------- SM_Grids/8x8_grid_with_random_blocks_12per_7 ----------
[00:00:02:02:376] Path of length 52 found: [0, 8, 16, 24, 32, 33, 34, 26, 25, 17, 9, 10, 18, 19, 27, 28, 36, 35, 43, 42, 41, 40, 48, 56, 57, 58, 59, 60, 61, 53, 52, 44, 45, 37, 38, 30, 22, 21, 20, 12, 13, 5, 6, 14, 15, 23, 31, 39, 47, 46, 54, 62, 63]
[00:00:02:02:376] ! Unidirectional s-t. expansions: 69,450, time: 122,376 [ms], path length: 52 [edges], generated: 118,491
[00:00:02:04:238] Path of length 52 found: [63, 55, 54, 62, 61, 53, 52, 60, 59, 58, 57, 56, 48, 49, 41, 40, 32, 24, 16, 17, 25, 33, 34, 42, 43, 44, 45, 46, 47, 39, 31, 23, 15, 7, 6, 5, 13, 12, 20, 21, 22, 30, 38, 37, 36, 28, 27, 19, 18, 10, 9, 8, 0]
[00:00:02:04:238] ! Unidirectional t-s. expansions: 67,477, time: 124,238 [ms], path length: 52 [edges], generated: 116,094
[00:00:01:03:678] Path of length 52 found: [0, 8, 16, 17, 9, 10, 18, 19, 27, 28, 36, 37, 45, 46, 38, 30, 22, 21, 20, 12, 13, 5, 6, 14, 15, 23, 31, 39, 47, 55, 54, 53, 52, 44, 43, 42, 34, 33, 25, 24, 32, 40, 41, 49, 48, 56, 57, 58, 59, 60, 61, 62, 63]
[00:00:01:04:103] ! Bidirectional. expansions: 29,188, time: 63,679 [ms], path length: 52 [edges], g_F: 24, g_B: 28, generated: 54,865, MM: 4, MMPER: 6.547,169,811,320,755%
[00:00:01:04:103] 
---------- SM_Grids/8x8_grid_with_random_blocks_12per_8 ----------
[00:00:00:06:090] Path of length 54 found: [0, 8, 16, 24, 32, 33, 41, 49, 48, 56, 57, 58, 59, 60, 52, 53, 45, 37, 29, 21, 13, 12, 20, 19, 27, 28, 36, 44, 43, 35, 34, 26, 25, 17, 18, 10, 9, 1, 2, 3, 4, 5, 6, 7, 15, 14, 22, 23, 31, 30, 38, 46, 47, 55, 63]
[00:00:00:06:091] ! Unidirectional s-t. expansions: 3,283, time: 6,90 [ms], path length: 54 [edges], generated: 5,539
[00:00:00:05:245] Path of length 54 found: [63, 55, 47, 39, 31, 23, 15, 7, 6, 14, 22, 30, 29, 28, 27, 26, 34, 35, 43, 44, 36, 37, 38, 46, 45, 53, 52, 60, 59, 58, 57, 56, 48, 49, 41, 33, 32, 24, 25, 17, 16, 8, 9, 10, 18, 19, 20, 21, 13, 5, 4, 3, 2, 1, 0]
[00:00:00:05:245] ! Unidirectional t-s. expansions: 2,860, time: 5,245 [ms], path length: 54 [edges], generated: 4,957
[00:00:00:03:408] Path of length 54 found: [63, 55, 47, 39, 31, 23, 15, 7, 6, 5, 4, 3, 2, 1, 9, 10, 18, 17, 25, 26, 34, 35, 43, 44, 36, 28, 27, 19, 20, 21, 13, 14, 22, 30, 29, 37, 38, 46, 45, 53, 52, 60, 59, 58, 57, 56, 48, 49, 41, 33, 32, 24, 16, 8, 0]
[00:00:00:03:826] ! Bidirectional. expansions: 1,532, time: 3,409 [ms], path length: 54 [edges], g_F: 27, g_B: 27, generated: 2,963, MM: 0, MMPER: -1.0%
[00:00:00:03:826] 
---------- SM_Grids/8x8_grid_with_random_blocks_12per_9 ----------
[00:00:01:46:915] Path of length 52 found: [0, 1, 2, 10, 9, 8, 16, 24, 32, 40, 48, 56, 57, 58, 50, 49, 41, 33, 25, 26, 18, 19, 11, 12, 4, 5, 6, 7, 15, 23, 31, 30, 38, 46, 47, 55, 54, 53, 45, 37, 29, 21, 20, 28, 27, 35, 43, 51, 59, 60, 61, 62, 63]
[00:00:01:46:915] ! Unidirectional s-t. expansions: 63,903, time: 106,915 [ms], path length: 52 [edges], generated: 106,348
[00:00:01:59:481] Path of length 52 found: [63, 55, 47, 46, 38, 30, 31, 23, 15, 7, 6, 5, 4, 12, 13, 21, 29, 37, 45, 53, 54, 62, 61, 60, 52, 51, 59, 58, 50, 49, 57, 56, 48, 40, 41, 33, 32, 24, 25, 26, 34, 35, 36, 28, 20, 19, 11, 10, 2, 1, 9, 8, 0]
[00:00:01:59:481] ! Unidirectional t-s. expansions: 66,171, time: 119,481 [ms], path length: 52 [edges], generated: 112,895
[00:00:00:58:187] Path of length 52 found: [63, 55, 47, 46, 54, 62, 61, 60, 52, 53, 45, 37, 38, 30, 31, 23, 15, 7, 6, 5, 4, 12, 13, 21, 29, 28, 20, 19, 18, 26, 34, 35, 43, 51, 50, 58, 57, 56, 48, 49, 41, 40, 32, 33, 25, 24, 16, 8, 9, 10, 2, 1, 0]
[00:00:00:58:625] ! Bidirectional. expansions: 27,341, time: 58,187 [ms], path length: 52 [edges], g_F: 26, g_B: 26, generated: 49,747, MM: 0, MMPER: -1.0%
[00:00:00:58:625] average expansions: (16,639, 15,591, 8,344, 0)
[00:00:00:58:625] average time: (29,009, 28,426, 17,934, 0)
[00:00:00:58:625] A*: 15,591 , 28,426 (expansions , time[ms])
[00:00:00:58:625] XMM: 8,344 , 17,934 (expansions , time[ms])

[00:00:00:58:626] 
---------- SM_Grids/8x8_grid_with_random_blocks_12per_0 ----------
[00:00:00:11:127] Path of length 52 found: [0, 8, 16, 24, 25, 17, 9, 1, 2, 10, 18, 26, 34, 33, 41, 40, 48, 56, 57, 58, 50, 42, 43, 35, 27, 19, 11, 3, 4, 12, 20, 21, 13, 14, 22, 30, 31, 39, 47, 55, 54, 53, 45, 37, 36, 44, 52, 51, 59, 60, 61, 62, 63]
[00:00:00:11:127] ! Unidirectional s-t. expansions: 3,830, time: 11,127 [ms], path length: 52 [edges], generated: 6,860
[00:00:00:14:635] Path of length 52 found: [63, 55, 47, 39, 31, 30, 22, 14, 13, 21, 20, 12, 4, 3, 2, 1, 9, 17, 18, 10, 11, 19, 27, 28, 36, 37, 45, 44, 43, 35, 34, 42, 50, 51, 52, 53, 54, 62, 61, 60, 59, 58, 57, 56, 48, 40, 41, 33, 25, 24, 16, 8, 0]
[00:00:00:14:636] ! Unidirectional t-s. expansions: 5,262, time: 14,635 [ms], path length: 52 [edges], generated: 9,386
[00:00:00:15:100] Path of length 52 found: [0, 8, 16, 24, 25, 17, 9, 1, 2, 10, 18, 26, 34, 33, 41, 40, 48, 56, 57, 58, 59, 60, 61, 62, 54, 53, 45, 44, 52, 51, 50, 42, 43, 35, 36, 28, 27, 19, 11, 3, 4, 12, 20, 21, 13, 14, 22, 30, 31, 39, 47, 55, 63]
[00:00:00:15:522] ! Bidirectional. expansions: 16,44, time: 15,100 [ms], path length: 52 [edges], g_F: 26, g_B: 26, generated: {'F': 14,678, 'B': 14,733}, MM: 0, MMPER: -1.0%
[00:00:00:15:522] 
---------- SM_Grids/8x8_grid_with_random_blocks_12per_1 ----------
[00:00:00:02:458] Path of length 52 found: [0, 8, 16, 24, 32, 33, 25, 17, 9, 1, 2, 10, 11, 3, 4, 12, 13, 5, 6, 7, 15, 14, 22, 21, 20, 19, 27, 26, 34, 42, 41, 49, 50, 58, 59, 51, 52, 60, 61, 53, 45, 44, 36, 28, 29, 37, 38, 39, 47, 46, 54, 62, 63]
[00:00:00:02:459] ! Unidirectional s-t. expansions: 914, time: 2,458 [ms], path length: 52 [edges], generated: 1,538
[00:00:00:02:612] Path of length 52 found: [63, 55, 47, 39, 38, 37, 29, 21, 22, 14, 15, 7, 6, 5, 13, 12, 4, 3, 11, 10, 2, 1, 9, 17, 25, 26, 27, 19, 20, 28, 36, 44, 52, 53, 45, 46, 54, 62, 61, 60, 59, 51, 50, 49, 41, 42, 34, 33, 32, 24, 16, 8, 0]
[00:00:00:02:612] ! Unidirectional t-s. expansions: 974, time: 2,612 [ms], path length: 52 [edges], generated: 1,691
[00:00:00:06:383] Path of length 52 found: [0, 8, 16, 24, 32, 33, 25, 17, 9, 1, 2, 10, 11, 3, 4, 12, 13, 5, 6, 7, 15, 14, 22, 21, 20, 19, 27, 26, 34, 42, 41, 49, 50, 51, 59, 60, 61, 62, 54, 46, 45, 53, 52, 44, 36, 28, 29, 37, 38, 39, 47, 55, 63]
[00:00:00:06:792] ! Bidirectional. expansions: 5,611, time: 6,383 [ms], path length: 52 [edges], g_F: 26, g_B: 26, generated: {'F': 4,843, 'B': 5,092}, MM: 0, MMPER: -1.0%
[00:00:00:06:793] 
---------- SM_Grids/8x8_grid_with_random_blocks_12per_2 ----------
[00:00:00:26:691] Path of length 50 found: [0, 8, 16, 24, 32, 33, 25, 17, 9, 1, 2, 10, 18, 19, 27, 28, 20, 12, 11, 3, 4, 5, 13, 21, 22, 14, 15, 23, 31, 30, 29, 37, 36, 44, 43, 42, 50, 49, 57, 58, 59, 51, 52, 60, 61, 62, 54, 46, 47, 55, 63]
[00:00:00:26:691] ! Unidirectional s-t. expansions: 9,298, time: 26,691 [ms], path length: 50 [edges], generated: 17,219
[00:00:00:10:647] Path of length 50 found: [63, 55, 47, 46, 54, 62, 61, 60, 52, 44, 43, 51, 59, 58, 57, 49, 50, 42, 34, 33, 32, 24, 25, 17, 16, 8, 9, 10, 18, 19, 27, 28, 36, 37, 38, 30, 29, 21, 22, 23, 15, 14, 13, 5, 4, 12, 11, 3, 2, 1, 0]
[00:00:00:10:647] ! Unidirectional t-s. expansions: 3,654, time: 10,647 [ms], path length: 50 [edges], generated: 6,995
[00:00:00:21:515] Path of length 50 found: [0, 8, 16, 24, 32, 33, 25, 17, 9, 1, 2, 10, 18, 19, 27, 28, 20, 12, 11, 3, 4, 5, 13, 21, 22, 14, 15, 23, 31, 30, 38, 37, 36, 44, 43, 42, 50, 49, 57, 58, 59, 51, 52, 60, 61, 62, 54, 46, 47, 55, 63]
[00:00:00:21:924] ! Bidirectional. expansions: 22,626, time: 21,516 [ms], path length: 50 [edges], g_F: 25, g_B: 25, generated: {'F': 21,865, 'B': 20,665}, MM: 0, MMPER: -1.0%
[00:00:00:21:925] 
---------- SM_Grids/8x8_grid_with_random_blocks_12per_3 ----------
[00:00:00:09:405] Path of length 54 found: [0, 8, 16, 24, 32, 33, 41, 49, 48, 56, 57, 58, 50, 51, 59, 60, 52, 44, 43, 35, 36, 37, 29, 30, 22, 14, 13, 12, 20, 19, 27, 26, 25, 17, 18, 10, 9, 1, 2, 3, 4, 5, 6, 7, 15, 23, 31, 39, 38, 46, 47, 55, 54, 62, 63]
[00:00:00:09:405] ! Unidirectional s-t. expansions: 3,564, time: 9,405 [ms], path length: 54 [edges], generated: 6,046
[00:00:00:10:499] Path of length 54 found: [63, 55, 47, 39, 31, 23, 15, 7, 6, 5, 4, 3, 2, 1, 9, 10, 18, 17, 25, 26, 27, 19, 20, 12, 13, 14, 22, 30, 29, 37, 38, 46, 54, 62, 61, 60, 52, 44, 36, 35, 43, 51, 59, 58, 57, 56, 48, 49, 41, 33, 32, 24, 16, 8, 0]
[00:00:00:10:499] ! Unidirectional t-s. expansions: 3,915, time: 10,499 [ms], path length: 54 [edges], generated: 6,636
[00:00:00:19:016] Path of length 54 found: [0, 8, 16, 24, 32, 33, 41, 49, 48, 56, 57, 58, 50, 51, 59, 60, 61, 62, 54, 46, 45, 44, 43, 35, 36, 37, 29, 30, 22, 14, 13, 12, 20, 19, 27, 26, 25, 17, 18, 10, 9, 1, 2, 3, 4, 5, 6, 7, 15, 23, 31, 39, 47, 55, 63]
[00:00:00:19:436] ! Bidirectional. expansions: 19,349, time: 19,17 [ms], path length: 54 [edges], g_F: 27, g_B: 27, generated: {'F': 16,244, 'B': 16,782}, MM: 0, MMPER: -1.0%
[00:00:00:19:436] 
---------- SM_Grids/8x8_grid_with_random_blocks_12per_4 ----------
[00:00:00:00:910] Path of length 54 found: [0, 8, 16, 24, 25, 17, 9, 10, 18, 26, 34, 33, 41, 49, 48, 56, 57, 58, 50, 42, 43, 51, 59, 60, 52, 44, 36, 35, 27, 19, 11, 12, 4, 5, 6, 14, 13, 21, 20, 28, 29, 37, 38, 30, 22, 23, 31, 39, 47, 55, 54, 53, 61, 62, 63]
[00:00:00:00:910] ! Unidirectional s-t. expansions: 325, time: 910 [ms], path length: 54 [edges], generated: 589
[00:00:00:00:144] Path of length 54 found: [63, 55, 47, 39, 31, 23, 22, 14, 6, 5, 4, 12, 13, 21, 20, 19, 11, 10, 9, 17, 18, 26, 34, 42, 50, 51, 43, 35, 27, 28, 29, 30, 38, 37, 36, 44, 52, 53, 54, 62, 61, 60, 59, 58, 57, 56, 48, 49, 41, 33, 25, 24, 16, 8, 0]
[00:00:00:00:145] ! Unidirectional t-s. expansions: 54, time: 144 [ms], path length: 54 [edges], generated: 91
[00:00:00:00:918] Path of length 54 found: [0, 8, 16, 24, 25, 17, 9, 10, 11, 19, 18, 26, 27, 35, 34, 33, 41, 49, 48, 56, 57, 58, 50, 42, 43, 51, 59, 60, 61, 62, 54, 53, 52, 44, 36, 37, 38, 30, 29, 28, 20, 21, 13, 12, 4, 5, 6, 14, 22, 23, 31, 39, 47, 55, 63]
[00:00:00:01:333] ! Bidirectional. expansions: 1,23, time: 918 [ms], path length: 54 [edges], g_F: 27, g_B: 27, generated: {'F': 939, 'B': 1,016}, MM: 0, MMPER: -1.0%
[00:00:00:01:333] 
---------- SM_Grids/8x8_grid_with_random_blocks_12per_5 ----------
[00:00:00:21:975] Path of length 52 found: [0, 8, 16, 24, 32, 40, 41, 33, 25, 17, 9, 1, 2, 3, 11, 19, 27, 35, 34, 42, 50, 58, 59, 51, 43, 44, 52, 60, 61, 53, 45, 37, 29, 28, 20, 21, 13, 12, 4, 5, 6, 14, 15, 23, 22, 30, 31, 39, 38, 46, 47, 55, 63]
[00:00:00:21:975] ! Unidirectional s-t. expansions: 7,620, time: 21,975 [ms], path length: 52 [edges], generated: 13,837
[00:00:00:07:178] Path of length 52 found: [63, 55, 47, 39, 31, 23, 15, 14, 6, 5, 4, 3, 2, 1, 9, 17, 18, 19, 27, 28, 20, 12, 13, 21, 22, 30, 29, 37, 38, 46, 45, 44, 52, 53, 61, 60, 59, 58, 50, 51, 43, 35, 34, 42, 41, 40, 32, 33, 25, 24, 16, 8, 0]
[00:00:00:07:178] ! Unidirectional t-s. expansions: 2,568, time: 7,178 [ms], path length: 52 [edges], generated: 4,564
[00:00:00:08:399] Path of length 52 found: [0, 8, 16, 24, 32, 40, 41, 33, 25, 17, 9, 1, 2, 3, 11, 19, 20, 28, 27, 35, 34, 42, 50, 58, 59, 60, 61, 53, 52, 51, 43, 44, 45, 46, 38, 37, 29, 30, 22, 21, 13, 12, 4, 5, 6, 14, 15, 23, 31, 39, 47, 55, 63]
[00:00:00:08:811] ! Bidirectional. expansions: 8,342, time: 8,399 [ms], path length: 52 [edges], g_F: 26, g_B: 26, generated: {'F': 7,659, 'B': 7,894}, MM: 0, MMPER: -1.0%
[00:00:00:08:811] 
---------- SM_Grids/8x8_grid_with_random_blocks_12per_6 ----------
[00:00:00:12:835] Path of length 52 found: [0, 8, 16, 24, 32, 40, 48, 49, 41, 42, 50, 51, 59, 60, 61, 53, 45, 44, 43, 35, 34, 26, 25, 17, 9, 1, 2, 10, 18, 19, 27, 28, 20, 12, 11, 3, 4, 5, 13, 14, 6, 7, 15, 23, 22, 21, 29, 37, 38, 46, 54, 62, 63]
[00:00:00:12:835] ! Unidirectional s-t. expansions: 4,530, time: 12,835 [ms], path length: 52 [edges], generated: 8,198
[00:00:00:10:366] Path of length 52 found: [63, 62, 54, 46, 38, 37, 29, 21, 13, 14, 22, 23, 15, 7, 6, 5, 4, 3, 2, 1, 9, 17, 25, 26, 18, 10, 11, 12, 20, 19, 27, 28, 36, 35, 34, 42, 43, 44, 45, 53, 61, 60, 59, 51, 50, 49, 41, 40, 32, 24, 16, 8, 0]
[00:00:00:10:366] ! Unidirectional t-s. expansions: 3,703, time: 10,366 [ms], path length: 52 [edges], generated: 6,597
[00:00:00:33:985] Path of length 52 found: [0, 8, 16, 24, 32, 40, 48, 49, 41, 42, 50, 51, 59, 60, 61, 53, 45, 44, 43, 35, 34, 26, 25, 17, 18, 19, 27, 28, 20, 12, 11, 10, 9, 1, 2, 3, 4, 5, 6, 7, 15, 23, 22, 14, 13, 21, 29, 37, 38, 46, 54, 62, 63]
[00:00:00:34:420] ! Bidirectional. expansions: 36,511, time: 33,985 [ms], path length: 52 [edges], g_F: 26, g_B: 26, generated: {'F': 33,336, 'B': 34,422}, MM: 0, MMPER: -1.0%
[00:00:00:34:420] 
---------- SM_Grids/8x8_grid_with_random_blocks_12per_7 ----------
[00:00:03:12:294] Path of length 52 found: [0, 8, 16, 24, 32, 40, 48, 56, 57, 58, 59, 60, 52, 44, 36, 28, 27, 26, 34, 35, 43, 42, 41, 33, 25, 17, 9, 10, 18, 19, 20, 12, 13, 5, 6, 7, 15, 14, 22, 23, 31, 30, 38, 37, 45, 53, 61, 62, 54, 46, 47, 55, 63]
[00:00:03:12:295] ! Unidirectional s-t. expansions: 69,458, time: 192,295 [ms], path length: 52 [edges], generated: 125,630
[00:00:03:10:625] Path of length 52 found: [63, 55, 47, 39, 31, 23, 15, 7, 6, 5, 13, 12, 20, 21, 22, 30, 38, 37, 36, 28, 27, 19, 18, 10, 9, 17, 25, 26, 34, 35, 43, 44, 52, 53, 45, 46, 54, 62, 61, 60, 59, 58, 57, 56, 48, 49, 41, 33, 32, 24, 16, 8, 0]
[00:00:03:10:626] ! Unidirectional t-s. expansions: 67,476, time: 190,625 [ms], path length: 52 [edges], generated: 121,829
[00:00:02:56:768] Valid meeting checks so far: 200,000, state_vs_state: 57, state_vs_prefix: 0, prefix_vs_prefix: 199,943
[00:00:06:06:027] Valid meeting checks so far: 400,000, state_vs_state: 150, state_vs_prefix: 0, prefix_vs_prefix: 399,850
[00:00:06:58:772] Path of length 52 found: [0, 8, 16, 24, 32, 40, 48, 56, 57, 58, 59, 60, 52, 44, 43, 35, 34, 42, 41, 33, 25, 17, 9, 10, 18, 26, 27, 28, 36, 37, 45, 53, 61, 62, 54, 46, 38, 30, 22, 21, 20, 12, 13, 5, 6, 7, 15, 23, 31, 39, 47, 55, 63]
[00:00:06:59:234] ! Bidirectional. expansions: 455,447, time: 418,772 [ms], path length: 52 [edges], g_F: 26, g_B: 26, generated: {'F': 400,352, 'B': 420,491}, MM: 0, MMPER: -1.0%
[00:00:06:59:234] 
---------- SM_Grids/8x8_grid_with_random_blocks_12per_8 ----------
[00:00:00:09:406] Path of length 54 found: [0, 8, 16, 24, 32, 33, 41, 49, 48, 56, 57, 58, 59, 60, 52, 53, 45, 37, 29, 21, 13, 12, 20, 19, 27, 28, 36, 44, 43, 35, 34, 26, 25, 17, 18, 10, 9, 1, 2, 3, 4, 5, 6, 7, 15, 14, 22, 23, 31, 30, 38, 46, 47, 55, 63]
[00:00:00:09:407] ! Unidirectional s-t. expansions: 3,282, time: 9,406 [ms], path length: 54 [edges], generated: 5,761
[00:00:00:08:364] Path of length 54 found: [63, 55, 47, 39, 31, 23, 15, 7, 6, 5, 4, 3, 2, 1, 9, 10, 18, 17, 25, 26, 34, 35, 43, 44, 36, 28, 27, 19, 20, 12, 13, 14, 22, 21, 29, 30, 38, 37, 45, 53, 52, 60, 59, 58, 57, 56, 48, 49, 41, 33, 32, 24, 16, 8, 0]
[00:00:00:08:365] ! Unidirectional t-s. expansions: 2,871, time: 8,364 [ms], path length: 54 [edges], generated: 5,189
[00:00:00:07:997] Path of length 54 found: [0, 8, 16, 24, 32, 33, 41, 49, 48, 56, 57, 58, 59, 60, 52, 53, 45, 46, 38, 30, 22, 14, 13, 12, 20, 19, 27, 28, 29, 37, 36, 44, 43, 35, 34, 26, 25, 17, 18, 10, 9, 1, 2, 3, 4, 5, 6, 7, 15, 23, 31, 39, 47, 55, 63]
[00:00:00:08:419] ! Bidirectional. expansions: 7,659, time: 7,997 [ms], path length: 54 [edges], g_F: 27, g_B: 27, generated: {'F': 6,779, 'B': 7,056}, MM: 0, MMPER: -1.0%
[00:00:00:08:419] 
---------- SM_Grids/8x8_grid_with_random_blocks_12per_9 ----------
[00:00:02:53:811] Path of length 52 found: [0, 8, 9, 1, 2, 10, 18, 26, 25, 24, 32, 40, 48, 56, 57, 49, 41, 33, 34, 35, 43, 51, 50, 58, 59, 60, 52, 53, 45, 37, 36, 28, 27, 19, 11, 12, 20, 21, 13, 5, 6, 7, 15, 23, 31, 30, 38, 46, 47, 55, 54, 62, 63]
[00:00:02:53:811] ! Unidirectional s-t. expansions: 63,926, time: 173,811 [ms], path length: 52 [edges], generated: 109,846
[00:00:03:08:400] Path of length 52 found: [63, 55, 47, 46, 38, 30, 31, 23, 15, 7, 6, 5, 4, 12, 13, 21, 20, 19, 11, 10, 18, 26, 25, 33, 34, 35, 27, 28, 36, 37, 45, 53, 54, 62, 61, 60, 52, 51, 59, 58, 50, 49, 57, 56, 48, 40, 32, 24, 16, 8, 9, 1, 0]
[00:00:03:08:401] ! Unidirectional t-s. expansions: 66,175, time: 188,400 [ms], path length: 52 [edges], generated: 117,280
[00:00:02:56:602] Path of length 52 found: [0, 8, 9, 1, 2, 10, 18, 26, 25, 24, 32, 40, 48, 56, 57, 49, 41, 33, 34, 35, 43, 51, 50, 58, 59, 60, 61, 62, 54, 53, 45, 37, 29, 21, 20, 28, 27, 19, 11, 12, 4, 5, 6, 7, 15, 23, 31, 30, 38, 46, 47, 55, 63]
[00:00:02:57:066] ! Bidirectional. expansions: 194,305, time: 176,602 [ms], path length: 52 [edges], g_F: 26, g_B: 26, generated: {'F': 178,924, 'B': 169,818}, MM: 0, MMPER: -1.0%
[00:00:02:57:066] average expansions: (16,675, 15,665, 76,692, 0)
[00:00:02:57:066] average time: (46,091, 44,347, 70,869, 0)
[00:00:02:57:066] X-DFBnB: 15,665 , 44,347 (expansions , time[ms])
[00:00:02:57:066] BiX-DFBnB: 76,692 , 70,869 (expansions , time[ms])

