--------------------------
date: SM_Grids
number_of_graphs: 10
graph_type: grid
size_of_graphs: [7, 8]
heuristic: bcc_heuristic
snake: False
run_uni: True
run_bi: True
run_multi: False
solution_vertices: []
algorithms: ['full', 'DFS']
bsd: True
cube_first_dims: 4
cube_buffer_dim: None
backward_sym_generation: False
sym_coil: False
prefix_set: None

---------- SM_Grids/7x8_grid_with_random_blocks_8per_0 ----------
[00:00:02:05:601] Path of length 47 found: [0, 8, 16, 24, 32, 33, 25, 17, 9, 1, 2, 10, 18, 26, 34, 42, 50, 51, 52, 53, 45, 44, 36, 35, 27, 19, 11, 3, 4, 5, 6, 7, 15, 23, 31, 30, 22, 14, 13, 12, 20, 28, 29, 37, 38, 46, 47, 55]
[00:00:02:05:603] ! Unidirectional s-t. expansions: 74,334, time: 125,602 [ms], path length: 47 [edges], generated: 130,011
[00:00:01:45:137] Path of length 47 found: [55, 47, 46, 38, 39, 31, 23, 15, 7, 6, 14, 22, 30, 29, 37, 36, 44, 45, 53, 52, 51, 50, 42, 34, 35, 27, 28, 20, 21, 13, 5, 4, 12, 11, 3, 2, 10, 18, 26, 25, 33, 32, 24, 16, 17, 9, 1, 0]
[00:00:01:45:137] ! Unidirectional t-s. expansions: 58,691, time: 105,137 [ms], path length: 47 [edges], generated: 104,713
[00:00:01:21:767] Path of length 47 found: [55, 47, 39, 31, 23, 15, 7, 6, 5, 4, 3, 2, 1, 9, 17, 25, 26, 18, 10, 11, 12, 13, 14, 22, 30, 38, 37, 29, 28, 20, 19, 27, 35, 36, 44, 45, 53, 52, 51, 50, 42, 34, 33, 32, 24, 16, 8, 0]
[00:00:01:22:168] ! Bidirectional. expansions: 38,931, time: 81,767 [ms], path length: 47 [edges], g_F: 24, g_B: 23, generated: 75,488, MM: 1, MMPER: 1.833,333,333,333,335%
[00:00:01:22:169] 
---------- SM_Grids/7x8_grid_with_random_blocks_8per_1 ----------
[00:00:00:06:034] Path of length 49 found: [0, 1, 9, 17, 16, 24, 32, 40, 48, 49, 41, 42, 34, 33, 25, 26, 18, 19, 27, 28, 20, 12, 11, 3, 4, 5, 13, 21, 29, 30, 22, 14, 6, 7, 15, 23, 31, 39, 38, 37, 36, 44, 43, 51, 52, 53, 45, 46, 54, 55]
[00:00:00:06:035] ! Unidirectional s-t. expansions: 3,220, time: 6,34 [ms], path length: 49 [edges], generated: 5,569
[00:00:00:24:607] Path of length 49 found: [55, 47, 39, 31, 23, 15, 7, 6, 5, 13, 14, 22, 21, 29, 30, 38, 37, 45, 46, 54, 53, 52, 51, 43, 44, 36, 28, 27, 26, 25, 33, 34, 42, 41, 49, 48, 40, 32, 24, 16, 17, 18, 19, 20, 12, 4, 3, 2, 1, 0]
[00:00:00:24:608] ! Unidirectional t-s. expansions: 14,109, time: 24,608 [ms], path length: 49 [edges], generated: 24,208
[00:00:00:10:064] Path of length 49 found: [0, 1, 9, 17, 16, 24, 32, 40, 48, 49, 41, 42, 34, 33, 25, 26, 18, 19, 27, 28, 20, 21, 13, 12, 11, 3, 4, 5, 6, 7, 15, 14, 22, 23, 31, 30, 38, 39, 47, 46, 45, 37, 36, 44, 43, 51, 52, 53, 54, 55]
[00:00:00:10:445] ! Bidirectional. expansions: 5,247, time: 10,64 [ms], path length: 49 [edges], g_F: 24, g_B: 25, generated: 9,272, MM: 1, MMPER: 1.0%
[00:00:00:10:445] 
---------- SM_Grids/7x8_grid_with_random_blocks_8per_2 ----------
[00:00:00:18:670] Path of length 47 found: [0, 8, 16, 24, 32, 40, 41, 49, 50, 42, 34, 33, 25, 17, 9, 1, 2, 3, 11, 10, 18, 26, 27, 19, 20, 12, 13, 21, 22, 23, 31, 30, 38, 39, 47, 46, 45, 37, 29, 28, 36, 35, 43, 51, 52, 53, 54, 55]
[00:00:00:18:670] ! Unidirectional s-t. expansions: 10,131, time: 18,670 [ms], path length: 47 [edges], generated: 18,580
[00:00:00:32:346] Path of length 47 found: [55, 47, 39, 31, 23, 22, 21, 13, 12, 11, 3, 2, 10, 18, 26, 25, 33, 34, 42, 43, 35, 27, 19, 20, 28, 36, 44, 45, 37, 29, 30, 38, 46, 54, 53, 52, 51, 50, 49, 41, 40, 32, 24, 16, 17, 9, 1, 0]
[00:00:00:32:347] ! Unidirectional t-s. expansions: 18,82, time: 32,347 [ms], path length: 47 [edges], generated: 32,290
[00:00:00:12:410] Path of length 47 found: [55, 47, 39, 31, 23, 22, 21, 13, 12, 11, 3, 2, 1, 9, 10, 18, 17, 25, 33, 34, 26, 27, 19, 20, 28, 29, 30, 38, 46, 54, 53, 45, 37, 36, 44, 52, 51, 43, 42, 50, 49, 41, 40, 32, 24, 16, 8, 0]
[00:00:00:12:781] ! Bidirectional. expansions: 5,632, time: 12,410 [ms], path length: 47 [edges], g_F: 23, g_B: 24, generated: 11,279, MM: 1, MMPER: 1.833,333,333,333,335%
[00:00:00:12:781] 
---------- SM_Grids/7x8_grid_with_random_blocks_8per_3 ----------
[00:00:00:05:078] Path of length 49 found: [0, 8, 16, 24, 32, 40, 48, 49, 50, 51, 43, 42, 41, 33, 34, 26, 18, 17, 9, 1, 2, 10, 11, 3, 4, 12, 13, 5, 6, 7, 15, 14, 22, 23, 31, 39, 38, 37, 29, 21, 20, 19, 27, 35, 36, 44, 45, 46, 47, 55]
[00:00:00:05:079] ! Unidirectional s-t. expansions: 2,889, time: 5,78 [ms], path length: 49 [edges], generated: 4,979
[00:00:00:10:710] Path of length 49 found: [55, 47, 39, 31, 23, 15, 7, 6, 5, 4, 3, 2, 10, 18, 26, 27, 19, 11, 12, 13, 14, 22, 21, 20, 28, 29, 37, 38, 46, 45, 44, 36, 35, 34, 33, 41, 42, 43, 51, 50, 49, 48, 40, 32, 24, 16, 17, 9, 1, 0]
[00:00:00:10:711] ! Unidirectional t-s. expansions: 6,235, time: 10,710 [ms], path length: 49 [edges], generated: 10,681
[00:00:00:04:181] Path of length 49 found: [55, 47, 39, 31, 23, 15, 7, 6, 5, 4, 3, 2, 1, 9, 17, 18, 10, 11, 19, 20, 12, 13, 14, 22, 21, 29, 37, 38, 46, 45, 44, 36, 35, 27, 26, 34, 33, 41, 42, 43, 51, 50, 49, 48, 40, 32, 24, 16, 8, 0]
[00:00:00:04:556] ! Bidirectional. expansions: 2,140, time: 4,181 [ms], path length: 49 [edges], g_F: 24, g_B: 25, generated: 3,850, MM: 1, MMPER: 1.0%
[00:00:00:04:557] 
---------- SM_Grids/7x8_grid_with_random_blocks_8per_4 ----------
[00:00:00:06:497] Path of length 49 found: [0, 8, 16, 24, 32, 40, 48, 49, 41, 33, 25, 17, 9, 1, 2, 10, 11, 19, 27, 26, 34, 42, 50, 51, 43, 35, 36, 44, 52, 53, 54, 46, 45, 37, 29, 28, 20, 21, 13, 5, 6, 7, 15, 14, 22, 30, 31, 39, 47, 55]
[00:00:00:06:497] ! Unidirectional s-t. expansions: 3,782, time: 6,497 [ms], path length: 49 [edges], generated: 6,493
[00:00:00:03:776] Path of length 49 found: [55, 47, 39, 31, 23, 15, 7, 6, 5, 13, 14, 22, 30, 29, 21, 20, 19, 11, 10, 2, 1, 9, 17, 25, 26, 34, 35, 27, 28, 36, 37, 45, 46, 54, 53, 52, 44, 43, 51, 50, 42, 41, 49, 48, 40, 32, 24, 16, 8, 0]
[00:00:00:03:776] ! Unidirectional t-s. expansions: 2,153, time: 3,776 [ms], path length: 49 [edges], generated: 3,727
[00:00:00:05:119] Path of length 49 found: [55, 47, 39, 31, 23, 15, 7, 6, 5, 13, 14, 22, 30, 29, 21, 20, 19, 11, 10, 2, 1, 9, 17, 25, 33, 34, 35, 27, 28, 36, 37, 45, 46, 54, 53, 52, 44, 43, 51, 50, 42, 41, 49, 48, 40, 32, 24, 16, 8, 0]
[00:00:00:05:540] ! Bidirectional. expansions: 2,681, time: 5,119 [ms], path length: 49 [edges], g_F: 24, g_B: 25, generated: 4,782, MM: 1, MMPER: 1.0%
[00:00:00:05:540] 
---------- SM_Grids/7x8_grid_with_random_blocks_8per_5 ----------
[00:00:00:09:485] Path of length 49 found: [0, 1, 2, 3, 4, 12, 11, 19, 18, 10, 9, 8, 16, 17, 25, 24, 32, 40, 48, 49, 41, 33, 34, 26, 27, 28, 36, 44, 43, 51, 52, 53, 54, 46, 45, 37, 38, 30, 22, 21, 13, 5, 6, 14, 15, 23, 31, 39, 47, 55]
[00:00:00:09:485] ! Unidirectional s-t. expansions: 5,754, time: 9,485 [ms], path length: 49 [edges], generated: 9,732
[00:00:00:08:222] Path of length 49 found: [55, 47, 39, 38, 30, 31, 23, 15, 7, 6, 14, 22, 21, 13, 5, 4, 12, 11, 3, 2, 10, 18, 19, 27, 28, 36, 37, 45, 46, 54, 53, 52, 44, 43, 51, 50, 49, 48, 40, 41, 33, 34, 26, 25, 24, 16, 17, 9, 1, 0]
[00:00:00:08:222] ! Unidirectional t-s. expansions: 4,956, time: 8,222 [ms], path length: 49 [edges], generated: 8,379
[00:00:00:08:288] Path of length 49 found: [0, 8, 16, 24, 25, 26, 34, 33, 32, 40, 48, 49, 50, 51, 43, 44, 52, 53, 45, 37, 36, 28, 27, 19, 18, 10, 9, 1, 2, 3, 11, 12, 4, 5, 13, 21, 22, 14, 6, 7, 15, 23, 31, 30, 38, 39, 47, 46, 54, 55]
[00:00:00:08:655] ! Bidirectional. expansions: 4,319, time: 8,288 [ms], path length: 49 [edges], g_F: 23, g_B: 26, generated: 7,665, MM: 3, MMPER: 5.0%
[00:00:00:08:655] 
---------- SM_Grids/7x8_grid_with_random_blocks_8per_6 ----------
[00:00:00:08:718] Path of length 49 found: [0, 8, 16, 24, 32, 40, 48, 49, 41, 33, 25, 17, 9, 1, 2, 10, 18, 26, 34, 42, 50, 51, 43, 35, 27, 19, 11, 12, 20, 21, 22, 14, 6, 7, 15, 23, 31, 39, 47, 46, 38, 30, 29, 28, 36, 44, 45, 53, 54, 55]
[00:00:00:08:719] ! Unidirectional s-t. expansions: 4,940, time: 8,719 [ms], path length: 49 [edges], generated: 8,704
[00:00:00:07:086] Path of length 49 found: [55, 47, 39, 31, 23, 15, 7, 6, 14, 22, 21, 20, 12, 11, 19, 18, 26, 25, 33, 41, 42, 34, 35, 27, 28, 36, 37, 29, 30, 38, 46, 54, 53, 45, 44, 43, 51, 50, 49, 48, 40, 32, 24, 16, 17, 9, 10, 2, 1, 0]
[00:00:00:07:086] ! Unidirectional t-s. expansions: 3,928, time: 7,86 [ms], path length: 49 [edges], generated: 6,972
[00:00:00:06:061] Path of length 49 found: [55, 47, 39, 31, 23, 15, 7, 6, 14, 22, 21, 20, 12, 11, 10, 2, 1, 9, 17, 25, 33, 41, 42, 34, 26, 18, 19, 27, 28, 29, 37, 38, 46, 54, 53, 45, 44, 36, 35, 43, 51, 50, 49, 48, 40, 32, 24, 16, 8, 0]
[00:00:00:06:441] ! Bidirectional. expansions: 2,962, time: 6,61 [ms], path length: 49 [edges], g_F: 24, g_B: 25, generated: 5,549, MM: 1, MMPER: 1.0%
[00:00:00:06:441] 
---------- SM_Grids/7x8_grid_with_random_blocks_8per_7 ----------
[00:00:00:00:084] Path of length 51 found: [0, 1, 9, 17, 16, 24, 32, 40, 48, 49, 41, 33, 25, 26, 18, 10, 2, 3, 11, 19, 20, 12, 4, 5, 13, 21, 29, 28, 36, 35, 34, 42, 43, 51, 52, 53, 45, 37, 38, 30, 22, 14, 6, 7, 15, 23, 31, 39, 47, 46, 54, 55]
[00:00:00:00:084] ! Unidirectional s-t. expansions: 52, time: 84 [ms], path length: 51 [edges], generated: 83
[00:00:00:00:085] Path of length 51 found: [55, 47, 39, 31, 23, 15, 7, 6, 5, 4, 3, 2, 10, 18, 26, 25, 33, 34, 35, 36, 28, 20, 19, 11, 12, 13, 14, 22, 21, 29, 30, 38, 37, 45, 46, 54, 53, 52, 51, 43, 42, 41, 49, 48, 40, 32, 24, 16, 17, 9, 1, 0]
[00:00:00:00:085] ! Unidirectional t-s. expansions: 52, time: 85 [ms], path length: 51 [edges], generated: 83
[00:00:00:31:079] Path of length 51 found: [55, 47, 39, 31, 23, 15, 7, 6, 5, 4, 3, 2, 10, 18, 26, 25, 33, 34, 35, 36, 28, 20, 19, 11, 12, 13, 14, 22, 21, 29, 30, 38, 37, 45, 46, 54, 53, 52, 51, 43, 42, 41, 49, 48, 40, 32, 24, 16, 17, 9, 1, 0]
[00:00:00:31:455] ! Bidirectional. expansions: 15,832, time: 31,79 [ms], path length: 51 [edges], g_F: 26, g_B: 25, generated: 29,381, MM: 1, MMPER: 0.9,230,769,230,769,231%
[00:00:00:31:455] 
---------- SM_Grids/7x8_grid_with_random_blocks_8per_8 ----------
[00:00:00:00:095] Path of length 51 found: [0, 8, 16, 24, 32, 40, 48, 49, 41, 33, 25, 17, 9, 1, 2, 10, 18, 26, 27, 35, 34, 42, 43, 51, 52, 44, 45, 53, 54, 46, 38, 37, 29, 30, 22, 14, 13, 12, 20, 19, 11, 3, 4, 5, 6, 7, 15, 23, 31, 39, 47, 55]
[00:00:00:00:095] ! Unidirectional s-t. expansions: 55, time: 95 [ms], path length: 51 [edges], generated: 89
[00:00:00:00:099] Path of length 51 found: [55, 47, 39, 31, 23, 15, 7, 6, 5, 4, 3, 2, 1, 9, 17, 25, 33, 34, 35, 27, 26, 18, 10, 11, 19, 20, 12, 13, 14, 22, 30, 29, 37, 38, 46, 54, 53, 45, 44, 52, 51, 43, 42, 41, 49, 48, 40, 32, 24, 16, 8, 0]
[00:00:00:00:099] ! Unidirectional t-s. expansions: 59, time: 99 [ms], path length: 51 [edges], generated: 96
[00:00:00:13:739] Path of length 51 found: [55, 47, 39, 31, 23, 15, 7, 6, 5, 4, 3, 2, 1, 9, 17, 25, 33, 34, 35, 27, 26, 18, 10, 11, 19, 20, 12, 13, 14, 22, 30, 29, 37, 38, 46, 54, 53, 45, 44, 52, 51, 43, 42, 41, 49, 48, 40, 32, 24, 16, 8, 0]
[00:00:00:14:161] ! Bidirectional. expansions: 7,62, time: 13,739 [ms], path length: 51 [edges], g_F: 26, g_B: 25, generated: 12,695, MM: 1, MMPER: 0.9,230,769,230,769,231%
[00:00:00:14:161] 
---------- SM_Grids/7x8_grid_with_random_blocks_8per_9 ----------
[00:00:00:45:347] Path of length 49 found: [0, 1, 9, 8, 16, 24, 25, 17, 18, 10, 11, 3, 4, 12, 13, 5, 6, 7, 15, 14, 22, 23, 31, 39, 38, 30, 29, 28, 20, 19, 27, 26, 34, 33, 32, 40, 41, 49, 50, 42, 43, 51, 52, 44, 36, 37, 45, 46, 54, 55]
[00:00:00:45:348] ! Unidirectional s-t. expansions: 27,398, time: 45,348 [ms], path length: 49 [edges], generated: 46,325
[00:00:00:39:594] Path of length 49 found: [55, 54, 46, 47, 39, 38, 37, 45, 44, 52, 51, 43, 42, 50, 49, 41, 40, 32, 24, 16, 17, 25, 33, 34, 26, 27, 35, 36, 28, 29, 30, 31, 23, 22, 14, 15, 7, 6, 5, 13, 12, 4, 3, 11, 19, 18, 10, 9, 1, 0]
[00:00:00:39:595] ! Unidirectional t-s. expansions: 23,419, time: 39,594 [ms], path length: 49 [edges], generated: 39,501
[00:00:00:25:787] Path of length 49 found: [55, 54, 46, 47, 39, 31, 23, 15, 7, 6, 5, 4, 3, 11, 10, 18, 17, 25, 33, 34, 26, 27, 19, 20, 12, 13, 14, 22, 30, 29, 28, 36, 37, 45, 44, 52, 51, 43, 42, 50, 49, 41, 40, 32, 24, 16, 8, 9, 1, 0]
[00:00:00:26:159] ! Bidirectional. expansions: 12,664, time: 25,787 [ms], path length: 49 [edges], g_F: 24, g_B: 25, generated: 23,813, MM: 1, MMPER: 1.0%
[00:00:00:26:160] average expansions: (13,256, 13,168, 9,747, 0)
[00:00:00:26:160] average time: (22,561, 23,166, 19,850, 0)
[00:00:00:26:160] A*: 13,168 , 22,561 (expansions , time[ms])
[00:00:00:26:160] XMM: 9,747 , 19,850 (expansions , time[ms])

[00:00:00:26:160] 
---------- SM_Grids/7x8_grid_with_random_blocks_8per_0 ----------
[00:00:03:16:633] Path of length 47 found: [0, 8, 16, 24, 32, 33, 25, 17, 9, 1, 2, 10, 18, 26, 34, 42, 50, 51, 52, 53, 45, 44, 36, 35, 27, 19, 11, 3, 4, 12, 20, 28, 29, 37, 38, 30, 22, 21, 13, 5, 6, 14, 15, 23, 31, 39, 47, 55]
[00:00:03:16:634] ! Unidirectional s-t. expansions: 74,338, time: 196,633 [ms], path length: 47 [edges], generated: 140,808
[00:00:02:39:735] Path of length 47 found: [55, 47, 39, 31, 23, 15, 7, 6, 5, 4, 3, 2, 1, 9, 17, 25, 26, 18, 10, 11, 19, 27, 35, 36, 28, 20, 12, 13, 14, 22, 21, 29, 30, 38, 37, 45, 44, 52, 51, 50, 42, 34, 33, 32, 24, 16, 8, 0]
[00:00:02:39:735] ! Unidirectional t-s. expansions: 58,700, time: 159,735 [ms], path length: 47 [edges], generated: 112,463
[00:00:02:28:773] Valid meeting checks so far: 200,000, state_vs_state: 298, state_vs_prefix: 0, prefix_vs_prefix: 199,702
[00:00:05:00:975] Valid meeting checks so far: 400,000, state_vs_state: 519, state_vs_prefix: 0, prefix_vs_prefix: 399,481
[00:00:06:16:823] Path of length 47 found: [0, 8, 16, 24, 32, 33, 25, 17, 9, 1, 2, 10, 18, 26, 34, 42, 50, 51, 52, 44, 45, 46, 38, 30, 29, 21, 22, 14, 13, 12, 20, 28, 36, 35, 27, 19, 11, 3, 4, 5, 6, 7, 15, 23, 31, 39, 47, 55]
[00:00:06:17:201] ! Bidirectional. expansions: 501,478, time: 376,823 [ms], path length: 47 [edges], g_F: 24, g_B: 23, generated: {'F': 458,208, 'B': 490,640}, MM: 1, MMPER: 1.833,333,333,333,335%
[00:00:06:17:201] 
---------- SM_Grids/7x8_grid_with_random_blocks_8per_1 ----------
[00:00:00:08:495] Path of length 49 found: [0, 1, 9, 17, 16, 24, 32, 40, 48, 49, 41, 33, 25, 26, 34, 42, 43, 51, 52, 44, 36, 28, 27, 19, 11, 3, 4, 12, 20, 21, 13, 5, 6, 7, 15, 14, 22, 23, 31, 30, 29, 37, 45, 53, 54, 46, 38, 39, 47, 55]
[00:00:00:08:495] ! Unidirectional s-t. expansions: 3,253, time: 8,495 [ms], path length: 49 [edges], generated: 5,940
[00:00:00:37:672] Path of length 49 found: [55, 47, 39, 31, 23, 15, 7, 6, 5, 4, 3, 11, 19, 18, 26, 27, 28, 20, 12, 13, 14, 22, 21, 29, 30, 38, 37, 36, 44, 45, 46, 54, 53, 52, 51, 43, 42, 34, 33, 41, 49, 48, 40, 32, 24, 16, 17, 9, 1, 0]
[00:00:00:37:673] ! Unidirectional t-s. expansions: 14,109, time: 37,673 [ms], path length: 49 [edges], generated: 25,570
[00:00:00:36:332] Path of length 49 found: [0, 1, 9, 17, 16, 24, 32, 40, 48, 49, 41, 33, 25, 26, 34, 42, 43, 51, 52, 44, 36, 37, 45, 53, 54, 46, 38, 30, 29, 21, 22, 14, 13, 12, 20, 28, 27, 19, 11, 3, 4, 5, 6, 7, 15, 23, 31, 39, 47, 55]
[00:00:00:36:719] ! Bidirectional. expansions: 43,207, time: 36,333 [ms], path length: 49 [edges], g_F: 25, g_B: 24, generated: {'F': 40,799, 'B': 38,054}, MM: 1, MMPER: 1.0%
[00:00:00:36:719] 
---------- SM_Grids/7x8_grid_with_random_blocks_8per_2 ----------
[00:00:00:29:266] Path of length 47 found: [0, 8, 16, 24, 32, 40, 41, 49, 50, 42, 34, 33, 25, 17, 9, 1, 2, 3, 11, 10, 18, 26, 27, 19, 20, 12, 13, 21, 29, 28, 36, 35, 43, 51, 52, 44, 45, 37, 38, 30, 22, 23, 31, 39, 47, 46, 54, 55]
[00:00:00:29:267] ! Unidirectional s-t. expansions: 10,137, time: 29,267 [ms], path length: 47 [edges], generated: 19,798
[00:00:00:51:409] Path of length 47 found: [55, 47, 39, 31, 23, 22, 21, 13, 12, 11, 3, 2, 1, 9, 10, 18, 17, 25, 33, 34, 26, 27, 19, 20, 28, 36, 35, 43, 44, 45, 37, 29, 30, 38, 46, 54, 53, 52, 51, 50, 42, 41, 40, 32, 24, 16, 8, 0]
[00:00:00:51:410] ! Unidirectional t-s. expansions: 18,87, time: 51,409 [ms], path length: 47 [edges], generated: 34,953
[00:00:01:44:848] Path of length 47 found: [0, 8, 16, 24, 32, 40, 41, 49, 50, 42, 34, 33, 25, 26, 27, 35, 43, 51, 52, 44, 45, 53, 54, 46, 38, 30, 29, 37, 36, 28, 20, 19, 18, 17, 9, 1, 2, 3, 11, 12, 13, 21, 22, 23, 31, 39, 47, 55]
[00:00:01:45:233] ! Bidirectional. expansions: 124,568, time: 104,849 [ms], path length: 47 [edges], g_F: 24, g_B: 23, generated: {'F': 120,648, 'B': 122,748}, MM: 1, MMPER: 1.833,333,333,333,335%
[00:00:01:45:233] 
---------- SM_Grids/7x8_grid_with_random_blocks_8per_3 ----------
[00:00:00:07:920] Path of length 49 found: [0, 8, 16, 24, 32, 40, 48, 49, 41, 33, 34, 42, 50, 51, 43, 35, 27, 26, 18, 17, 9, 1, 2, 10, 11, 3, 4, 12, 20, 28, 36, 44, 45, 37, 29, 21, 13, 5, 6, 7, 15, 14, 22, 23, 31, 39, 38, 46, 47, 55]
[00:00:00:07:921] ! Unidirectional s-t. expansions: 2,906, time: 7,921 [ms], path length: 49 [edges], generated: 5,284
[00:00:00:16:828] Path of length 49 found: [55, 47, 39, 31, 23, 15, 7, 6, 5, 4, 3, 2, 1, 9, 17, 18, 10, 11, 19, 27, 26, 34, 35, 36, 28, 20, 12, 13, 14, 22, 21, 29, 37, 38, 46, 45, 44, 43, 51, 50, 42, 41, 49, 48, 40, 32, 24, 16, 8, 0]
[00:00:00:16:829] ! Unidirectional t-s. expansions: 6,240, time: 16,828 [ms], path length: 49 [edges], generated: 11,408
[00:00:00:32:868] Path of length 49 found: [0, 8, 16, 24, 32, 40, 48, 49, 41, 33, 34, 42, 50, 51, 43, 35, 27, 19, 20, 28, 36, 44, 45, 46, 38, 37, 29, 21, 22, 14, 13, 12, 11, 10, 18, 17, 9, 1, 2, 3, 4, 5, 6, 7, 15, 23, 31, 39, 47, 55]
[00:00:00:33:250] ! Bidirectional. expansions: 41,432, time: 32,868 [ms], path length: 49 [edges], g_F: 25, g_B: 24, generated: {'F': 37,693, 'B': 39,283}, MM: 1, MMPER: 1.0%
[00:00:00:33:250] 
---------- SM_Grids/7x8_grid_with_random_blocks_8per_4 ----------
[00:00:00:10:181] Path of length 49 found: [0, 8, 16, 24, 32, 40, 48, 49, 41, 33, 25, 17, 9, 1, 2, 10, 11, 19, 27, 26, 34, 42, 50, 51, 43, 35, 36, 28, 20, 21, 13, 5, 6, 7, 15, 14, 22, 23, 31, 30, 29, 37, 45, 44, 52, 53, 54, 46, 47, 55]
[00:00:00:10:181] ! Unidirectional s-t. expansions: 3,788, time: 10,181 [ms], path length: 49 [edges], generated: 6,869
[00:00:00:05:829] Path of length 49 found: [55, 47, 39, 31, 23, 15, 7, 6, 5, 13, 14, 22, 30, 29, 21, 20, 19, 11, 10, 2, 1, 9, 17, 25, 33, 41, 42, 34, 26, 27, 28, 36, 35, 43, 44, 45, 46, 54, 53, 52, 51, 50, 49, 48, 40, 32, 24, 16, 8, 0]
[00:00:00:05:829] ! Unidirectional t-s. expansions: 2,162, time: 5,829 [ms], path length: 49 [edges], generated: 3,868
[00:00:00:15:521] Path of length 49 found: [0, 8, 16, 24, 32, 40, 48, 49, 41, 33, 25, 17, 9, 1, 2, 10, 11, 19, 20, 28, 27, 26, 34, 42, 50, 51, 52, 53, 54, 46, 45, 44, 43, 35, 36, 37, 29, 30, 22, 14, 13, 5, 6, 7, 15, 23, 31, 39, 47, 55]
[00:00:00:15:897] ! Bidirectional. expansions: 17,769, time: 15,521 [ms], path length: 49 [edges], g_F: 25, g_B: 24, generated: {'F': 15,807, 'B': 16,708}, MM: 1, MMPER: 1.0%
[00:00:00:15:897] 
---------- SM_Grids/7x8_grid_with_random_blocks_8per_5 ----------
[00:00:00:14:869] Path of length 49 found: [0, 8, 16, 24, 32, 40, 48, 49, 41, 33, 34, 26, 25, 17, 9, 1, 2, 10, 18, 19, 27, 28, 36, 44, 43, 51, 52, 53, 45, 37, 38, 30, 22, 21, 13, 12, 11, 3, 4, 5, 6, 14, 15, 23, 31, 39, 47, 46, 54, 55]
[00:00:00:14:870] ! Unidirectional s-t. expansions: 5,755, time: 14,869 [ms], path length: 49 [edges], generated: 10,066
[00:00:00:13:711] Path of length 49 found: [55, 47, 39, 31, 23, 15, 7, 6, 5, 4, 3, 2, 1, 9, 10, 18, 19, 11, 12, 13, 21, 22, 30, 38, 37, 45, 46, 54, 53, 52, 51, 43, 44, 36, 28, 27, 26, 34, 33, 41, 49, 48, 40, 32, 24, 25, 17, 16, 8, 0]
[00:00:00:13:711] ! Unidirectional t-s. expansions: 5,432, time: 13,711 [ms], path length: 49 [edges], generated: 9,359
[00:00:00:33:313] Path of length 49 found: [0, 8, 16, 24, 32, 40, 48, 49, 41, 33, 34, 26, 25, 17, 18, 19, 27, 28, 36, 44, 43, 51, 52, 53, 54, 46, 45, 37, 38, 30, 22, 21, 13, 12, 11, 10, 9, 1, 2, 3, 4, 5, 6, 7, 15, 23, 31, 39, 47, 55]
[00:00:00:33:698] ! Bidirectional. expansions: 31,244, time: 33,313 [ms], path length: 49 [edges], g_F: 25, g_B: 24, generated: {'F': 28,773, 'B': 29,096}, MM: 1, MMPER: 1.0%
[00:00:00:33:698] 
---------- SM_Grids/7x8_grid_with_random_blocks_8per_6 ----------
[00:00:00:14:172] Path of length 49 found: [0, 8, 16, 24, 32, 40, 48, 49, 41, 33, 25, 17, 9, 1, 2, 10, 18, 26, 34, 42, 50, 51, 43, 35, 27, 19, 11, 12, 20, 28, 36, 44, 45, 53, 54, 46, 38, 37, 29, 21, 22, 14, 6, 7, 15, 23, 31, 39, 47, 55]
[00:00:00:14:172] ! Unidirectional s-t. expansions: 4,943, time: 14,172 [ms], path length: 49 [edges], generated: 9,302
[00:00:00:11:265] Path of length 49 found: [55, 47, 39, 31, 23, 15, 7, 6, 14, 22, 21, 20, 12, 11, 10, 2, 1, 9, 17, 25, 33, 41, 42, 34, 26, 18, 19, 27, 35, 36, 28, 29, 30, 38, 46, 54, 53, 45, 44, 43, 51, 50, 49, 48, 40, 32, 24, 16, 8, 0]
[00:00:00:11:266] ! Unidirectional t-s. expansions: 3,939, time: 11,266 [ms], path length: 49 [edges], generated: 7,405
[00:00:00:45:850] Path of length 49 found: [0, 8, 16, 24, 32, 40, 48, 49, 41, 33, 25, 17, 9, 1, 2, 10, 11, 19, 18, 26, 34, 42, 50, 51, 43, 44, 45, 53, 54, 46, 38, 30, 29, 37, 36, 35, 27, 28, 20, 21, 22, 14, 6, 7, 15, 23, 31, 39, 47, 55]
[00:00:00:46:271] ! Bidirectional. expansions: 55,768, time: 45,850 [ms], path length: 49 [edges], g_F: 25, g_B: 24, generated: {'F': 48,994, 'B': 52,483}, MM: 1, MMPER: 1.0%
[00:00:00:46:271] 
---------- SM_Grids/7x8_grid_with_random_blocks_8per_7 ----------
[00:00:00:00:125] Path of length 51 found: [0, 1, 9, 17, 16, 24, 32, 40, 48, 49, 41, 33, 25, 26, 18, 10, 2, 3, 11, 19, 20, 12, 4, 5, 13, 21, 29, 28, 36, 35, 34, 42, 43, 51, 52, 53, 45, 37, 38, 30, 22, 14, 6, 7, 15, 23, 31, 39, 47, 46, 54, 55]
[00:00:00:00:125] ! Unidirectional s-t. expansions: 51, time: 125 [ms], path length: 51 [edges], generated: 83
[00:00:00:00:124] Path of length 51 found: [55, 47, 39, 31, 23, 15, 7, 6, 5, 4, 3, 2, 10, 18, 26, 25, 33, 34, 35, 36, 28, 20, 19, 11, 12, 13, 14, 22, 21, 29, 30, 38, 37, 45, 46, 54, 53, 52, 51, 43, 42, 41, 49, 48, 40, 32, 24, 16, 17, 9, 1, 0]
[00:00:00:00:124] ! Unidirectional t-s. expansions: 51, time: 124 [ms], path length: 51 [edges], generated: 83
[00:00:00:00:154] Path of length 51 found: [0, 1, 9, 17, 16, 24, 32, 40, 48, 49, 41, 42, 43, 51, 52, 53, 54, 46, 45, 37, 38, 30, 29, 21, 22, 14, 13, 12, 11, 19, 20, 28, 36, 35, 34, 33, 25, 26, 18, 10, 2, 3, 4, 5, 6, 7, 15, 23, 31, 39, 47, 55]
[00:00:00:00:530] ! Bidirectional. expansions: 212, time: 154 [ms], path length: 51 [edges], g_F: 26, g_B: 25, generated: {'F': 196, 'B': 212}, MM: 1, MMPER: 0.9,230,769,230,769,231%
[00:00:00:00:531] 
---------- SM_Grids/7x8_grid_with_random_blocks_8per_8 ----------
[00:00:00:00:231] Path of length 51 found: [0, 8, 16, 24, 32, 40, 48, 49, 41, 33, 25, 17, 9, 1, 2, 10, 18, 26, 27, 35, 34, 42, 43, 51, 52, 44, 45, 53, 54, 46, 38, 37, 29, 30, 22, 14, 13, 12, 20, 19, 11, 3, 4, 5, 6, 7, 15, 23, 31, 39, 47, 55]
[00:00:00:00:231] ! Unidirectional s-t. expansions: 100, time: 231 [ms], path length: 51 [edges], generated: 160
[00:00:00:00:195] Path of length 51 found: [55, 47, 39, 31, 23, 15, 7, 6, 5, 4, 3, 2, 1, 9, 17, 25, 33, 34, 35, 27, 26, 18, 10, 11, 19, 20, 12, 13, 14, 22, 30, 29, 37, 38, 46, 54, 53, 45, 44, 52, 51, 43, 42, 41, 49, 48, 40, 32, 24, 16, 8, 0]
[00:00:00:00:195] ! Unidirectional t-s. expansions: 86, time: 195 [ms], path length: 51 [edges], generated: 135
[00:00:00:00:065] Path of length 51 found: [0, 8, 16, 24, 32, 40, 48, 49, 41, 33, 25, 17, 18, 26, 27, 35, 34, 42, 43, 51, 52, 44, 45, 53, 54, 46, 38, 37, 29, 30, 22, 14, 13, 12, 20, 19, 11, 10, 9, 1, 2, 3, 4, 5, 6, 7, 15, 23, 31, 39, 47, 55]
[00:00:00:00:442] ! Bidirectional. expansions: 76, time: 65 [ms], path length: 51 [edges], g_F: 26, g_B: 25, generated: {'F': 73, 'B': 65}, MM: 1, MMPER: 0.9,230,769,230,769,231%
[00:00:00:00:442] 
---------- SM_Grids/7x8_grid_with_random_blocks_8per_9 ----------
[00:00:01:12:370] Path of length 49 found: [0, 1, 9, 8, 16, 24, 32, 40, 41, 49, 50, 42, 34, 33, 25, 17, 18, 10, 11, 3, 4, 12, 20, 19, 27, 35, 43, 51, 52, 44, 36, 28, 29, 37, 45, 46, 38, 30, 22, 14, 13, 5, 6, 7, 15, 23, 31, 39, 47, 55]
[00:00:01:12:370] ! Unidirectional s-t. expansions: 27,409, time: 72,370 [ms], path length: 49 [edges], generated: 49,291
[00:00:01:02:393] Path of length 49 found: [55, 54, 46, 47, 39, 31, 23, 15, 7, 6, 5, 4, 3, 11, 10, 9, 17, 25, 33, 34, 26, 18, 19, 27, 35, 36, 28, 20, 12, 13, 14, 22, 30, 29, 37, 45, 44, 52, 51, 43, 42, 50, 49, 41, 40, 32, 24, 16, 8, 0]
[00:00:01:02:394] ! Unidirectional t-s. expansions: 23,433, time: 62,393 [ms], path length: 49 [edges], generated: 42,069
[00:00:00:28:876] Path of length 49 found: [0, 1, 9, 8, 16, 24, 32, 40, 41, 49, 50, 42, 34, 33, 25, 26, 27, 35, 43, 51, 52, 44, 45, 37, 36, 28, 29, 30, 22, 14, 13, 12, 20, 19, 18, 10, 11, 3, 4, 5, 6, 7, 15, 23, 31, 39, 47, 46, 54, 55]
[00:00:00:29:250] ! Bidirectional. expansions: 32,517, time: 28,876 [ms], path length: 49 [edges], g_F: 25, g_B: 24, generated: {'F': 30,580, 'B': 30,229}, MM: 1, MMPER: 1.0%
[00:00:00:29:250] average expansions: (13,268, 13,224, 84,827, 0)
[00:00:00:29:250] average time: (35,426, 35,916, 67,465, 0)
[00:00:00:29:250] X-DFBnB: 13,224 , 35,426 (expansions , time[ms])
[00:00:00:29:250] BiX-DFBnB: 84,827 , 67,465 (expansions , time[ms])

