--------------------------
date: SM_Grids
number_of_graphs: 10
graph_type: grid
size_of_graphs: [8, 8]
heuristic: bcc_heuristic
snake: False
run_uni: True
run_bi: True
run_multi: False
solution_vertices: []
algorithms: ['full', 'DFS']
bsd: True
cube_first_dims: 4
cube_buffer_dim: None
backward_sym_generation: False
sym_coil: False
prefix_set: None

---------- SM_Grids/8x8_grid_with_random_blocks_8per_0 ----------
[00:00:00:01:454] Path of length 56 found: [0, 8, 9, 17, 16, 24, 25, 26, 18, 19, 11, 10, 2, 3, 4, 5, 13, 21, 20, 28, 27, 35, 36, 37, 29, 30, 22, 14, 6, 7, 15, 23, 31, 39, 38, 46, 47, 55, 54, 53, 45, 44, 43, 42, 34, 33, 32, 40, 41, 49, 57, 58, 59, 60, 61, 62, 63]
[00:00:00:01:454] ! Unidirectional s-t. expansions: 813, time: 1,454 [ms], path length: 56 [edges], generated: 1,466
[00:00:00:07:761] Path of length 56 found: [63, 62, 54, 55, 47, 46, 38, 39, 31, 23, 15, 7, 6, 14, 22, 30, 29, 37, 36, 35, 27, 28, 20, 21, 13, 5, 4, 3, 2, 10, 11, 19, 18, 26, 25, 33, 34, 42, 43, 44, 45, 53, 61, 60, 59, 58, 57, 49, 41, 40, 32, 24, 16, 17, 9, 8, 0]
[00:00:00:07:762] ! Unidirectional t-s. expansions: 4,10, time: 7,761 [ms], path length: 56 [edges], generated: 7,397
[00:00:00:11:937] Path of length 56 found: [0, 8, 9, 17, 16, 24, 25, 33, 32, 40, 41, 49, 57, 58, 59, 51, 43, 42, 34, 35, 36, 44, 45, 53, 61, 62, 54, 46, 38, 37, 29, 30, 22, 14, 13, 21, 20, 28, 27, 26, 18, 19, 11, 10, 2, 3, 4, 5, 6, 7, 15, 23, 31, 39, 47, 55, 63]
[00:00:00:12:382] ! Bidirectional. expansions: 5,168, time: 11,937 [ms], path length: 56 [edges], g_F: 27, g_B: 29, generated: 9,555, MM: 2, MMPER: 2.508,771,929,824,561%
[00:00:00:12:382] 
---------- SM_Grids/8x8_grid_with_random_blocks_8per_1 ----------
[00:00:01:05:105] Path of length 56 found: [0, 8, 16, 24, 32, 40, 48, 56, 57, 49, 41, 42, 50, 51, 59, 60, 61, 53, 52, 44, 43, 35, 34, 26, 18, 17, 9, 1, 2, 10, 11, 3, 4, 12, 20, 28, 36, 37, 29, 21, 13, 5, 6, 7, 15, 14, 22, 23, 31, 30, 38, 39, 47, 46, 54, 62, 63]
[00:00:01:05:105] ! Unidirectional s-t. expansions: 33,190, time: 65,105 [ms], path length: 56 [edges], generated: 57,328
[00:00:01:35:030] Path of length 56 found: [63, 55, 47, 39, 31, 23, 15, 7, 6, 5, 4, 12, 13, 14, 22, 30, 38, 46, 54, 62, 61, 53, 52, 60, 59, 51, 50, 42, 41, 49, 57, 56, 48, 40, 32, 24, 16, 17, 18, 26, 34, 35, 43, 44, 36, 37, 29, 21, 20, 19, 11, 3, 2, 10, 9, 1, 0]
[00:00:01:35:030] ! Unidirectional t-s. expansions: 46,356, time: 95,30 [ms], path length: 56 [edges], generated: 82,025
[00:00:00:54:006] Path of length 56 found: [63, 62, 61, 53, 52, 60, 59, 51, 50, 42, 41, 49, 57, 56, 48, 40, 32, 24, 16, 8, 9, 17, 18, 26, 34, 35, 43, 44, 36, 28, 29, 30, 38, 46, 54, 55, 47, 39, 31, 23, 15, 7, 6, 14, 22, 21, 13, 5, 4, 12, 20, 19, 11, 3, 2, 1, 0]
[00:00:00:54:423] ! Bidirectional. expansions: 24,657, time: 54,6 [ms], path length: 56 [edges], g_F: 29, g_B: 27, generated: 44,222, MM: 2, MMPER: 2.508,771,929,824,561%
[00:00:00:54:423] 
---------- SM_Grids/8x8_grid_with_random_blocks_8per_2 ----------
[00:00:00:00:114] Path of length 58 found: [0, 8, 16, 24, 32, 40, 48, 56, 57, 49, 41, 42, 34, 35, 27, 26, 25, 17, 18, 10, 9, 1, 2, 3, 11, 12, 20, 21, 13, 5, 6, 7, 15, 14, 22, 23, 31, 30, 29, 37, 36, 44, 43, 51, 50, 58, 59, 60, 52, 53, 45, 46, 38, 39, 47, 55, 54, 62, 63]
[00:00:00:00:114] ! Unidirectional s-t. expansions: 60, time: 114 [ms], path length: 58 [edges], generated: 97
[00:00:00:00:109] Path of length 58 found: [63, 62, 54, 55, 47, 39, 31, 23, 15, 7, 6, 5, 13, 14, 22, 21, 20, 12, 11, 3, 2, 1, 9, 10, 18, 17, 25, 26, 27, 35, 34, 42, 41, 49, 50, 51, 43, 44, 36, 37, 29, 30, 38, 46, 45, 53, 52, 60, 59, 58, 57, 56, 48, 40, 32, 24, 16, 8, 0]
[00:00:00:00:109] ! Unidirectional t-s. expansions: 59, time: 109 [ms], path length: 58 [edges], generated: 94
[00:00:00:03:411] Path of length 58 found: [63, 62, 54, 55, 47, 39, 31, 23, 15, 7, 6, 5, 13, 14, 22, 21, 20, 12, 11, 3, 2, 1, 9, 10, 18, 17, 25, 26, 27, 35, 34, 42, 41, 49, 50, 51, 43, 44, 36, 37, 29, 30, 38, 46, 45, 53, 52, 60, 59, 58, 57, 56, 48, 40, 32, 24, 16, 8, 0]
[00:00:00:03:822] ! Bidirectional. expansions: 1,422, time: 3,411 [ms], path length: 58 [edges], g_F: 29, g_B: 29, generated: 2,635, MM: 0, MMPER: -1.0%
[00:00:00:03:822] 
---------- SM_Grids/8x8_grid_with_random_blocks_8per_3 ----------
[00:00:00:06:122] Path of length 56 found: [0, 8, 16, 17, 25, 26, 34, 35, 43, 51, 50, 49, 41, 33, 32, 40, 48, 56, 57, 58, 59, 60, 61, 53, 52, 44, 45, 37, 36, 28, 27, 19, 18, 10, 2, 3, 4, 12, 20, 21, 29, 30, 22, 14, 13, 5, 6, 7, 15, 23, 31, 39, 47, 46, 54, 62, 63]
[00:00:00:06:123] ! Unidirectional s-t. expansions: 2,995, time: 6,122 [ms], path length: 56 [edges], generated: 5,143
[00:00:00:53:299] Path of length 56 found: [63, 55, 47, 39, 31, 23, 15, 7, 6, 14, 22, 30, 29, 37, 45, 46, 54, 62, 61, 53, 52, 60, 59, 51, 50, 58, 57, 56, 48, 49, 41, 40, 32, 33, 25, 26, 34, 35, 43, 44, 36, 28, 27, 19, 20, 21, 13, 5, 4, 3, 2, 10, 18, 17, 16, 8, 0]
[00:00:00:53:299] ! Unidirectional t-s. expansions: 26,122, time: 53,299 [ms], path length: 56 [edges], generated: 45,238
[00:00:00:07:259] Path of length 56 found: [0, 8, 16, 17, 25, 26, 18, 10, 2, 3, 4, 5, 13, 12, 20, 19, 27, 28, 36, 44, 43, 35, 34, 33, 32, 40, 41, 49, 48, 56, 57, 58, 50, 51, 59, 60, 52, 53, 61, 62, 54, 46, 45, 37, 29, 30, 22, 14, 6, 7, 15, 23, 31, 39, 47, 55, 63]
[00:00:00:07:837] ! Bidirectional. expansions: 3,248, time: 7,259 [ms], path length: 56 [edges], g_F: 27, g_B: 29, generated: 5,771, MM: 2, MMPER: 2.508,771,929,824,561%
[00:00:00:07:838] 
---------- SM_Grids/8x8_grid_with_random_blocks_8per_4 ----------
[00:00:07:09:664] Path of length 52 found: [0, 8, 16, 24, 32, 33, 25, 17, 9, 1, 2, 10, 18, 26, 34, 35, 27, 19, 11, 3, 4, 12, 20, 28, 29, 21, 13, 14, 22, 30, 31, 39, 47, 46, 38, 37, 36, 44, 43, 42, 41, 40, 48, 56, 57, 58, 59, 51, 52, 53, 54, 62, 63]
[00:00:07:09:669] ! Unidirectional s-t. expansions: 212,20, time: 429,664 [ms], path length: 52 [edges], generated: 368,459
[00:00:01:18:733] Path of length 52 found: [63, 62, 54, 55, 47, 46, 38, 39, 31, 30, 22, 14, 13, 12, 4, 3, 2, 10, 11, 19, 18, 26, 25, 33, 41, 42, 34, 35, 27, 28, 20, 21, 29, 37, 36, 44, 43, 51, 52, 60, 59, 58, 57, 49, 48, 40, 32, 24, 16, 17, 9, 1, 0]
[00:00:01:18:734] ! Unidirectional t-s. expansions: 36,535, time: 78,734 [ms], path length: 52 [edges], generated: 65,987
[00:00:04:43:563] Path of length 52 found: [63, 62, 54, 55, 47, 46, 38, 39, 31, 30, 22, 14, 13, 12, 4, 3, 2, 10, 11, 19, 27, 28, 20, 21, 29, 37, 36, 44, 52, 60, 59, 51, 43, 42, 41, 49, 57, 56, 48, 40, 32, 33, 34, 26, 18, 17, 25, 24, 16, 8, 9, 1, 0]
[00:00:04:44:044] ! Bidirectional. expansions: 122,30, time: 283,563 [ms], path length: 52 [edges], g_F: 27, g_B: 25, generated: 227,892, MM: 2, MMPER: 2.7,735,849,056,603,774%
[00:00:04:44:045] 
---------- SM_Grids/8x8_grid_with_random_blocks_8per_5 ----------
[00:00:03:50:483] Path of length 54 found: [0, 1, 2, 3, 11, 12, 4, 5, 13, 14, 6, 7, 15, 23, 22, 21, 20, 28, 27, 26, 18, 17, 16, 24, 25, 33, 32, 40, 48, 56, 57, 49, 41, 42, 34, 35, 43, 51, 50, 58, 59, 60, 61, 53, 52, 44, 36, 37, 29, 30, 38, 39, 47, 55, 63]
[00:00:03:50:491] ! Unidirectional s-t. expansions: 115,369, time: 230,484 [ms], path length: 54 [edges], generated: 200,243
[00:00:06:07:364] Path of length 54 found: [63, 55, 47, 39, 31, 23, 15, 7, 6, 5, 13, 14, 22, 21, 29, 30, 38, 37, 45, 44, 43, 42, 41, 49, 50, 51, 52, 53, 61, 60, 59, 58, 57, 56, 48, 40, 32, 33, 25, 24, 16, 17, 18, 26, 34, 35, 27, 28, 20, 12, 4, 3, 2, 1, 0]
[00:00:06:07:371] ! Unidirectional t-s. expansions: 174,603, time: 367,364 [ms], path length: 54 [edges], generated: 322,023
[00:00:02:43:545] Path of length 54 found: [63, 55, 47, 39, 31, 23, 15, 7, 6, 14, 22, 30, 38, 37, 36, 35, 34, 42, 43, 51, 52, 44, 45, 53, 61, 60, 59, 58, 57, 56, 48, 49, 41, 40, 32, 33, 25, 24, 16, 17, 18, 26, 27, 28, 20, 21, 13, 5, 4, 12, 11, 3, 2, 1, 0]
[00:00:02:44:050] ! Bidirectional. expansions: 64,694, time: 163,545 [ms], path length: 54 [edges], g_F: 26, g_B: 28, generated: 125,470, MM: 2, MMPER: 2.6,363,636,363,636,362%
[00:00:02:44:050] 
---------- SM_Grids/8x8_grid_with_random_blocks_8per_6 ----------
[00:00:15:37:207] Path of length 56 found: [0, 8, 16, 24, 32, 40, 48, 49, 41, 33, 25, 17, 9, 1, 2, 10, 18, 26, 34, 42, 50, 58, 59, 51, 43, 35, 27, 19, 11, 3, 4, 12, 20, 28, 29, 21, 13, 5, 6, 14, 15, 23, 22, 30, 31, 39, 47, 46, 38, 37, 36, 44, 52, 53, 61, 62, 63]
[00:00:15:37:215] ! Unidirectional s-t. expansions: 433,323, time: 937,208 [ms], path length: 56 [edges], generated: 773,550
[00:00:07:44:742] Path of length 56 found: [63, 62, 61, 53, 54, 46, 47, 39, 38, 37, 45, 44, 52, 51, 59, 58, 50, 42, 43, 35, 36, 28, 27, 26, 34, 33, 41, 49, 48, 40, 32, 24, 25, 17, 16, 8, 9, 10, 18, 19, 20, 21, 29, 30, 31, 23, 15, 14, 6, 5, 13, 12, 4, 3, 2, 1, 0]
[00:00:07:44:746] ! Unidirectional t-s. expansions: 207,355, time: 464,742 [ms], path length: 56 [edges], generated: 380,313
[00:00:09:04:639] Path of length 56 found: [63, 62, 61, 53, 54, 46, 47, 39, 31, 23, 15, 14, 6, 5, 4, 3, 2, 1, 9, 17, 25, 33, 41, 42, 34, 26, 18, 10, 11, 12, 13, 21, 22, 30, 29, 37, 36, 28, 20, 19, 27, 35, 43, 44, 52, 51, 59, 58, 50, 49, 48, 40, 32, 24, 16, 8, 0]
[00:00:09:05:239] ! Bidirectional. expansions: 209,871, time: 544,639 [ms], path length: 56 [edges], g_F: 27, g_B: 29, generated: 418,357, MM: 2, MMPER: 2.508,771,929,824,561%
[00:00:09:05:240] 
---------- SM_Grids/8x8_grid_with_random_blocks_8per_7 ----------
[00:00:00:00:115] Path of length 56 found: [0, 8, 16, 24, 32, 40, 48, 56, 57, 49, 41, 33, 25, 17, 18, 10, 2, 3, 11, 12, 4, 5, 6, 14, 22, 23, 31, 30, 29, 21, 20, 28, 27, 26, 34, 35, 43, 51, 50, 58, 59, 60, 52, 44, 36, 37, 45, 53, 61, 62, 54, 46, 38, 39, 47, 55, 63]
[00:00:00:00:117] ! Unidirectional s-t. expansions: 57, time: 115 [ms], path length: 56 [edges], generated: 93
[00:00:00:38:173] Path of length 56 found: [63, 55, 47, 39, 31, 23, 22, 14, 6, 5, 4, 3, 11, 12, 20, 21, 29, 30, 38, 37, 36, 28, 27, 26, 25, 33, 34, 35, 43, 44, 52, 53, 45, 46, 54, 62, 61, 60, 59, 51, 50, 58, 57, 56, 48, 49, 41, 40, 32, 24, 16, 17, 18, 10, 2, 1, 0]
[00:00:00:38:176] ! Unidirectional t-s. expansions: 16,874, time: 38,173 [ms], path length: 56 [edges], generated: 28,533
[00:00:00:33:301] Path of length 56 found: [0, 8, 16, 24, 32, 40, 48, 56, 57, 49, 41, 33, 25, 17, 18, 10, 2, 3, 11, 12, 4, 5, 6, 14, 22, 23, 31, 30, 29, 21, 20, 28, 27, 26, 34, 35, 43, 51, 50, 58, 59, 60, 61, 62, 54, 46, 45, 53, 52, 44, 36, 37, 38, 39, 47, 55, 63]
[00:00:00:33:821] ! Bidirectional. expansions: 13,713, time: 33,301 [ms], path length: 56 [edges], g_F: 27, g_B: 29, generated: 23,971, MM: 2, MMPER: 2.508,771,929,824,561%
[00:00:00:33:821] 
---------- SM_Grids/8x8_grid_with_random_blocks_8per_8 ----------
[00:00:00:00:138] Path of length 58 found: [0, 1, 9, 17, 16, 24, 32, 33, 25, 26, 18, 10, 2, 3, 11, 19, 27, 35, 34, 42, 41, 49, 48, 56, 57, 58, 59, 51, 43, 44, 36, 28, 20, 21, 13, 12, 4, 5, 6, 7, 15, 23, 31, 30, 29, 37, 45, 53, 52, 60, 61, 62, 54, 46, 38, 39, 47, 55, 63]
[00:00:00:00:138] ! Unidirectional s-t. expansions: 62, time: 138 [ms], path length: 58 [edges], generated: 100
[00:00:00:01:570] Path of length 58 found: [63, 55, 47, 39, 31, 23, 15, 7, 6, 5, 4, 3, 2, 10, 18, 19, 11, 12, 13, 21, 20, 28, 27, 35, 43, 51, 52, 44, 36, 37, 29, 30, 38, 46, 45, 53, 54, 62, 61, 60, 59, 58, 57, 56, 48, 49, 41, 42, 34, 26, 25, 33, 32, 24, 16, 17, 9, 1, 0]
[00:00:00:01:570] ! Unidirectional t-s. expansions: 651, time: 1,570 [ms], path length: 58 [edges], generated: 1,100
[00:00:00:29:293] Path of length 58 found: [63, 55, 47, 39, 31, 23, 15, 7, 6, 5, 4, 3, 2, 10, 18, 19, 11, 12, 13, 21, 20, 28, 27, 35, 43, 51, 52, 44, 36, 37, 29, 30, 38, 46, 45, 53, 54, 62, 61, 60, 59, 58, 57, 56, 48, 49, 41, 42, 34, 26, 25, 33, 32, 24, 16, 17, 9, 1, 0]
[00:00:00:29:760] ! Bidirectional. expansions: 11,318, time: 29,293 [ms], path length: 58 [edges], g_F: 29, g_B: 29, generated: 21,465, MM: 0, MMPER: -1.0%
[00:00:00:29:760] 
---------- SM_Grids/8x8_grid_with_random_blocks_8per_9 ----------
[00:00:00:11:571] Path of length 56 found: [0, 8, 16, 24, 32, 40, 48, 56, 57, 49, 50, 58, 59, 60, 61, 62, 54, 46, 45, 53, 52, 51, 43, 42, 34, 33, 25, 26, 18, 10, 2, 3, 11, 19, 27, 35, 36, 37, 29, 28, 20, 12, 4, 5, 6, 7, 15, 14, 13, 21, 22, 30, 38, 39, 47, 55, 63]
[00:00:00:11:571] ! Unidirectional s-t. expansions: 5,393, time: 11,571 [ms], path length: 56 [edges], generated: 9,399
[00:00:01:25:612] Path of length 56 found: [63, 55, 47, 39, 31, 30, 22, 14, 15, 7, 6, 5, 13, 21, 29, 28, 36, 37, 38, 46, 45, 53, 54, 62, 61, 60, 52, 51, 59, 58, 50, 49, 57, 56, 48, 40, 32, 33, 34, 42, 43, 35, 27, 19, 20, 12, 4, 3, 11, 10, 18, 26, 25, 24, 16, 8, 0]
[00:00:01:25:613] ! Unidirectional t-s. expansions: 39,822, time: 85,612 [ms], path length: 56 [edges], generated: 70,536
[00:00:00:13:098] Path of length 56 found: [0, 8, 16, 24, 32, 40, 48, 56, 57, 49, 50, 58, 59, 51, 43, 42, 34, 33, 25, 26, 18, 10, 2, 3, 11, 19, 27, 35, 36, 28, 29, 21, 13, 12, 4, 5, 6, 7, 15, 14, 22, 30, 31, 39, 38, 37, 45, 53, 52, 60, 61, 62, 54, 46, 47, 55, 63]
[00:00:00:13:542] ! Bidirectional. expansions: 5,248, time: 13,98 [ms], path length: 56 [edges], g_F: 28, g_B: 28, generated: 9,795, MM: 0, MMPER: -1.0%
[00:00:00:13:543] average expansions: (80,328, 55,239, 46,137, 0)
[00:00:00:13:543] average time: (168,198, 119,239, 114,405, 0)
[00:00:00:13:543] A*: 55,239 , 119,239 (expansions , time[ms])
[00:00:00:13:543] XMM: 46,137 , 114,405 (expansions , time[ms])

[00:00:00:13:543] 
---------- SM_Grids/8x8_grid_with_random_blocks_8per_0 ----------
[00:00:04:43:572] Path of length 56 found: [0, 8, 9, 17, 16, 24, 32, 40, 41, 49, 57, 58, 59, 51, 43, 42, 34, 33, 25, 26, 18, 19, 11, 10, 2, 3, 4, 5, 13, 21, 20, 28, 27, 35, 36, 44, 45, 37, 29, 30, 22, 14, 6, 7, 15, 23, 31, 39, 38, 46, 47, 55, 54, 53, 61, 62, 63]
[00:00:04:43:573] ! Unidirectional s-t. expansions: 86,187, time: 283,572 [ms], path length: 56 [edges], generated: 164,318
[00:00:00:15:853] Path of length 56 found: [63, 55, 47, 39, 31, 23, 15, 7, 6, 5, 4, 3, 2, 10, 11, 19, 18, 26, 25, 33, 34, 42, 43, 44, 36, 35, 27, 28, 20, 21, 13, 14, 22, 30, 29, 37, 38, 46, 45, 53, 54, 62, 61, 60, 59, 58, 57, 49, 41, 40, 32, 24, 16, 17, 9, 8, 0]
[00:00:00:15:853] ! Unidirectional t-s. expansions: 4,689, time: 15,853 [ms], path length: 56 [edges], generated: 8,903
[00:00:03:20:809] Valid meeting checks so far: 200,000, state_vs_state: 224, state_vs_prefix: 0, prefix_vs_prefix: 199,776
[00:00:03:52:278] Path of length 56 found: [0, 8, 9, 17, 16, 24, 32, 40, 41, 49, 57, 58, 59, 60, 61, 62, 54, 53, 45, 46, 38, 37, 29, 30, 22, 14, 13, 21, 20, 28, 27, 35, 36, 44, 43, 42, 34, 33, 25, 26, 18, 19, 11, 10, 2, 3, 4, 5, 6, 7, 15, 23, 31, 39, 47, 55, 63]
[00:00:03:52:749] ! Bidirectional. expansions: 227,254, time: 232,279 [ms], path length: 56 [edges], g_F: 28, g_B: 28, generated: {'F': 217,858, 'B': 202,434}, MM: 0, MMPER: -1.0%
[00:00:03:52:749] 
---------- SM_Grids/8x8_grid_with_random_blocks_8per_1 ----------
[00:00:01:45:835] Path of length 56 found: [0, 8, 16, 24, 32, 40, 48, 56, 57, 49, 41, 42, 50, 51, 59, 60, 52, 44, 43, 35, 34, 26, 18, 17, 9, 1, 2, 10, 11, 3, 4, 12, 20, 28, 36, 37, 29, 21, 13, 5, 6, 7, 15, 14, 22, 23, 31, 30, 38, 39, 47, 46, 54, 53, 61, 62, 63]
[00:00:01:45:836] ! Unidirectional s-t. expansions: 33,191, time: 105,836 [ms], path length: 56 [edges], generated: 60,575
[00:00:02:34:214] Path of length 56 found: [63, 55, 47, 39, 31, 23, 15, 7, 6, 5, 4, 3, 2, 1, 9, 17, 18, 26, 34, 35, 43, 44, 36, 28, 20, 19, 11, 12, 13, 14, 22, 21, 29, 37, 38, 46, 54, 62, 61, 53, 52, 60, 59, 51, 50, 42, 41, 49, 57, 56, 48, 40, 32, 24, 16, 8, 0]
[00:00:02:34:214] ! Unidirectional t-s. expansions: 47,231, time: 154,214 [ms], path length: 56 [edges], generated: 87,701
[00:00:03:26:006] Path of length 56 found: [0, 8, 16, 24, 32, 40, 48, 56, 57, 49, 41, 42, 50, 51, 59, 60, 52, 53, 61, 62, 54, 46, 38, 30, 22, 14, 13, 12, 11, 19, 20, 28, 29, 37, 36, 44, 43, 35, 34, 26, 18, 17, 9, 1, 2, 3, 4, 5, 6, 7, 15, 23, 31, 39, 47, 55, 63]
[00:00:03:26:480] ! Bidirectional. expansions: 197,518, time: 206,6 [ms], path length: 56 [edges], g_F: 28, g_B: 28, generated: {'F': 186,821, 'B': 179,453}, MM: 0, MMPER: -1.0%
[00:00:03:26:480] 
---------- SM_Grids/8x8_grid_with_random_blocks_8per_2 ----------
[00:00:00:00:657] Path of length 58 found: [0, 8, 16, 24, 32, 40, 48, 56, 57, 49, 41, 42, 34, 35, 27, 26, 25, 17, 18, 10, 9, 1, 2, 3, 11, 12, 20, 21, 13, 5, 6, 7, 15, 14, 22, 23, 31, 30, 29, 37, 36, 44, 43, 51, 50, 58, 59, 60, 52, 53, 45, 46, 38, 39, 47, 55, 54, 62, 63]
[00:00:00:00:657] ! Unidirectional s-t. expansions: 235, time: 657 [ms], path length: 58 [edges], generated: 386
[00:00:00:00:164] Path of length 58 found: [63, 62, 54, 55, 47, 39, 31, 23, 15, 7, 6, 5, 13, 14, 22, 21, 20, 12, 11, 3, 2, 1, 9, 10, 18, 17, 25, 26, 27, 35, 34, 42, 41, 49, 50, 51, 43, 44, 36, 37, 29, 30, 38, 46, 45, 53, 52, 60, 59, 58, 57, 56, 48, 40, 32, 24, 16, 8, 0]
[00:00:00:00:164] ! Unidirectional t-s. expansions: 58, time: 164 [ms], path length: 58 [edges], generated: 94
[00:00:00:00:091] Path of length 58 found: [0, 8, 16, 24, 32, 40, 48, 56, 57, 49, 41, 42, 34, 35, 27, 26, 25, 17, 18, 10, 9, 1, 2, 3, 11, 12, 20, 21, 29, 37, 36, 44, 43, 51, 50, 58, 59, 60, 52, 53, 45, 46, 38, 30, 22, 14, 13, 5, 6, 7, 15, 23, 31, 39, 47, 55, 54, 62, 63]
[00:00:00:00:521] ! Bidirectional. expansions: 93, time: 91 [ms], path length: 58 [edges], g_F: 29, g_B: 29, generated: {'F': 84, 'B': 88}, MM: 0, MMPER: -1.0%
[00:00:00:00:521] 
---------- SM_Grids/8x8_grid_with_random_blocks_8per_3 ----------
[00:00:00:09:263] Path of length 56 found: [0, 8, 16, 17, 25, 33, 32, 40, 41, 49, 48, 56, 57, 58, 50, 51, 59, 60, 52, 44, 43, 35, 34, 26, 18, 10, 2, 3, 4, 12, 20, 19, 27, 28, 36, 37, 29, 21, 13, 5, 6, 7, 15, 14, 22, 30, 31, 39, 47, 46, 45, 53, 61, 62, 54, 55, 63]
[00:00:00:09:263] ! Unidirectional s-t. expansions: 3,4, time: 9,263 [ms], path length: 56 [edges], generated: 5,331
[00:00:01:24:760] Path of length 56 found: [63, 55, 47, 39, 31, 23, 15, 7, 6, 5, 4, 3, 2, 10, 18, 26, 34, 35, 43, 44, 36, 28, 27, 19, 20, 12, 13, 14, 22, 21, 29, 37, 45, 46, 54, 62, 61, 53, 52, 60, 59, 51, 50, 58, 57, 56, 48, 49, 41, 40, 32, 33, 25, 17, 16, 8, 0]
[00:00:01:24:760] ! Unidirectional t-s. expansions: 26,786, time: 84,760 [ms], path length: 56 [edges], generated: 48,270
[00:00:00:14:659] Path of length 56 found: [0, 8, 16, 17, 25, 33, 32, 40, 41, 49, 48, 56, 57, 58, 50, 51, 59, 60, 52, 53, 61, 62, 54, 46, 45, 37, 29, 21, 22, 14, 13, 12, 20, 28, 36, 44, 43, 35, 34, 26, 27, 19, 18, 10, 2, 3, 4, 5, 6, 7, 15, 23, 31, 39, 47, 55, 63]
[00:00:00:15:091] ! Bidirectional. expansions: 14,397, time: 14,660 [ms], path length: 56 [edges], g_F: 28, g_B: 28, generated: {'F': 12,863, 'B': 12,985}, MM: 0, MMPER: -1.0%
[00:00:00:15:092] 
---------- SM_Grids/8x8_grid_with_random_blocks_8per_4 ----------
[00:00:10:43:301] Valid states checked so far: 200,000, Expansions: 199,998, Global best: 53
[00:00:11:22:705] Path of length 52 found: [0, 8, 16, 24, 32, 40, 48, 56, 57, 49, 41, 33, 25, 17, 9, 1, 2, 10, 18, 26, 34, 42, 43, 51, 59, 60, 52, 44, 36, 35, 27, 19, 11, 3, 4, 12, 20, 28, 29, 21, 13, 14, 22, 30, 31, 39, 38, 46, 47, 55, 54, 62, 63]
[00:00:11:22:705] ! Unidirectional s-t. expansions: 212,32, time: 682,705 [ms], path length: 52 [edges], generated: 394,262
[00:00:01:56:454] Path of length 52 found: [63, 62, 54, 53, 52, 60, 59, 51, 43, 44, 36, 28, 20, 21, 29, 37, 38, 46, 47, 39, 31, 30, 22, 14, 13, 12, 4, 3, 2, 1, 9, 17, 25, 26, 18, 10, 11, 19, 27, 35, 34, 42, 41, 49, 57, 56, 48, 40, 32, 24, 16, 8, 0]
[00:00:01:56:455] ! Unidirectional t-s. expansions: 36,542, time: 116,454 [ms], path length: 52 [edges], generated: 68,528
[00:00:03:13:248] Valid meeting checks so far: 200,000, state_vs_state: 225, state_vs_prefix: 0, prefix_vs_prefix: 199,775
[00:00:05:13:297] Path of length 52 found: [0, 8, 16, 24, 32, 40, 48, 56, 57, 49, 41, 42, 34, 33, 25, 17, 9, 1, 2, 10, 18, 26, 27, 19, 11, 3, 4, 12, 13, 14, 22, 30, 31, 39, 47, 46, 38, 37, 29, 21, 20, 28, 36, 44, 43, 51, 59, 60, 52, 53, 54, 62, 63]
[00:00:05:13:715] ! Bidirectional. expansions: 326,484, time: 313,297 [ms], path length: 52 [edges], g_F: 26, g_B: 26, generated: {'F': 303,195, 'B': 316,149}, MM: 0, MMPER: -1.0%
[00:00:05:13:715] 
---------- SM_Grids/8x8_grid_with_random_blocks_8per_5 ----------
[00:00:05:55:822] Path of length 54 found: [0, 1, 2, 3, 11, 12, 4, 5, 13, 21, 20, 28, 27, 26, 18, 17, 16, 24, 25, 33, 32, 40, 48, 56, 57, 49, 41, 42, 34, 35, 43, 51, 50, 58, 59, 60, 61, 53, 52, 44, 36, 37, 29, 30, 22, 14, 6, 7, 15, 23, 31, 39, 47, 55, 63]
[00:00:05:55:823] ! Unidirectional s-t. expansions: 115,375, time: 355,822 [ms], path length: 54 [edges], generated: 212,323
[00:00:09:24:081] Path of length 54 found: [63, 55, 47, 39, 31, 23, 15, 7, 6, 5, 4, 3, 11, 12, 20, 28, 29, 21, 13, 14, 22, 30, 38, 37, 36, 35, 27, 26, 18, 17, 25, 33, 34, 42, 41, 49, 50, 51, 43, 44, 45, 53, 52, 60, 59, 58, 57, 56, 48, 40, 32, 24, 16, 8, 0]
[00:00:09:24:081] ! Unidirectional t-s. expansions: 174,610, time: 564,81 [ms], path length: 54 [edges], generated: 339,316
[00:00:02:44:724] Valid meeting checks so far: 200,000, state_vs_state: 571, state_vs_prefix: 0, prefix_vs_prefix: 199,429
[00:00:03:11:158] Path of length 54 found: [0, 1, 2, 3, 11, 12, 4, 5, 13, 21, 20, 28, 27, 26, 18, 17, 16, 24, 32, 40, 48, 56, 57, 58, 59, 60, 61, 53, 45, 44, 52, 51, 43, 42, 50, 49, 41, 33, 34, 35, 36, 37, 29, 30, 22, 14, 6, 7, 15, 23, 31, 39, 47, 55, 63]
[00:00:03:11:576] ! Bidirectional. expansions: 230,256, time: 191,158 [ms], path length: 54 [edges], g_F: 27, g_B: 27, generated: {'F': 223,461, 'B': 205,435}, MM: 0, MMPER: -1.0%
[00:00:03:11:576] 
---------- SM_Grids/8x8_grid_with_random_blocks_8per_6 ----------
[00:00:10:51:465] Valid states checked so far: 200,000, Expansions: 199,998, Global best: 57
[00:00:22:03:273] Valid states checked so far: 400,000, Expansions: 399,998, Global best: 57
[00:00:23:54:740] Path of length 56 found: [0, 8, 16, 24, 32, 40, 48, 49, 41, 33, 25, 17, 9, 1, 2, 10, 18, 26, 34, 42, 50, 58, 59, 51, 43, 35, 27, 19, 11, 3, 4, 12, 20, 28, 36, 44, 52, 53, 45, 37, 29, 21, 13, 5, 6, 14, 15, 23, 22, 30, 31, 39, 38, 46, 54, 62, 63]
[00:00:23:54:740] ! Unidirectional s-t. expansions: 433,325, time: 1,434,740 [ms], path length: 56 [edges], generated: 836,735
[00:00:11:07:342] Valid states checked so far: 200,000, Expansions: 199,998, Global best: 57
[00:00:11:32:698] Path of length 56 found: [63, 62, 61, 53, 54, 46, 47, 39, 31, 23, 15, 14, 6, 5, 4, 3, 2, 1, 9, 17, 25, 33, 41, 42, 34, 26, 18, 10, 11, 19, 27, 35, 36, 28, 20, 12, 13, 21, 22, 30, 29, 37, 45, 44, 43, 51, 59, 58, 50, 49, 48, 40, 32, 24, 16, 8, 0]
[00:00:11:32:699] ! Unidirectional t-s. expansions: 207,362, time: 692,698 [ms], path length: 56 [edges], generated: 403,819
[00:00:02:44:364] Valid meeting checks so far: 200,000, state_vs_state: 331, state_vs_prefix: 0, prefix_vs_prefix: 199,669
[00:00:05:27:515] Valid meeting checks so far: 400,000, state_vs_state: 672, state_vs_prefix: 0, prefix_vs_prefix: 399,328
[00:00:08:10:237] Valid meeting checks so far: 600,000, state_vs_state: 926, state_vs_prefix: 0, prefix_vs_prefix: 599,074
[00:00:10:57:972] Valid meeting checks so far: 800,000, state_vs_state: 1,149, state_vs_prefix: 0, prefix_vs_prefix: 798,851
[00:00:13:36:614] Valid meeting checks so far: 1,000,000, state_vs_state: 1,544, state_vs_prefix: 0, prefix_vs_prefix: 998,456
[00:00:16:14:603] Valid meeting checks so far: 1,200,000, state_vs_state: 1,833, state_vs_prefix: 0, prefix_vs_prefix: 1,198,167
[00:00:18:53:710] Valid meeting checks so far: 1,400,000, state_vs_state: 2,101, state_vs_prefix: 0, prefix_vs_prefix: 1,397,899
[00:00:21:36:131] Valid meeting checks so far: 1,600,000, state_vs_state: 2,391, state_vs_prefix: 0, prefix_vs_prefix: 1,597,609
[00:00:24:19:816] Valid meeting checks so far: 1,800,000, state_vs_state: 2,561, state_vs_prefix: 0, prefix_vs_prefix: 1,797,439
[00:00:27:04:069] Valid meeting checks so far: 2,000,000, state_vs_state: 2,898, state_vs_prefix: 0, prefix_vs_prefix: 1,997,102
[00:00:29:38:475] Valid meeting checks so far: 2,200,000, state_vs_state: 3,220, state_vs_prefix: 0, prefix_vs_prefix: 2,196,780
[00:00:32:18:813] Valid meeting checks so far: 2,400,000, state_vs_state: 3,379, state_vs_prefix: 0, prefix_vs_prefix: 2,396,621
[00:00:35:06:783] Valid meeting checks so far: 2,600,000, state_vs_state: 3,599, state_vs_prefix: 0, prefix_vs_prefix: 2,596,401
[00:00:37:48:304] Valid meeting checks so far: 2,800,000, state_vs_state: 3,914, state_vs_prefix: 0, prefix_vs_prefix: 2,796,086
[00:00:40:28:778] Valid meeting checks so far: 3,000,000, state_vs_state: 4,125, state_vs_prefix: 0, prefix_vs_prefix: 2,995,875
[00:00:42:44:182] Path of length 56 found: [0, 8, 16, 24, 32, 40, 48, 49, 41, 33, 25, 17, 9, 1, 2, 10, 18, 26, 34, 42, 50, 58, 59, 51, 43, 44, 45, 37, 29, 30, 22, 21, 13, 12, 20, 28, 36, 35, 27, 19, 11, 3, 4, 5, 6, 14, 15, 23, 31, 39, 47, 46, 54, 53, 61, 62, 63]
[00:00:42:44:601] ! Bidirectional. expansions: 3,158,102, time: 2,564,182 [ms], path length: 56 [edges], g_F: 28, g_B: 28, generated: {'F': 2,983,005, 'B': 3,042,495}, MM: 0, MMPER: -1.0%
[00:00:42:44:601] 
---------- SM_Grids/8x8_grid_with_random_blocks_8per_7 ----------
[00:00:00:00:154] Path of length 56 found: [0, 8, 16, 24, 32, 40, 48, 56, 57, 49, 41, 33, 25, 17, 18, 10, 2, 3, 11, 12, 4, 5, 6, 14, 22, 23, 31, 30, 29, 21, 20, 28, 27, 26, 34, 35, 43, 51, 50, 58, 59, 60, 52, 44, 36, 37, 45, 53, 61, 62, 54, 46, 38, 39, 47, 55, 63]
[00:00:00:00:154] ! Unidirectional s-t. expansions: 56, time: 154 [ms], path length: 56 [edges], generated: 93
[00:00:00:51:552] Path of length 56 found: [63, 55, 47, 39, 31, 23, 22, 14, 6, 5, 4, 3, 2, 10, 11, 12, 20, 21, 29, 30, 38, 37, 36, 28, 27, 26, 18, 17, 25, 33, 34, 35, 43, 44, 52, 53, 45, 46, 54, 62, 61, 60, 59, 51, 50, 58, 57, 56, 48, 49, 41, 40, 32, 24, 16, 8, 0]
[00:00:00:51:552] ! Unidirectional t-s. expansions: 16,959, time: 51,552 [ms], path length: 56 [edges], generated: 30,642
[00:00:00:00:062] Path of length 56 found: [0, 8, 16, 24, 32, 40, 48, 56, 57, 49, 41, 33, 25, 17, 18, 26, 34, 35, 27, 28, 36, 44, 43, 51, 50, 58, 59, 60, 52, 53, 61, 62, 54, 46, 45, 37, 38, 30, 29, 21, 20, 12, 11, 10, 2, 3, 4, 5, 6, 14, 22, 23, 31, 39, 47, 55, 63]
[00:00:00:00:461] ! Bidirectional. expansions: 56, time: 62 [ms], path length: 56 [edges], g_F: 28, g_B: 28, generated: {'F': 50, 'B': 49}, MM: 0, MMPER: -1.0%
[00:00:00:00:461] 
---------- SM_Grids/8x8_grid_with_random_blocks_8per_8 ----------
[00:00:00:00:206] Path of length 58 found: [0, 1, 9, 17, 16, 24, 32, 33, 25, 26, 18, 10, 2, 3, 11, 19, 27, 35, 34, 42, 41, 49, 48, 56, 57, 58, 59, 51, 43, 44, 36, 28, 20, 21, 13, 12, 4, 5, 6, 7, 15, 23, 31, 30, 29, 37, 45, 53, 52, 60, 61, 62, 54, 46, 38, 39, 47, 55, 63]
[00:00:00:00:206] ! Unidirectional s-t. expansions: 82, time: 206 [ms], path length: 58 [edges], generated: 132
[00:00:00:05:593] Path of length 58 found: [63, 55, 47, 39, 31, 23, 15, 7, 6, 5, 4, 3, 2, 10, 18, 19, 11, 12, 13, 21, 20, 28, 27, 35, 43, 51, 52, 44, 36, 37, 29, 30, 38, 46, 45, 53, 54, 62, 61, 60, 59, 58, 57, 56, 48, 49, 41, 42, 34, 26, 25, 33, 32, 24, 16, 17, 9, 1, 0]
[00:00:00:05:594] ! Unidirectional t-s. expansions: 2,40, time: 5,594 [ms], path length: 58 [edges], generated: 3,414
[00:00:00:00:063] Path of length 58 found: [0, 1, 9, 17, 16, 24, 32, 33, 25, 26, 18, 10, 2, 3, 11, 19, 27, 35, 34, 42, 41, 49, 48, 56, 57, 58, 59, 60, 61, 62, 54, 46, 38, 30, 29, 37, 45, 53, 52, 51, 43, 44, 36, 28, 20, 21, 13, 12, 4, 5, 6, 7, 15, 23, 31, 39, 47, 55, 63]
[00:00:00:00:602] ! Bidirectional. expansions: 58, time: 63 [ms], path length: 58 [edges], g_F: 29, g_B: 29, generated: {'F': 51, 'B': 54}, MM: 0, MMPER: -1.0%
[00:00:00:00:603] 
---------- SM_Grids/8x8_grid_with_random_blocks_8per_9 ----------
[00:00:00:16:093] Path of length 56 found: [0, 8, 16, 24, 32, 40, 48, 56, 57, 49, 50, 58, 59, 51, 43, 42, 34, 33, 25, 26, 18, 10, 2, 3, 11, 19, 27, 35, 36, 28, 20, 12, 4, 5, 6, 7, 15, 14, 13, 21, 22, 30, 29, 37, 45, 53, 52, 60, 61, 62, 54, 46, 38, 39, 47, 55, 63]
[00:00:00:16:094] ! Unidirectional s-t. expansions: 5,402, time: 16,93 [ms], path length: 56 [edges], generated: 9,967
[00:00:02:03:898] Path of length 56 found: [63, 55, 47, 39, 31, 30, 22, 14, 15, 7, 6, 5, 4, 3, 2, 10, 18, 26, 25, 33, 34, 42, 43, 35, 27, 19, 11, 12, 13, 21, 20, 28, 36, 37, 38, 46, 45, 53, 54, 62, 61, 60, 52, 51, 59, 58, 50, 49, 57, 56, 48, 40, 32, 24, 16, 8, 0]
[00:00:02:03:899] ! Unidirectional t-s. expansions: 40,80, time: 123,898 [ms], path length: 56 [edges], generated: 74,576
[00:00:00:26:186] Path of length 56 found: [0, 8, 16, 24, 32, 40, 48, 56, 57, 49, 50, 58, 59, 51, 52, 60, 61, 62, 54, 53, 45, 46, 38, 37, 29, 21, 13, 12, 11, 19, 27, 28, 36, 35, 43, 42, 34, 33, 25, 26, 18, 10, 2, 3, 4, 5, 6, 7, 15, 14, 22, 30, 31, 39, 47, 55, 63]
[00:00:00:26:632] ! Bidirectional. expansions: 29,102, time: 26,186 [ms], path length: 56 [edges], g_F: 28, g_B: 28, generated: {'F': 28,362, 'B': 26,114}, MM: 0, MMPER: -1.0%
[00:00:00:26:632] average expansions: (88,889, 55,636, 418,332, 0)
[00:00:00:26:632] average time: (288,905, 180,927, 354,798, 0)
[00:00:00:26:632] X-DFBnB: 55,636 , 180,927 (expansions , time[ms])
[00:00:00:26:633] BiX-DFBnB: 418,332 , 354,798 (expansions , time[ms])

