--------------------------
date: SM_Grids
number_of_graphs: 10
graph_type: grid
size_of_graphs: [8, 8]
heuristic: bcc_heuristic
snake: False
run_uni: True
run_bi: True
run_multi: False
solution_vertices: []
algorithms: ['full', 'DFS']
bsd: True
cube_first_dims: 4
cube_buffer_dim: None
backward_sym_generation: False
sym_coil: False
prefix_set: None

---------- SM_Grids/8x8_grid_with_random_blocks_16per_0 ----------
[00:00:00:00:555] Path of length 44 found: [0, 1, 9, 10, 2, 3, 11, 12, 13, 5, 6, 7, 15, 14, 22, 23, 31, 30, 29, 28, 20, 19, 18, 26, 25, 24, 32, 40, 48, 49, 41, 33, 34, 42, 50, 51, 43, 35, 36, 37, 38, 46, 47, 55, 63]
[00:00:00:00:555] ! Unidirectional s-t. expansions: 393, time: 555 [ms], path length: 44 [edges], generated: 678
[00:00:00:00:341] Path of length 44 found: [63, 55, 47, 46, 38, 39, 31, 30, 22, 23, 15, 7, 6, 5, 13, 12, 20, 28, 29, 37, 36, 44, 43, 35, 34, 33, 41, 42, 50, 49, 48, 40, 32, 24, 25, 26, 18, 19, 11, 3, 2, 10, 9, 1, 0]
[00:00:00:00:341] ! Unidirectional t-s. expansions: 231, time: 341 [ms], path length: 44 [edges], generated: 400
[00:00:00:00:379] Path of length 44 found: [63, 55, 47, 46, 38, 39, 31, 30, 22, 23, 15, 7, 6, 5, 13, 12, 20, 28, 29, 37, 36, 44, 43, 51, 50, 42, 34, 33, 41, 49, 48, 40, 32, 24, 25, 26, 18, 19, 11, 3, 2, 10, 9, 1, 0]
[00:00:00:00:822] ! Bidirectional. expansions: 221, time: 379 [ms], path length: 44 [edges], g_F: 21, g_B: 23, generated: 410, MM: 2, MMPER: 3.4,444,444,444,444,446%
[00:00:00:00:822] 
---------- SM_Grids/8x8_grid_with_random_blocks_16per_1 ----------
[00:00:00:00:084] Path of length 44 found: [0, 8, 9, 10, 2, 3, 4, 12, 11, 19, 18, 26, 25, 24, 32, 33, 41, 42, 34, 35, 43, 44, 36, 28, 20, 21, 29, 30, 22, 14, 15, 23, 31, 39, 38, 46, 47, 55, 54, 53, 52, 60, 61, 62, 63]
[00:00:00:00:084] ! Unidirectional s-t. expansions: 51, time: 84 [ms], path length: 44 [edges], generated: 85
[00:00:00:02:377] Path of length 44 found: [63, 62, 61, 60, 52, 53, 54, 55, 47, 46, 38, 39, 31, 23, 15, 14, 22, 30, 29, 21, 20, 28, 36, 44, 43, 35, 27, 19, 11, 12, 4, 3, 2, 10, 18, 26, 34, 42, 41, 33, 25, 24, 16, 8, 0]
[00:00:00:02:377] ! Unidirectional t-s. expansions: 1,237, time: 2,377 [ms], path length: 44 [edges], generated: 2,340
[00:00:00:01:605] Path of length 44 found: [0, 8, 9, 10, 2, 3, 4, 12, 11, 19, 18, 26, 25, 24, 32, 33, 41, 42, 34, 35, 43, 44, 36, 28, 20, 21, 29, 30, 22, 14, 15, 23, 31, 39, 38, 46, 47, 55, 54, 53, 52, 60, 61, 62, 63]
[00:00:00:02:035] ! Bidirectional. expansions: 751, time: 1,605 [ms], path length: 44 [edges], g_F: 21, g_B: 23, generated: 1,428, MM: 2, MMPER: 3.4,444,444,444,444,446%
[00:00:00:02:035] 
---------- SM_Grids/8x8_grid_with_random_blocks_16per_2 ----------
[00:00:00:04:318] Path of length 44 found: [0, 1, 2, 3, 11, 19, 20, 21, 29, 30, 38, 46, 47, 55, 54, 53, 45, 44, 36, 28, 27, 26, 18, 17, 16, 24, 32, 40, 48, 56, 57, 58, 50, 49, 41, 33, 34, 42, 43, 51, 59, 60, 61, 62, 63]
[00:00:00:04:318] ! Unidirectional s-t. expansions: 2,427, time: 4,318 [ms], path length: 44 [edges], generated: 4,423
[00:00:00:09:817] Path of length 44 found: [63, 62, 61, 60, 52, 51, 59, 58, 50, 49, 57, 56, 48, 40, 41, 42, 43, 44, 45, 53, 54, 55, 47, 46, 38, 30, 29, 21, 20, 28, 27, 26, 34, 33, 32, 24, 16, 17, 18, 19, 11, 3, 2, 1, 0]
[00:00:00:09:818] ! Unidirectional t-s. expansions: 5,713, time: 9,818 [ms], path length: 44 [edges], generated: 9,757
[00:00:00:05:130] Path of length 44 found: [63, 55, 47, 46, 38, 30, 29, 21, 20, 19, 27, 28, 36, 44, 45, 53, 54, 62, 61, 60, 52, 51, 43, 42, 34, 33, 41, 49, 50, 58, 57, 56, 48, 40, 32, 24, 16, 17, 18, 10, 11, 3, 2, 1, 0]
[00:00:00:05:556] ! Bidirectional. expansions: 2,603, time: 5,130 [ms], path length: 44 [edges], g_F: 23, g_B: 21, generated: 4,837, MM: 2, MMPER: 3.4,444,444,444,444,446%
[00:00:00:05:556] 
---------- SM_Grids/8x8_grid_with_random_blocks_16per_3 ----------
[00:00:00:12:292] Path of length 44 found: [0, 8, 16, 24, 25, 17, 18, 10, 11, 12, 13, 14, 15, 23, 31, 30, 38, 39, 47, 46, 45, 44, 43, 35, 36, 28, 29, 21, 20, 19, 27, 26, 34, 33, 41, 49, 50, 51, 52, 60, 61, 53, 54, 62, 63]
[00:00:00:12:292] ! Unidirectional s-t. expansions: 7,298, time: 12,292 [ms], path length: 44 [edges], generated: 12,850
[00:00:00:21:797] Path of length 44 found: [63, 55, 47, 39, 31, 23, 15, 14, 13, 12, 11, 10, 18, 19, 27, 35, 43, 44, 36, 28, 20, 21, 29, 30, 38, 46, 45, 53, 54, 62, 61, 60, 52, 51, 50, 49, 41, 42, 34, 26, 25, 17, 16, 8, 0]
[00:00:00:21:797] ! Unidirectional t-s. expansions: 13,166, time: 21,797 [ms], path length: 44 [edges], generated: 22,306
[00:00:00:08:430] Path of length 44 found: [63, 55, 47, 39, 31, 23, 15, 14, 13, 21, 29, 30, 38, 46, 45, 53, 54, 62, 61, 60, 52, 44, 36, 35, 43, 42, 50, 49, 41, 33, 34, 26, 27, 19, 20, 12, 11, 10, 18, 17, 25, 24, 16, 8, 0]
[00:00:00:08:881] ! Bidirectional. expansions: 4,193, time: 8,430 [ms], path length: 44 [edges], g_F: 23, g_B: 21, generated: 7,795, MM: 2, MMPER: 3.4,444,444,444,444,446%
[00:00:00:08:881] 
---------- SM_Grids/8x8_grid_with_random_blocks_16per_4 ----------
[00:00:00:00:990] Path of length 48 found: [0, 1, 9, 8, 16, 17, 25, 33, 32, 40, 48, 56, 57, 49, 41, 42, 50, 51, 52, 60, 61, 53, 45, 44, 36, 37, 29, 28, 27, 35, 34, 26, 18, 10, 11, 3, 4, 12, 13, 14, 22, 30, 38, 39, 47, 46, 54, 62, 63]
[00:00:00:00:990] ! Unidirectional s-t. expansions: 601, time: 990 [ms], path length: 48 [edges], generated: 1,028
[00:00:00:02:051] Path of length 48 found: [63, 55, 47, 39, 38, 37, 36, 44, 45, 46, 54, 62, 61, 53, 52, 51, 50, 42, 41, 49, 57, 56, 48, 40, 32, 33, 25, 26, 34, 35, 27, 28, 29, 30, 22, 14, 13, 12, 4, 3, 11, 10, 18, 17, 16, 8, 9, 1, 0]
[00:00:00:02:051] ! Unidirectional t-s. expansions: 1,109, time: 2,51 [ms], path length: 48 [edges], generated: 1,958
[00:00:00:00:633] Path of length 48 found: [63, 62, 61, 60, 52, 51, 50, 42, 41, 49, 57, 56, 48, 40, 32, 33, 25, 26, 34, 35, 27, 28, 36, 44, 45, 46, 54, 55, 47, 39, 38, 37, 29, 30, 22, 14, 13, 12, 4, 3, 11, 10, 18, 17, 16, 8, 9, 1, 0]
[00:00:00:01:055] ! Bidirectional. expansions: 301, time: 633 [ms], path length: 48 [edges], g_F: 24, g_B: 24, generated: 585, MM: 0, MMPER: -1.0%
[00:00:00:01:055] 
---------- SM_Grids/8x8_grid_with_random_blocks_16per_5 ----------
[00:00:00:03:277] Path of length 50 found: [0, 8, 16, 24, 32, 33, 34, 26, 25, 17, 9, 1, 2, 10, 11, 19, 20, 12, 4, 5, 6, 14, 15, 23, 31, 39, 38, 30, 29, 28, 36, 35, 43, 51, 50, 49, 48, 56, 57, 58, 59, 60, 61, 53, 52, 44, 45, 46, 54, 55, 63]
[00:00:00:03:278] ! Unidirectional s-t. expansions: 1,976, time: 3,278 [ms], path length: 50 [edges], generated: 3,278
[00:00:00:02:316] Path of length 50 found: [63, 55, 54, 53, 61, 60, 59, 58, 57, 56, 48, 49, 50, 51, 52, 44, 43, 35, 36, 28, 29, 30, 38, 46, 47, 39, 31, 23, 15, 14, 6, 5, 4, 12, 20, 19, 11, 3, 2, 10, 9, 17, 25, 26, 34, 33, 32, 24, 16, 8, 0]
[00:00:00:02:316] ! Unidirectional t-s. expansions: 1,347, time: 2,316 [ms], path length: 50 [edges], generated: 2,287
[00:00:00:02:529] Path of length 50 found: [63, 55, 54, 53, 61, 60, 59, 58, 57, 56, 48, 49, 50, 51, 52, 44, 43, 35, 36, 28, 29, 30, 38, 46, 47, 39, 31, 23, 15, 14, 6, 5, 4, 12, 20, 19, 11, 10, 2, 1, 9, 17, 25, 26, 34, 33, 32, 24, 16, 8, 0]
[00:00:00:02:957] ! Bidirectional. expansions: 1,393, time: 2,529 [ms], path length: 50 [edges], g_F: 26, g_B: 24, generated: 2,352, MM: 2, MMPER: 2.9,215,686,274,509,802%
[00:00:00:02:957] 
---------- SM_Grids/8x8_grid_with_random_blocks_16per_6 ----------
[00:00:00:00:181] Path of length 48 found: [0, 1, 9, 8, 16, 24, 32, 40, 48, 49, 50, 42, 41, 33, 34, 35, 27, 26, 25, 17, 18, 10, 11, 19, 20, 21, 13, 5, 6, 7, 15, 14, 22, 23, 31, 30, 29, 37, 36, 44, 52, 53, 45, 46, 47, 55, 54, 62, 63]
[00:00:00:00:181] ! Unidirectional s-t. expansions: 104, time: 181 [ms], path length: 48 [edges], generated: 174
[00:00:00:00:115] Path of length 48 found: [63, 62, 54, 55, 47, 46, 38, 30, 31, 23, 15, 7, 6, 5, 13, 14, 22, 21, 29, 37, 45, 53, 52, 44, 36, 35, 27, 19, 11, 10, 18, 17, 25, 26, 34, 33, 41, 42, 50, 49, 48, 40, 32, 24, 16, 8, 9, 1, 0]
[00:00:00:00:115] ! Unidirectional t-s. expansions: 66, time: 115 [ms], path length: 48 [edges], generated: 109
[00:00:00:00:573] Path of length 48 found: [63, 62, 54, 55, 47, 46, 38, 30, 31, 23, 15, 7, 6, 5, 13, 14, 22, 21, 29, 37, 45, 53, 52, 44, 36, 35, 27, 19, 11, 10, 18, 17, 25, 26, 34, 33, 41, 42, 50, 49, 48, 40, 32, 24, 16, 8, 9, 1, 0]
[00:00:00:00:999] ! Bidirectional. expansions: 266, time: 573 [ms], path length: 48 [edges], g_F: 24, g_B: 24, generated: 495, MM: 0, MMPER: -1.0%
[00:00:00:00:999] 
---------- SM_Grids/8x8_grid_with_random_blocks_16per_7 ----------
[00:00:00:24:196] Path of length 48 found: [0, 8, 9, 10, 2, 3, 11, 19, 18, 17, 16, 24, 32, 40, 48, 56, 57, 58, 59, 60, 61, 53, 45, 44, 43, 51, 50, 49, 41, 33, 34, 26, 27, 28, 20, 12, 13, 14, 6, 7, 15, 23, 31, 30, 38, 46, 54, 55, 63]
[00:00:00:24:196] ! Unidirectional s-t. expansions: 15,19, time: 24,196 [ms], path length: 48 [edges], generated: 25,253
[00:00:00:19:688] Path of length 48 found: [63, 55, 54, 53, 61, 60, 59, 58, 57, 56, 48, 49, 50, 51, 43, 44, 45, 37, 38, 30, 31, 23, 15, 7, 6, 14, 13, 21, 20, 12, 11, 3, 2, 10, 9, 17, 18, 19, 27, 26, 34, 42, 41, 33, 32, 24, 16, 8, 0]
[00:00:00:19:688] ! Unidirectional t-s. expansions: 11,963, time: 19,688 [ms], path length: 48 [edges], generated: 20,798
[00:00:00:16:613] Path of length 48 found: [63, 55, 54, 53, 61, 60, 59, 58, 57, 56, 48, 40, 32, 24, 16, 17, 18, 26, 34, 33, 41, 49, 50, 42, 43, 44, 45, 37, 38, 30, 31, 23, 15, 7, 6, 14, 13, 12, 20, 28, 27, 19, 11, 3, 2, 10, 9, 8, 0]
[00:00:00:17:042] ! Bidirectional. expansions: 8,738, time: 16,613 [ms], path length: 48 [edges], g_F: 25, g_B: 23, generated: 15,564, MM: 2, MMPER: 3.816,326,530,612,246%
[00:00:00:17:042] 
---------- SM_Grids/8x8_grid_with_random_blocks_16per_8 ----------
[00:00:00:02:334] Path of length 50 found: [0, 8, 16, 17, 9, 1, 2, 3, 4, 5, 6, 7, 15, 23, 22, 14, 13, 12, 11, 10, 18, 19, 20, 21, 29, 28, 36, 35, 34, 33, 32, 40, 48, 56, 57, 49, 41, 42, 50, 51, 59, 60, 61, 53, 45, 37, 38, 46, 54, 62, 63]
[00:00:00:02:335] ! Unidirectional s-t. expansions: 1,435, time: 2,334 [ms], path length: 50 [edges], generated: 2,306
[00:00:00:00:460] Path of length 50 found: [63, 62, 54, 46, 38, 37, 45, 53, 61, 60, 59, 51, 50, 49, 57, 56, 48, 40, 32, 33, 41, 42, 43, 35, 34, 26, 18, 19, 11, 12, 20, 28, 29, 21, 13, 14, 22, 23, 15, 7, 6, 5, 4, 3, 2, 10, 9, 17, 16, 8, 0]
[00:00:00:00:460] ! Unidirectional t-s. expansions: 274, time: 460 [ms], path length: 50 [edges], generated: 467
[00:00:00:01:757] Path of length 50 found: [63, 62, 54, 46, 38, 37, 45, 53, 61, 60, 59, 51, 50, 49, 57, 56, 48, 40, 32, 33, 41, 42, 43, 35, 34, 26, 18, 10, 11, 12, 20, 28, 29, 21, 22, 23, 15, 7, 6, 14, 13, 5, 4, 3, 2, 1, 9, 17, 16, 8, 0]
[00:00:00:02:172] ! Bidirectional. expansions: 973, time: 1,757 [ms], path length: 50 [edges], g_F: 25, g_B: 25, generated: 1,605, MM: 0, MMPER: -1.0%
[00:00:00:02:172] 
---------- SM_Grids/8x8_grid_with_random_blocks_16per_9 ----------
[00:00:00:01:045] Path of length 46 found: [0, 8, 9, 1, 2, 3, 11, 12, 4, 5, 6, 7, 15, 14, 13, 21, 20, 28, 27, 26, 18, 17, 16, 24, 32, 33, 41, 42, 50, 58, 59, 51, 43, 44, 36, 37, 38, 30, 31, 39, 47, 55, 54, 53, 61, 62, 63]
[00:00:00:01:045] ! Unidirectional s-t. expansions: 612, time: 1,45 [ms], path length: 46 [edges], generated: 1,045
[00:00:00:00:632] Path of length 46 found: [63, 62, 54, 55, 47, 39, 31, 30, 38, 37, 45, 53, 52, 51, 59, 58, 50, 42, 43, 44, 36, 28, 20, 21, 13, 14, 15, 7, 6, 5, 4, 12, 11, 3, 2, 1, 9, 17, 18, 26, 34, 33, 25, 24, 16, 8, 0]
[00:00:00:00:632] ! Unidirectional t-s. expansions: 320, time: 632 [ms], path length: 46 [edges], generated: 641
[00:00:00:00:813] Path of length 46 found: [63, 62, 54, 55, 47, 39, 31, 30, 38, 37, 45, 53, 52, 51, 59, 58, 50, 42, 43, 44, 36, 28, 20, 21, 13, 14, 15, 7, 6, 5, 4, 12, 11, 3, 2, 1, 9, 17, 18, 26, 25, 33, 32, 24, 16, 8, 0]
[00:00:00:01:231] ! Bidirectional. expansions: 457, time: 813 [ms], path length: 46 [edges], g_F: 23, g_B: 23, generated: 738, MM: 0, MMPER: -1.0%
[00:00:00:01:232] average expansions: (2,992, 3,543, 1,990, 0)
[00:00:00:01:232] average time: (4,927, 5,960, 3,846, 0)
[00:00:00:01:232] A*: 2,992 , 4,927 (expansions , time[ms])
[00:00:00:01:232] XMM: 1,990 , 3,846 (expansions , time[ms])

[00:00:00:01:232] 
---------- SM_Grids/8x8_grid_with_random_blocks_16per_0 ----------
[00:00:00:01:024] Path of length 44 found: [0, 1, 9, 10, 2, 3, 11, 19, 18, 26, 25, 24, 32, 40, 48, 49, 41, 33, 34, 42, 50, 51, 43, 35, 36, 28, 20, 12, 13, 5, 6, 7, 15, 14, 22, 23, 31, 30, 29, 37, 38, 46, 47, 55, 63]
[00:00:00:01:024] ! Unidirectional s-t. expansions: 392, time: 1,24 [ms], path length: 44 [edges], generated: 702
[00:00:00:00:582] Path of length 44 found: [63, 55, 47, 46, 38, 39, 31, 23, 15, 7, 6, 5, 13, 14, 22, 30, 29, 37, 36, 44, 43, 35, 34, 33, 41, 42, 50, 49, 48, 40, 32, 24, 25, 26, 18, 19, 20, 12, 11, 3, 2, 10, 9, 1, 0]
[00:00:00:00:582] ! Unidirectional t-s. expansions: 232, time: 582 [ms], path length: 44 [edges], generated: 407
[00:00:00:01:241] Path of length 44 found: [0, 1, 9, 10, 2, 3, 11, 19, 18, 26, 25, 24, 32, 40, 48, 49, 41, 33, 34, 42, 50, 51, 43, 35, 36, 37, 29, 28, 20, 12, 13, 5, 6, 7, 15, 14, 22, 23, 31, 39, 38, 46, 47, 55, 63]
[00:00:00:01:681] ! Bidirectional. expansions: 1,721, time: 1,241 [ms], path length: 44 [edges], g_F: 22, g_B: 22, generated: {'F': 1,582, 'B': 1,453}, MM: 0, MMPER: -1.0%
[00:00:00:01:681] 
---------- SM_Grids/8x8_grid_with_random_blocks_16per_1 ----------
[00:00:00:00:158] Path of length 44 found: [0, 8, 16, 24, 32, 33, 25, 26, 18, 10, 2, 3, 4, 12, 11, 19, 27, 35, 34, 42, 43, 44, 36, 28, 20, 21, 29, 30, 22, 14, 15, 23, 31, 39, 38, 46, 47, 55, 54, 53, 52, 60, 61, 62, 63]
[00:00:00:00:158] ! Unidirectional s-t. expansions: 62, time: 158 [ms], path length: 44 [edges], generated: 107
[00:00:00:18:825] Path of length 44 found: [63, 62, 61, 60, 52, 53, 54, 55, 47, 46, 38, 39, 31, 23, 15, 14, 22, 30, 29, 21, 20, 12, 4, 3, 2, 10, 11, 19, 18, 26, 34, 35, 27, 28, 36, 44, 43, 42, 41, 33, 25, 24, 16, 8, 0]
[00:00:00:18:825] ! Unidirectional t-s. expansions: 7,246, time: 18,825 [ms], path length: 44 [edges], generated: 13,467
[00:00:00:07:449] Path of length 44 found: [0, 8, 16, 24, 32, 33, 25, 26, 18, 10, 2, 3, 4, 12, 11, 19, 27, 35, 34, 42, 43, 44, 36, 28, 20, 21, 29, 30, 22, 14, 15, 23, 31, 39, 38, 46, 47, 55, 54, 53, 52, 60, 61, 62, 63]
[00:00:00:07:872] ! Bidirectional. expansions: 8,296, time: 7,449 [ms], path length: 44 [edges], g_F: 22, g_B: 22, generated: {'F': 8,189, 'B': 7,560}, MM: 0, MMPER: -1.0%
[00:00:00:07:873] 
---------- SM_Grids/8x8_grid_with_random_blocks_16per_2 ----------
[00:00:00:06:343] Path of length 44 found: [0, 8, 16, 24, 32, 40, 48, 56, 57, 49, 41, 33, 34, 26, 18, 10, 2, 3, 11, 19, 27, 28, 20, 21, 29, 30, 38, 46, 47, 55, 54, 53, 45, 44, 43, 42, 50, 58, 59, 51, 52, 60, 61, 62, 63]
[00:00:00:06:343] ! Unidirectional s-t. expansions: 2,444, time: 6,343 [ms], path length: 44 [edges], generated: 4,574
[00:00:00:14:284] Path of length 44 found: [63, 55, 47, 46, 38, 30, 29, 21, 20, 19, 11, 3, 2, 10, 18, 26, 27, 28, 36, 44, 45, 53, 54, 62, 61, 60, 52, 51, 43, 42, 34, 33, 41, 49, 50, 58, 57, 56, 48, 40, 32, 24, 16, 8, 0]
[00:00:00:14:284] ! Unidirectional t-s. expansions: 5,725, time: 14,284 [ms], path length: 44 [edges], generated: 10,202
[00:00:00:03:895] Path of length 44 found: [0, 8, 16, 24, 32, 40, 48, 56, 57, 49, 41, 33, 34, 42, 50, 58, 59, 60, 61, 62, 54, 53, 52, 51, 43, 44, 36, 28, 27, 26, 18, 10, 2, 3, 11, 19, 20, 21, 29, 30, 38, 46, 47, 55, 63]
[00:00:00:04:312] ! Bidirectional. expansions: 4,59, time: 3,895 [ms], path length: 44 [edges], g_F: 22, g_B: 22, generated: {'F': 3,788, 'B': 3,800}, MM: 0, MMPER: -1.0%
[00:00:00:04:312] 
---------- SM_Grids/8x8_grid_with_random_blocks_16per_3 ----------
[00:00:00:18:431] Path of length 44 found: [0, 8, 16, 24, 25, 17, 18, 10, 11, 19, 27, 26, 34, 33, 41, 49, 50, 42, 43, 35, 36, 28, 29, 21, 20, 12, 13, 14, 15, 23, 31, 30, 38, 39, 47, 46, 45, 44, 52, 60, 61, 53, 54, 62, 63]
[00:00:00:18:431] ! Unidirectional s-t. expansions: 7,346, time: 18,431 [ms], path length: 44 [edges], generated: 13,493
[00:00:00:33:232] Path of length 44 found: [63, 55, 47, 39, 31, 23, 15, 14, 13, 12, 11, 10, 18, 26, 34, 42, 43, 35, 36, 28, 27, 19, 20, 21, 29, 30, 38, 46, 45, 53, 54, 62, 61, 60, 52, 51, 50, 49, 41, 33, 25, 17, 16, 8, 0]
[00:00:00:33:233] ! Unidirectional t-s. expansions: 13,308, time: 33,233 [ms], path length: 44 [edges], generated: 23,946
[00:00:00:20:663] Path of length 44 found: [0, 8, 16, 24, 25, 17, 18, 10, 11, 19, 27, 26, 34, 33, 41, 49, 50, 42, 43, 35, 36, 44, 52, 60, 61, 62, 54, 53, 45, 46, 38, 30, 29, 21, 20, 12, 13, 14, 15, 23, 31, 39, 47, 55, 63]
[00:00:00:21:084] ! Bidirectional. expansions: 24,38, time: 20,664 [ms], path length: 44 [edges], g_F: 22, g_B: 22, generated: {'F': 24,305, 'B': 23,368}, MM: 0, MMPER: -1.0%
[00:00:00:21:084] 
---------- SM_Grids/8x8_grid_with_random_blocks_16per_4 ----------
[00:00:00:01:501] Path of length 48 found: [0, 1, 9, 8, 16, 17, 25, 33, 32, 40, 48, 56, 57, 49, 41, 42, 50, 51, 52, 60, 61, 53, 45, 44, 36, 28, 27, 35, 34, 26, 18, 10, 11, 3, 4, 12, 13, 14, 22, 30, 29, 37, 38, 39, 47, 46, 54, 62, 63]
[00:00:00:01:501] ! Unidirectional s-t. expansions: 600, time: 1,501 [ms], path length: 48 [edges], generated: 1,047
[00:00:00:02:941] Path of length 48 found: [63, 55, 47, 39, 38, 30, 22, 14, 13, 12, 4, 3, 11, 10, 18, 26, 34, 35, 27, 28, 29, 37, 36, 44, 45, 46, 54, 62, 61, 53, 52, 51, 50, 42, 41, 49, 57, 56, 48, 40, 32, 33, 25, 17, 16, 8, 9, 1, 0]
[00:00:00:02:941] ! Unidirectional t-s. expansions: 1,111, time: 2,941 [ms], path length: 48 [edges], generated: 2,001
[00:00:00:01:991] Path of length 48 found: [0, 1, 9, 8, 16, 17, 25, 33, 32, 40, 48, 56, 57, 49, 41, 42, 50, 51, 52, 60, 61, 62, 54, 46, 45, 44, 36, 37, 29, 28, 27, 35, 34, 26, 18, 10, 11, 3, 4, 12, 13, 14, 22, 30, 38, 39, 47, 55, 63]
[00:00:00:02:408] ! Bidirectional. expansions: 1,789, time: 1,991 [ms], path length: 48 [edges], g_F: 24, g_B: 24, generated: {'F': 1,491, 'B': 1,643}, MM: 0, MMPER: -1.0%
[00:00:00:02:408] 
---------- SM_Grids/8x8_grid_with_random_blocks_16per_5 ----------
[00:00:00:08:675] Path of length 50 found: [0, 8, 16, 24, 32, 33, 34, 26, 25, 17, 9, 1, 2, 10, 11, 19, 20, 12, 4, 5, 6, 14, 15, 23, 22, 30, 29, 28, 36, 35, 43, 51, 50, 49, 48, 56, 57, 58, 59, 60, 61, 53, 52, 44, 45, 46, 38, 39, 47, 55, 63]
[00:00:00:08:675] ! Unidirectional s-t. expansions: 3,704, time: 8,675 [ms], path length: 50 [edges], generated: 6,110
[00:00:00:13:070] Path of length 50 found: [63, 55, 47, 39, 38, 46, 54, 53, 45, 44, 52, 60, 59, 58, 57, 56, 48, 49, 50, 51, 43, 35, 36, 28, 29, 30, 31, 23, 15, 14, 6, 5, 4, 12, 20, 19, 11, 3, 2, 10, 9, 17, 25, 26, 34, 33, 32, 24, 16, 8, 0]
[00:00:00:13:070] ! Unidirectional t-s. expansions: 5,688, time: 13,70 [ms], path length: 50 [edges], generated: 9,241
[00:00:00:04:532] Path of length 50 found: [0, 8, 16, 24, 32, 33, 34, 26, 25, 17, 9, 1, 2, 10, 11, 19, 20, 12, 4, 5, 6, 14, 15, 23, 22, 30, 29, 28, 36, 35, 43, 51, 50, 49, 48, 56, 57, 58, 59, 60, 52, 44, 45, 53, 54, 46, 38, 39, 47, 55, 63]
[00:00:00:04:947] ! Bidirectional. expansions: 4,699, time: 4,532 [ms], path length: 50 [edges], g_F: 25, g_B: 25, generated: {'F': 3,944, 'B': 3,927}, MM: 0, MMPER: -1.0%
[00:00:00:04:947] 
---------- SM_Grids/8x8_grid_with_random_blocks_16per_6 ----------
[00:00:00:00:296] Path of length 48 found: [0, 1, 9, 8, 16, 24, 32, 40, 48, 49, 50, 42, 41, 33, 25, 17, 18, 10, 11, 19, 27, 26, 34, 35, 36, 44, 52, 53, 45, 37, 29, 21, 13, 5, 6, 7, 15, 14, 22, 23, 31, 30, 38, 46, 47, 55, 54, 62, 63]
[00:00:00:00:296] ! Unidirectional s-t. expansions: 121, time: 296 [ms], path length: 48 [edges], generated: 207
[00:00:00:00:217] Path of length 48 found: [63, 62, 54, 55, 47, 46, 38, 30, 31, 23, 15, 7, 6, 5, 13, 14, 22, 21, 29, 37, 45, 53, 52, 44, 36, 35, 27, 19, 11, 10, 18, 17, 25, 26, 34, 33, 41, 42, 50, 49, 48, 40, 32, 24, 16, 8, 9, 1, 0]
[00:00:00:00:217] ! Unidirectional t-s. expansions: 89, time: 217 [ms], path length: 48 [edges], generated: 153
[00:00:00:00:315] Path of length 48 found: [0, 1, 9, 8, 16, 24, 32, 40, 48, 49, 50, 42, 41, 33, 25, 17, 18, 10, 11, 19, 27, 26, 34, 35, 36, 44, 52, 53, 45, 37, 29, 21, 22, 14, 13, 5, 6, 7, 15, 23, 31, 30, 38, 46, 47, 55, 54, 62, 63]
[00:00:00:00:729] ! Bidirectional. expansions: 300, time: 315 [ms], path length: 48 [edges], g_F: 24, g_B: 24, generated: {'F': 269, 'B': 249}, MM: 0, MMPER: -1.0%
[00:00:00:00:729] 
---------- SM_Grids/8x8_grid_with_random_blocks_16per_7 ----------
[00:00:00:36:295] Path of length 48 found: [0, 8, 16, 24, 32, 40, 48, 56, 57, 49, 41, 33, 34, 26, 18, 17, 9, 10, 2, 3, 11, 19, 27, 28, 20, 12, 13, 14, 6, 7, 15, 23, 31, 30, 38, 37, 45, 44, 43, 42, 50, 58, 59, 60, 61, 53, 54, 55, 63]
[00:00:00:36:295] ! Unidirectional s-t. expansions: 15,21, time: 36,295 [ms], path length: 48 [edges], generated: 26,026
[00:00:00:29:401] Path of length 48 found: [63, 55, 54, 46, 38, 30, 31, 23, 15, 7, 6, 14, 13, 21, 20, 12, 11, 3, 2, 10, 9, 17, 18, 19, 27, 26, 34, 35, 43, 44, 45, 53, 61, 60, 59, 51, 50, 42, 41, 49, 57, 56, 48, 40, 32, 24, 16, 8, 0]
[00:00:00:29:401] ! Unidirectional t-s. expansions: 11,966, time: 29,401 [ms], path length: 48 [edges], generated: 21,251
[00:00:00:24:752] Path of length 48 found: [0, 8, 16, 24, 32, 40, 48, 56, 57, 49, 41, 33, 34, 42, 50, 58, 59, 60, 61, 53, 45, 44, 43, 35, 27, 26, 18, 17, 9, 10, 2, 3, 11, 12, 20, 21, 13, 14, 6, 7, 15, 23, 31, 30, 38, 46, 54, 55, 63]
[00:00:00:25:192] ! Bidirectional. expansions: 33,523, time: 24,753 [ms], path length: 48 [edges], g_F: 24, g_B: 24, generated: {'F': 29,748, 'B': 30,703}, MM: 0, MMPER: -1.0%
[00:00:00:25:192] 
---------- SM_Grids/8x8_grid_with_random_blocks_16per_8 ----------
[00:00:00:04:780] Path of length 50 found: [0, 8, 16, 17, 9, 1, 2, 10, 18, 19, 11, 3, 4, 5, 6, 7, 15, 23, 22, 14, 13, 12, 20, 21, 29, 28, 36, 35, 34, 33, 32, 40, 48, 56, 57, 49, 41, 42, 50, 51, 59, 60, 61, 53, 45, 37, 38, 46, 54, 62, 63]
[00:00:00:04:780] ! Unidirectional s-t. expansions: 1,936, time: 4,780 [ms], path length: 50 [edges], generated: 3,289
[00:00:00:00:737] Path of length 50 found: [63, 62, 54, 46, 38, 37, 45, 53, 61, 60, 59, 51, 43, 42, 50, 49, 57, 56, 48, 40, 32, 33, 34, 35, 36, 28, 29, 21, 13, 14, 22, 23, 15, 7, 6, 5, 4, 3, 2, 1, 9, 10, 11, 12, 20, 19, 18, 17, 16, 8, 0]
[00:00:00:00:737] ! Unidirectional t-s. expansions: 297, time: 737 [ms], path length: 50 [edges], generated: 515
[00:00:00:02:470] Path of length 50 found: [0, 8, 16, 17, 9, 1, 2, 10, 18, 19, 11, 3, 4, 5, 6, 7, 15, 23, 22, 14, 13, 12, 20, 21, 29, 28, 36, 35, 34, 33, 32, 40, 48, 56, 57, 49, 50, 42, 43, 51, 59, 60, 61, 53, 45, 37, 38, 46, 54, 62, 63]
[00:00:00:02:892] ! Bidirectional. expansions: 2,902, time: 2,470 [ms], path length: 50 [edges], g_F: 25, g_B: 25, generated: {'F': 2,652, 'B': 2,397}, MM: 0, MMPER: -1.0%
[00:00:00:02:893] 
---------- SM_Grids/8x8_grid_with_random_blocks_16per_9 ----------
[00:00:00:01:616] Path of length 46 found: [0, 8, 16, 24, 32, 33, 25, 17, 9, 1, 2, 3, 11, 12, 4, 5, 6, 7, 15, 14, 13, 21, 20, 28, 27, 26, 34, 42, 50, 58, 59, 51, 43, 44, 36, 37, 38, 30, 31, 39, 47, 55, 54, 53, 61, 62, 63]
[00:00:00:01:616] ! Unidirectional s-t. expansions: 672, time: 1,616 [ms], path length: 46 [edges], generated: 1,151
[00:00:00:01:305] Path of length 46 found: [63, 62, 61, 53, 54, 55, 47, 39, 31, 30, 38, 37, 45, 44, 52, 51, 59, 58, 50, 42, 41, 33, 32, 24, 16, 8, 9, 17, 25, 26, 27, 28, 20, 21, 13, 14, 15, 7, 6, 5, 4, 12, 11, 3, 2, 1, 0]
[00:00:00:01:305] ! Unidirectional t-s. expansions: 480, time: 1,305 [ms], path length: 46 [edges], generated: 947
[00:00:00:01:763] Path of length 46 found: [0, 8, 16, 24, 32, 33, 25, 17, 9, 1, 2, 3, 11, 12, 4, 5, 6, 7, 15, 14, 13, 21, 20, 28, 27, 26, 34, 42, 50, 58, 59, 51, 52, 44, 45, 37, 38, 30, 31, 39, 47, 55, 54, 53, 61, 62, 63]
[00:00:00:02:186] ! Bidirectional. expansions: 1,856, time: 1,763 [ms], path length: 46 [edges], g_F: 23, g_B: 23, generated: {'F': 1,454, 'B': 1,738}, MM: 0, MMPER: -1.0%
[00:00:00:02:186] average expansions: (3,230, 4,614, 8,318, 0)
[00:00:00:02:186] average time: (7,912, 11,460, 6,907, 0)
[00:00:00:02:186] X-DFBnB: 3,230 , 7,912 (expansions , time[ms])
[00:00:00:02:186] BiX-DFBnB: 8,318 , 6,907 (expansions , time[ms])

