--------------------------
date: cubes
number_of_graphs: 1
graph_type: cube
size_of_graphs: [8, 8]
heuristic: heuristic0
snake: True
run_uni: True
run_bi: False
run_multi: False
cube_first_dims: 8
cube_buffer_dim: 6
backward_sym_generation: False

---------- cubes/8d_cube ----------
[00:00:00:04:477] Expansion 100000: state [255, 223, 207, 199, 195, 193, 192, 224, 96, 104, 120, 124, 116, 244, 212, 220, 204, 236, 237, 109, 77, 93, 89, 91, 75, 107, 99, 115, 243, 242], f=88, g=29
[00:00:00:09:132] Expansion 200000: state [255, 223, 207, 199, 195, 193, 192, 224, 96, 104, 120, 121, 113, 241, 245, 244, 252, 220, 216, 218, 202, 234, 235, 107, 75, 73, 77, 109, 101, 103], f=88, g=29
[00:00:00:13:795] Expansion 300000: state [255, 223, 207, 199, 195, 193, 192, 224, 96, 100, 68, 69, 85, 117, 245, 244, 252, 220, 216, 217, 89, 73, 105, 107, 235, 234], f=88, g=25
[00:00:00:18:538] Expansion 400000: state [255, 223, 207, 199, 195, 193, 192, 224, 96, 100, 116, 124, 252, 220, 212, 213, 85, 69, 77, 73, 75, 107, 235, 234, 250, 242, 243, 241], f=88, g=27
[00:00:00:23:295] Expansion 500000: state [255, 223, 207, 199, 195, 193, 192, 224, 96, 100, 101, 117, 85, 93, 89, 73, 105, 233, 235, 234, 250, 248, 252, 124], f=88, g=23
[00:00:00:27:926] Expansion 600000: state [255, 223, 207, 199, 195, 193, 192, 224, 96, 98, 99, 115, 243, 241, 245, 117, 85, 93, 77, 109, 237, 236, 204, 220, 216, 248, 120, 122], f=88, g=27
[00:00:00:33:014] Expansion 700000: state [255, 223, 207, 199, 195, 193, 192, 224, 96, 98, 99, 107, 105, 233, 237, 236, 252, 124, 120, 122, 250, 218, 216, 217, 89, 93, 85, 69, 68], f=88, g=28
[00:00:00:38:046] Expansion 800000: state [255, 223, 207, 199, 195, 193, 192, 224, 96, 97, 113, 241, 249, 217, 89, 93, 77, 109, 237, 236, 204, 220, 212, 244, 116, 124, 120], f=88, g=26
[00:00:00:42:610] Expansion 900000: state [255, 223, 207, 199, 195, 193, 192, 224, 96, 97, 99, 115, 243, 241, 245, 213, 85, 69, 77, 109, 237, 236, 252, 248, 216, 217, 89], f=88, g=26
[00:00:00:47:359] Expansion 1000000: state [255, 223, 207, 199, 195, 193, 192, 224, 240, 244, 116, 117, 85, 69, 77, 73, 89, 217, 216, 218, 202, 234, 235, 107], f=88, g=23
