--------------------------
date: cubes
number_of_graphs: 1
graph_type: cube
size_of_graphs: [7, 7]
heuristic: bcc_heuristic
snake: True
run_uni: False
run_bi: True
run_multi: False
solution_vertices: []
algorithms: ['DFBnB']
bsd: False
cube_first_dims: 4
cube_buffer_dim: None
backward_sym_generation: False
sym_coil: False
prefix_set: None

---------- cubes/7d_cube ----------
[00:00:00:00:492] Expansion 17: New longest path found with length 34: [15, 13, 29, 21, 20, 52, 60, 44, 46, 38, 34, 50, 51, 49, 57, 41, 43, 107, 106, 104, 120, 112, 80, 82, 66, 70, 68, 76, 92, 94, 30, 26, 24, 8, 0]
[00:00:00:00:492] g_h_buckets: (2, 77) = 1 , (4, 68) = 1 , (6, 65) = 1 , (8, 58) = 1 , (10, 52) = 1 , (12, 47) = 1 , (14, 45) = 1 , (16, 39) = 1 , (18, 37) = 1 , (20, 34) = 1 , (22, 30) = 1 , (24, 24) = 1 , (26, 21) = 1 , (28, 18) = 1 , (30, 15) = 1 , (32, 2) = 1 , (34, 0) = 1
[00:00:00:00:609] Expansion 24: New longest path found with length 38: [15, 13, 29, 21, 20, 52, 60, 44, 46, 38, 34, 50, 51, 49, 57, 41, 105, 97, 101, 103, 111, 127, 123, 122, 120, 112, 80, 82, 66, 70, 68, 76, 92, 94, 30, 26, 24, 8, 0]
[00:00:00:00:610] g_h_buckets: (2, 77) = 1 , (4, 68) = 1 , (6, 65) = 1 , (8, 58) = 1 , (10, 52) = 1 , (12, 47) = 1 , (14, 45) = 1 , (16, 39) = 1 , (18, 37) = 1 , (20, 34) = 1 , (22, 30) = 1 , (24, 24) = 1 , (26, 21) = 1 , (28, 18) = 1 , (30, 14) = 1 , (30, 15) = 1 , (32, 0) = 1 , (32, 2) = 1 , (32, 10) = 1 , (32, 12) = 1 , (32, 13) = 1 , (34, 0) = 4 , (34, 4) = 1 , (36, 2) = 2 , (38, 0) = 16
[00:00:00:00:826] Expansion 44: New longest path found with length 40: [15, 13, 29, 21, 20, 52, 60, 44, 46, 38, 34, 50, 51, 49, 57, 121, 89, 73, 75, 107, 111, 127, 119, 117, 101, 97, 96, 112, 80, 82, 66, 70, 68, 76, 92, 94, 30, 26, 24, 8, 0]
[00:00:00:00:827] g_h_buckets: (2, 77) = 1 , (4, 68) = 1 , (6, 65) = 1 , (8, 58) = 1 , (10, 52) = 1 , (12, 47) = 1 , (14, 45) = 1 , (16, 39) = 1 , (18, 37) = 1 , (20, 34) = 1 , (22, 30) = 1 , (24, 24) = 1 , (26, 21) = 1 , (28, 17) = 1 , (28, 18) = 1 , (30, 0) = 1 , (30, 12) = 1 , (30, 13) = 1 , (30, 14) = 1 , (30, 15) = 3 , (32, 0) = 3 , (32, 2) = 2 , (32, 6) = 1 , (32, 7) = 1 , (32, 9) = 1 , (32, 10) = 1 , (32, 11) = 1 , (32, 12) = 1 , (32, 13) = 3 , (34, 0) = 7 , (34, 2) = 1 , (34, 4) = 2 , (34, 5) = 1 , (34, 7) = 3 , (36, 2) = 6 , (36, 3) = 1 , (38, 0) = 17 , (38, 2) = 3 , (40, 0) = 5 , (40, 2) = 2 , (42, 0) = 6
[00:00:00:05:134] Expansion 326: New longest path found with length 42: [15, 13, 29, 21, 20, 52, 60, 44, 46, 38, 34, 50, 51, 49, 57, 41, 43, 107, 106, 122, 120, 112, 96, 97, 101, 109, 125, 127, 119, 87, 83, 82, 66, 70, 68, 76, 92, 94, 30, 26, 24, 8, 0]
[00:00:00:05:135] g_h_buckets: (2, 77) = 1 , (4, 68) = 1 , (6, 65) = 1 , (8, 58) = 1 , (10, 52) = 1 , (12, 47) = 1 , (14, 45) = 1 , (16, 39) = 1 , (18, 37) = 1 , (20, 34) = 1 , (22, 30) = 1 , (24, 24) = 2 , (26, 19) = 1 , (26, 20) = 3 , (26, 21) = 5 , (26, 22) = 1 , (28, 0) = 9 , (28, 13) = 2 , (28, 14) = 5 , (28, 15) = 15 , (28, 16) = 5 , (28, 17) = 9 , (28, 18) = 5 , (28, 19) = 2 , (30, 0) = 9 , (30, 2) = 5 , (30, 7) = 2 , (30, 8) = 1 , (30, 9) = 4 , (30, 10) = 16 , (30, 11) = 32 , (30, 12) = 30 , (30, 13) = 23 , (30, 14) = 11 , (30, 15) = 9 , (30, 16) = 1 , (32, 0) = 36 , (32, 2) = 7 , (32, 3) = 2 , (32, 4) = 2 , (32, 5) = 4 , (32, 6) = 9 , (32, 7) = 19 , (32, 8) = 28 , (32, 9) = 40 , (32, 10) = 31 , (32, 11) = 18 , (32, 12) = 9 , (32, 13) = 6 , (32, 14) = 1 , (34, 0) = 53 , (34, 2) = 18 , (34, 3) = 6 , (34, 4) = 6 , (34, 5) = 15 , (34, 6) = 11 , (34, 7) = 16 , (34, 8) = 14 , (34, 9) = 2 , (36, 0) = 4 , (36, 2) = 14 , (36, 3) = 3 , (36, 4) = 15 , (36, 5) = 1 , (38, 0) = 18 , (38, 2) = 3 , (38, 3) = 2 , (40, 0) = 7 , (40, 2) = 3 , (42, 0) = 7
[00:00:00:59:217] Expansion 3,265: New longest path found with length 44: [15, 13, 29, 21, 20, 52, 60, 44, 46, 42, 43, 41, 57, 49, 51, 50, 114, 122, 120, 104, 96, 97, 101, 109, 111, 127, 119, 87, 83, 81, 89, 73, 75, 74, 66, 70, 68, 76, 92, 94, 30, 26, 24, 8, 0]
[00:00:00:59:217] g_h_buckets: (2, 77) = 1 , (4, 68) = 1 , (6, 65) = 1 , (8, 58) = 1 , (10, 52) = 1 , (12, 47) = 1 , (14, 45) = 1 , (16, 39) = 1 , (18, 35) = 1 , (18, 36) = 3 , (18, 37) = 3 , (20, 0) = 6 , (20, 29) = 1 , (20, 30) = 1 , (20, 31) = 4 , (20, 32) = 6 , (20, 33) = 4 , (20, 34) = 1 , (22, 0) = 6 , (22, 2) = 9 , (22, 21) = 2 , (22, 22) = 11 , (22, 23) = 11 , (22, 24) = 12 , (22, 25) = 10 , (22, 26) = 26 , (22, 27) = 19 , (22, 28) = 15 , (22, 29) = 8 , (22, 30) = 6 , (24, 0) = 50 , (24, 2) = 2 , (24, 16) = 1 , (24, 17) = 21 , (24, 18) = 43 , (24, 19) = 159 , (24, 20) = 160 , (24, 21) = 122 , (24, 22) = 93 , (24, 23) = 42 , (24, 24) = 22 , (24, 25) = 9 , (24, 26) = 1 , (24, 27) = 2 , (26, 0) = 117 , (26, 2) = 22 , (26, 12) = 3 , (26, 13) = 18 , (26, 14) = 52 , (26, 15) = 105 , (26, 16) = 285 , (26, 17) = 450 , (26, 18) = 282 , (26, 19) = 167 , (26, 20) = 75 , (26, 21) = 32 , (26, 22) = 5 , (26, 23) = 7 , (28, 0) = 289 , (28, 2) = 29 , (28, 4) = 1 , (28, 5) = 10 , (28, 7) = 2 , (28, 8) = 11 , (28, 9) = 16 , (28, 10) = 23 , (28, 11) = 63 , (28, 12) = 95 , (28, 13) = 155 , (28, 14) = 317 , (28, 15) = 390 , (28, 16) = 208 , (28, 17) = 112 , (28, 18) = 41 , (28, 19) = 5 , (28, 20) = 1 , (30, 0) = 197 , (30, 2) = 63 , (30, 3) = 1 , (30, 4) = 1 , (30, 5) = 1 , (30, 6) = 2 , (30, 7) = 4 , (30, 8) = 5 , (30, 9) = 29 , (30, 10) = 67 , (30, 11) = 184 , (30, 12) = 263 , (30, 13) = 200 , (30, 14) = 93 , (30, 15) = 46 , (30, 16) = 13 , (30, 17) = 3 , (32, 0) = 164 , (32, 2) = 30 , (32, 3) = 4 , (32, 4) = 12 , (32, 5) = 5 , (32, 6) = 10 , (32, 7) = 25 , (32, 8) = 51 , (32, 9) = 84 , (32, 10) = 102 , (32, 11) = 100 , (32, 12) = 25 , (32, 13) = 20 , (32, 14) = 3 , (34, 0) = 91 , (34, 2) = 37 , (34, 3) = 8 , (34, 4) = 8 , (34, 5) = 23 , (34, 6) = 20 , (34, 7) = 38 , (34, 8) = 28 , (34, 9) = 24 , (34, 10) = 2 , (34, 11) = 2 , (34, 12) = 1 , (36, 0) = 16 , (36, 2) = 15 , (36, 3) = 4 , (36, 4) = 16 , (36, 5) = 4 , (36, 6) = 9 , (36, 8) = 5 , (38, 0) = 19 , (38, 2) = 4 , (38, 3) = 2 , (38, 4) = 3 , (38, 5) = 1 , (38, 6) = 1 , (40, 0) = 8 , (40, 2) = 4 , (40, 3) = 1 , (42, 0) = 8 , (42, 2) = 1 , (44, 0) = 1
