--------------------------
date: cubes
number_of_graphs: 1
graph_type: cube
size_of_graphs: [6, 6]
heuristic: bcc_heuristic
snake: True
run_uni: True
run_bi: True
run_multi: False
solution_vertices: []
algorithms: ['DFBnB']
bsd: False
cube_first_dims: 4
cube_buffer_dim: None
backward_sym_generation: False
sym_coil: False
prefix_set: None

---------- cubes/6d_cube ----------
[00:00:00:00:710] Expansion 463: New longest path found with length 10: [15, 13, 12, 28, 20, 21, 53, 37, 36, 32, 0]
[00:00:00:00:710] g_h_buckets: (1, 32) = 1 , (2, 31) = 1 , (3, 28) = 1 , (4, 26) = 1 , (5, 26) = 1 , (6, 22) = 1 , (7, 21) = 1 , (8, 20) = 1 , (9, 1) = 1 , (9, 3) = 1 , (10, 3) = 3 , (11, 3) = 6 , (12, 3) = 20 , (13, 3) = 42 , (14, 3) = 110 , (15, 3) = 118 , (16, 3) = 120 , (17, 3) = 88 , (18, 3) = 85 , (19, 3) = 64 , (20, 3) = 24 , (21, 3) = 2 , (22, 3) = 1
[00:00:00:00:745] Expansion 477: New longest path found with length 16: [15, 13, 12, 28, 20, 21, 53, 61, 63, 59, 27, 26, 10, 42, 40, 32, 0]
[00:00:00:00:746] g_h_buckets: (1, 32) = 1 , (2, 31) = 1 , (3, 28) = 1 , (4, 26) = 1 , (5, 26) = 1 , (6, 22) = 1 , (7, 21) = 2 , (8, 18) = 1 , (8, 20) = 1 , (9, 1) = 1 , (9, 3) = 1 , (9, 16) = 1 , (10, 0) = 1 , (10, 3) = 3 , (10, 14) = 1 , (11, 3) = 6 , (11, 12) = 1 , (12, 3) = 20 , (12, 11) = 1 , (13, 3) = 42 , (13, 9) = 1 , (14, 3) = 110 , (14, 8) = 1 , (15, 1) = 1 , (15, 3) = 120 , (16, 3) = 121 , (17, 3) = 89 , (18, 3) = 86 , (19, 3) = 65 , (20, 3) = 25 , (21, 3) = 2 , (22, 3) = 1
[00:00:00:00:753] Expansion 483: New longest path found with length 20: [15, 13, 12, 28, 20, 21, 53, 61, 63, 59, 27, 26, 10, 42, 46, 38, 54, 50, 48, 32, 0]
[00:00:00:00:753] g_h_buckets: (1, 32) = 1 , (2, 31) = 1 , (3, 28) = 1 , (4, 26) = 1 , (5, 26) = 1 , (6, 22) = 1 , (7, 21) = 2 , (8, 18) = 1 , (8, 20) = 1 , (9, 1) = 1 , (9, 3) = 1 , (9, 16) = 1 , (10, 0) = 1 , (10, 3) = 3 , (10, 14) = 1 , (11, 3) = 6 , (11, 12) = 1 , (12, 3) = 20 , (12, 11) = 1 , (13, 3) = 42 , (13, 9) = 1 , (14, 3) = 110 , (14, 7) = 1 , (14, 8) = 1 , (15, 1) = 1 , (15, 3) = 120 , (15, 5) = 1 , (16, 0) = 1 , (16, 3) = 121 , (16, 4) = 1 , (17, 3) = 90 , (18, 3) = 87 , (19, 1) = 1 , (19, 3) = 66 , (20, 3) = 25 , (21, 3) = 2 , (22, 3) = 1
[00:00:00:01:016] Expansion 577: New longest path found with length 22: [15, 13, 12, 28, 20, 21, 53, 55, 51, 50, 18, 26, 27, 25, 57, 41, 43, 42, 46, 38, 36, 32, 0]
[00:00:00:01:017] g_h_buckets: (1, 32) = 1 , (2, 31) = 1 , (3, 28) = 1 , (4, 26) = 1 , (5, 26) = 1 , (6, 22) = 1 , (7, 20) = 2 , (7, 21) = 2 , (8, 16) = 3 , (8, 17) = 1 , (8, 18) = 2 , (8, 20) = 1 , (9, 1) = 1 , (9, 3) = 2 , (9, 13) = 5 , (9, 14) = 3 , (9, 15) = 3 , (9, 16) = 2 , (10, 0) = 1 , (10, 3) = 3 , (10, 9) = 3 , (10, 10) = 2 , (10, 11) = 3 , (10, 12) = 6 , (10, 13) = 10 , (10, 14) = 6 , (11, 3) = 13 , (11, 5) = 1 , (11, 6) = 2 , (11, 9) = 5 , (11, 10) = 6 , (11, 11) = 3 , (11, 12) = 4 , (12, 3) = 21 , (12, 8) = 6 , (12, 9) = 3 , (12, 10) = 5 , (12, 11) = 7 , (13, 3) = 42 , (13, 6) = 2 , (13, 7) = 4 , (13, 8) = 6 , (13, 9) = 2 , (13, 10) = 1 , (14, 3) = 110 , (14, 6) = 8 , (14, 7) = 8 , (14, 8) = 3 , (15, 1) = 1 , (15, 3) = 121 , (15, 5) = 8 , (15, 7) = 1 , (16, 0) = 1 , (16, 3) = 122 , (16, 4) = 1 , (16, 6) = 2 , (17, 3) = 91 , (17, 5) = 1 , (18, 3) = 87 , (18, 4) = 1 , (19, 1) = 1 , (19, 3) = 67 , (20, 0) = 1 , (20, 3) = 26 , (21, 1) = 1 , (21, 3) = 2 , (22, 3) = 1
[00:00:00:22:196] Search completed. g_h_buckets: (1, 31) = 1 , (1, 32) = 2 , (2, 28) = 1 , (2, 29) = 2 , (2, 30) = 4 , (2, 31) = 2 , (3, 1) = 3 , (3, 25) = 3 , (3, 26) = 8 , (3, 27) = 9 , (3, 28) = 5 , (3, 29) = 1 , (4, 21) = 4 , (4, 22) = 7 , (4, 23) = 14 , (4, 24) = 35 , (4, 25) = 20 , (4, 26) = 9 , (4, 27) = 2 , (4, 28) = 1 , (5, 1) = 33 , (5, 16) = 1 , (5, 17) = 2 , (5, 18) = 19 , (5, 19) = 31 , (5, 20) = 58 , (5, 21) = 59 , (5, 22) = 54 , (5, 23) = 36 , (5, 24) = 10 , (5, 25) = 2 , (5, 26) = 2 , (6, 14) = 1 , (6, 15) = 10 , (6, 16) = 50 , (6, 17) = 138 , (6, 18) = 196 , (6, 19) = 160 , (6, 20) = 130 , (6, 21) = 56 , (6, 22) = 26 , (6, 23) = 8 , (7, 1) = 197 , (7, 3) = 30 , (7, 12) = 5 , (7, 13) = 12 , (7, 14) = 61 , (7, 15) = 220 , (7, 16) = 361 , (7, 17) = 329 , (7, 18) = 223 , (7, 19) = 90 , (7, 20) = 46 , (7, 21) = 6 , (8, 3) = 23 , (8, 9) = 1 , (8, 10) = 2 , (8, 11) = 9 , (8, 12) = 23 , (8, 13) = 104 , (8, 14) = 416 , (8, 15) = 638 , (8, 16) = 469 , (8, 17) = 219 , (8, 18) = 94 , (8, 19) = 13 , (8, 20) = 5 , (9, 1) = 185 , (9, 3) = 75 , (9, 8) = 1 , (9, 9) = 4 , (9, 10) = 10 , (9, 11) = 67 , (9, 12) = 217 , (9, 13) = 608 , (9, 14) = 667 , (9, 15) = 368 , (9, 16) = 100 , (9, 17) = 26 , (9, 18) = 4 , (10, 0) = 1 , (10, 3) = 20 , (10, 6) = 1 , (10, 8) = 6 , (10, 9) = 14 , (10, 10) = 64 , (10, 11) = 205 , (10, 12) = 520 , (10, 13) = 627 , (10, 14) = 223 , (10, 15) = 60 , (10, 16) = 12 , (10, 17) = 4 , (11, 1) = 86 , (11, 3) = 117 , (11, 4) = 1 , (11, 5) = 4 , (11, 6) = 4 , (11, 7) = 3 , (11, 8) = 12 , (11, 9) = 40 , (11, 10) = 175 , (11, 11) = 388 , (11, 12) = 327 , (11, 13) = 82 , (11, 14) = 4 , (12, 3) = 36 , (12, 4) = 4 , (12, 6) = 2 , (12, 7) = 1 , (12, 8) = 15 , (12, 9) = 66 , (12, 10) = 202 , (12, 11) = 193 , (12, 12) = 47 , (12, 13) = 5 , (13, 1) = 26 , (13, 3) = 73 , (13, 5) = 1 , (13, 6) = 3 , (13, 7) = 24 , (13, 8) = 43 , (13, 9) = 79 , (13, 10) = 79 , (13, 11) = 5 , (14, 3) = 121 , (14, 5) = 1 , (14, 6) = 13 , (14, 7) = 22 , (14, 8) = 32 , (14, 9) = 24 , (14, 10) = 13 , (15, 1) = 4 , (15, 3) = 131 , (15, 4) = 1 , (15, 5) = 8 , (15, 6) = 4 , (15, 7) = 16 , (15, 8) = 1 , (15, 9) = 6 , (16, 0) = 1 , (16, 3) = 122 , (16, 4) = 1 , (16, 6) = 4 , (16, 7) = 4 , (16, 9) = 1 , (17, 3) = 93 , (17, 4) = 1 , (17, 5) = 1 , (17, 6) = 2 , (18, 3) = 87 , (18, 4) = 2 , (18, 5) = 1 , (19, 1) = 1 , (19, 3) = 69 , (20, 0) = 1 , (20, 3) = 26 , (21, 1) = 1 , (21, 3) = 2 , (22, 0) = 1 , (22, 3) = 1
[00:00:00:22:197] Path of length 22 found: [15, 13, 12, 28, 20, 21, 53, 55, 51, 50, 18, 26, 27, 25, 57, 41, 43, 42, 46, 38, 36, 32, 0]
[00:00:00:22:197] ! Unidirectional s-t. expansions: 7,018, time: 22,197 [ms], path length: 22 [edges], generated: 16,554
[00:00:00:00:099] Expansion 4: New longest path found with length 8: [15, 13, 29, 21, 53, 52, 36, 4, 0]
[00:00:00:00:100] g_h_buckets: (2, 30) = 1 , (4, 25) = 1 , (6, 21) = 1 , (8, 0) = 1
[00:00:00:00:165] Expansion 10: New longest path found with length 18: [15, 13, 29, 21, 53, 49, 51, 50, 34, 42, 10, 26, 24, 56, 60, 44, 36, 4, 0]
[00:00:00:00:165] g_h_buckets: (2, 30) = 1 , (4, 25) = 1 , (6, 21) = 2 , (8, 0) = 2 , (8, 19) = 1 , (10, 13) = 1 , (12, 9) = 1 , (14, 4) = 1 , (16, 2) = 1 , (18, 0) = 1
[00:00:00:00:225] Expansion 18: New longest path found with length 20: [15, 13, 29, 21, 53, 55, 63, 59, 43, 42, 34, 50, 18, 26, 24, 56, 60, 44, 36, 4, 0]
[00:00:00:00:225] g_h_buckets: (2, 30) = 1 , (4, 25) = 1 , (6, 21) = 2 , (8, 0) = 2 , (8, 19) = 1 , (10, 12) = 1 , (10, 13) = 1 , (12, 0) = 1 , (12, 9) = 2 , (12, 10) = 1 , (14, 0) = 1 , (14, 3) = 1 , (14, 4) = 1 , (14, 6) = 1 , (16, 2) = 2 , (16, 3) = 1 , (18, 0) = 2 , (18, 2) = 3 , (20, 0) = 5
[00:00:00:03:305] Expansion 512: New longest path found with length 22: [15, 13, 29, 61, 53, 49, 48, 50, 34, 38, 46, 44, 40, 41, 43, 59, 27, 26, 30, 22, 20, 4, 0]
[00:00:00:03:305] g_h_buckets: (2, 30) = 1 , (4, 25) = 2 , (6, 2) = 1 , (6, 18) = 1 , (6, 19) = 7 , (6, 20) = 4 , (6, 21) = 6 , (8, 0) = 14 , (8, 12) = 2 , (8, 13) = 2 , (8, 14) = 11 , (8, 15) = 40 , (8, 16) = 19 , (8, 17) = 20 , (8, 18) = 4 , (8, 19) = 2 , (10, 0) = 26 , (10, 2) = 1 , (10, 6) = 6 , (10, 7) = 4 , (10, 8) = 4 , (10, 9) = 14 , (10, 10) = 42 , (10, 11) = 53 , (10, 12) = 40 , (10, 13) = 10 , (10, 14) = 1 , (12, 0) = 29 , (12, 2) = 7 , (12, 6) = 3 , (12, 7) = 17 , (12, 8) = 45 , (12, 9) = 170 , (12, 10) = 66 , (12, 11) = 2 , (14, 0) = 114 , (14, 2) = 10 , (14, 3) = 3 , (14, 4) = 24 , (14, 5) = 49 , (14, 6) = 39 , (14, 7) = 31 , (16, 0) = 6 , (16, 2) = 5 , (16, 3) = 1 , (16, 4) = 22 , (16, 5) = 10 , (18, 0) = 11 , (18, 2) = 4 , (18, 3) = 1 , (20, 0) = 6 , (20, 2) = 1 , (22, 0) = 1
[00:00:00:18:926] Search completed. g_h_buckets: (2, 27) = 3 , (2, 28) = 2 , (2, 29) = 5 , (2, 30) = 2 , (4, 0) = 4 , (4, 20) = 7 , (4, 21) = 7 , (4, 22) = 23 , (4, 23) = 33 , (4, 24) = 24 , (4, 25) = 15 , (4, 26) = 2 , (6, 0) = 50 , (6, 2) = 1 , (6, 14) = 1 , (6, 15) = 5 , (6, 16) = 49 , (6, 17) = 218 , (6, 18) = 156 , (6, 19) = 136 , (6, 20) = 53 , (6, 21) = 33 , (6, 22) = 2 , (8, 0) = 117 , (8, 2) = 10 , (8, 4) = 2 , (8, 8) = 2 , (8, 10) = 5 , (8, 11) = 17 , (8, 12) = 31 , (8, 13) = 123 , (8, 14) = 301 , (8, 15) = 479 , (8, 16) = 233 , (8, 17) = 95 , (8, 18) = 23 , (8, 19) = 8 , (10, 0) = 153 , (10, 2) = 7 , (10, 6) = 6 , (10, 7) = 8 , (10, 8) = 19 , (10, 9) = 45 , (10, 10) = 129 , (10, 11) = 238 , (10, 12) = 338 , (10, 13) = 169 , (10, 14) = 30 , (10, 15) = 2 , (12, 0) = 62 , (12, 2) = 11 , (12, 3) = 2 , (12, 6) = 7 , (12, 7) = 27 , (12, 8) = 79 , (12, 9) = 231 , (12, 10) = 109 , (12, 11) = 30 , (12, 12) = 7 , (14, 0) = 123 , (14, 2) = 10 , (14, 3) = 3 , (14, 4) = 25 , (14, 5) = 49 , (14, 6) = 42 , (14, 7) = 41 , (14, 8) = 13 , (16, 0) = 7 , (16, 2) = 5 , (16, 3) = 1 , (16, 4) = 22 , (16, 5) = 10 , (18, 0) = 12 , (18, 2) = 4 , (18, 3) = 1 , (20, 0) = 7 , (20, 2) = 1 , (22, 0) = 2
[00:00:00:18:926] Path of length 22 found: [15, 13, 29, 61, 53, 49, 48, 50, 34, 38, 46, 44, 40, 41, 43, 59, 27, 26, 30, 22, 20, 4, 0]
[00:00:00:19:194] ! Bidirectional. expansions: 2,190, time: 18,926 [ms], path length: 22 [edges], g_F: 11, g_B: 11, generated: {'F': 7,092, 'B': 7,122}, MM: 0, MMPER: -1.0%
[00:00:00:19:194] average expansions: (7,018, 0, 2,190, 0)
[00:00:00:19:194] average time: (22,197, 0, 18,926, 0)
[00:00:00:19:194] X-DFBnB: 7,018 , 22,197 (expansions , time[ms])
[00:00:00:19:194] BiX-DFBnB: 2,190 , 18,926 (expansions , time[ms])

