-------------
date: SM_Grids
number_of_graphs:1
graph_type:grid
size_of_graphs:[8, 8]
heuristic:bcc_heuristic
snake:False
run_uni:True
run_bi:False
-------------


Expansion #10000: state [0, 1, 9, 8, 16, 24, 32, 33, 25, 17, 18, 19, 20, 28, 27, 26], f=61, len=16
Expansion #20000: state [0, 1, 9, 8, 16, 17, 18, 19, 11, 10, 2, 3, 4, 12, 20, 28, 29, 21], f=61, len=18
Expansion #30000: state [0, 1, 2, 3, 4, 5, 13, 21, 29, 37, 36, 35, 34, 33, 25, 26, 27, 28, 20], f=61, len=19
Expansion #40000: state [0, 8, 16, 24, 32, 40, 48, 56, 57, 49, 41, 33, 25, 26, 34, 35, 27, 28, 29, 21, 20], f=61, len=21
Expansion #50000: state [0, 1, 2, 3, 4, 12, 11, 10, 18, 19, 27, 28, 20, 21, 29, 37, 36, 44, 43, 35, 34], f=61, len=21
Expansion #60000: state [0, 1, 9, 8, 16, 17, 18, 10, 2, 3, 4, 5, 13, 12, 11, 19, 27, 28, 20, 21, 29, 37], f=61, len=22
Expansion #70000: state [0, 8, 16, 17, 9, 1, 2, 10, 18, 26, 34, 35, 27, 19, 20, 21, 22, 14, 13, 12, 11, 3, 4], f=61, len=23
Expansion #80000: state [0, 1, 2, 3, 11, 10, 18, 26, 34, 35, 27, 19, 20, 12, 4, 5, 6, 7, 15, 14, 13, 21, 22], f=61, len=23
Expansion #90000: state [0, 8, 16, 17, 9, 1, 2, 3, 4, 5, 13, 14, 6, 7, 15, 23, 22, 21, 29, 37, 36, 28, 27, 19], f=61, len=24
Expansion #100000: state [0, 1, 2, 3, 11, 10, 9, 8, 16, 17, 25, 24, 32, 33, 34, 26, 18, 19, 27, 28, 20, 21, 22, 14], f=61, len=24
Expansion #110000: state [0, 8, 16, 24, 25, 17, 9, 1, 2, 3, 4, 5, 13, 14, 6, 7, 15, 23, 22, 30, 31, 39, 47, 46, 38], f=61, len=25
Expansion #120000: state [0, 1, 9, 8, 16, 17, 18, 10, 2, 3, 11, 19, 20, 21, 29, 28, 27, 35, 34, 26, 25, 24, 32, 33, 41], f=61, len=25
Expansion #130000: state [0, 1, 2, 3, 4, 5, 6, 7, 15, 14, 13, 12, 20, 28, 27, 26, 34, 33, 25, 17, 18, 19, 11, 10, 9], f=61, len=25
Expansion #140000: state [0, 8, 16, 17, 9, 1, 2, 3, 4, 5, 6, 7, 15, 14, 13, 12, 20, 21, 29, 30, 22, 23, 31, 39, 47, 46], f=61, len=26
Expansion #150000: state [0, 1, 2, 10, 9, 8, 16, 24, 32, 40, 41, 33, 25, 17, 18, 19, 20, 28, 29, 21, 22, 14, 13, 12, 11, 3], f=61, len=26
Expansion #160000: state [0, 1, 2, 3, 4, 5, 6, 7, 15, 14, 13, 12, 20, 21, 29, 37, 36, 28, 27, 26, 18, 19, 11, 10, 9, 8], f=61, len=26
Expansion #170000: state [0, 8, 16, 17, 9, 1, 2, 10, 18, 26, 25, 24, 32, 40, 41, 33, 34, 35, 27, 28, 20, 19, 11, 3, 4, 12, 13], f=61, len=27
Expansion #180000: state [0, 1, 9, 8, 16, 24, 32, 40, 41, 33, 25, 17, 18, 26, 34, 35, 27, 19, 20, 28, 36, 44, 43, 42, 50, 49, 48], f=61, len=27
Expansion #190000: state [0, 1, 2, 3, 11, 19, 20, 28, 27, 35, 43, 42, 50, 49, 41, 33, 34, 26, 25, 17, 18, 10, 9, 8, 16, 24, 32], f=61, len=27
Expansion #200000: state [0, 8, 16, 24, 32, 40, 48, 56, 57, 58, 59, 51, 43, 35, 34, 42, 50, 49, 41, 33, 25, 17, 9, 1, 2, 3, 4, 5], f=61, len=28
Expansion #210000: state [0, 8, 16, 17, 9, 1, 2, 3, 4, 5, 13, 12, 11, 10, 18, 19, 27, 26, 34, 35, 43, 42, 41, 33, 25, 24, 32, 40], f=61, len=28
Expansion #220000: state [0, 1, 9, 8, 16, 24, 32, 33, 25, 17, 18, 10, 2, 3, 11, 12, 4, 5, 13, 14, 6, 7, 15, 23, 22, 21, 29, 28], f=61, len=28
Expansion #230000: state [0, 1, 2, 3, 11, 10, 18, 19, 27, 28, 20, 12, 4, 5, 13, 14, 6, 7, 15, 23, 22, 21, 29, 30, 31, 39, 47, 55], f=61, len=28
Expansion #240000: state [0, 1, 2, 3, 4, 5, 6, 7, 15, 23, 31, 39, 47, 55, 54, 46, 38, 30, 22, 14, 13, 12, 11, 10, 18, 26, 25, 17], f=61, len=28
Expansion #250000: state [0, 8, 16, 24, 25, 17, 9, 1, 2, 3, 4, 5, 6, 7, 15, 14, 13, 21, 29, 30, 22, 23, 31, 39, 47, 46, 38, 37, 36], f=61, len=29
Expansion #260000: state [0, 8, 9, 1, 2, 10, 18, 19, 20, 12, 11, 3, 4, 5, 13, 21, 29, 28, 27, 35, 43, 42, 50, 49, 41, 33, 34, 26, 25], f=61, len=29
Expansion #270000: state [0, 1, 9, 8, 16, 17, 18, 10, 2, 3, 4, 5, 6, 7, 15, 14, 13, 21, 29, 37, 36, 28, 20, 12, 11, 19, 27, 26, 25], f=61, len=29
Expansion #280000: state [0, 1, 2, 3, 11, 12, 4, 5, 13, 14, 6, 7, 15, 23, 31, 39, 47, 46, 38, 37, 36, 44, 43, 42, 41, 33, 34, 35, 27], f=61, len=29
Expansion #290000: state [0, 1, 2, 3, 4, 5, 6, 7, 15, 23, 31, 39, 47, 46, 38, 30, 29, 37, 36, 35, 34, 42, 50, 49, 41, 33, 25, 26, 18], f=61, len=29
Expansion #300000: state [0, 8, 16, 24, 32, 33, 34, 35, 27, 26, 25, 17, 9, 1, 2, 3, 11, 10, 18, 19, 20, 28, 29, 21, 13, 12, 4, 5, 6, 7], f=61, len=30
Expansion #310000: state [0, 8, 16, 17, 18, 26, 25, 24, 32, 40, 41, 33, 34, 35, 27, 19, 20, 21, 13, 12, 11, 10, 9, 1, 2, 3, 4, 5, 6, 7], f=61, len=30
Expansion #320000: state [0, 1, 9, 8, 16, 24, 32, 33, 25, 17, 18, 26, 27, 19, 20, 12, 11, 10, 2, 3, 4, 5, 13, 14, 6, 7, 15, 23, 22, 21], f=61, len=30
Expansion #330000: state [0, 1, 2, 10, 18, 19, 20, 21, 22, 14, 13, 12, 11, 3, 4, 5, 6, 7, 15, 23, 31, 30, 29, 28, 27, 26, 34, 42, 41, 33], f=61, len=30
Expansion #340000: state [0, 1, 2, 3, 4, 5, 13, 21, 20, 12, 11, 10, 9, 8, 16, 17, 18, 19, 27, 26, 34, 35, 43, 42, 50, 49, 41, 33, 25, 24], f=61, len=30
Expansion #350000: state [0, 8, 16, 24, 32, 40, 48, 56, 57, 58, 59, 51, 50, 49, 41, 42, 43, 35, 27, 19, 20, 21, 22, 14, 13, 12, 11, 10, 18, 26, 34], f=61, len=31
Expansion #360000: state [0, 8, 16, 24, 25, 17, 18, 10, 9, 1, 2, 3, 4, 5, 6, 7, 15, 14, 13, 12, 11, 19, 20, 21, 22, 23, 31, 30, 29, 28, 36], f=61, len=31
Expansion #370000: state [0, 8, 16, 17, 18, 26, 27, 19, 11, 10, 9, 1, 2, 3, 4, 12, 20, 28, 29, 37, 36, 44, 43, 35, 34, 42, 41, 33, 25, 24, 32], f=61, len=31
Expansion #380000: state [0, 1, 9, 8, 16, 24, 32, 40, 41, 33, 25, 17, 18, 10, 2, 3, 11, 12, 4, 5, 6, 7, 15, 23, 22, 14, 13, 21, 29, 28, 20], f=61, len=31
Expansion #390000: state [0, 1, 2, 10, 9, 8, 16, 17, 25, 24, 32, 40, 41, 33, 34, 35, 27, 26, 18, 19, 20, 28, 29, 21, 13, 12, 11, 3, 4, 5, 6], f=61, len=31
Expansion #400000: state [0, 1, 2, 3, 4, 12, 11, 10, 9, 8, 16, 24, 32, 40, 48, 56, 57, 58, 59, 51, 43, 42, 50, 49, 41, 33, 34, 35, 36, 44, 52], f=61, len=31
Expansion #410000: state [0, 1, 2, 3, 4, 5, 6, 7, 15, 23, 22, 14, 13, 21, 29, 28, 20, 12, 11, 10, 9, 8, 16, 17, 18, 19, 27, 26, 34, 35, 36], f=61, len=31
Expansion #420000: state [0, 8, 16, 24, 32, 40, 41, 33, 34, 35, 27, 19, 20, 12, 11, 10, 18, 26, 25, 17, 9, 1, 2, 3, 4, 5, 6, 7, 15, 23, 22, 14], f=61, len=32
Expansion #430000: state [0, 8, 16, 17, 9, 1, 2, 10, 18, 26, 34, 33, 25, 24, 32, 40, 48, 56, 57, 58, 59, 51, 50, 49, 41, 42, 43, 35, 27, 19, 20, 28], f=61, len=32
Expansion #440000: state [0, 8, 9, 1, 2, 10, 18, 17, 16, 24, 25, 26, 34, 33, 32, 40, 48, 56, 57, 49, 41, 42, 50, 58, 59, 51, 52, 44, 43, 35, 27, 28], f=61, len=32
Expansion #450000: state [0, 1, 9, 8, 16, 24, 32, 40, 41, 49, 48, 56, 57, 58, 59, 51, 50, 42, 43, 35, 27, 26, 34, 33, 25, 17, 18, 19, 20, 28, 29, 30], f=61, len=32
Expansion #460000: state [0, 1, 2, 10, 9, 8, 16, 24, 25, 17, 18, 19, 11, 3, 4, 5, 6, 7, 15, 23, 31, 39, 47, 55, 54, 46, 38, 37, 29, 30, 22, 14], f=61, len=32
Expansion #470000: state [0, 1, 2, 3, 11, 12, 4, 5, 13, 14, 6, 7, 15, 23, 31, 39, 38, 30, 22, 21, 29, 37, 36, 44, 43, 42, 50, 49, 41, 33, 34, 35], f=61, len=32
Expansion #480000: state [0, 1, 2, 3, 4, 5, 6, 7, 15, 14, 13, 21, 20, 12, 11, 19, 27, 26, 34, 35, 43, 42, 41, 33, 25, 17, 18, 10, 9, 8, 16, 24], f=61, len=32
Expansion #490000: state [0, 8, 16, 24, 32, 40, 48, 56, 57, 58, 59, 51, 52, 44, 43, 35, 34, 42, 50, 49, 41, 33, 25, 17, 9, 1, 2, 10, 11, 3, 4, 12, 20], f=61, len=33
Expansion #500000: state [0, 8, 16, 24, 25, 17, 9, 1, 2, 10, 18, 26, 27, 19, 20, 28, 29, 37, 36, 35, 34, 42, 50, 49, 41, 33, 32, 40, 48, 56, 57, 58, 59], f=61, len=33
Expansion #510000: state [0, 8, 16, 17, 25, 24, 32, 40, 48, 56, 57, 49, 50, 58, 59, 51, 52, 44, 36, 37, 38, 30, 29, 21, 20, 28, 27, 35, 43, 42, 41, 33, 34], f=61, len=33
Expansion #520000: state [0, 8, 9, 1, 2, 10, 11, 3, 4, 5, 6, 7, 15, 14, 13, 12, 20, 21, 29, 28, 27, 19, 18, 26, 34, 35, 43, 42, 41, 33, 25, 17, 16], f=61, len=33
Expansion #530000: state [0, 1, 9, 8, 16, 24, 32, 33, 34, 26, 25, 17, 18, 10, 2, 3, 11, 12, 4, 5, 13, 14, 6, 7, 15, 23, 22, 30, 31, 39, 47, 55, 54], f=61, len=33
Expansion #540000: state [0, 1, 2, 10, 9, 8, 16, 24, 32, 33, 34, 42, 41, 40, 48, 56, 57, 49, 50, 58, 59, 51, 52, 44, 43, 35, 36, 37, 29, 30, 22, 14, 13], f=61, len=33
Expansion #550000: state [0, 1, 2, 3, 11, 10, 18, 19, 20, 12, 4, 5, 6, 7, 15, 14, 13, 21, 29, 37, 36, 28, 27, 35, 34, 26, 25, 17, 9, 8, 16, 24, 32], f=61, len=33
Expansion #560000: state [0, 1, 2, 3, 4, 5, 13, 21, 22, 14, 6, 7, 15, 23, 31, 30, 29, 28, 20, 12, 11, 10, 9, 8, 16, 24, 32, 33, 25, 17, 18, 19, 27], f=61, len=33
Expansion #570000: state [0, 8, 16, 24, 32, 40, 48, 56, 57, 49, 41, 33, 34, 26, 25, 17, 18, 19, 11, 10, 9, 1, 2, 3, 4, 5, 13, 12, 20, 21, 29, 28, 27, 35], f=61, len=34
Expansion #580000: state [0, 8, 16, 24, 32, 40, 41, 42, 50, 49, 48, 56, 57, 58, 59, 51, 52, 44, 43, 35, 34, 33, 25, 17, 9, 1, 2, 10, 18, 26, 27, 19, 20, 28], f=61, len=34
Expansion #590000: state [0, 8, 16, 24, 25, 26, 18, 17, 9, 1, 2, 10, 11, 3, 4, 5, 13, 12, 20, 19, 27, 28, 36, 35, 34, 42, 50, 49, 41, 33, 32, 40, 48, 56], f=61, len=34
Expansion #600000: state [0, 8, 16, 17, 18, 10, 9, 1, 2, 3, 4, 5, 13, 12, 11, 19, 27, 26, 25, 24, 32, 40, 48, 56, 57, 58, 59, 51, 43, 42, 50, 49, 41, 33], f=61, len=34
Expansion #610000: state [0, 8, 9, 1, 2, 3, 4, 5, 13, 12, 11, 10, 18, 17, 16, 24, 32, 40, 41, 33, 25, 26, 34, 35, 27, 19, 20, 28, 36, 44, 43, 42, 50, 49], f=61, len=34
Expansion #620000: state [0, 1, 9, 8, 16, 24, 25, 17, 18, 26, 27, 35, 34, 33, 32, 40, 41, 42, 50, 49, 48, 56, 57, 58, 59, 51, 43, 44, 52, 53, 61, 62, 54, 46], f=61, len=34
Expansion #630000: state [0, 1, 2, 10, 9, 8, 16, 17, 25, 24, 32, 40, 48, 56, 57, 49, 41, 33, 34, 26, 18, 19, 11, 3, 4, 5, 13, 12, 20, 28, 27, 35, 36, 44], f=61, len=34