
! unidirectional s-t. expansions: 225,144, time: 291,400 [ms], memory: 5,366 [kB], path length: 46 [edges], generated: 392706
Expansion #10000: state [48, 41, 34, 33, 32, 39, 40, 47, 46, 45, 38, 31, 24, 23, 16, 17, 10, 11, 12], f=47, len=19
Expansion #20000: state [48, 41, 34, 33, 40, 47, 46, 39, 38, 45, 44, 43, 42, 35, 28, 21, 22, 29, 36, 37, 30, 23], f=47, len=22
Expansion #30000: state [48, 41, 34, 33, 40, 47, 46, 45, 44, 43, 42, 35, 36, 37, 38, 39, 32, 25, 24, 31, 30, 23, 16, 17], f=47, len=24
Expansion #40000: state [48, 47, 46, 45, 44, 43, 42, 35, 28, 29, 36, 37, 30, 31, 38, 39, 32, 25, 24, 23, 22, 21, 14, 7, 8], f=47, len=25
Expansion #50000: state [48, 41, 34, 33, 40, 47, 46, 39, 32, 31, 38, 45, 44, 37, 30, 23, 24, 25, 26, 27, 20, 13, 6, 5, 12, 19, 18], f=47, len=27
Expansion #60000: state [48, 41, 40, 47, 46, 45, 44, 43, 42, 35, 28, 29, 36, 37, 30, 23, 16, 17, 24, 31, 38, 39, 32, 33, 34, 27, 26, 25], f=47, len=28
Expansion #70000: state [48, 47, 40, 41, 34, 27, 26, 33, 32, 31, 38, 39, 46, 45, 44, 43, 42, 35, 28, 29, 36, 37, 30, 23, 22, 21, 14, 7, 8], f=47, len=29
Expansion #80000: state [48, 47, 40, 41, 34, 27, 20, 19, 26, 33, 32, 31, 38, 39, 46, 45, 44, 43, 42, 35, 36, 37, 30, 29, 28, 21, 22, 23, 16, 17], f=47, len=30
Expansion #90000: state [48, 41, 40, 47, 46, 45, 44, 43, 42, 35, 36, 29, 28, 21, 14, 15, 22, 23, 16, 17, 10, 11, 18, 25, 24, 31, 30, 37, 38, 39, 32], f=47, len=31
Expansion #100000: state [48, 41, 40, 47, 46, 39, 38, 45, 44, 37, 36, 43, 42, 35, 28, 29, 30, 31, 32, 33, 34, 27, 20, 19, 26, 25, 24, 23, 22, 21, 14, 15], f=47, len=32
Expansion #110000: state [48, 41, 34, 33, 32, 25, 26, 27, 20, 13, 6, 5, 12, 19, 18, 17, 10, 11, 4, 3, 2, 1, 8, 15, 16, 23, 24, 31, 38, 39, 40, 47, 46], f=47, len=33
Expansion #120000: state [48, 41, 34, 27, 20, 19, 26, 33, 32, 31, 38, 39, 40, 47, 46, 45, 44, 37, 36, 43, 42, 35, 28, 29, 30, 23, 22, 21, 14, 7, 8, 15, 16, 17], f=47, len=34
Expansion #130000: state [48, 47, 46, 45, 44, 43, 42, 35, 28, 21, 14, 7, 8, 15, 22, 29, 36, 37, 30, 23, 16, 17, 24, 31, 38, 39, 40, 41, 34, 27, 20, 13, 6, 5], f=47, len=34
Expansion #140000: state [48, 47, 46, 39, 40, 41, 34, 33, 32, 31, 38, 45, 44, 43, 42, 35, 36, 37, 30, 23, 22, 29, 28, 21, 14, 15, 16, 17, 24, 25, 26, 27, 20, 19, 18], f=47, len=35
Expansion #150000: state [48, 47, 40, 41, 34, 33, 26, 27, 20, 19, 12, 13, 6, 5, 4, 11, 18, 25, 32, 39, 46, 45, 44, 43, 42, 35, 28, 21, 22, 23, 30, 29, 36, 37, 38, 31], f=47, len=36
Expansion #160000: state [48, 47, 40, 41, 34, 27, 20, 13, 6, 5, 4, 11, 12, 19, 18, 25, 26, 33, 32, 31, 38, 39, 46, 45, 44, 37, 36, 43, 42, 35, 28, 21, 14, 7, 8, 15, 22], f=47, len=37
Expansion #170000: state [48, 47, 40, 41, 34, 27, 26, 33, 32, 39, 46, 45, 44, 37, 38, 31, 30, 23, 22, 29, 36, 43, 42, 35, 28, 21, 14, 15, 16, 17, 24, 25, 18, 19, 20, 13, 6, 5], f=47, len=38
Expansion #180000: state [48, 41, 34, 27, 20, 13, 6, 5, 12, 19, 26, 33, 40, 47, 46, 45, 44, 43, 42, 35, 28, 29, 36, 37, 30, 31, 38, 39, 32, 25, 24, 23, 22, 21, 14, 15, 16, 17, 18, 11], f=47, len=40
Expansion #190000: state [48, 41, 34, 27, 20, 19, 26, 33, 32, 31, 24, 17], f=46, len=12
Expansion #200000: state [48, 47, 46, 45, 38, 39, 32, 25, 24, 31, 30, 29, 36, 37, 44, 43, 42, 35, 28, 21, 14, 7, 8, 15, 16], f=46, len=25
Expansion #210000: state [48, 47, 46, 45, 44, 37, 30, 31, 38, 39, 40, 41, 34, 33, 32, 25, 18, 11, 12, 19, 26, 27, 20, 13, 6, 5, 4, 3, 2], f=46, len=29
Expansion #220000: state [48, 41, 34, 33, 32, 25, 24, 31, 30, 23, 22, 29, 36, 37, 38, 39, 40, 47, 46, 45, 44, 43, 42, 35, 28, 21, 14, 15, 16, 17, 18, 19, 20], f=46, len=33
Expansion #230000: state [48, 41, 40, 47, 46, 45, 44, 43, 42, 35, 28, 21, 14, 15, 22, 29, 36, 37, 30, 23, 16, 17, 24, 31, 38, 39, 32, 33, 34, 27, 26, 25, 18, 11, 12], f=46, len=35
Expansion #240000: state [48, 47, 40, 41, 34, 27, 26, 33, 32, 39, 46, 45, 38, 31, 30, 37, 44, 43, 42, 35, 36, 29, 28, 21, 14, 7, 8, 15, 22, 23, 16, 17, 24, 25, 18, 19, 12], f=46, len=37
Expansion #250000: state [48, 47, 40, 41, 34, 33, 26, 27, 20, 19, 12, 13, 6, 5, 4, 11, 18, 25, 32, 31, 30, 29, 36, 37, 38, 39, 46, 45, 44, 43, 42, 35, 28, 21, 14, 7, 8, 15, 16], f=46, len=39
Expansion #260000: state [48, 47, 46, 39, 40, 41, 34, 27, 26, 33, 32, 31, 38, 45, 44, 43, 42, 35, 36, 37, 30, 23, 22, 29, 28, 21, 14, 7, 8, 15, 16, 17, 24, 25, 18, 19, 20, 13, 6, 5, 4], f=46, len=41