--------------------------
date: SM_Grids
number_of_graphs: 10
graph_type: grid
size_of_graphs: [7, 8]
heuristic: bcc_heuristic
snake: False
run_uni: True
run_bi: True
run_multi: False
solution_vertices: []
algorithms: ['DFBnB']
bsd: False
cube_first_dims: 4
cube_buffer_dim: None
backward_sym_generation: False
sym_coil: False
prefix_set: None

---------- SM_Grids/7x8_grid_with_random_blocks_16per_0 ----------
[00:00:00:00:628] Path of length 43 found: [0, 1, 2, 3, 4, 5, 13, 12, 20, 19, 18, 17, 25, 24, 32, 33, 41, 40, 48, 49, 50, 42, 43, 51, 52, 44, 36, 35, 27, 28, 29, 30, 22, 14, 15, 23, 31, 39, 47, 46, 45, 53, 54, 55]
[00:00:00:00:628] ! Unidirectional s-t. expansions: 885, time: 628 [ms], path length: 43 [edges], generated: 1,575
[00:00:00:05:450] Path of length 43 found: [55, 47, 39, 31, 23, 15, 14, 22, 30, 29, 28, 27, 35, 43, 44, 36, 37, 45, 46, 54, 53, 52, 51, 50, 42, 41, 49, 48, 40, 32, 24, 25, 26, 18, 19, 20, 12, 13, 5, 4, 3, 2, 1, 0]
[00:00:00:05:450] ! Unidirectional t-s. expansions: 6,613, time: 5,450 [ms], path length: 43 [edges], generated: 11,275
[00:00:00:10:870] Path of length 43 found: [0, 1, 2, 3, 4, 5, 13, 12, 20, 19, 18, 26, 25, 24, 32, 40, 48, 49, 41, 42, 50, 51, 52, 53, 54, 46, 45, 37, 36, 44, 43, 35, 27, 28, 29, 30, 22, 14, 15, 23, 31, 39, 47, 55]
[00:00:00:11:277] ! Bidirectional. expansions: 6,880, time: 10,870 [ms], path length: 43 [edges], g_F: 7, g_B: 36, generated: {'F': 3,887, 'B': 7,923}, MM: 29, MMPER: 64.9090909090909%
[00:00:00:11:277] 
---------- SM_Grids/7x8_grid_with_random_blocks_16per_1 ----------
[00:00:00:00:082] Path of length 39 found: [0, 1, 9, 8, 16, 17, 25, 26, 18, 10, 11, 19, 27, 35, 34, 42, 43, 51, 52, 44, 36, 28, 20, 12, 13, 14, 22, 21, 29, 37, 45, 53, 54, 46, 38, 30, 31, 39, 47, 55]
[00:00:00:00:082] ! Unidirectional s-t. expansions: 39, time: 82 [ms], path length: 39 [edges], generated: 69
[00:00:00:00:037] Path of length 39 found: [55, 47, 39, 31, 30, 22, 14, 13, 12, 11, 10, 18, 19, 27, 35, 36, 28, 20, 21, 29, 37, 38, 46, 54, 53, 45, 44, 52, 51, 43, 42, 34, 26, 25, 17, 16, 8, 9, 1, 0]
[00:00:00:00:037] ! Unidirectional t-s. expansions: 39, time: 37 [ms], path length: 39 [edges], generated: 69
[00:00:00:00:084] Path of length 39 found: [0, 1, 9, 8, 16, 17, 25, 26, 18, 10, 11, 19, 27, 35, 34, 42, 43, 51, 52, 44, 45, 53, 54, 46, 38, 37, 36, 28, 29, 21, 20, 12, 13, 14, 22, 30, 31, 39, 47, 55]
[00:00:00:00:455] ! Bidirectional. expansions: 39, time: 84 [ms], path length: 39 [edges], g_F: 26, g_B: 13, generated: {'F': 50, 'B': 27}, MM: 13, MMPER: 31.5%
[00:00:00:00:455] 
---------- SM_Grids/7x8_grid_with_random_blocks_16per_2 ----------
[00:00:00:00:625] Path of length 43 found: [0, 8, 16, 24, 32, 40, 48, 49, 50, 51, 52, 44, 43, 35, 27, 26, 34, 33, 25, 17, 9, 1, 2, 3, 11, 12, 4, 5, 13, 14, 6, 7, 15, 23, 22, 21, 20, 28, 29, 37, 38, 39, 47, 55]
[00:00:00:00:625] ! Unidirectional s-t. expansions: 825, time: 625 [ms], path length: 43 [edges], generated: 1,398
[00:00:00:00:277] Path of length 43 found: [55, 47, 39, 38, 37, 29, 21, 13, 14, 22, 23, 15, 7, 6, 5, 4, 3, 11, 12, 20, 28, 27, 26, 18, 17, 25, 33, 34, 35, 43, 44, 52, 51, 50, 49, 41, 40, 32, 24, 16, 8, 9, 1, 0]
[00:00:00:00:277] ! Unidirectional t-s. expansions: 317, time: 277 [ms], path length: 43 [edges], generated: 551
[00:00:00:03:001] Path of length 43 found: [0, 8, 16, 24, 32, 40, 48, 49, 50, 51, 52, 44, 43, 35, 34, 33, 25, 26, 18, 17, 9, 1, 2, 3, 11, 12, 4, 5, 6, 7, 15, 23, 22, 14, 13, 21, 20, 28, 29, 37, 38, 39, 47, 55]
[00:00:00:03:371] ! Bidirectional. expansions: 1,668, time: 3,002 [ms], path length: 43 [edges], g_F: 15, g_B: 28, generated: {'F': 1,313, 'B': 1,635}, MM: 13, MMPER: 28.545454545454547%
[00:00:00:03:372] 
---------- SM_Grids/7x8_grid_with_random_blocks_16per_3 ----------
[00:00:00:03:236] Path of length 43 found: [0, 1, 9, 17, 16, 24, 32, 40, 48, 49, 41, 33, 34, 42, 50, 51, 43, 44, 52, 53, 45, 46, 38, 30, 22, 21, 29, 28, 27, 19, 18, 10, 2, 3, 11, 12, 13, 14, 15, 23, 31, 39, 47, 55]
[00:00:00:03:236] ! Unidirectional s-t. expansions: 3,537, time: 3,236 [ms], path length: 43 [edges], generated: 6,194
[00:00:00:03:700] Path of length 43 found: [55, 47, 39, 31, 23, 15, 14, 13, 12, 4, 3, 2, 10, 11, 19, 27, 28, 20, 21, 29, 30, 38, 46, 45, 53, 52, 44, 43, 51, 50, 42, 34, 33, 41, 49, 48, 40, 32, 24, 16, 17, 9, 1, 0]
[00:00:00:03:700] ! Unidirectional t-s. expansions: 5,047, time: 3,700 [ms], path length: 43 [edges], generated: 8,694
[00:00:00:39:020] Path of length 43 found: [0, 1, 9, 17, 16, 24, 32, 40, 48, 49, 41, 33, 34, 42, 50, 51, 43, 44, 52, 53, 45, 46, 38, 30, 22, 21, 29, 28, 20, 19, 11, 10, 2, 3, 4, 12, 13, 14, 15, 23, 31, 39, 47, 55]
[00:00:00:39:430] ! Bidirectional. expansions: 21,863, time: 39,020 [ms], path length: 43 [edges], g_F: 31, g_B: 12, generated: {'F': 23,487, 'B': 17,196}, MM: 19, MMPER: 42.18181818181818%
[00:00:00:39:430] 
---------- SM_Grids/7x8_grid_with_random_blocks_16per_4 ----------
[00:00:00:00:042] Path of length 47 found: [0, 8, 16, 24, 32, 40, 48, 49, 41, 33, 25, 17, 9, 1, 2, 3, 11, 19, 18, 26, 34, 42, 50, 51, 43, 35, 36, 28, 20, 12, 13, 5, 6, 14, 22, 30, 31, 39, 38, 37, 45, 44, 52, 53, 54, 46, 47, 55]
[00:00:00:00:042] ! Unidirectional s-t. expansions: 47, time: 42 [ms], path length: 47 [edges], generated: 73
[00:00:00:00:040] Path of length 47 found: [55, 47, 39, 31, 30, 22, 14, 6, 5, 13, 12, 11, 3, 2, 1, 9, 17, 25, 33, 41, 42, 34, 26, 18, 19, 20, 28, 36, 35, 43, 44, 45, 37, 38, 46, 54, 53, 52, 51, 50, 49, 48, 40, 32, 24, 16, 8, 0]
[00:00:00:00:040] ! Unidirectional t-s. expansions: 47, time: 40 [ms], path length: 47 [edges], generated: 73
[00:00:00:00:116] Path of length 47 found: [0, 8, 16, 24, 32, 40, 48, 49, 41, 33, 25, 17, 9, 1, 2, 3, 11, 19, 18, 26, 34, 42, 50, 51, 52, 53, 54, 46, 38, 37, 45, 44, 43, 35, 36, 28, 20, 12, 13, 5, 6, 14, 22, 30, 31, 39, 47, 55]
[00:00:00:00:498] ! Bidirectional. expansions: 79, time: 116 [ms], path length: 47 [edges], g_F: 32, g_B: 15, generated: {'F': 93, 'B': 43}, MM: 17, MMPER: 34.416666666666664%
[00:00:00:00:498] 
---------- SM_Grids/7x8_grid_with_random_blocks_16per_5 ----------
[00:00:00:02:801] Path of length 45 found: [0, 8, 16, 17, 9, 1, 2, 10, 18, 26, 34, 33, 32, 40, 41, 49, 50, 42, 43, 35, 27, 19, 11, 3, 4, 12, 20, 28, 29, 21, 13, 5, 6, 14, 15, 23, 31, 30, 38, 37, 45, 44, 52, 53, 54, 55]
[00:00:00:02:801] ! Unidirectional s-t. expansions: 3,117, time: 2,801 [ms], path length: 45 [edges], generated: 5,229
[00:00:00:00:599] Path of length 45 found: [55, 54, 53, 52, 44, 45, 37, 29, 30, 38, 39, 31, 23, 15, 7, 6, 14, 13, 5, 4, 3, 2, 1, 9, 10, 11, 12, 20, 28, 27, 35, 43, 42, 50, 49, 41, 40, 32, 33, 34, 26, 18, 17, 16, 8, 0]
[00:00:00:00:599] ! Unidirectional t-s. expansions: 633, time: 599 [ms], path length: 45 [edges], generated: 1,136
[00:00:00:07:431] Path of length 45 found: [0, 8, 16, 17, 9, 1, 2, 10, 18, 26, 34, 33, 32, 40, 41, 49, 50, 42, 43, 35, 27, 19, 11, 3, 4, 12, 20, 28, 29, 21, 13, 5, 6, 14, 15, 23, 31, 30, 38, 37, 45, 44, 52, 53, 54, 55]
[00:00:00:07:817] ! Bidirectional. expansions: 4,330, time: 7,431 [ms], path length: 45 [edges], g_F: 38, g_B: 7, generated: {'F': 4,305, 'B': 2,996}, MM: 31, MMPER: 66.3913043478261%
[00:00:00:07:817] 
---------- SM_Grids/7x8_grid_with_random_blocks_16per_6 ----------
[00:00:00:00:041] Path of length 45 found: [0, 1, 9, 17, 16, 24, 32, 33, 25, 26, 34, 35, 27, 19, 18, 10, 2, 3, 11, 12, 4, 5, 13, 14, 6, 7, 15, 23, 31, 30, 29, 21, 20, 28, 36, 44, 43, 51, 52, 53, 45, 37, 38, 46, 54, 55]
[00:00:00:00:041] ! Unidirectional s-t. expansions: 45, time: 41 [ms], path length: 45 [edges], generated: 75
[00:00:00:00:141] Path of length 45 found: [55, 54, 46, 38, 30, 31, 23, 15, 7, 6, 14, 13, 5, 4, 3, 2, 10, 18, 19, 11, 12, 20, 21, 29, 37, 45, 53, 52, 51, 43, 44, 36, 28, 27, 35, 34, 26, 25, 33, 32, 24, 16, 17, 9, 1, 0]
[00:00:00:00:142] ! Unidirectional t-s. expansions: 211, time: 141 [ms], path length: 45 [edges], generated: 355
[00:00:00:00:083] Path of length 45 found: [0, 1, 9, 17, 16, 24, 32, 33, 25, 26, 34, 35, 27, 28, 36, 44, 43, 51, 52, 53, 45, 37, 29, 21, 20, 12, 11, 19, 18, 10, 2, 3, 4, 5, 13, 14, 6, 7, 15, 23, 31, 30, 38, 46, 54, 55]
[00:00:00:00:469] ! Bidirectional. expansions: 45, time: 83 [ms], path length: 45 [edges], g_F: 28, g_B: 17, generated: {'F': 56, 'B': 30}, MM: 11, MMPER: 22.91304347826087%
[00:00:00:00:469] 
---------- SM_Grids/7x8_grid_with_random_blocks_16per_7 ----------
[00:00:00:00:040] Path of length 47 found: [0, 1, 9, 8, 16, 17, 25, 24, 32, 40, 48, 49, 41, 33, 34, 42, 50, 51, 43, 44, 52, 53, 45, 37, 36, 28, 27, 19, 11, 3, 4, 12, 20, 21, 13, 14, 6, 7, 15, 23, 22, 30, 38, 39, 47, 46, 54, 55]
[00:00:00:00:040] ! Unidirectional s-t. expansions: 47, time: 40 [ms], path length: 47 [edges], generated: 71
[00:00:00:00:040] Path of length 47 found: [55, 47, 39, 38, 30, 22, 23, 15, 7, 6, 14, 13, 21, 20, 12, 4, 3, 11, 19, 27, 28, 36, 37, 45, 46, 54, 53, 52, 44, 43, 51, 50, 42, 34, 33, 41, 49, 48, 40, 32, 24, 25, 17, 16, 8, 9, 1, 0]
[00:00:00:00:041] ! Unidirectional t-s. expansions: 47, time: 40 [ms], path length: 47 [edges], generated: 71
[00:00:00:00:140] Path of length 47 found: [0, 1, 9, 8, 16, 17, 25, 24, 32, 40, 48, 49, 41, 33, 34, 42, 50, 51, 43, 44, 52, 53, 54, 46, 45, 37, 36, 28, 27, 19, 11, 3, 4, 12, 20, 21, 13, 14, 6, 7, 15, 23, 22, 30, 38, 39, 47, 55]
[00:00:00:00:503] ! Bidirectional. expansions: 47, time: 124 [ms], path length: 47 [edges], g_F: 44, g_B: 3, generated: {'F': 68, 'B': 5}, MM: 41, MMPER: 84.41666666666667%
[00:00:00:00:503] 
---------- SM_Grids/7x8_grid_with_random_blocks_16per_8 ----------
[00:00:00:02:449] Path of length 43 found: [0, 8, 16, 17, 9, 10, 2, 3, 4, 12, 20, 19, 18, 26, 25, 33, 32, 40, 41, 42, 50, 51, 43, 35, 36, 28, 29, 21, 13, 5, 6, 7, 15, 23, 31, 30, 38, 37, 45, 53, 54, 46, 47, 55]
[00:00:00:02:449] ! Unidirectional s-t. expansions: 3,015, time: 2,449 [ms], path length: 43 [edges], generated: 5,283
[00:00:00:04:898] Path of length 43 found: [55, 47, 39, 31, 23, 15, 7, 6, 5, 4, 3, 2, 10, 18, 19, 20, 12, 13, 21, 29, 28, 36, 37, 38, 46, 54, 53, 45, 44, 43, 51, 50, 42, 41, 40, 32, 33, 34, 26, 25, 17, 9, 8, 0]
[00:00:00:04:898] ! Unidirectional t-s. expansions: 6,330, time: 4,898 [ms], path length: 43 [edges], generated: 10,364
[00:00:00:18:568] Path of length 43 found: [0, 8, 16, 17, 9, 10, 2, 3, 4, 12, 20, 19, 18, 26, 25, 33, 32, 40, 41, 42, 34, 35, 43, 44, 45, 53, 54, 46, 38, 37, 36, 28, 29, 21, 13, 5, 6, 7, 15, 23, 31, 39, 47, 55]
[00:00:00:18:958] ! Bidirectional. expansions: 10,904, time: 18,568 [ms], path length: 43 [edges], g_F: 22, g_B: 21, generated: {'F': 10,488, 'B': 8,736}, MM: 1, MMPER: 1.272727272727273%
[00:00:00:18:958] 
---------- SM_Grids/7x8_grid_with_random_blocks_16per_9 ----------
[00:00:00:00:281] Path of length 45 found: [0, 8, 16, 24, 25, 17, 9, 1, 2, 10, 18, 19, 20, 28, 27, 26, 34, 35, 43, 42, 41, 49, 50, 51, 52, 44, 45, 37, 38, 30, 22, 14, 13, 12, 4, 5, 6, 7, 15, 23, 31, 39, 47, 46, 54, 55]
[00:00:00:00:282] ! Unidirectional s-t. expansions: 295, time: 281 [ms], path length: 45 [edges], generated: 490
[00:00:00:00:278] Path of length 45 found: [55, 54, 46, 47, 39, 31, 23, 15, 7, 6, 5, 4, 3, 2, 1, 9, 10, 18, 19, 27, 28, 20, 12, 13, 14, 22, 30, 38, 37, 45, 44, 52, 51, 50, 49, 41, 42, 43, 35, 34, 26, 25, 17, 16, 8, 0]
[00:00:00:00:278] ! Unidirectional t-s. expansions: 380, time: 278 [ms], path length: 45 [edges], generated: 599
[00:00:00:01:178] Path of length 45 found: [0, 8, 16, 24, 25, 26, 34, 35, 43, 42, 41, 49, 50, 51, 52, 44, 45, 37, 38, 30, 22, 14, 13, 12, 20, 28, 27, 19, 18, 10, 9, 1, 2, 3, 4, 5, 6, 7, 15, 23, 31, 39, 47, 46, 54, 55]
[00:00:00:01:554] ! Bidirectional. expansions: 698, time: 1,179 [ms], path length: 45 [edges], g_F: 30, g_B: 15, generated: {'F': 404, 'B': 758}, MM: 15, MMPER: 31.608695652173914%
[00:00:00:01:554] average expansions: (1,185, 1,966, 4,655, 0)
[00:00:00:01:554] average time: (1,017, 1,554, 7,690, 0)
[00:00:00:01:554] X-DFBnB: 1,185 , 1,017 (expansions , time[ms])
[00:00:00:01:554] BiX-DFBnB: 4,655 , 7,690 (expansions , time[ms])

