--------------------------
date: SM_Grids
number_of_graphs: 10
graph_type: grid
size_of_graphs: [8, 8]
heuristic: bcc_heuristic
snake: False
run_uni: True
run_bi: True
run_multi: False
solution_vertices: []
algorithms: ['DFBnB']
bsd: False
cube_first_dims: 4
cube_buffer_dim: None
backward_sym_generation: False
sym_coil: False
prefix_set: None

---------- SM_Grids/8x8_grid_with_random_blocks_16per_0 ----------
[00:00:00:00:659] Path of length 44 found: [0, 1, 9, 10, 2, 3, 11, 19, 18, 26, 25, 24, 32, 40, 48, 49, 41, 33, 34, 42, 50, 51, 43, 35, 36, 28, 20, 12, 13, 5, 6, 7, 15, 14, 22, 23, 31, 30, 29, 37, 38, 46, 47, 55, 63]
[00:00:00:00:659] ! Unidirectional s-t. expansions: 856, time: 659 [ms], path length: 44 [edges], generated: 1,443
[00:00:00:00:286] Path of length 44 found: [63, 55, 47, 46, 38, 39, 31, 23, 15, 7, 6, 5, 13, 14, 22, 30, 29, 37, 36, 44, 43, 35, 34, 33, 41, 42, 50, 49, 48, 40, 32, 24, 25, 26, 18, 19, 20, 12, 11, 3, 2, 10, 9, 1, 0]
[00:00:00:00:286] ! Unidirectional t-s. expansions: 242, time: 286 [ms], path length: 44 [edges], generated: 426
[00:00:00:02:922] Path of length 44 found: [0, 1, 9, 10, 2, 3, 11, 19, 18, 26, 25, 24, 32, 40, 48, 49, 41, 33, 34, 42, 50, 51, 43, 35, 36, 37, 29, 28, 20, 12, 13, 5, 6, 7, 15, 14, 22, 23, 31, 39, 38, 46, 47, 55, 63]
[00:00:00:03:439] ! Bidirectional. expansions: 1,915, time: 2,923 [ms], path length: 44 [edges], g_F: 35, g_B: 9, generated: {'F': 1,233, 'B': 1,998}, MM: 26, MMPER: 56.77777777777778%
[00:00:00:03:439] 
---------- SM_Grids/8x8_grid_with_random_blocks_16per_1 ----------
[00:00:00:00:072] Path of length 44 found: [0, 8, 16, 24, 32, 33, 25, 26, 18, 10, 2, 3, 4, 12, 11, 19, 27, 35, 34, 42, 43, 44, 36, 28, 20, 21, 29, 30, 22, 14, 15, 23, 31, 39, 38, 46, 47, 55, 54, 53, 52, 60, 61, 62, 63]
[00:00:00:00:072] ! Unidirectional s-t. expansions: 62, time: 72 [ms], path length: 44 [edges], generated: 107
[00:00:00:13:905] Path of length 44 found: [63, 62, 61, 60, 52, 53, 54, 55, 47, 46, 38, 39, 31, 23, 15, 14, 22, 30, 29, 21, 20, 12, 4, 3, 2, 10, 11, 19, 18, 26, 34, 35, 27, 28, 36, 44, 43, 42, 41, 33, 25, 24, 16, 8, 0]
[00:00:00:13:905] ! Unidirectional t-s. expansions: 15,209, time: 13,905 [ms], path length: 44 [edges], generated: 27,628
[00:00:00:29:622] Path of length 44 found: [0, 8, 16, 24, 32, 33, 41, 42, 43, 44, 36, 28, 27, 35, 34, 26, 18, 19, 11, 10, 2, 3, 4, 12, 20, 21, 29, 30, 22, 14, 15, 23, 31, 39, 38, 46, 47, 55, 54, 53, 52, 60, 61, 62, 63]
[00:00:00:30:068] ! Bidirectional. expansions: 15,684, time: 29,622 [ms], path length: 44 [edges], g_F: 5, g_B: 39, generated: {'F': 16,158, 'B': 12,426}, MM: 34, MMPER: 74.55555555555556%
[00:00:00:30:069] 
---------- SM_Grids/8x8_grid_with_random_blocks_16per_2 ----------
[00:00:00:04:149] Path of length 44 found: [0, 8, 16, 24, 32, 40, 48, 56, 57, 49, 41, 33, 34, 26, 18, 10, 2, 3, 11, 19, 27, 28, 20, 21, 29, 30, 38, 46, 47, 55, 54, 53, 45, 44, 43, 42, 50, 58, 59, 51, 52, 60, 61, 62, 63]
[00:00:00:04:149] ! Unidirectional s-t. expansions: 4,123, time: 4,149 [ms], path length: 44 [edges], generated: 7,453
[00:00:00:12:040] Path of length 44 found: [63, 55, 47, 46, 38, 30, 29, 21, 20, 19, 11, 3, 2, 10, 18, 26, 27, 28, 36, 44, 45, 53, 54, 62, 61, 60, 52, 51, 43, 42, 34, 33, 41, 49, 50, 58, 57, 56, 48, 40, 32, 24, 16, 8, 0]
[00:00:00:12:040] ! Unidirectional t-s. expansions: 13,598, time: 12,040 [ms], path length: 44 [edges], generated: 22,334
[00:00:00:31:882] Path of length 44 found: [0, 8, 16, 24, 32, 40, 48, 56, 57, 49, 41, 33, 34, 42, 50, 58, 59, 51, 52, 60, 61, 62, 54, 53, 45, 44, 36, 28, 27, 26, 18, 10, 2, 3, 11, 19, 20, 21, 29, 30, 38, 46, 47, 55, 63]
[00:00:00:32:379] ! Bidirectional. expansions: 15,313, time: 31,882 [ms], path length: 44 [edges], g_F: 23, g_B: 21, generated: {'F': 14,205, 'B': 12,206}, MM: 2, MMPER: 3.4444444444444446%
[00:00:00:32:379] 
---------- SM_Grids/8x8_grid_with_random_blocks_16per_3 ----------
[00:00:00:16:816] Path of length 44 found: [0, 8, 16, 24, 25, 17, 18, 10, 11, 19, 27, 26, 34, 33, 41, 49, 50, 42, 43, 35, 36, 28, 29, 21, 20, 12, 13, 14, 15, 23, 31, 30, 38, 39, 47, 46, 45, 44, 52, 60, 61, 53, 54, 62, 63]
[00:00:00:16:816] ! Unidirectional s-t. expansions: 17,014, time: 16,816 [ms], path length: 44 [edges], generated: 30,233
[00:00:00:43:309] Path of length 44 found: [63, 55, 47, 39, 31, 23, 15, 14, 13, 12, 11, 10, 18, 26, 34, 42, 43, 35, 36, 28, 27, 19, 20, 21, 29, 30, 38, 46, 45, 53, 54, 62, 61, 60, 52, 51, 50, 49, 41, 33, 25, 17, 16, 8, 0]
[00:00:00:43:309] ! Unidirectional t-s. expansions: 54,936, time: 43,309 [ms], path length: 44 [edges], generated: 94,655
[00:00:01:22:896] Path of length 44 found: [0, 8, 16, 24, 25, 17, 18, 10, 11, 19, 27, 26, 34, 33, 41, 49, 50, 42, 43, 35, 36, 44, 52, 60, 61, 62, 54, 53, 45, 46, 38, 30, 29, 21, 20, 12, 13, 14, 15, 23, 31, 39, 47, 55, 63]
[00:00:01:23:341] ! Bidirectional. expansions: 44,879, time: 82,896 [ms], path length: 44 [edges], g_F: 27, g_B: 17, generated: {'F': 43,402, 'B': 41,546}, MM: 10, MMPER: 21.22222222222222%
[00:00:01:23:341] 
---------- SM_Grids/8x8_grid_with_random_blocks_16per_4 ----------
[00:00:00:00:731] Path of length 48 found: [0, 1, 9, 8, 16, 17, 25, 33, 32, 40, 48, 56, 57, 49, 41, 42, 50, 51, 52, 60, 61, 53, 45, 44, 36, 28, 27, 35, 34, 26, 18, 10, 11, 3, 4, 12, 13, 14, 22, 30, 29, 37, 38, 39, 47, 46, 54, 62, 63]
[00:00:00:00:732] ! Unidirectional s-t. expansions: 852, time: 731 [ms], path length: 48 [edges], generated: 1,430
[00:00:00:02:318] Path of length 48 found: [63, 55, 47, 39, 38, 30, 22, 14, 13, 12, 4, 3, 11, 10, 18, 26, 34, 35, 27, 28, 29, 37, 36, 44, 45, 46, 54, 62, 61, 53, 52, 51, 50, 42, 41, 49, 57, 56, 48, 40, 32, 33, 25, 17, 16, 8, 9, 1, 0]
[00:00:00:02:319] ! Unidirectional t-s. expansions: 1,903, time: 2,319 [ms], path length: 48 [edges], generated: 3,405
[00:00:00:08:031] Path of length 48 found: [0, 1, 9, 8, 16, 17, 25, 33, 32, 40, 48, 56, 57, 49, 41, 42, 50, 51, 52, 60, 61, 62, 54, 53, 45, 44, 36, 37, 29, 28, 27, 35, 34, 26, 18, 10, 11, 3, 4, 12, 13, 14, 22, 30, 38, 39, 47, 55, 63]
[00:00:00:08:464] ! Bidirectional. expansions: 3,736, time: 8,031 [ms], path length: 48 [edges], g_F: 23, g_B: 25, generated: {'F': 2,556, 'B': 3,913}, MM: 2, MMPER: 3.0816326530612246%
[00:00:00:08:464] 
---------- SM_Grids/8x8_grid_with_random_blocks_16per_5 ----------
[00:00:00:03:374] Path of length 50 found: [0, 8, 16, 24, 32, 33, 34, 26, 25, 17, 9, 1, 2, 10, 11, 19, 20, 12, 4, 5, 6, 14, 15, 23, 22, 30, 29, 28, 36, 35, 43, 51, 50, 49, 48, 56, 57, 58, 59, 60, 61, 53, 52, 44, 45, 46, 38, 39, 47, 55, 63]
[00:00:00:03:374] ! Unidirectional s-t. expansions: 3,821, time: 3,374 [ms], path length: 50 [edges], generated: 6,324
[00:00:00:05:054] Path of length 50 found: [63, 55, 47, 39, 38, 46, 54, 53, 45, 44, 52, 60, 59, 58, 57, 56, 48, 49, 50, 51, 43, 35, 36, 28, 29, 30, 31, 23, 15, 14, 6, 5, 4, 12, 20, 19, 11, 3, 2, 10, 9, 17, 25, 26, 34, 33, 32, 24, 16, 8, 0]
[00:00:00:05:054] ! Unidirectional t-s. expansions: 6,143, time: 5,054 [ms], path length: 50 [edges], generated: 9,959
[00:00:00:25:155] Path of length 50 found: [0, 8, 16, 24, 32, 33, 34, 26, 25, 17, 9, 1, 2, 10, 11, 19, 20, 12, 4, 5, 6, 14, 15, 23, 22, 30, 29, 28, 36, 35, 43, 51, 50, 49, 48, 56, 57, 58, 59, 60, 52, 44, 45, 53, 54, 46, 38, 39, 47, 55, 63]
[00:00:00:25:605] ! Bidirectional. expansions: 10,961, time: 25,155 [ms], path length: 50 [edges], g_F: 43, g_B: 7, generated: {'F': 9,024, 'B': 9,594}, MM: 36, MMPER: 69.58823529411765%
[00:00:00:25:605] 
---------- SM_Grids/8x8_grid_with_random_blocks_16per_6 ----------
[00:00:00:00:231] Path of length 48 found: [0, 1, 9, 8, 16, 24, 32, 40, 48, 49, 50, 42, 41, 33, 25, 17, 18, 10, 11, 19, 27, 26, 34, 35, 36, 44, 52, 53, 45, 37, 29, 21, 13, 5, 6, 7, 15, 14, 22, 23, 31, 30, 38, 46, 47, 55, 54, 62, 63]
[00:00:00:00:231] ! Unidirectional s-t. expansions: 242, time: 231 [ms], path length: 48 [edges], generated: 404
[00:00:00:00:089] Path of length 48 found: [63, 62, 54, 55, 47, 46, 38, 30, 31, 23, 15, 7, 6, 5, 13, 14, 22, 21, 29, 37, 45, 53, 52, 44, 36, 35, 27, 19, 11, 10, 18, 17, 25, 26, 34, 33, 41, 42, 50, 49, 48, 40, 32, 24, 16, 8, 9, 1, 0]
[00:00:00:00:089] ! Unidirectional t-s. expansions: 90, time: 89 [ms], path length: 48 [edges], generated: 155
[00:00:00:00:935] Path of length 48 found: [0, 1, 9, 8, 16, 24, 32, 40, 48, 49, 50, 42, 41, 33, 25, 17, 18, 10, 11, 19, 27, 26, 34, 35, 36, 44, 52, 53, 45, 37, 29, 21, 22, 14, 13, 5, 6, 7, 15, 23, 31, 30, 38, 46, 47, 55, 54, 62, 63]
[00:00:00:01:311] ! Bidirectional. expansions: 472, time: 935 [ms], path length: 48 [edges], g_F: 29, g_B: 19, generated: {'F': 540, 'B': 272}, MM: 10, MMPER: 19.408163265306122%
[00:00:00:01:311] 
---------- SM_Grids/8x8_grid_with_random_blocks_16per_7 ----------
[00:00:00:25:809] Path of length 48 found: [0, 8, 16, 24, 32, 40, 48, 56, 57, 49, 41, 33, 34, 26, 18, 17, 9, 10, 2, 3, 11, 19, 27, 28, 20, 12, 13, 14, 6, 7, 15, 23, 31, 30, 38, 37, 45, 44, 43, 42, 50, 58, 59, 60, 61, 53, 54, 55, 63]
[00:00:00:25:809] ! Unidirectional s-t. expansions: 32,791, time: 25,809 [ms], path length: 48 [edges], generated: 54,620
[00:00:00:13:320] Path of length 48 found: [63, 55, 54, 46, 38, 30, 31, 23, 15, 7, 6, 14, 13, 21, 20, 12, 11, 3, 2, 10, 9, 17, 18, 19, 27, 26, 34, 35, 43, 44, 45, 53, 61, 60, 59, 51, 50, 42, 41, 49, 57, 56, 48, 40, 32, 24, 16, 8, 0]
[00:00:00:13:320] ! Unidirectional t-s. expansions: 17,153, time: 13,320 [ms], path length: 48 [edges], generated: 29,880
[0[00:00:01:55:149] Path of length 48 found: [0, 8, 16, 24, 32, 40, 48, 56, 57, 49, 41, 33, 34, 42, 50, 58, 59, 60, 61, 53, 45, 44, 43, 35, 27, 26, 18, 17, 9, 10, 2, 3, 11, 19, 20, 12, 13, 14, 6, 7, 15, 23, 31, 30, 38, 46, 54, 55, 63]
[00:00:01:55:572] ! Bidirectional. expansions: 63,206, time: 115,149 [ms], path length: 48 [edges], g_F: 44, g_B: 4, generated: {'F': 77,189, 'B': 32,365}, MM: 40, MMPER: 80.63265306122449%
[00:00:01:55:572] 
---------- SM_Grids/8x8_grid_with_random_blocks_16per_8 ----------
[00:00:00:04:499] Path of length 50 found: [0, 8, 16, 17, 9, 1, 2, 10, 18, 19, 11, 3, 4, 5, 6, 7, 15, 23, 22, 14, 13, 12, 20, 21, 29, 28, 36, 35, 34, 33, 32, 40, 48, 56, 57, 49, 41, 42, 50, 51, 59, 60, 61, 53, 45, 37, 38, 46, 54, 62, 63]
[00:00:00:04:499] ! Unidirectional s-t. expansions: 4,612, time: 4,499 [ms], path length: 50 [edges], generated: 7,670
[00:00:00:00:299] Path of length 50 found: [63, 62, 54, 46, 38, 37, 45, 53, 61, 60, 59, 51, 43, 42, 50, 49, 57, 56, 48, 40, 32, 33, 34, 35, 36, 28, 29, 21, 13, 14, 22, 23, 15, 7, 6, 5, 4, 3, 2, 1, 9, 10, 11, 12, 20, 19, 18, 17, 16, 8, 0]
[00:00:00:00:299] ! Unidirectional t-s. expansions: 334, time: 299 [ms], path length: 50 [edges], generated: 575
[00:00:00:23:755] Path of length 50 found: [0, 8, 16, 17, 9, 1, 2, 10, 18, 19, 11, 3, 4, 5, 6, 7, 15, 23, 22, 14, 13, 12, 20, 21, 29, 28, 36, 35, 34, 33, 32, 40, 48, 56, 57, 49, 50, 42, 43, 51, 59, 60, 61, 53, 45, 37, 38, 46, 54, 62, 63]
[00:00:00:24:179] ! Bidirectional. expansions: 12,294, time: 23,755 [ms], path length: 50 [edges], g_F: 31, g_B: 19, generated: {'F': 16,375, 'B': 3,979}, MM: 12, MMPER: 22.529411764705884%
[00:00:00:24:179] 
---------- SM_Grids/8x8_grid_with_random_blocks_16per_9 ----------
[00:00:00:00:922] Path of length 46 found: [0, 8, 16, 24, 32, 33, 25, 17, 9, 1, 2, 3, 11, 12, 4, 5, 6, 7, 15, 14, 13, 21, 20, 28, 27, 26, 34, 42, 50, 58, 59, 51, 43, 44, 36, 37, 38, 30, 31, 39, 47, 55, 54, 53, 61, 62, 63]
[00:00:00:00:922] ! Unidirectional s-t. expansions: 876, time: 922 [ms], path length: 46 [edges], generated: 1,528
[00:00:00:00:547] Path of length 46 found: [63, 62, 61, 53, 54, 55, 47, 39, 31, 30, 38, 37, 45, 44, 52, 51, 59, 58, 50, 42, 41, 33, 32, 24, 16, 8, 9, 17, 25, 26, 27, 28, 20, 21, 13, 14, 15, 7, 6, 5, 4, 12, 11, 3, 2, 1, 0]
[00:00:00:00:547] ! Unidirectional t-s. expansions: 480, time: 547 [ms], path length: 46 [edges], generated: 947
[00:00:00:06:770] Path of length 46 found: [0, 8, 16, 24, 32, 33, 25, 17, 9, 1, 2, 3, 11, 12, 4, 5, 6, 7, 15, 14, 13, 21, 20, 28, 27, 26, 34, 42, 50, 58, 59, 51, 52, 44, 45, 37, 38, 30, 31, 39, 47, 55, 54, 53, 61, 62, 63]
[00:00:00:07:226] ! Bidirectional. expansions: 3,254, time: 6,770 [ms], path length: 46 [edges], g_F: 25, g_B: 21, generated: {'F': 3,661, 'B': 1,937}, MM: 4, MMPER: 7.51063829787234%
[00:00:00:07:226] average expansions: (6,525, 11,009, 17,171, 0)
[00:00:00:07:227] average time: (5,980, 9,408, 32,722, 0)
[00:00:00:07:227] X-DFBnB: 6,525 , 5,980 (expansions , time[ms])
[00:00:00:07:227] BiX-DFBnB: 17,171 , 32,722 (expansions , time[ms])

