--------------------------
date: SM_Grids
number_of_graphs: 10
graph_type: grid
size_of_graphs: [7, 8]
heuristic: bcc_heuristic
snake: False
run_uni: True
run_bi: True
run_multi: False
solution_vertices: []
algorithms: ['DFBnB']
bsd: False
cube_first_dims: 4
cube_buffer_dim: None
backward_sym_generation: False
sym_coil: False
prefix_set: None

---------- SM_Grids/7x8_grid_with_random_blocks_12per_0 ----------
[00:00:00:13:422] Path of length 47 found: [0, 1, 2, 10, 18, 17, 16, 24, 32, 40, 48, 49, 41, 33, 25, 26, 34, 42, 50, 51, 43, 44, 45, 37, 29, 21, 13, 12, 20, 28, 27, 19, 11, 3, 4, 5, 6, 7, 15, 14, 22, 23, 31, 30, 38, 46, 47, 55]
[00:00:00:13:422] ! Unidirectional s-t. expansions: 20,326, time: 13,422 [ms], path length: 47 [edges], generated: 32,937
[00:00:00:04:186] Path of length 47 found: [55, 47, 39, 31, 23, 15, 7, 6, 5, 4, 3, 11, 19, 27, 28, 20, 12, 13, 14, 22, 21, 29, 30, 38, 37, 45, 44, 43, 51, 50, 42, 34, 26, 25, 33, 41, 49, 48, 40, 32, 24, 16, 17, 18, 10, 2, 1, 0]
[00:00:00:04:187] ! Unidirectional t-s. expansions: 5,611, time: 4,187 [ms], path length: 47 [edges], generated: 9,640
[00:00:00:42:897] Path of length 47 found: [0, 1, 2, 10, 18, 17, 16, 24, 32, 40, 48, 49, 41, 33, 25, 26, 34, 42, 50, 51, 43, 44, 45, 46, 38, 37, 29, 30, 22, 14, 13, 12, 20, 28, 27, 19, 11, 3, 4, 5, 6, 7, 15, 23, 31, 39, 47, 55]
[00:00:00:43:300] ! Bidirectional. expansions: 26,687, time: 42,897 [ms], path length: 47 [edges], g_F: 31, g_B: 16, generated: {'F': 31,797, 'B': 14,713}, MM: 15, MMPER: 30.25%
[00:00:00:43:300] 
---------- SM_Grids/7x8_grid_with_random_blocks_12per_1 ----------
[00:00:00:04:921] Path of length 47 found: [0, 8, 16, 24, 32, 40, 41, 33, 25, 17, 9, 10, 2, 3, 11, 19, 18, 26, 34, 42, 50, 51, 43, 35, 27, 28, 20, 21, 13, 12, 4, 5, 6, 14, 15, 23, 22, 30, 38, 37, 36, 44, 45, 53, 54, 46, 47, 55]
[00:00:00:04:922] ! Unidirectional s-t. expansions: 5,625, time: 4,922 [ms], path length: 47 [edges], generated: 9,236
[00:00:00:00:059] Path of length 47 found: [55, 47, 39, 38, 46, 54, 53, 45, 37, 36, 44, 43, 51, 50, 42, 34, 35, 27, 28, 20, 12, 13, 21, 22, 23, 15, 14, 6, 5, 4, 3, 2, 10, 11, 19, 18, 26, 25, 33, 41, 40, 32, 24, 16, 17, 9, 8, 0]
[00:00:00:00:059] ! Unidirectional t-s. expansions: 54, time: 59 [ms], path length: 47 [edges], generated: 91
[00:00:00:09:176] Path of length 47 found: [0, 8, 16, 24, 32, 40, 41, 33, 25, 26, 18, 17, 9, 10, 2, 3, 4, 5, 6, 14, 15, 23, 22, 21, 13, 12, 11, 19, 20, 28, 27, 35, 34, 42, 50, 51, 43, 44, 36, 37, 45, 53, 54, 46, 38, 39, 47, 55]
[00:00:00:09:564] ! Bidirectional. expansions: 4,239, time: 9,176 [ms], path length: 47 [edges], g_F: 32, g_B: 15, generated: {'F': 6,449, 'B': 1,240}, MM: 17, MMPER: 34.416666666666664%
[00:00:00:09:564] 
---------- SM_Grids/7x8_grid_with_random_blocks_12per_2 ----------
[00:00:00:07:677] Path of length 45 found: [0, 8, 16, 24, 32, 40, 48, 49, 41, 33, 34, 26, 18, 17, 9, 1, 2, 10, 11, 3, 4, 5, 13, 21, 22, 14, 6, 7, 15, 23, 31, 39, 38, 37, 29, 28, 20, 19, 27, 35, 43, 44, 52, 53, 54, 55]
[00:00:00:07:678] ! Unidirectional s-t. expansions: 8,705, time: 7,677 [ms], path length: 45 [edges], generated: 14,609
[00:00:00:01:375] Path of length 45 found: [55, 47, 39, 31, 23, 15, 7, 6, 5, 13, 14, 22, 21, 29, 37, 45, 53, 52, 44, 43, 35, 36, 28, 20, 19, 27, 26, 34, 33, 41, 49, 48, 40, 32, 24, 16, 8, 9, 17, 18, 10, 11, 3, 2, 1, 0]
[00:00:00:01:375] ! Unidirectional t-s. expansions: 1,448, time: 1,375 [ms], path length: 45 [edges], generated: 2,565
[00:00:00:17:309] Path of length 45 found: [0, 8, 16, 24, 32, 40, 48, 49, 41, 33, 34, 26, 18, 17, 9, 1, 2, 10, 11, 3, 4, 5, 13, 21, 22, 14, 6, 7, 15, 23, 31, 39, 38, 37, 29, 28, 20, 19, 27, 35, 43, 44, 52, 53, 54, 55]
[00:00:00:17:695] ! Bidirectional. expansions: 9,275, time: 17,309 [ms], path length: 45 [edges], g_F: 43, g_B: 2, generated: {'F': 11,869, 'B': 3,688}, MM: 41, MMPER: 88.1304347826087%
[00:00:00:17:695] 
---------- SM_Grids/7x8_grid_with_random_blocks_12per_3 ----------
[00:00:00:41:906] Path of length 45 found: [0, 8, 16, 24, 32, 33, 25, 17, 9, 1, 2, 10, 11, 3, 4, 5, 6, 14, 22, 21, 20, 19, 27, 26, 34, 42, 41, 49, 50, 51, 43, 35, 36, 44, 52, 53, 45, 37, 29, 30, 31, 39, 38, 46, 47, 55]
[00:00:00:41:906] ! Unidirectional s-t. expansions: 51,632, time: 41,906 [ms], path length: 45 [edges], generated: 89,547
[00:00:00:48:344] Path of length 45 found: [55, 47, 39, 31, 30, 22, 14, 6, 5, 4, 3, 2, 1, 9, 10, 11, 12, 20, 19, 27, 26, 34, 42, 43, 35, 36, 28, 29, 37, 38, 46, 45, 44, 52, 51, 50, 49, 41, 33, 32, 24, 25, 17, 16, 8, 0]
[00:00:00:48:344] ! Unidirectional t-s. expansions: 64,654, time: 48,344 [ms], path length: 45 [edges], generated: 106,955
[00:00:02:24:720] Path of length 45 found: [0, 8, 16, 24, 32, 33, 25, 17, 9, 1, 2, 10, 11, 19, 27, 26, 34, 42, 41, 49, 50, 51, 43, 35, 36, 44, 52, 53, 45, 46, 38, 37, 29, 21, 20, 12, 4, 5, 6, 14, 22, 30, 31, 39, 47, 55]
[00:00:02:25:134] ! Bidirectional. expansions: 103,502, time: 144,720 [ms], path length: 45 [edges], g_F: 34, g_B: 11, generated: {'F': 96,221, 'B': 97,915}, MM: 23, MMPER: 49.0%
[00:00:02:25:134] 
---------- SM_Grids/7x8_grid_with_random_blocks_12per_4 ----------
[00:00:00:25:674] Path of length 45 found: [0, 1, 2, 10, 9, 17, 16, 24, 25, 33, 32, 40, 48, 49, 41, 42, 34, 35, 43, 51, 52, 53, 45, 37, 36, 28, 27, 19, 11, 12, 20, 21, 13, 5, 6, 7, 15, 23, 22, 30, 31, 39, 38, 46, 54, 55]
[00:00:00:25:674] ! Unidirectional s-t. expansions: 33,896, time: 25,674 [ms], path length: 45 [edges], generated: 58,663
[00:00:00:38:136] Path of length 45 found: [55, 47, 39, 31, 23, 15, 7, 6, 5, 4, 12, 13, 21, 22, 30, 38, 37, 45, 46, 54, 53, 52, 51, 43, 42, 50, 49, 48, 40, 32, 24, 16, 17, 25, 33, 34, 35, 36, 28, 20, 19, 11, 10, 2, 1, 0]
[00:00:00:38:136] ! Unidirectional t-s. expansions: 54,579, time: 38,136 [ms], path length: 45 [edges], generated: 91,105
[00:00:02:40:551] Path of length 45 found: [0, 1, 2, 10, 9, 17, 16, 24, 25, 33, 32, 40, 48, 49, 41, 42, 34, 35, 43, 51, 52, 53, 54, 46, 45, 37, 38, 30, 22, 21, 20, 28, 27, 19, 11, 12, 4, 5, 6, 7, 15, 23, 31, 39, 47, 55]
[00:00:02:40:916] ! Bidirectional. expansions: 103,282, time: 160,552 [ms], path length: 45 [edges], g_F: 27, g_B: 18, generated: {'F': 104,460, 'B': 76,394}, MM: 9, MMPER: 18.565217391304348%
[00:00:02:40:916] 
---------- SM_Grids/7x8_grid_with_random_blocks_12per_5 ----------
[00:00:00:35:371] Path of length 45 found: [0, 8, 16, 17, 9, 1, 2, 10, 18, 26, 25, 33, 32, 40, 48, 49, 50, 51, 52, 53, 45, 46, 38, 30, 29, 21, 13, 12, 20, 28, 36, 35, 27, 19, 11, 3, 4, 5, 6, 14, 22, 23, 31, 39, 47, 55]
[00:00:00:35:372] ! Unidirectional s-t. expansions: 38,117, time: 35,371 [ms], path length: 45 [edges], generated: 67,595
[00:00:00:09:672] Path of length 45 found: [55, 47, 39, 31, 23, 22, 14, 6, 5, 4, 3, 2, 1, 9, 10, 18, 26, 34, 35, 36, 28, 27, 19, 11, 12, 20, 21, 29, 30, 38, 46, 45, 53, 52, 51, 50, 49, 48, 40, 32, 33, 25, 17, 16, 8, 0]
[00:00:00:09:672] ! Unidirectional t-s. expansions: 12,107, time: 9,672 [ms], path length: 45 [edges], generated: 20,374
[00:00:02:16:907] Path of length 45 found: [0, 8, 16, 17, 9, 1, 2, 10, 18, 26, 25, 33, 32, 40, 48, 49, 50, 51, 52, 53, 45, 46, 38, 30, 29, 21, 13, 12, 20, 28, 36, 35, 27, 19, 11, 3, 4, 5, 6, 14, 22, 23, 31, 39, 47, 55]
[00:00:02:17:270] ! Bidirectional. expansions: 83,967, time: 136,907 [ms], path length: 45 [edges], g_F: 24, g_B: 21, generated: {'F': 100,823, 'B': 48,442}, MM: 3, MMPER: 5.521739130434782%
[00:00:02:17:270] 
---------- SM_Grids/7x8_grid_with_random_blocks_12per_6 ----------
[00:00:00:00:141] Path of length 47 found: [0, 8, 9, 17, 18, 10, 2, 3, 11, 19, 27, 26, 34, 33, 32, 40, 48, 49, 41, 42, 50, 51, 43, 35, 36, 28, 20, 21, 29, 37, 45, 44, 52, 53, 54, 46, 38, 30, 22, 14, 6, 7, 15, 23, 31, 39, 47, 55]
[00:00:00:00:141] ! Unidirectional s-t. expansions: 47, time: 141 [ms], path length: 47 [edges], generated: 78
[00:00:00:00:526] Path of length 47 found: [55, 47, 39, 31, 23, 15, 7, 6, 14, 22, 21, 20, 28, 36, 35, 43, 44, 45, 37, 29, 30, 38, 46, 54, 53, 52, 51, 50, 42, 41, 49, 48, 40, 32, 33, 34, 26, 27, 19, 11, 3, 2, 10, 18, 17, 9, 8, 0]
[00:00:00:00:526] ! Unidirectional t-s. expansions: 751, time: 526 [ms], path length: 47 [edges], generated: 1,214
[00:00:00:00:091] Path of length 47 found: [0, 8, 9, 17, 18, 10, 2, 3, 11, 19, 27, 26, 34, 33, 32, 40, 48, 49, 41, 42, 50, 51, 43, 35, 36, 28, 20, 21, 29, 37, 45, 44, 52, 53, 54, 46, 38, 30, 22, 14, 6, 7, 15, 23, 31, 39, 47, 55]
[00:00:00:00:459] ! Bidirectional. expansions: 47, time: 93 [ms], path length: 47 [edges], g_F: 38, g_B: 9, generated: {'F': 66, 'B': 16}, MM: 29, MMPER: 59.416666666666664%
[00:00:00:00:460] 
---------- SM_Grids/7x8_grid_with_random_blocks_12per_7 ----------
[00:00:00:00:153] Path of length 47 found: [0, 8, 9, 1, 2, 10, 18, 17, 25, 33, 41, 49, 50, 42, 34, 26, 27, 35, 43, 51, 52, 44, 36, 28, 20, 19, 11, 3, 4, 12, 13, 5, 6, 14, 15, 23, 31, 30, 29, 37, 45, 53, 54, 46, 38, 39, 47, 55]
[00:00:00:00:153] ! Unidirectional s-t. expansions: 215, time: 153 [ms], path length: 47 [edges], generated: 383
[00:00:00:02:868] Path of length 47 found: [55, 47, 39, 31, 23, 15, 14, 6, 5, 13, 12, 4, 3, 11, 19, 20, 28, 27, 26, 34, 42, 43, 35, 36, 44, 45, 37, 29, 30, 38, 46, 54, 53, 52, 51, 50, 49, 41, 33, 25, 17, 18, 10, 2, 1, 9, 8, 0]
[00:00:00:02:868] ! Unidirectional t-s. expansions: 4,674, time: 2,868 [ms], path length: 47 [edges], generated: 7,509
[00:00:00:00:096] Path of length 47 found: [0, 8, 9, 1, 2, 10, 18, 17, 25, 33, 41, 49, 50, 42, 34, 26, 27, 35, 43, 51, 52, 53, 54, 46, 38, 30, 29, 37, 45, 44, 36, 28, 20, 19, 11, 3, 4, 12, 13, 5, 6, 14, 15, 23, 31, 39, 47, 55]
[00:00:00:00:464] ! Bidirectional. expansions: 47, time: 96 [ms], path length: 47 [edges], g_F: 17, g_B: 30, generated: {'F': 34, 'B': 53}, MM: 13, MMPER: 26.083333333333332%
[00:00:00:00:464] 
---------- SM_Grids/7x8_grid_with_random_blocks_12per_8 ----------
[00:00:00:08:543] Path of length 47 found: [0, 8, 16, 24, 32, 33, 34, 26, 18, 17, 9, 1, 2, 10, 11, 3, 4, 12, 20, 19, 27, 35, 43, 42, 50, 51, 52, 44, 36, 28, 29, 21, 13, 5, 6, 7, 15, 14, 22, 30, 31, 39, 47, 46, 45, 53, 54, 55]
[00:00:00:08:543] ! Unidirectional s-t. expansions: 10,075, time: 8,543 [ms], path length: 47 [edges], generated: 17,893
[00:00:00:28:169] Path of length 47 found: [55, 47, 39, 31, 30, 22, 14, 15, 7, 6, 5, 4, 3, 2, 1, 9, 17, 18, 10, 11, 19, 27, 35, 43, 44, 36, 28, 20, 12, 13, 21, 29, 37, 45, 46, 54, 53, 52, 51, 50, 42, 34, 33, 32, 24, 16, 8, 0]
[00:00:00:28:169] ! Unidirectional t-s. expansions: 39,996, time: 28,169 [ms], path length: 47 [edges], generated: 65,458
[00:00:01:28:040] Path of length 47 found: [0, 8, 16, 24, 32, 33, 34, 26, 18, 17, 9, 1, 2, 10, 11, 3, 4, 12, 20, 19, 27, 35, 43, 42, 50, 51, 52, 53, 54, 46, 45, 44, 36, 28, 29, 21, 13, 5, 6, 7, 15, 14, 22, 30, 31, 39, 47, 55]
[00:00:01:28:420] ! Bidirectional. expansions: 59,329, time: 88,040 [ms], path length: 47 [edges], g_F: 34, g_B: 13, generated: {'F': 41,693, 'B': 64,342}, MM: 21, MMPER: 42.75%
[00:00:01:28:420] 
---------- SM_Grids/7x8_grid_with_random_blocks_12per_9 ----------
[00:00:00:00:711] Path of length 47 found: [0, 8, 16, 24, 32, 40, 48, 49, 41, 33, 25, 17, 18, 10, 2, 3, 11, 19, 27, 26, 34, 42, 50, 51, 43, 35, 36, 28, 29, 21, 20, 12, 13, 5, 6, 7, 15, 14, 22, 23, 31, 30, 38, 39, 47, 46, 54, 55]
[00:00:00:00:712] ! Unidirectional s-t. expansions: 639, time: 711 [ms], path length: 47 [edges], generated: 1,103
[00:00:00:00:611] Path of length 47 found: [55, 54, 46, 47, 39, 38, 30, 31, 23, 15, 7, 6, 5, 13, 14, 22, 21, 29, 28, 20, 12, 11, 3, 2, 10, 18, 19, 27, 26, 25, 33, 41, 42, 34, 35, 36, 44, 43, 51, 50, 49, 48, 40, 32, 24, 16, 8, 0]
[00:00:00:00:611] ! Unidirectional t-s. expansions: 722, time: 611 [ms], path length: 47 [edges], generated: 1,225
[00:00:00:02:999] Path of length 47 found: [0, 8, 16, 24, 32, 40, 48, 49, 41, 33, 25, 17, 18, 10, 2, 3, 11, 19, 27, 26, 34, 42, 50, 51, 43, 35, 36, 28, 29, 21, 20, 12, 13, 5, 6, 7, 15, 14, 22, 23, 31, 30, 38, 39, 47, 46, 54, 55]
[00:00:00:03:405] ! Bidirectional. expansions: 1,779, time: 2,999 [ms], path length: 47 [edges], g_F: 26, g_B: 21, generated: {'F': 1,062, 'B': 2,019}, MM: 5, MMPER: 9.416666666666666%
[00:00:00:03:405] average expansions: (16,928, 18,460, 39,215, 0)
[00:00:00:03:405] average time: (13,474, 13,313, 60,927, 0)
[00:00:00:03:405] X-DFBnB: 16,928 , 13,313 (expansions , time[ms])
[00:00:00:03:405] BiX-DFBnB: 39,215 , 60,927 (expansions , time[ms])

