--------------------------
date: mazes
number_of_graphs: 21
graph_type: maze
size_of_graphs: [13, 13]
heuristic: bcc_heuristic
snake: False
run_uni: True
run_bi: True
run_multi: False
solution_vertices: []
algorithms: ['DFBnB']
lookahead: 6
bsd: False
cube_first_dims: 4
cube_buffer_dim: None
backward_sym_generation: False
sym_coil: False
prefix_set: None

---------- mazes/13x13_maze_with_0_open_diamonds_0 ----------
[00:00:00:02:337] Path of length 84 found: [0, 1, 2, 3, 4, 17, 30, 31, 32, 19, 6, 7, 8, 9, 10, 11, 12, 25, 38, 37, 36, 49, 62, 61, 60, 59, 58, 57, 56, 55, 54, 41, 28, 27, 26, 39, 52, 65, 78, 79, 80, 81, 82, 83, 84, 85, 86, 87, 88, 89, 90, 103, 116, 115, 114, 113, 112, 111, 110, 109, 122, 135, 134, 133, 132, 131, 130, 143, 156, 157, 158, 159, 160, 161, 162, 163, 164, 165, 152, 139, 140, 141, 142, 155, 168]
[00:00:00:02:337] ! Unidirectional s-t. expansions: 1,302, time: 2,337 [ms], path length: 84 [edges], generated: 1,727
[00:00:00:01:601] Path of length 84 found: [168, 155, 142, 141, 140, 139, 152, 165, 164, 163, 162, 161, 160, 159, 158, 157, 156, 143, 130, 131, 132, 133, 134, 135, 122, 109, 108, 107, 106, 105, 92, 79, 78, 65, 52, 39, 26, 27, 28, 41, 54, 55, 56, 57, 58, 71, 84, 85, 86, 99, 112, 113, 114, 115, 116, 103, 90, 89, 88, 87, 74, 61, 62, 63, 64, 51, 38, 25, 12, 11, 10, 9, 8, 7, 6, 19, 32, 31, 30, 17, 4, 3, 2, 1, 0]
[00:00:00:01:601] ! Unidirectional t-s. expansions: 888, time: 1,601 [ms], path length: 84 [edges], generated: 1,211
[00:00:00:00:001] Expansions: 0. Checks - state_vs_state: 0, state_vs_prefix: 0, prefix_vs_prefix: 1
[00:00:00:01:328] Path of length 84 found: [0, 1, 2, 3, 4, 17, 30, 31, 32, 19, 6, 7, 8, 9, 10, 11, 12, 25, 38, 37, 36, 49, 62, 61, 60, 59, 58, 57, 56, 55, 54, 41, 28, 27, 26, 39, 52, 65, 78, 79, 80, 81, 82, 83, 84, 85, 86, 87, 88, 89, 90, 103, 116, 115, 114, 113, 112, 111, 110, 109, 122, 135, 134, 133, 132, 131, 130, 143, 156, 157, 158, 159, 160, 161, 162, 163, 164, 165, 152, 139, 140, 141, 142, 155, 168]
[00:00:00:01:328] ! Bidirectional. expansions: 166, time: 1,328 [ms], path length: 84 [edges], g_F: 42, g_B: 42, generated: {'F': 1,107, 'B': 1,010}, MM: 0, MMPER: -1.0%
[00:00:00:01:329] 
---------- mazes/13x13_maze_with_1_open_diamonds_0 ----------
[00:00:01:37:843] Path of length 92 found: [0, 1, 2, 3, 4, 17, 30, 31, 32, 19, 6, 7, 8, 9, 10, 11, 12, 25, 38, 37, 36, 49, 62, 61, 60, 59, 58, 57, 56, 55, 54, 41, 28, 27, 26, 39, 52, 65, 78, 79, 80, 81, 82, 83, 84, 85, 86, 87, 88, 89, 90, 103, 116, 115, 114, 113, 112, 111, 110, 109, 108, 107, 106, 105, 118, 131, 130, 143, 156, 157, 158, 159, 146, 145, 132, 119, 120, 133, 134, 135, 136, 137, 150, 163, 164, 165, 152, 139, 140, 141, 142, 155, 168]
[00:00:01:37:843] ! Unidirectional s-t. expansions: 46,645, time: 97,843 [ms], path length: 92 [edges], generated: 69,375
[00:00:06:27:011] Path of length 92 found: [168, 155, 142, 141, 140, 139, 152, 165, 164, 163, 150, 137, 136, 135, 134, 133, 120, 119, 132, 145, 146, 159, 158, 157, 156, 143, 130, 131, 118, 105, 106, 107, 108, 109, 110, 111, 112, 113, 114, 115, 116, 103, 90, 89, 88, 87, 86, 85, 84, 83, 82, 81, 80, 79, 78, 65, 52, 39, 26, 27, 28, 41, 54, 55, 56, 57, 58, 59, 60, 61, 62, 63, 64, 51, 38, 25, 12, 11, 10, 9, 8, 7, 6, 19, 32, 31, 30, 17, 4, 3, 2, 1, 0]
[00:00:06:27:012] ! Unidirectional t-s. expansions: 193,451, time: 387,011 [ms], path length: 92 [edges], generated: 273,190
[00:00:00:00:001] Expansions: 0. Checks - state_vs_state: 0, state_vs_prefix: 0, prefix_vs_prefix: 1
[00:00:01:51:019] Path of length 92 found: [0, 1, 2, 3, 4, 17, 30, 31, 32, 19, 6, 7, 8, 9, 10, 11, 12, 25, 38, 37, 36, 49, 62, 61, 60, 59, 58, 57, 56, 55, 54, 41, 28, 27, 26, 39, 52, 65, 78, 79, 80, 81, 82, 83, 84, 85, 86, 87, 88, 89, 90, 103, 116, 115, 114, 113, 112, 111, 110, 109, 108, 107, 106, 105, 118, 131, 130, 143, 156, 157, 158, 159, 146, 145, 132, 119, 120, 133, 134, 135, 136, 137, 150, 163, 164, 165, 152, 139, 140, 141, 142, 155, 168]
[00:00:01:51:020] ! Bidirectional. expansions: 7,917, time: 111,020 [ms], path length: 92 [edges], g_F: 46, g_B: 46, generated: {'F': 78,974, 'B': 82,334}, MM: 0, MMPER: -1.0%
[00:00:01:51:021] 
---------- mazes/13x13_maze_with_1_open_diamonds_1 ----------
[00:00:02:26:791] Path of length 90 found: [0, 13, 26, 39, 52, 53, 54, 41, 28, 15, 2, 3, 4, 17, 16, 29, 30, 43, 42, 55, 56, 57, 58, 45, 32, 19, 6, 7, 8, 9, 10, 11, 12, 25, 38, 37, 36, 49, 62, 61, 74, 87, 88, 89, 90, 103, 116, 115, 114, 113, 112, 99, 86, 85, 84, 83, 82, 81, 80, 79, 92, 105, 106, 107, 108, 109, 122, 135, 134, 133, 132, 131, 130, 143, 156, 157, 158, 159, 160, 161, 162, 163, 164, 165, 152, 139, 140, 141, 142, 155, 168]
[00:00:02:26:791] ! Unidirectional s-t. expansions: 69,259, time: 146,791 [ms], path length: 90 [edges], generated: 93,481
[00:00:00:04:441] Path of length 90 found: [168, 155, 142, 141, 140, 139, 152, 165, 164, 163, 162, 161, 160, 159, 158, 157, 156, 143, 130, 131, 132, 133, 134, 135, 122, 109, 108, 107, 106, 105, 92, 79, 80, 81, 82, 83, 84, 85, 86, 99, 112, 113, 114, 115, 116, 103, 90, 89, 88, 87, 74, 61, 62, 63, 64, 51, 38, 25, 12, 11, 10, 9, 8, 7, 6, 19, 32, 45, 58, 57, 56, 43, 30, 17, 4, 3, 2, 15, 16, 29, 28, 41, 42, 55, 54, 53, 52, 39, 26, 13, 0]
[00:00:00:04:442] ! Unidirectional t-s. expansions: 2,434, time: 4,441 [ms], path length: 90 [edges], generated: 3,758
[00:00:00:00:001] Expansions: 0. Checks - state_vs_state: 0, state_vs_prefix: 0, prefix_vs_prefix: 1
[00:00:01:08:337] Path of length 90 found: [0, 1, 2, 15, 28, 27, 26, 39, 52, 53, 54, 41, 42, 29, 16, 3, 4, 17, 30, 43, 56, 57, 58, 45, 32, 19, 6, 7, 8, 9, 10, 11, 12, 25, 38, 37, 36, 49, 62, 61, 74, 87, 88, 89, 90, 103, 116, 115, 114, 113, 112, 99, 86, 85, 84, 83, 82, 81, 80, 79, 92, 105, 106, 107, 108, 109, 122, 135, 134, 133, 132, 131, 130, 143, 156, 157, 158, 159, 160, 161, 162, 163, 164, 165, 152, 139, 140, 141, 142, 155, 168]
[00:00:01:08:337] ! Bidirectional. expansions: 7,284, time: 68,337 [ms], path length: 90 [edges], g_F: 45, g_B: 45, generated: {'F': 53,562, 'B': 45,317}, MM: 0, MMPER: -1.0%
[00:00:01:08:337] 
---------- mazes/13x13_maze_with_1_open_diamonds_2 ----------
[00:00:01:21:177] Path of length 92 found: [0, 1, 2, 3, 4, 17, 30, 43, 56, 55, 54, 41, 28, 27, 26, 39, 52, 65, 78, 79, 80, 81, 82, 83, 70, 57, 58, 45, 32, 19, 6, 7, 8, 9, 10, 11, 12, 25, 38, 37, 36, 49, 62, 61, 60, 59, 72, 71, 84, 85, 98, 99, 86, 87, 88, 89, 90, 103, 116, 115, 114, 113, 112, 111, 110, 97, 96, 109, 122, 135, 134, 133, 132, 131, 130, 143, 156, 157, 158, 159, 160, 161, 162, 163, 164, 165, 152, 139, 140, 141, 142, 155, 168]
[00:00:01:21:177] ! Unidirectional s-t. expansions: 39,302, time: 81,177 [ms], path length: 92 [edges], generated: 58,867
[00:00:01:39:558] Path of length 92 found: [168, 155, 142, 141, 140, 139, 152, 165, 164, 163, 162, 161, 160, 159, 158, 157, 156, 143, 130, 131, 132, 133, 134, 135, 122, 109, 108, 107, 106, 105, 92, 79, 78, 65, 52, 39, 26, 27, 28, 41, 54, 55, 56, 57, 70, 83, 96, 97, 110, 111, 98, 99, 112, 113, 114, 115, 116, 103, 90, 89, 88, 87, 86, 85, 84, 71, 72, 59, 60, 61, 62, 63, 64, 51, 38, 25, 12, 11, 10, 9, 8, 7, 6, 19, 32, 31, 30, 17, 4, 3, 2, 1, 0]
[00:00:01:39:559] ! Unidirectional t-s. expansions: 56,097, time: 99,558 [ms], path length: 92 [edges], generated: 79,449
[00:00:00:00:001] Expansions: 0. Checks - state_vs_state: 0, state_vs_prefix: 0, prefix_vs_prefix: 1
[00:00:00:14:355] Path of length 92 found: [0, 1, 2, 3, 4, 17, 30, 43, 56, 55, 54, 41, 28, 27, 26, 39, 52, 65, 78, 79, 80, 81, 82, 83, 70, 57, 58, 45, 32, 19, 6, 7, 8, 9, 10, 11, 12, 25, 38, 37, 36, 49, 62, 61, 60, 59, 72, 71, 84, 85, 86, 87, 88, 89, 90, 103, 116, 115, 114, 113, 112, 99, 98, 111, 110, 97, 96, 109, 122, 135, 134, 133, 132, 131, 130, 143, 156, 157, 158, 159, 160, 161, 162, 163, 164, 165, 152, 139, 140, 141, 142, 155, 168]
[00:00:00:14:356] ! Bidirectional. expansions: 1,116, time: 14,355 [ms], path length: 92 [edges], g_F: 46, g_B: 46, generated: {'F': 12,243, 'B': 12,513}, MM: 0, MMPER: -1.0%
[00:00:00:14:356] 
---------- mazes/13x13_maze_with_1_open_diamonds_3 ----------
[00:00:00:49:103] Path of length 90 found: [0, 1, 2, 3, 4, 17, 30, 43, 56, 55, 54, 41, 28, 27, 26, 39, 52, 65, 78, 79, 80, 81, 82, 83, 84, 71, 58, 45, 32, 19, 6, 7, 8, 9, 10, 11, 12, 25, 38, 37, 36, 49, 62, 61, 74, 87, 86, 85, 98, 99, 100, 101, 88, 89, 90, 103, 102, 115, 116, 129, 142, 141, 140, 139, 126, 113, 112, 111, 110, 109, 122, 135, 134, 133, 132, 131, 130, 143, 156, 157, 158, 159, 160, 161, 162, 163, 164, 165, 166, 167, 168]
[00:00:00:49:103] ! Unidirectional s-t. expansions: 24,145, time: 49,103 [ms], path length: 90 [edges], generated: 37,036
[00:00:02:19:728] Path of length 90 found: [168, 167, 166, 165, 164, 163, 162, 161, 160, 159, 158, 157, 156, 143, 130, 131, 132, 133, 134, 135, 122, 109, 108, 107, 106, 105, 92, 79, 78, 65, 52, 39, 26, 27, 28, 41, 54, 55, 56, 57, 58, 71, 84, 85, 98, 111, 112, 99, 100, 113, 126, 139, 140, 141, 142, 129, 116, 103, 90, 89, 102, 115, 114, 101, 88, 87, 74, 61, 62, 63, 64, 51, 38, 25, 12, 11, 10, 9, 8, 7, 6, 19, 32, 31, 30, 17, 4, 3, 2, 1, 0]
[00:00:02:19:729] ! Unidirectional t-s. expansions: 73,436, time: 139,728 [ms], path length: 90 [edges], generated: 105,050
[00:00:00:00:001] Expansions: 0. Checks - state_vs_state: 0, state_vs_prefix: 0, prefix_vs_prefix: 1
[00:00:01:13:175] Path of length 90 found: [0, 1, 2, 3, 4, 17, 30, 43, 56, 55, 54, 41, 28, 27, 26, 39, 52, 65, 78, 79, 80, 81, 82, 83, 84, 71, 58, 45, 32, 19, 6, 7, 8, 9, 10, 11, 12, 25, 38, 37, 36, 49, 62, 61, 74, 87, 88, 101, 114, 115, 102, 89, 90, 103, 116, 129, 142, 141, 140, 139, 126, 113, 112, 99, 86, 85, 98, 111, 110, 109, 122, 135, 134, 133, 132, 131, 130, 143, 156, 157, 158, 159, 160, 161, 162, 163, 164, 165, 166, 167, 168]
[00:00:01:13:176] ! Bidirectional. expansions: 4,821, time: 73,175 [ms], path length: 90 [edges], g_F: 45, g_B: 45, generated: {'F': 44,776, 'B': 46,198}, MM: 0, MMPER: -1.0%
[00:00:01:13:176] 
---------- mazes/13x13_maze_with_1_open_diamonds_4 ----------
[00:00:01:32:014] Path of length 92 found: [0, 1, 2, 3, 4, 17, 30, 43, 56, 55, 54, 41, 28, 27, 26, 39, 52, 65, 78, 79, 80, 81, 82, 95, 108, 107, 106, 119, 132, 131, 130, 143, 156, 157, 158, 159, 160, 161, 162, 163, 150, 137, 136, 135, 134, 133, 120, 121, 122, 109, 110, 111, 112, 99, 86, 85, 84, 71, 58, 45, 32, 19, 6, 7, 8, 9, 10, 11, 12, 25, 38, 37, 36, 49, 62, 61, 74, 87, 88, 89, 90, 103, 116, 129, 142, 141, 140, 139, 152, 165, 166, 167, 168]
[00:00:01:32:014] ! Unidirectional s-t. expansions: 45,373, time: 92,014 [ms], path length: 92 [edges], generated: 69,076
[00:00:03:54:876] Path of length 92 found: [168, 167, 166, 165, 152, 139, 140, 141, 142, 129, 116, 103, 90, 89, 88, 87, 74, 61, 62, 63, 64, 51, 38, 25, 12, 11, 10, 9, 8, 7, 6, 19, 32, 45, 58, 71, 84, 85, 86, 99, 112, 111, 110, 109, 122, 123, 136, 137, 150, 163, 162, 161, 160, 159, 158, 157, 156, 143, 130, 131, 132, 119, 106, 107, 120, 133, 134, 121, 108, 95, 82, 81, 80, 79, 78, 65, 52, 39, 26, 27, 28, 41, 54, 55, 56, 43, 30, 17, 4, 3, 2, 1, 0]
[00:00:03:54:877] ! Unidirectional t-s. expansions: 114,951, time: 234,876 [ms], path length: 92 [edges], generated: 164,889
[00:00:00:00:001] Expansions: 0. Checks - state_vs_state: 0, state_vs_prefix: 0, prefix_vs_prefix: 1
[00:00:01:05:377] Path of length 92 found: [0, 1, 2, 3, 4, 17, 30, 43, 56, 55, 54, 41, 28, 27, 26, 39, 52, 65, 78, 79, 80, 81, 82, 95, 108, 107, 106, 119, 132, 131, 130, 143, 156, 157, 158, 159, 160, 161, 162, 163, 150, 137, 136, 135, 134, 133, 120, 121, 122, 109, 110, 111, 112, 99, 86, 85, 84, 71, 58, 45, 32, 19, 6, 7, 8, 9, 10, 11, 12, 25, 38, 51, 64, 63, 62, 61, 74, 87, 88, 89, 90, 103, 116, 129, 142, 141, 140, 139, 152, 165, 166, 167, 168]
[00:00:01:05:379] ! Bidirectional. expansions: 4,398, time: 65,378 [ms], path length: 92 [edges], g_F: 46, g_B: 46, generated: {'F': 43,788, 'B': 46,534}, MM: 0, MMPER: -1.0%
[00:00:01:05:379] 
---------- mazes/13x13_maze_with_1_open_diamonds_5 ----------
[00:00:01:41:834] Path of length 92 found: [0, 1, 2, 3, 4, 17, 30, 43, 56, 55, 54, 41, 28, 27, 26, 39, 52, 65, 78, 79, 80, 81, 94, 107, 106, 105, 118, 131, 130, 143, 156, 157, 158, 159, 160, 161, 162, 163, 150, 137, 136, 135, 134, 133, 132, 119, 120, 121, 108, 109, 110, 111, 112, 99, 86, 85, 84, 71, 58, 45, 32, 19, 6, 7, 8, 9, 10, 11, 12, 25, 38, 37, 36, 49, 62, 61, 74, 87, 88, 89, 90, 103, 116, 129, 142, 141, 140, 139, 152, 165, 166, 167, 168]
[00:00:01:41:834] ! Unidirectional s-t. expansions: 50,102, time: 101,834 [ms], path length: 92 [edges], generated: 74,949
[00:00:04:13:824] Path of length 92 found: [168, 167, 166, 165, 152, 139, 140, 141, 142, 129, 116, 103, 90, 89, 88, 87, 74, 61, 62, 63, 64, 51, 38, 25, 12, 11, 10, 9, 8, 7, 6, 19, 32, 45, 58, 71, 84, 85, 86, 99, 112, 111, 110, 109, 108, 121, 122, 135, 136, 137, 150, 163, 162, 161, 160, 159, 158, 157, 156, 143, 130, 131, 118, 105, 106, 119, 132, 133, 120, 107, 94, 81, 80, 79, 78, 65, 52, 39, 26, 27, 28, 41, 54, 55, 56, 43, 30, 17, 4, 3, 2, 1, 0]
[00:00:04:13:825] ! Unidirectional t-s. expansions: 108,340, time: 253,824 [ms], path length: 92 [edges], generated: 156,539
[00:00:00:00:001] Expansions: 0. Checks - state_vs_state: 0, state_vs_prefix: 0, prefix_vs_prefix: 1
[00:00:01:13:050] Path of length 92 found: [0, 1, 2, 3, 4, 17, 30, 43, 56, 55, 54, 41, 28, 27, 26, 39, 52, 65, 78, 79, 80, 81, 94, 107, 106, 105, 118, 131, 130, 143, 156, 157, 158, 159, 160, 161, 162, 163, 150, 137, 136, 135, 134, 133, 132, 119, 120, 121, 108, 109, 110, 111, 112, 99, 86, 85, 84, 71, 58, 45, 32, 19, 6, 7, 8, 9, 10, 11, 12, 25, 38, 51, 64, 63, 62, 61, 74, 87, 88, 89, 90, 103, 116, 129, 142, 141, 140, 139, 152, 165, 166, 167, 168]
[00:00:01:13:051] ! Bidirectional. expansions: 4,256, time: 73,051 [ms], path length: 92 [edges], g_F: 46, g_B: 46, generated: {'F': 44,798, 'B': 45,498}, MM: 0, MMPER: -1.0%
[00:00:01:13:052] 
---------- mazes/13x13_maze_with_1_open_diamonds_6 ----------
[00:00:00:58:426] Path of length 92 found: [0, 1, 2, 3, 4, 17, 30, 43, 56, 55, 54, 41, 28, 27, 26, 39, 52, 65, 78, 79, 80, 81, 82, 83, 84, 71, 58, 45, 32, 19, 6, 7, 8, 9, 10, 11, 12, 25, 38, 51, 64, 63, 62, 49, 36, 35, 34, 47, 60, 59, 72, 85, 86, 73, 74, 87, 88, 89, 90, 103, 116, 115, 114, 113, 112, 111, 110, 109, 122, 135, 134, 133, 132, 131, 130, 143, 156, 157, 158, 159, 160, 161, 162, 163, 164, 165, 152, 139, 140, 141, 142, 155, 168]
[00:00:00:58:428] ! Unidirectional s-t. expansions: 23,577, time: 58,426 [ms], path length: 92 [edges], generated: 34,727
[00:00:00:34:123] Path of length 92 found: [168, 155, 142, 141, 140, 139, 152, 165, 164, 163, 162, 161, 160, 159, 158, 157, 156, 143, 130, 131, 132, 133, 134, 135, 122, 109, 108, 107, 106, 105, 92, 79, 78, 65, 52, 39, 26, 27, 28, 41, 54, 55, 56, 57, 58, 71, 84, 85, 72, 73, 86, 99, 112, 113, 114, 115, 116, 103, 90, 89, 88, 87, 74, 61, 60, 47, 34, 35, 36, 49, 62, 63, 64, 51, 38, 25, 12, 11, 10, 9, 8, 7, 6, 19, 32, 31, 30, 17, 4, 3, 2, 1, 0]
[00:00:00:34:125] ! Unidirectional t-s. expansions: 18,269, time: 34,123 [ms], path length: 92 [edges], generated: 26,498
[00:00:00:00:001] Expansions: 0. Checks - state_vs_state: 0, state_vs_prefix: 0, prefix_vs_prefix: 1
[00:00:00:08:611] Path of length 92 found: [0, 1, 2, 3, 4, 17, 30, 43, 56, 55, 54, 41, 28, 27, 26, 39, 52, 65, 78, 79, 80, 81, 82, 83, 84, 71, 58, 45, 32, 19, 6, 7, 8, 9, 10, 11, 12, 25, 38, 51, 64, 63, 62, 49, 36, 35, 34, 47, 60, 59, 72, 85, 86, 87, 74, 75, 88, 89, 90, 103, 116, 115, 114, 113, 112, 111, 110, 109, 122, 135, 134, 133, 132, 131, 130, 143, 156, 157, 158, 159, 160, 161, 162, 163, 164, 165, 152, 139, 140, 141, 142, 155, 168]
[00:00:00:08:612] ! Bidirectional. expansions: 554, time: 8,612 [ms], path length: 92 [edges], g_F: 46, g_B: 46, generated: {'F': 5,857, 'B': 5,538}, MM: 0, MMPER: -1.0%
[00:00:00:08:612] 
---------- mazes/13x13_maze_with_1_open_diamonds_7 ----------
[00:00:01:19:893] Path of length 94 found: [0, 1, 2, 3, 4, 17, 30, 31, 32, 19, 6, 7, 20, 21, 8, 9, 10, 11, 12, 25, 38, 51, 64, 63, 62, 49, 36, 35, 34, 33, 46, 47, 60, 61, 74, 87, 88, 89, 90, 103, 116, 115, 114, 113, 112, 99, 86, 85, 84, 71, 58, 57, 56, 55, 54, 41, 28, 27, 26, 39, 52, 65, 78, 79, 92, 105, 106, 107, 108, 109, 122, 135, 134, 133, 132, 131, 130, 143, 156, 157, 158, 159, 160, 161, 162, 163, 164, 165, 152, 139, 140, 141, 142, 155, 168]
[00:00:01:19:895] ! Unidirectional s-t. expansions: 30,641, time: 79,893 [ms], path length: 94 [edges], generated: 42,644
[00:00:00:11:518] Path of length 94 found: [168, 155, 142, 141, 140, 139, 152, 165, 164, 163, 162, 161, 160, 159, 158, 157, 156, 143, 130, 131, 132, 133, 134, 135, 122, 109, 108, 107, 106, 105, 92, 79, 78, 65, 52, 39, 26, 27, 28, 41, 54, 55, 56, 57, 58, 71, 84, 85, 86, 99, 112, 113, 114, 115, 116, 103, 90, 89, 88, 87, 74, 61, 60, 59, 46, 47, 34, 35, 36, 49, 62, 63, 64, 51, 38, 25, 12, 11, 10, 9, 8, 21, 20, 7, 6, 19, 32, 31, 30, 17, 4, 3, 2, 1, 0]
[00:00:00:11:519] ! Unidirectional t-s. expansions: 6,524, time: 11,519 [ms], path length: 94 [edges], generated: 10,756
[00:00:00:00:002] Expansions: 0. Checks - state_vs_state: 0, state_vs_prefix: 0, prefix_vs_prefix: 1
[00:00:00:12:193] Path of length 94 found: [0, 1, 2, 3, 4, 17, 30, 31, 32, 19, 6, 7, 20, 21, 8, 9, 10, 11, 12, 25, 38, 51, 64, 63, 62, 49, 36, 35, 34, 33, 46, 59, 60, 61, 74, 87, 88, 89, 90, 103, 116, 115, 114, 113, 112, 99, 86, 85, 84, 71, 58, 57, 56, 55, 54, 41, 28, 27, 26, 39, 52, 65, 78, 79, 92, 105, 106, 107, 108, 109, 122, 135, 134, 133, 132, 131, 130, 143, 156, 157, 158, 159, 160, 161, 162, 163, 164, 165, 152, 139, 140, 141, 142, 155, 168]
[00:00:00:12:194] ! Bidirectional. expansions: 925, time: 12,193 [ms], path length: 94 [edges], g_F: 47, g_B: 47, generated: {'F': 8,152, 'B': 6,370}, MM: 0, MMPER: -1.0%
[00:00:00:12:194] 
---------- mazes/13x13_maze_with_1_open_diamonds_8 ----------
[00:00:01:14:045] Path of length 94 found: [0, 1, 2, 3, 4, 17, 30, 31, 32, 19, 6, 7, 20, 21, 8, 9, 10, 11, 12, 25, 38, 51, 64, 63, 62, 49, 36, 35, 34, 33, 46, 47, 60, 61, 74, 87, 88, 89, 90, 103, 116, 115, 114, 113, 112, 99, 86, 85, 84, 71, 58, 57, 56, 55, 54, 41, 28, 27, 26, 39, 52, 65, 78, 79, 92, 105, 106, 107, 108, 109, 122, 135, 134, 133, 132, 131, 130, 143, 156, 157, 158, 159, 160, 161, 162, 163, 164, 165, 152, 139, 140, 141, 142, 155, 168]
[00:00:01:14:047] ! Unidirectional s-t. expansions: 30,641, time: 74,045 [ms], path length: 94 [edges], generated: 42,644
[00:00:00:10:973] Path of length 94 found: [168, 155, 142, 141, 140, 139, 152, 165, 164, 163, 162, 161, 160, 159, 158, 157, 156, 143, 130, 131, 132, 133, 134, 135, 122, 109, 108, 107, 106, 105, 92, 79, 78, 65, 52, 39, 26, 27, 28, 41, 54, 55, 56, 57, 58, 71, 84, 85, 86, 99, 112, 113, 114, 115, 116, 103, 90, 89, 88, 87, 74, 61, 60, 59, 46, 47, 34, 35, 36, 49, 62, 63, 64, 51, 38, 25, 12, 11, 10, 9, 8, 21, 20, 7, 6, 19, 32, 31, 30, 17, 4, 3, 2, 1, 0]
[00:00:00:10:973] ! Unidirectional t-s. expansions: 6,524, time: 10,973 [ms], path length: 94 [edges], generated: 10,756
[00:00:00:00:001] Expansions: 0. Checks - state_vs_state: 0, state_vs_prefix: 0, prefix_vs_prefix: 1
[00:00:00:11:564] Path of length 94 found: [0, 1, 2, 3, 4, 17, 30, 31, 32, 19, 6, 7, 20, 21, 8, 9, 10, 11, 12, 25, 38, 51, 64, 63, 62, 49, 36, 35, 34, 33, 46, 59, 60, 61, 74, 87, 88, 89, 90, 103, 116, 115, 114, 113, 112, 99, 86, 85, 84, 71, 58, 57, 56, 55, 54, 41, 28, 27, 26, 39, 52, 65, 78, 79, 92, 105, 106, 107, 108, 109, 122, 135, 134, 133, 132, 131, 130, 143, 156, 157, 158, 159, 160, 161, 162, 163, 164, 165, 152, 139, 140, 141, 142, 155, 168]
[00:00:00:11:564] ! Bidirectional. expansions: 925, time: 11,564 [ms], path length: 94 [edges], g_F: 47, g_B: 47, generated: {'F': 8,152, 'B': 6,370}, MM: 0, MMPER: -1.0%
[00:00:00:11:564] 
---------- mazes/13x13_maze_with_1_open_diamonds_9 ----------
[00:00:01:53:489] Path of length 92 found: [0, 1, 2, 3, 4, 17, 30, 43, 56, 55, 54, 41, 28, 27, 26, 39, 52, 65, 78, 79, 92, 105, 106, 107, 108, 109, 122, 135, 134, 133, 132, 131, 130, 143, 156, 157, 158, 159, 160, 161, 162, 163, 150, 137, 136, 123, 110, 111, 124, 125, 126, 113, 112, 99, 98, 85, 84, 71, 58, 45, 32, 19, 6, 7, 8, 9, 10, 11, 12, 25, 38, 37, 36, 49, 62, 61, 74, 87, 88, 89, 90, 103, 116, 129, 142, 141, 140, 139, 152, 165, 166, 167, 168]
[00:00:01:53:490] ! Unidirectional s-t. expansions: 52,358, time: 113,489 [ms], path length: 92 [edges], generated: 78,891
[00:00:06:54:972] Valid states checked so far: 200,000, Expansions: 199,999, Global best: 93
[00:00:09:40:588] Path of length 92 found: [168, 167, 166, 165, 152, 139, 140, 141, 142, 129, 116, 103, 90, 89, 88, 87, 74, 61, 62, 63, 64, 51, 38, 25, 12, 11, 10, 9, 8, 7, 6, 19, 32, 45, 58, 71, 84, 85, 86, 99, 98, 111, 112, 113, 126, 125, 138, 137, 150, 163, 162, 161, 160, 159, 158, 157, 156, 143, 130, 131, 132, 133, 134, 135, 136, 123, 110, 109, 108, 107, 106, 105, 92, 79, 78, 65, 52, 39, 26, 27, 28, 41, 54, 55, 56, 43, 30, 17, 4, 3, 2, 1, 0]
[00:00:09:40:589] ! Unidirectional t-s. expansions: 283,437, time: 580,588 [ms], path length: 92 [edges], generated: 394,442
[00:00:00:00:001] Expansions: 0. Checks - state_vs_state: 0, state_vs_prefix: 0, prefix_vs_prefix: 1
[00:00:02:20:669] Path of length 92 found: [0, 1, 2, 3, 4, 17, 30, 43, 56, 55, 54, 41, 28, 27, 26, 39, 52, 65, 78, 79, 92, 105, 106, 107, 108, 109, 122, 135, 134, 133, 132, 131, 130, 143, 156, 157, 158, 159, 160, 161, 162, 163, 150, 137, 136, 123, 124, 125, 126, 113, 112, 111, 98, 99, 86, 85, 84, 71, 58, 45, 32, 19, 6, 7, 8, 9, 10, 11, 12, 25, 38, 51, 64, 63, 62, 61, 74, 87, 88, 89, 90, 103, 116, 129, 142, 141, 140, 139, 152, 165, 166, 167, 168]
[00:00:02:20:670] ! Bidirectional. expansions: 9,863, time: 140,669 [ms], path length: 92 [edges], g_F: 46, g_B: 46, generated: {'F': 103,534, 'B': 109,367}, MM: 0, MMPER: -1.0%
[00:00:02:20:670] 
---------- mazes/13x13_maze_with_2_open_diamonds_1 ----------
[00:00:07:45:894] Valid states checked so far: 200,000, Expansions: 199,999, Global best: 101
[00:00:16:17:368] Valid states checked so far: 400,000, Expansions: 399,999, Global best: 101
[00:00:24:16:600] Valid states checked so far: 600,000, Expansions: 599,999, Global best: 101
[00:00:32:01:852] Valid states checked so far: 800,000, Expansions: 799,999, Global best: 101
[00:00:40:55:548] Valid states checked so far: 1,000,000, Expansions: 999,999, Global best: 101
[00:00:49:49:983] Valid states checked so far: 1,200,000, Expansions: 1,199,999, Global best: 101
[00:00:57:28:029] Valid states checked so far: 1,400,000, Expansions: 1,399,999, Global best: 101
[00:01:05:56:411] Valid states checked so far: 1,600,000, Expansions: 1,599,999, Global best: 101
[00:01:14:31:452] Valid states checked so far: 1,800,000, Expansions: 1,799,999, Global best: 101
[00:01:22:21:454] Valid states checked so far: 2,000,000, Expansions: 1,999,999, Global best: 101
[00:01:30:05:573] Valid states checked so far: 2,200,000, Expansions: 2,199,999, Global best: 101
[00:01:38:12:798] Valid states checked so far: 2,400,000, Expansions: 2,399,999, Global best: 101
[00:01:46:20:010] Valid states checked so far: 2,600,000, Expansions: 2,599,999, Global best: 101
[00:01:53:27:467] Valid states checked so far: 2,800,000, Expansions: 2,799,999, Global best: 101
[00:02:00:37:021] Valid states checked so far: 3,000,000, Expansions: 2,999,999, Global best: 101
[00:02:08:09:709] Valid states checked so far: 3,200,000, Expansions: 3,199,999, Global best: 101
[00:02:15:41:100] Valid states checked so far: 3,400,000, Expansions: 3,399,999, Global best: 101
[00:02:22:51:203] Valid states checked so far: 3,600,000, Expansions: 3,599,999, Global best: 101
[00:02:30:32:953] Valid states checked so far: 3,800,000, Expansions: 3,799,999, Global best: 101
[00:02:39:36:441] Valid states checked so far: 4,000,000, Expansions: 3,999,999, Global best: 101
[00:02:49:06:275] Valid states checked so far: 4,200,000, Expansions: 4,199,999, Global best: 101
[00:02:57:49:773] Valid states checked so far: 4,400,000, Expansions: 4,399,999, Global best: 101
[00:03:06:42:607] Valid states checked so far: 4,600,000, Expansions: 4,599,999, Global best: 101
[00:03:15:33:329] Valid states checked so far: 4,800,000, Expansions: 4,799,999, Global best: 101
[00:03:24:24:633] Valid states checked so far: 5,000,000, Expansions: 4,999,999, Global best: 101
[00:03:32:54:206] Valid states checked so far: 5,200,000, Expansions: 5,199,999, Global best: 101
[00:03:42:38:526] Valid states checked so far: 5,400,000, Expansions: 5,399,999, Global best: 101
[00:03:52:22:117] Valid states checked so far: 5,600,000, Expansions: 5,599,999, Global best: 101
[00:03:59:36:208] Path of length 100 found: [0, 1, 2, 3, 4, 17, 30, 43, 56, 55, 54, 41, 28, 27, 26, 39, 52, 65, 78, 79, 92, 105, 118, 131, 130, 143, 156, 157, 144, 145, 158, 159, 160, 161, 162, 163, 150, 137, 136, 135, 134, 133, 132, 119, 106, 107, 94, 81, 68, 69, 82, 83, 96, 95, 108, 109, 110, 111, 112, 99, 86, 85, 84, 71, 70, 57, 58, 45, 32, 19, 6, 7, 8, 9, 10, 11, 12, 25, 38, 37, 36, 49, 62, 61, 74, 87, 88, 89, 90, 103, 116, 129, 142, 141, 140, 139, 152, 165, 166, 167, 168]
[00:03:59:36:209] ! Unidirectional s-t. expansions: 5,778,151, time: 14,376,208 [ms], path length: 100 [edges], generated: 9,561,695
[00:00:06:05:085] Valid states checked so far: 200,000, Expansions: 199,999, Global best: 101
[00:00:14:22:630] Valid states checked so far: 400,000, Expansions: 399,999, Global best: 101
[00:00:22:04:993] Valid states checked so far: 600,000, Expansions: 599,999, Global best: 101
[00:00:28:35:376] Valid states checked so far: 800,000, Expansions: 799,999, Global best: 101
[00:00:35:13:941] Valid states checked so far: 1,000,000, Expansions: 999,999, Global best: 101
[00:00:43:01:223] Valid states checked so far: 1,200,000, Expansions: 1,199,999, Global best: 101
[00:00:50:56:747] Valid states checked so far: 1,400,000, Expansions: 1,399,999, Global best: 101
[00:00:58:40:972] Valid states checked so far: 1,600,000, Expansions: 1,599,999, Global best: 101
[00:01:06:19:351] Valid states checked so far: 1,800,000, Expansions: 1,799,999, Global best: 101
[00:01:14:10:593] Valid states checked so far: 2,000,000, Expansions: 1,999,999, Global best: 101
[00:01:21:25:474] Valid states checked so far: 2,200,000, Expansions: 2,199,999, Global best: 101
[00:01:28:36:516] Valid states checked so far: 2,400,000, Expansions: 2,399,999, Global best: 101
[00:01:35:53:066] Valid states checked so far: 2,600,000, Expansions: 2,599,999, Global best: 101
[00:01:43:20:873] Valid states checked so far: 2,800,000, Expansions: 2,799,999, Global best: 101
[00:01:51:16:893] Valid states checked so far: 3,000,000, Expansions: 2,999,999, Global best: 101
[00:01:59:23:957] Valid states checked so far: 3,200,000, Expansions: 3,199,999, Global best: 101
[00:02:07:28:807] Valid states checked so far: 3,400,000, Expansions: 3,399,999, Global best: 101
[00:02:15:28:247] Valid states checked so far: 3,600,000, Expansions: 3,599,999, Global best: 101
[00:02:23:36:301] Valid states checked so far: 3,800,000, Expansions: 3,799,999, Global best: 101
[00:02:31:41:934] Valid states checked so far: 4,000,000, Expansions: 3,999,999, Global best: 101
[00:02:38:44:672] Valid states checked so far: 4,200,000, Expansions: 4,199,999, Global best: 101
[00:02:45:50:108] Valid states checked so far: 4,400,000, Expansions: 4,399,999, Global best: 101
[00:02:52:59:089] Valid states checked so far: 4,600,000, Expansions: 4,599,999, Global best: 101
[00:03:00:06:513] Valid states checked so far: 4,800,000, Expansions: 4,799,999, Global best: 101
[00:03:07:10:612] Valid states checked so far: 5,000,000, Expansions: 4,999,999, Global best: 101
[00:03:14:19:350] Valid states checked so far: 5,200,000, Expansions: 5,199,999, Global best: 101
[00:03:21:39:003] Valid states checked so far: 5,400,000, Expansions: 5,399,999, Global best: 101
[00:03:28:49:469] Valid states checked so far: 5,600,000, Expansions: 5,599,999, Global best: 101
[00:03:35:58:300] Valid states checked so far: 5,800,000, Expansions: 5,799,999, Global best: 101
[00:03:43:10:883] Valid states checked so far: 6,000,000, Expansions: 5,999,999, Global best: 101
[00:03:50:30:789] Valid states checked so far: 6,200,000, Expansions: 6,199,999, Global best: 101
[00:03:57:51:629] Valid states checked so far: 6,400,000, Expansions: 6,399,999, Global best: 101
[00:04:04:54:118] Valid states checked so far: 6,600,000, Expansions: 6,599,999, Global best: 101
[00:04:12:17:902] Valid states checked so far: 6,800,000, Expansions: 6,799,999, Global best: 101
[00:04:19:37:834] Valid states checked so far: 7,000,000, Expansions: 6,999,999, Global best: 101
[00:04:26:32:032] Valid states checked so far: 7,200,000, Expansions: 7,199,999, Global best: 101
[00:04:33:36:213] Valid states checked so far: 7,400,000, Expansions: 7,399,999, Global best: 101
[00:04:40:33:328] Valid states checked so far: 7,600,000, Expansions: 7,599,999, Global best: 101
[00:04:47:50:259] Valid states checked so far: 7,800,000, Expansions: 7,799,999, Global best: 101
[00:04:55:02:217] Valid states checked so far: 8,000,000, Expansions: 7,999,999, Global best: 101
[00:05:02:08:478] Valid states checked so far: 8,200,000, Expansions: 8,199,999, Global best: 101
[00:05:09:40:784] Valid states checked so far: 8,400,000, Expansions: 8,399,999, Global best: 101
[00:05:16:40:442] Valid states checked so far: 8,600,000, Expansions: 8,599,999, Global best: 101
[00:05:24:12:754] Valid states checked so far: 8,800,000, Expansions: 8,799,999, Global best: 101
[00:05:31:31:153] Valid states checked so far: 9,000,000, Expansions: 8,999,999, Global best: 101
[00:05:38:47:663] Valid states checked so far: 9,200,000, Expansions: 9,199,999, Global best: 101
[00:05:45:53:895] Valid states checked so far: 9,400,000, Expansions: 9,399,999, Global best: 101
[00:05:53:11:879] Valid states checked so far: 9,600,000, Expansions: 9,599,999, Global best: 101
[00:06:00:21:636] Valid states checked so far: 9,800,000, Expansions: 9,799,999, Global best: 101
[00:06:07:43:589] Valid states checked so far: 10,000,000, Expansions: 9,999,999, Global best: 101
[00:06:14:45:277] Valid states checked so far: 10,200,000, Expansions: 10,199,999, Global best: 101
[00:06:22:22:610] Valid states checked so far: 10,400,000, Expansions: 10,399,999, Global best: 101
[00:06:30:11:843] Valid states checked so far: 10,600,000, Expansions: 10,599,999, Global best: 101
[00:06:31:07:945] Path of length 100 found: [168, 167, 166, 165, 152, 139, 140, 141, 142, 129, 116, 103, 90, 89, 88, 87, 74, 61, 62, 63, 64, 51, 38, 25, 12, 11, 10, 9, 8, 7, 6, 19, 32, 45, 58, 57, 70, 71, 84, 85, 86, 99, 112, 111, 110, 109, 122, 135, 136, 137, 150, 163, 162, 161, 160, 159, 146, 133, 120, 107, 106, 119, 132, 145, 158, 157, 156, 143, 130, 131, 118, 105, 92, 79, 78, 65, 52, 39, 26, 27, 28, 41, 54, 55, 68, 81, 94, 95, 96, 83, 82, 69, 56, 43, 30, 17, 4, 3, 2, 1, 0]
[00:06:31:07:946] ! Unidirectional t-s. expansions: 10,621,718, time: 23,467,945 [ms], path length: 100 [edges], generated: 16,657,022
[00:00:00:00:001] Expansions: 0. Checks - state_vs_state: 0, state_vs_prefix: 0, prefix_vs_prefix: 1
[00:00:36:02:221] Expansions: 100,000. Checks - state_vs_state: 57,442, state_vs_prefix: 0, prefix_vs_prefix: 2,449,196
[00:00:36:02:222] Expansions: 100,000. Checks - state_vs_state: 57,442, state_vs_prefix: 0, prefix_vs_prefix: 2,449,197
[00:00:36:02:223] Expansions: 100,000. Checks - state_vs_state: 57,442, state_vs_prefix: 0, prefix_vs_prefix: 2,449,198
[00:00:36:02:224] Expansions: 100,000. Checks - state_vs_state: 57,442, state_vs_prefix: 0, prefix_vs_prefix: 2,449,199
[00:00:36:02:226] Expansions: 100,000. Checks - state_vs_state: 57,442, state_vs_prefix: 0, prefix_vs_prefix: 2,449,200
[00:00:36:02:227] Expansions: 100,000. Checks - state_vs_state: 57,442, state_vs_prefix: 0, prefix_vs_prefix: 2,449,201
[00:00:36:02:228] Expansions: 100,000. Checks - state_vs_state: 57,442, state_vs_prefix: 0, prefix_vs_prefix: 2,449,202
[00:00:36:02:229] Expansions: 100,000. Checks - state_vs_state: 57,442, state_vs_prefix: 0, prefix_vs_prefix: 2,449,203
[00:00:36:02:231] Expansions: 100,000. Checks - state_vs_state: 57,442, state_vs_prefix: 0, prefix_vs_prefix: 2,449,204
[00:00:57:29:251] Path of length 100 found: [0, 1, 2, 3, 4, 17, 30, 43, 56, 55, 54, 41, 28, 27, 26, 39, 52, 65, 78, 79, 92, 105, 118, 131, 130, 143, 156, 157, 144, 145, 158, 159, 160, 161, 162, 163, 150, 137, 136, 135, 134, 133, 132, 119, 106, 107, 94, 81, 68, 69, 82, 83, 96, 95, 108, 109, 110, 111, 112, 99, 86, 85, 84, 71, 70, 57, 58, 45, 32, 19, 6, 7, 8, 9, 10, 11, 12, 25, 38, 51, 64, 63, 62, 61, 74, 87, 88, 89, 90, 103, 116, 129, 142, 141, 140, 139, 152, 165, 166, 167, 168]
[00:00:57:29:254] ! Bidirectional. expansions: 141,794, time: 3,449,251 [ms], path length: 100 [edges], g_F: 50, g_B: 50, generated: {'F': 2,352,117, 'B': 2,314,329}, MM: 0, MMPER: -1.0%
[00:00:57:29:254] 
---------- mazes/13x13_maze_with_2_open_diamonds_2 ----------
[00:00:01:58:926] Path of length 106 found: [0, 1, 2, 3, 4, 17, 30, 43, 56, 55, 54, 41, 28, 27, 26, 39, 52, 65, 78, 79, 80, 81, 82, 83, 70, 57, 58, 45, 32, 19, 6, 7, 8, 9, 10, 11, 12, 25, 38, 51, 64, 63, 62, 49, 36, 35, 34, 33, 46, 59, 72, 71, 84, 85, 98, 99, 86, 73, 60, 61, 74, 87, 88, 89, 90, 103, 116, 115, 114, 113, 112, 111, 110, 109, 108, 107, 120, 133, 132, 131, 130, 143, 156, 157, 158, 159, 160, 161, 148, 147, 134, 121, 122, 135, 136, 137, 150, 163, 164, 165, 152, 139, 140, 141, 142, 155, 168]
[00:00:01:58:927] ! Unidirectional s-t. expansions: 64,898, time: 118,927 [ms], path length: 106 [edges], generated: 102,957
[00:00:06:08:019] Valid states checked so far: 200,000, Expansions: 199,999, Global best: 105
[00:00:12:25:372] Valid states checked so far: 400,000, Expansions: 399,999, Global best: 105
[00:00:17:45:144] Path of length 106 found: [168, 155, 142, 141, 140, 139, 152, 165, 164, 163, 150, 137, 136, 135, 122, 121, 134, 147, 148, 161, 160, 159, 158, 157, 156, 143, 130, 131, 132, 133, 120, 107, 108, 109, 110, 111, 98, 85, 72, 73, 86, 99, 112, 113, 114, 115, 116, 103, 90, 89, 88, 87, 74, 61, 60, 59, 46, 33, 34, 35, 36, 49, 62, 63, 64, 51, 38, 25, 12, 11, 10, 9, 8, 7, 6, 19, 32, 45, 58, 57, 70, 71, 84, 83, 82, 81, 80, 79, 78, 65, 52, 39, 26, 27, 28, 41, 54, 55, 56, 43, 30, 17, 4, 3, 2, 1, 0]
[00:00:17:45:144] ! Unidirectional t-s. expansions: 561,759, time: 1,065,144 [ms], path length: 106 [edges], generated: 811,550
[00:00:00:00:001] Expansions: 0. Checks - state_vs_state: 0, state_vs_prefix: 0, prefix_vs_prefix: 1
[00:00:01:46:640] Path of length 106 found: [0, 1, 2, 3, 4, 17, 30, 43, 56, 55, 54, 41, 28, 27, 26, 39, 52, 65, 78, 79, 80, 81, 82, 83, 70, 57, 58, 45, 32, 19, 6, 7, 8, 9, 10, 11, 12, 25, 38, 51, 64, 63, 62, 49, 36, 35, 34, 33, 46, 59, 60, 61, 74, 87, 88, 89, 90, 103, 116, 115, 114, 113, 112, 99, 86, 73, 72, 71, 84, 85, 98, 111, 110, 109, 108, 107, 120, 133, 132, 131, 130, 143, 156, 157, 158, 159, 160, 161, 148, 147, 134, 121, 122, 135, 136, 137, 150, 163, 164, 165, 152, 139, 140, 141, 142, 155, 168]
[00:00:01:46:641] ! Bidirectional. expansions: 6,160, time: 106,640 [ms], path length: 106 [edges], g_F: 53, g_B: 53, generated: {'F': 91,714, 'B': 77,516}, MM: 0, MMPER: -1.0%
[00:00:01:46:642] 
---------- mazes/13x13_maze_with_2_open_diamonds_3 ----------
[00:00:06:40:206] Valid states checked so far: 200,000, Expansions: 199,996, Global best: 97
[00:00:13:20:499] Valid states checked so far: 400,000, Expansions: 399,995, Global best: 99
[00:00:20:33:149] Valid states checked so far: 600,000, Expansions: 599,995, Global best: 99
[00:00:27:39:357] Valid states checked so far: 800,000, Expansions: 799,995, Global best: 99
[00:00:34:52:182] Valid states checked so far: 1,000,000, Expansions: 999,995, Global best: 99
[00:00:42:21:993] Valid states checked so far: 1,200,000, Expansions: 1,199,995, Global best: 99
[00:00:49:39:417] Valid states checked so far: 1,400,000, Expansions: 1,399,995, Global best: 99
[00:00:56:48:246] Valid states checked so far: 1,600,000, Expansions: 1,599,995, Global best: 99
[00:01:04:00:486] Valid states checked so far: 1,800,000, Expansions: 1,799,995, Global best: 99
[00:01:11:19:875] Valid states checked so far: 2,000,000, Expansions: 1,999,995, Global best: 99
[00:01:19:02:989] Valid states checked so far: 2,200,000, Expansions: 2,199,995, Global best: 99
[00:01:26:52:747] Path of length 98 found: [0, 1, 2, 3, 4, 17, 30, 43, 56, 55, 54, 41, 28, 27, 26, 39, 52, 65, 78, 79, 80, 81, 82, 83, 84, 85, 86, 87, 74, 61, 48, 35, 34, 21, 20, 33, 46, 47, 60, 59, 58, 45, 32, 19, 6, 7, 8, 9, 10, 11, 12, 25, 38, 37, 36, 49, 50, 51, 64, 63, 62, 75, 88, 89, 90, 103, 116, 115, 114, 113, 112, 111, 110, 109, 122, 135, 134, 133, 132, 131, 130, 143, 156, 157, 158, 159, 160, 161, 162, 163, 164, 165, 152, 139, 140, 141, 142, 155, 168]
[00:01:26:52:747] ! Unidirectional s-t. expansions: 2,395,732, time: 5,212,747 [ms], path length: 98 [edges], generated: 3,467,613
[00:00:05:13:916] Valid states checked so far: 200,000, Expansions: 199,999, Global best: 91
[00:00:10:40:093] Valid states checked so far: 400,000, Expansions: 399,999, Global best: 95
[00:00:15:35:178] Valid states checked so far: 600,000, Expansions: 599,999, Global best: 95
[00:00:20:45:331] Path of length 98 found: [168, 155, 142, 141, 140, 139, 152, 165, 164, 163, 162, 161, 160, 159, 158, 157, 156, 143, 130, 131, 132, 133, 134, 135, 122, 109, 108, 107, 106, 105, 92, 79, 78, 65, 52, 39, 26, 27, 28, 41, 54, 55, 56, 57, 58, 71, 84, 85, 86, 99, 112, 113, 114, 115, 116, 103, 90, 89, 88, 87, 74, 75, 62, 49, 36, 37, 50, 63, 64, 51, 38, 25, 12, 11, 10, 9, 8, 7, 6, 19, 20, 21, 34, 35, 48, 61, 60, 47, 46, 33, 32, 31, 30, 17, 4, 3, 2, 1, 0]
[00:00:20:45:332] ! Unidirectional t-s. expansions: 797,129, time: 1,245,331 [ms], path length: 98 [edges], generated: 1,340,548
[00:00:00:00:001] Expansions: 0. Checks - state_vs_state: 0, state_vs_prefix: 0, prefix_vs_prefix: 1
[00:00:05:50:711] Path of length 98 found: [0, 1, 2, 3, 4, 17, 30, 31, 32, 19, 6, 7, 20, 33, 46, 45, 58, 57, 56, 55, 54, 41, 28, 27, 26, 39, 52, 65, 78, 79, 80, 81, 82, 83, 84, 85, 86, 87, 74, 61, 60, 47, 34, 21, 8, 9, 10, 11, 12, 25, 38, 51, 64, 63, 50, 37, 36, 35, 48, 49, 62, 75, 88, 89, 90, 103, 116, 115, 114, 113, 112, 111, 110, 109, 122, 135, 134, 133, 132, 131, 130, 143, 156, 157, 158, 159, 160, 161, 162, 163, 164, 165, 152, 139, 140, 141, 142, 155, 168]
[00:00:05:50:713] ! Bidirectional. expansions: 22,183, time: 350,711 [ms], path length: 98 [edges], g_F: 49, g_B: 49, generated: {'F': 300,226, 'B': 219,780}, MM: 0, MMPER: -1.0%
[00:00:05:50:713] 
---------- mazes/13x13_maze_with_2_open_diamonds_4 ----------
[00:00:03:04:662] Path of length 106 found: [0, 1, 2, 3, 4, 17, 30, 43, 56, 55, 54, 41, 28, 27, 26, 39, 52, 65, 78, 79, 92, 105, 106, 107, 108, 109, 122, 135, 134, 133, 132, 131, 130, 143, 156, 157, 158, 159, 160, 161, 162, 163, 150, 137, 124, 111, 112, 99, 98, 85, 72, 71, 84, 83, 70, 57, 58, 45, 32, 19, 6, 7, 8, 9, 10, 11, 12, 25, 38, 51, 64, 63, 62, 49, 36, 35, 34, 33, 46, 59, 60, 61, 74, 73, 86, 87, 88, 89, 90, 103, 116, 115, 114, 113, 126, 125, 138, 151, 164, 165, 152, 139, 140, 141, 142, 155, 168]
[00:00:03:04:663] ! Unidirectional s-t. expansions: 94,085, time: 184,663 [ms], path length: 106 [edges], generated: 151,702
[00:00:06:54:959] Valid states checked so far: 200,000, Expansions: 199,999, Global best: 107
[00:00:13:44:191] Valid states checked so far: 400,000, Expansions: 399,999, Global best: 107
[00:00:20:44:745] Valid states checked so far: 600,000, Expansions: 599,999, Global best: 107
[00:00:27:30:814] Valid states checked so far: 800,000, Expansions: 799,999, Global best: 107
[00:00:34:18:928] Valid states checked so far: 1,000,000, Expansions: 999,999, Global best: 107
[00:00:40:42:713] Valid states checked so far: 1,200,000, Expansions: 1,199,999, Global best: 107
[00:00:47:02:210] Path of length 106 found: [168, 167, 166, 165, 152, 139, 140, 141, 142, 129, 116, 103, 90, 89, 88, 87, 74, 61, 60, 59, 46, 33, 34, 35, 36, 49, 62, 63, 64, 51, 38, 25, 12, 11, 10, 9, 8, 7, 6, 19, 32, 45, 58, 57, 70, 83, 84, 71, 72, 73, 86, 85, 98, 99, 112, 113, 126, 125, 138, 151, 164, 163, 162, 161, 160, 159, 158, 157, 156, 143, 130, 131, 132, 133, 134, 135, 136, 137, 124, 111, 110, 109, 108, 107, 106, 105, 92, 79, 78, 65, 52, 39, 26, 27, 28, 41, 54, 55, 56, 43, 30, 17, 4, 3, 2, 1, 0]
[00:00:47:02:211] ! Unidirectional t-s. expansions: 1,377,195, time: 2,822,210 [ms], path length: 106 [edges], generated: 1,980,259
[00:00:00:00:001] Expansions: 0. Checks - state_vs_state: 0, state_vs_prefix: 0, prefix_vs_prefix: 1
[00:00:06:14:936] Path of length 106 found: [0, 1, 2, 3, 4, 17, 30, 43, 56, 55, 54, 41, 28, 27, 26, 39, 52, 65, 78, 79, 92, 105, 106, 107, 108, 109, 110, 111, 124, 137, 136, 135, 134, 133, 132, 131, 130, 143, 156, 157, 158, 159, 160, 161, 162, 163, 150, 151, 138, 125, 126, 113, 112, 99, 98, 85, 86, 73, 72, 71, 84, 83, 70, 57, 58, 45, 32, 19, 6, 7, 8, 9, 10, 11, 12, 25, 38, 51, 64, 63, 62, 49, 36, 35, 34, 33, 46, 59, 60, 61, 74, 87, 88, 89, 90, 103, 116, 129, 142, 141, 140, 139, 152, 165, 166, 167, 168]
[00:00:06:14:938] ! Bidirectional. expansions: 22,291, time: 374,936 [ms], path length: 106 [edges], g_F: 53, g_B: 53, generated: {'F': 318,913, 'B': 283,716}, MM: 0, MMPER: -1.0%
[00:00:06:14:938] 
---------- mazes/13x13_maze_with_2_open_diamonds_5 ----------
[00:00:05:20:080] Path of length 102 found: [0, 1, 2, 3, 4, 17, 30, 43, 56, 55, 54, 41, 28, 27, 26, 39, 52, 65, 78, 79, 92, 105, 106, 107, 108, 109, 122, 135, 134, 133, 132, 131, 130, 143, 156, 157, 158, 159, 160, 161, 162, 163, 150, 137, 136, 123, 110, 97, 98, 111, 124, 125, 112, 99, 86, 85, 84, 71, 58, 45, 32, 19, 6, 7, 8, 21, 34, 35, 36, 23, 22, 9, 10, 11, 12, 25, 38, 51, 64, 63, 62, 49, 48, 47, 60, 61, 74, 87, 88, 89, 90, 103, 116, 129, 142, 141, 140, 139, 152, 165, 166, 167, 168]
[00:00:05:20:080] ! Unidirectional s-t. expansions: 163,343, time: 320,080 [ms], path length: 102 [edges], generated: 262,156
[00:00:06:04:009] Valid states checked so far: 200,000, Expansions: 199,999, Global best: 103
[00:00:09:10:269] Path of length 102 found: [168, 167, 166, 165, 152, 139, 140, 141, 142, 129, 116, 103, 90, 89, 88, 87, 74, 61, 48, 35, 22, 23, 36, 49, 62, 63, 64, 51, 38, 25, 12, 11, 10, 9, 8, 7, 6, 19, 32, 33, 34, 47, 60, 59, 58, 71, 84, 97, 110, 111, 98, 85, 86, 99, 112, 125, 124, 123, 136, 137, 150, 163, 162, 161, 160, 159, 158, 157, 156, 143, 130, 131, 132, 133, 134, 135, 122, 109, 108, 107, 106, 105, 92, 79, 78, 65, 52, 39, 26, 27, 28, 41, 54, 55, 56, 43, 30, 17, 4, 3, 2, 1, 0]
[00:00:09:10:270] ! Unidirectional t-s. expansions: 304,550, time: 550,269 [ms], path length: 102 [edges], generated: 490,639
[00:00:00:00:001] Expansions: 0. Checks - state_vs_state: 0, state_vs_prefix: 0, prefix_vs_prefix: 1
[00:00:06:19:723] Path of length 102 found: [0, 1, 2, 3, 4, 17, 30, 43, 56, 55, 54, 41, 28, 27, 26, 39, 52, 65, 78, 79, 92, 105, 106, 107, 108, 109, 122, 135, 134, 133, 132, 131, 130, 143, 156, 157, 158, 159, 160, 161, 162, 163, 150, 137, 136, 123, 110, 97, 98, 111, 124, 125, 112, 99, 86, 85, 84, 71, 58, 59, 60, 47, 34, 33, 32, 19, 6, 7, 8, 9, 10, 11, 12, 25, 38, 51, 64, 63, 62, 49, 36, 23, 22, 35, 48, 61, 74, 87, 88, 89, 90, 103, 116, 129, 142, 141, 140, 139, 152, 165, 166, 167, 168]
[00:00:06:19:724] ! Bidirectional. expansions: 27,837, time: 379,723 [ms], path length: 102 [edges], g_F: 51, g_B: 51, generated: {'F': 286,986, 'B': 286,392}, MM: 0, MMPER: -1.0%
[00:00:06:19:724] 
---------- mazes/13x13_maze_with_2_open_diamonds_6 ----------
[00:00:06:22:776] Valid states checked so far: 200,000, Expansions: 199,996, Global best: 101
[00:00:12:46:934] Valid states checked so far: 400,000, Expansions: 399,996, Global best: 101
[00:00:17:53:465] Path of length 100 found: [0, 1, 2, 3, 4, 17, 30, 43, 56, 55, 54, 41, 28, 27, 26, 39, 52, 65, 78, 79, 92, 105, 106, 107, 108, 95, 82, 81, 80, 67, 68, 69, 70, 83, 84, 85, 86, 99, 112, 111, 110, 109, 122, 135, 134, 133, 132, 131, 130, 143, 156, 157, 158, 159, 160, 161, 162, 163, 164, 165, 152, 139, 140, 127, 114, 113, 100, 87, 74, 61, 60, 59, 58, 45, 32, 19, 6, 7, 8, 9, 10, 11, 12, 25, 38, 37, 36, 49, 62, 75, 88, 101, 102, 89, 90, 103, 116, 129, 142, 155, 168]
[00:00:17:53:466] ! Unidirectional s-t. expansions: 552,256, time: 1,073,465 [ms], path length: 100 [edges], generated: 844,973
[00:00:06:07:491] Valid states checked so far: 200,000, Expansions: 199,999, Global best: 101
[00:00:12:28:980] Valid states checked so far: 400,000, Expansions: 399,999, Global best: 101
[00:00:18:34:867] Valid states checked so far: 600,000, Expansions: 599,999, Global best: 101
[00:00:18:54:823] Path of length 100 found: [168, 167, 166, 165, 164, 163, 162, 161, 160, 159, 158, 157, 156, 143, 130, 131, 132, 133, 134, 135, 122, 109, 110, 111, 112, 99, 86, 85, 84, 71, 70, 83, 82, 95, 108, 107, 106, 105, 92, 79, 78, 65, 52, 39, 26, 27, 28, 41, 54, 67, 80, 81, 68, 55, 56, 57, 58, 59, 60, 61, 74, 87, 100, 113, 114, 127, 140, 141, 142, 129, 116, 115, 102, 103, 90, 89, 88, 75, 62, 63, 64, 51, 38, 25, 12, 11, 10, 9, 8, 7, 6, 19, 32, 31, 30, 17, 4, 3, 2, 1, 0]
[00:00:18:54:824] ! Unidirectional t-s. expansions: 608,792, time: 1,134,823 [ms], path length: 100 [edges], generated: 991,124
[00:00:00:00:001] Expansions: 0. Checks - state_vs_state: 0, state_vs_prefix: 0, prefix_vs_prefix: 1
[00:00:10:46:117] Path of length 100 found: [0, 1, 2, 3, 4, 17, 30, 43, 56, 55, 68, 81, 80, 67, 54, 41, 28, 27, 26, 39, 52, 65, 78, 79, 92, 105, 106, 107, 108, 95, 82, 69, 70, 83, 84, 85, 86, 87, 74, 61, 60, 59, 58, 45, 32, 19, 6, 7, 8, 9, 10, 11, 12, 25, 38, 37, 36, 49, 62, 75, 88, 89, 90, 103, 102, 115, 116, 129, 142, 141, 140, 127, 114, 113, 100, 99, 112, 111, 110, 109, 122, 135, 134, 133, 132, 131, 130, 143, 156, 157, 158, 159, 160, 161, 162, 163, 164, 165, 166, 167, 168]
[00:00:10:46:118] ! Bidirectional. expansions: 36,315, time: 646,117 [ms], path length: 100 [edges], g_F: 50, g_B: 50, generated: {'F': 461,865, 'B': 435,645}, MM: 0, MMPER: -1.0%
[00:00:10:46:119] 
---------- mazes/13x13_maze_with_2_open_diamonds_7 ----------
[00:00:06:27:635] Valid states checked so far: 200,000, Expansions: 199,999, Global best: 99
[00:00:12:55:305] Valid states checked so far: 400,000, Expansions: 399,999, Global best: 99
[00:00:19:34:449] Valid states checked so far: 600,000, Expansions: 599,999, Global best: 99
[00:00:26:02:007] Valid states checked so far: 800,000, Expansions: 799,999, Global best: 99
[00:00:32:44:880] Valid states checked so far: 1,000,000, Expansions: 999,999, Global best: 99
[00:00:39:55:972] Valid states checked so far: 1,200,000, Expansions: 1,199,999, Global best: 99
[00:00:47:11:563] Valid states checked so far: 1,400,000, Expansions: 1,399,999, Global best: 99
[00:00:53:38:054] Valid states checked so far: 1,600,000, Expansions: 1,599,999, Global best: 99
[00:00:59:41:928] Valid states checked so far: 1,800,000, Expansions: 1,799,999, Global best: 99
[00:01:05:33:160] Valid states checked so far: 2,000,000, Expansions: 1,999,999, Global best: 99
[00:01:12:39:389] Valid states checked so far: 2,200,000, Expansions: 2,199,999, Global best: 99
[00:01:20:05:010] Valid states checked so far: 2,400,000, Expansions: 2,399,999, Global best: 99
[00:01:27:33:852] Valid states checked so far: 2,600,000, Expansions: 2,599,999, Global best: 99
[00:01:35:17:797] Valid states checked so far: 2,800,000, Expansions: 2,799,999, Global best: 99
[00:01:38:22:009] Path of length 98 found: [0, 1, 2, 3, 4, 17, 30, 43, 56, 55, 54, 41, 28, 27, 26, 39, 52, 65, 78, 79, 92, 105, 118, 117, 130, 143, 156, 157, 158, 159, 160, 161, 162, 163, 150, 137, 136, 123, 122, 135, 134, 121, 108, 107, 120, 133, 132, 119, 106, 93, 80, 81, 82, 95, 96, 109, 110, 111, 112, 99, 86, 85, 84, 71, 58, 45, 32, 19, 6, 7, 8, 9, 10, 11, 12, 25, 38, 37, 36, 49, 62, 61, 74, 87, 88, 89, 90, 103, 116, 129, 142, 141, 140, 139, 152, 165, 166, 167, 168]
[00:01:38:22:009] ! Unidirectional s-t. expansions: 2,877,134, time: 5,902,009 [ms], path length: 98 [edges], generated: 4,829,544
[00:00:05:45:499] Valid states checked so far: 200,000, Expansions: 199,999, Global best: 99
[00:00:11:55:222] Valid states checked so far: 400,000, Expansions: 399,999, Global best: 99
[00:00:18:09:928] Valid states checked so far: 600,000, Expansions: 599,999, Global best: 99
[00:00:24:13:802] Valid states checked so far: 800,000, Expansions: 799,999, Global best: 99
[00:00:30:30:439] Valid states checked so far: 1,000,000, Expansions: 999,999, Global best: 99
[00:00:36:33:090] Valid states checked so far: 1,200,000, Expansions: 1,199,999, Global best: 99
[00:00:42:26:203] Valid states checked so far: 1,400,000, Expansions: 1,399,999, Global best: 99
[00:00:48:37:679] Valid states checked so far: 1,600,000, Expansions: 1,599,999, Global best: 99
[00:00:54:54:004] Valid states checked so far: 1,800,000, Expansions: 1,799,999, Global best: 99
[00:01:01:13:837] Valid states checked so far: 2,000,000, Expansions: 1,999,999, Global best: 99
[00:01:07:59:497] Valid states checked so far: 2,200,000, Expansions: 2,199,999, Global best: 99
[00:01:14:52:911] Valid states checked so far: 2,400,000, Expansions: 2,399,999, Global best: 99
[00:01:21:31:435] Valid states checked so far: 2,600,000, Expansions: 2,599,999, Global best: 99
[00:01:28:29:817] Valid states checked so far: 2,800,000, Expansions: 2,799,999, Global best: 99
[00:01:35:43:686] Valid states checked so far: 3,000,000, Expansions: 2,999,999, Global best: 99
[00:01:42:49:912] Valid states checked so far: 3,200,000, Expansions: 3,199,999, Global best: 99
[00:01:50:02:474] Valid states checked so far: 3,400,000, Expansions: 3,399,999, Global best: 99
[00:01:57:24:077] Valid states checked so far: 3,600,000, Expansions: 3,599,999, Global best: 99
[00:02:04:33:703] Valid states checked so far: 3,800,000, Expansions: 3,799,999, Global best: 99
[00:02:11:47:614] Valid states checked so far: 4,000,000, Expansions: 3,999,999, Global best: 99
[00:02:18:08:726] Valid states checked so far: 4,200,000, Expansions: 4,199,999, Global best: 99
[00:02:24:43:482] Valid states checked so far: 4,400,000, Expansions: 4,399,999, Global best: 99
[00:02:31:06:981] Valid states checked so far: 4,600,000, Expansions: 4,599,999, Global best: 99
[00:02:37:38:341] Valid states checked so far: 4,800,000, Expansions: 4,799,999, Global best: 99
[00:02:44:09:026] Valid states checked so far: 5,000,000, Expansions: 4,999,999, Global best: 99
[00:02:50:42:177] Valid states checked so far: 5,200,000, Expansions: 5,199,999, Global best: 99
[00:02:57:14:490] Valid states checked so far: 5,400,000, Expansions: 5,399,999, Global best: 99
[00:03:03:49:400] Valid states checked so far: 5,600,000, Expansions: 5,599,999, Global best: 99
[00:03:10:23:347] Valid states checked so far: 5,800,000, Expansions: 5,799,999, Global best: 99
[00:03:17:06:524] Valid states checked so far: 6,000,000, Expansions: 5,999,999, Global best: 99
[00:03:24:05:007] Valid states checked so far: 6,200,000, Expansions: 6,199,999, Global best: 99
[00:03:30:52:325] Valid states checked so far: 6,400,000, Expansions: 6,399,999, Global best: 99
[00:03:37:45:281] Valid states checked so far: 6,600,000, Expansions: 6,599,999, Global best: 99
[00:03:44:14:981] Valid states checked so far: 6,800,000, Expansions: 6,799,999, Global best: 99
[00:03:51:00:283] Valid states checked so far: 7,000,000, Expansions: 6,999,999, Global best: 99
[00:03:57:50:693] Valid states checked so far: 7,200,000, Expansions: 7,199,999, Global best: 99
[00:04:04:26:770] Valid states checked so far: 7,400,000, Expansions: 7,399,999, Global best: 99
[00:04:11:19:296] Valid states checked so far: 7,600,000, Expansions: 7,599,999, Global best: 99
[00:04:17:03:848] Path of length 98 found: [168, 167, 166, 165, 152, 139, 140, 141, 142, 129, 116, 103, 90, 89, 88, 87, 74, 61, 62, 63, 64, 51, 38, 25, 12, 11, 10, 9, 8, 7, 6, 19, 32, 45, 58, 71, 84, 85, 86, 99, 112, 111, 110, 97, 96, 83, 82, 81, 80, 93, 106, 119, 132, 133, 120, 107, 108, 109, 122, 121, 134, 135, 136, 137, 150, 163, 162, 161, 160, 159, 158, 157, 156, 143, 130, 117, 118, 105, 92, 79, 78, 65, 52, 39, 26, 27, 28, 41, 54, 55, 56, 43, 30, 17, 4, 3, 2, 1, 0]
[00:04:17:03:849] ! Unidirectional t-s. expansions: 7,751,257, time: 15,423,848 [ms], path length: 98 [edges], generated: 11,479,927
[00:00:00:00:001] Expansions: 0. Checks - state_vs_state: 0, state_vs_prefix: 0, prefix_vs_prefix: 1
[00:00:27:11:718] Path of length 98 found: [0, 1, 2, 3, 4, 17, 30, 43, 56, 55, 54, 41, 28, 27, 26, 39, 52, 65, 78, 79, 92, 105, 118, 117, 130, 143, 156, 157, 158, 159, 160, 161, 162, 163, 150, 137, 136, 123, 122, 135, 134, 121, 108, 107, 120, 133, 132, 119, 106, 93, 80, 81, 82, 83, 96, 97, 110, 111, 112, 99, 86, 85, 84, 71, 58, 45, 32, 19, 6, 7, 8, 9, 10, 11, 12, 25, 38, 51, 64, 63, 62, 61, 74, 87, 88, 89, 90, 103, 116, 129, 142, 141, 140, 139, 152, 165, 166, 167, 168]
[00:00:27:11:720] ! Bidirectional. expansions: 78,088, time: 1,631,718 [ms], path length: 98 [edges], g_F: 49, g_B: 49, generated: {'F': 1,213,397, 'B': 1,294,273}, MM: 0, MMPER: -1.0%
[00:00:27:11:721] 
---------- mazes/13x13_maze_with_2_open_diamonds_8 ----------
[00:00:06:05:877] Valid states checked so far: 200,000, Expansions: 199,999, Global best: 101
[00:00:12:34:139] Valid states checked so far: 400,000, Expansions: 399,999, Global best: 101
[00:00:19:12:418] Valid states checked so far: 600,000, Expansions: 599,999, Global best: 101
[00:00:25:43:652] Valid states checked so far: 800,000, Expansions: 799,999, Global best: 101
[00:00:32:02:417] Valid states checked so far: 1,000,000, Expansions: 999,999, Global best: 101
[00:00:38:48:172] Valid states checked so far: 1,200,000, Expansions: 1,199,999, Global best: 101
[00:00:45:38:140] Valid states checked so far: 1,400,000, Expansions: 1,399,999, Global best: 101
[00:00:52:11:210] Valid states checked so far: 1,600,000, Expansions: 1,599,999, Global best: 101
[00:00:58:30:008] Valid states checked so far: 1,800,000, Expansions: 1,799,999, Global best: 101
[00:01:04:57:323] Valid states checked so far: 2,000,000, Expansions: 1,999,999, Global best: 101
[00:01:11:22:641] Valid states checked so far: 2,200,000, Expansions: 2,199,999, Global best: 101
[00:01:17:43:620] Valid states checked so far: 2,400,000, Expansions: 2,399,999, Global best: 101
[00:01:24:06:942] Valid states checked so far: 2,600,000, Expansions: 2,599,999, Global best: 101
[00:01:30:32:179] Valid states checked so far: 2,800,000, Expansions: 2,799,999, Global best: 101
[00:01:36:52:357] Valid states checked so far: 3,000,000, Expansions: 2,999,999, Global best: 101
[00:01:43:17:725] Valid states checked so far: 3,200,000, Expansions: 3,199,999, Global best: 101
[00:01:49:29:086] Valid states checked so far: 3,400,000, Expansions: 3,399,999, Global best: 101
[00:01:55:34:784] Valid states checked so far: 3,600,000, Expansions: 3,599,999, Global best: 101
[00:02:01:53:392] Valid states checked so far: 3,800,000, Expansions: 3,799,999, Global best: 103
[00:02:08:26:484] Valid states checked so far: 4,000,000, Expansions: 3,999,999, Global best: 103
[00:02:15:02:698] Valid states checked so far: 4,200,000, Expansions: 4,199,999, Global best: 103
[00:02:21:47:079] Valid states checked so far: 4,400,000, Expansions: 4,399,999, Global best: 103
[00:02:28:42:271] Valid states checked so far: 4,600,000, Expansions: 4,599,999, Global best: 103
[00:02:35:43:621] Valid states checked so far: 4,800,000, Expansions: 4,799,999, Global best: 103
[00:02:42:23:869] Valid states checked so far: 5,000,000, Expansions: 4,999,999, Global best: 103
[00:02:49:26:490] Valid states checked so far: 5,200,000, Expansions: 5,199,999, Global best: 103
[00:02:56:21:884] Valid states checked so far: 5,400,000, Expansions: 5,399,999, Global best: 103
[00:03:03:32:682] Valid states checked so far: 5,600,000, Expansions: 5,599,999, Global best: 103
[00:03:10:50:450] Valid states checked so far: 5,800,000, Expansions: 5,799,999, Global best: 103
[00:03:18:23:435] Valid states checked so far: 6,000,000, Expansions: 5,999,999, Global best: 103
[00:03:25:43:050] Valid states checked so far: 6,200,000, Expansions: 6,199,999, Global best: 103
[00:03:32:43:796] Valid states checked so far: 6,400,000, Expansions: 6,399,999, Global best: 103
[00:03:39:29:772] Valid states checked so far: 6,600,000, Expansions: 6,599,999, Global best: 103
[00:03:46:36:564] Valid states checked so far: 6,800,000, Expansions: 6,799,999, Global best: 103
[00:03:53:45:754] Valid states checked so far: 7,000,000, Expansions: 6,999,999, Global best: 103
[00:04:01:09:679] Valid states checked so far: 7,200,000, Expansions: 7,199,999, Global best: 103
[00:04:08:18:352] Valid states checked so far: 7,400,000, Expansions: 7,399,999, Global best: 103
[00:04:15:44:734] Valid states checked so far: 7,600,000, Expansions: 7,599,999, Global best: 103
[00:04:23:14:696] Valid states checked so far: 7,800,000, Expansions: 7,799,999, Global best: 103
[00:04:30:14:323] Valid states checked so far: 8,000,000, Expansions: 7,999,999, Global best: 103
[00:04:37:36:187] Valid states checked so far: 8,200,000, Expansions: 8,199,999, Global best: 103
[00:04:45:07:632] Valid states checked so far: 8,400,000, Expansions: 8,399,999, Global best: 103
[00:04:52:28:455] Valid states checked so far: 8,600,000, Expansions: 8,599,999, Global best: 103
[00:05:00:01:637] Valid states checked so far: 8,800,000, Expansions: 8,799,999, Global best: 103
[00:05:07:49:164] Valid states checked so far: 9,000,000, Expansions: 8,999,999, Global best: 103
[00:05:15:22:293] Valid states checked so far: 9,200,000, Expansions: 9,199,999, Global best: 103
[00:05:23:00:747] Valid states checked so far: 9,400,000, Expansions: 9,399,999, Global best: 103
[00:05:29:49:299] Valid states checked so far: 9,600,000, Expansions: 9,599,999, Global best: 103
[00:05:37:15:075] Valid states checked so far: 9,800,000, Expansions: 9,799,999, Global best: 103
[00:05:44:23:043] Valid states checked so far: 10,000,000, Expansions: 9,999,999, Global best: 103
[00:05:51:53:682] Valid states checked so far: 10,200,000, Expansions: 10,199,999, Global best: 103
[00:05:59:20:223] Valid states checked so far: 10,400,000, Expansions: 10,399,999, Global best: 103
[00:06:07:08:457] Valid states checked so far: 10,600,000, Expansions: 10,599,999, Global best: 103
[00:06:14:09:349] Valid states checked so far: 10,800,000, Expansions: 10,799,999, Global best: 103
[00:06:21:19:144] Valid states checked so far: 11,000,000, Expansions: 10,999,999, Global best: 103
[00:06:28:38:700] Valid states checked so far: 11,200,000, Expansions: 11,199,999, Global best: 103
[00:06:35:57:510] Valid states checked so far: 11,400,000, Expansions: 11,399,999, Global best: 103
[00:06:42:51:207] Valid states checked so far: 11,600,000, Expansions: 11,599,999, Global best: 103
[00:06:49:36:135] Valid states checked so far: 11,800,000, Expansions: 11,799,999, Global best: 103
[00:06:57:00:398] Valid states checked so far: 12,000,000, Expansions: 11,999,999, Global best: 103
[00:07:04:06:124] Valid states checked so far: 12,200,000, Expansions: 12,199,999, Global best: 103
[00:07:11:23:254] Valid states checked so far: 12,400,000, Expansions: 12,399,999, Global best: 103
[00:07:18:32:584] Valid states checked so far: 12,600,000, Expansions: 12,599,999, Global best: 103
[00:07:25:31:153] Valid states checked so far: 12,800,000, Expansions: 12,799,999, Global best: 103
[00:07:33:05:995] Valid states checked so far: 13,000,000, Expansions: 12,999,999, Global best: 103
[00:07:40:22:942] Valid states checked so far: 13,200,000, Expansions: 13,199,999, Global best: 103
[00:07:47:48:465] Valid states checked so far: 13,400,000, Expansions: 13,399,999, Global best: 103
[00:07:55:05:561] Valid states checked so far: 13,600,000, Expansions: 13,599,999, Global best: 103
[00:08:02:40:271] Valid states checked so far: 13,800,000, Expansions: 13,799,999, Global best: 103
[00:08:10:25:407] Valid states checked so far: 14,000,000, Expansions: 13,999,999, Global best: 103
[00:08:17:14:850] Valid states checked so far: 14,200,000, Expansions: 14,199,999, Global best: 103
[00:08:24:12:445] Valid states checked so far: 14,400,000, Expansions: 14,399,999, Global best: 103
[00:08:31:38:780] Valid states checked so far: 14,600,000, Expansions: 14,599,999, Global best: 103
[00:08:38:55:736] Valid states checked so far: 14,800,000, Expansions: 14,799,999, Global best: 103
[00:08:45:54:273] Valid states checked so far: 15,000,000, Expansions: 14,999,999, Global best: 103
[00:08:53:10:904] Valid states checked so far: 15,200,000, Expansions: 15,199,999, Global best: 103
[00:09:00:20:079] Valid states checked so far: 15,400,000, Expansions: 15,399,999, Global best: 103
[00:09:07:18:013] Valid states checked so far: 15,600,000, Expansions: 15,599,999, Global best: 103
[00:09:15:10:414] Valid states checked so far: 15,800,000, Expansions: 15,799,999, Global best: 103
[00:09:22:42:780] Valid states checked so far: 16,000,000, Expansions: 15,999,999, Global best: 103
[00:09:29:58:061] Valid states checked so far: 16,200,000, Expansions: 16,199,999, Global best: 103
[00:09:37:33:014] Valid states checked so far: 16,400,000, Expansions: 16,399,999, Global best: 103
[00:09:44:55:915] Valid states checked so far: 16,600,000, Expansions: 16,599,999, Global best: 103
[00:09:52:13:651] Valid states checked so far: 16,800,000, Expansions: 16,799,999, Global best: 103
[00:09:59:52:924] Valid states checked so far: 17,000,000, Expansions: 16,999,999, Global best: 103
[00:10:07:26:724] Valid states checked so far: 17,200,000, Expansions: 17,199,999, Global best: 103
[00:10:14:54:630] Valid states checked so far: 17,400,000, Expansions: 17,399,999, Global best: 103
[00:10:22:47:314] Valid states checked so far: 17,600,000, Expansions: 17,599,999, Global best: 103
[00:10:30:18:115] Valid states checked so far: 17,800,000, Expansions: 17,799,999, Global best: 103
[00:10:37:34:114] Valid states checked so far: 18,000,000, Expansions: 17,999,999, Global best: 103
[00:10:44:58:363] Valid states checked so far: 18,200,000, Expansions: 18,199,999, Global best: 103
[00:10:52:00:589] Valid states checked so far: 18,400,000, Expansions: 18,399,999, Global best: 103
[00:10:59:01:947] Valid states checked so far: 18,600,000, Expansions: 18,599,999, Global best: 103
[00:11:05:34:441] Valid states checked so far: 18,800,000, Expansions: 18,799,999, Global best: 103
[00:11:13:26:529] Valid states checked so far: 19,000,000, Expansions: 18,999,999, Global best: 103
[00:11:20:35:428] Valid states checked so far: 19,200,000, Expansions: 19,199,999, Global best: 103
[00:11:27:35:089] Valid states checked so far: 19,400,000, Expansions: 19,399,999, Global best: 103
[00:11:34:53:505] Valid states checked so far: 19,600,000, Expansions: 19,599,999, Global best: 103
[00:11:42:41:321] Valid states checked so far: 19,800,000, Expansions: 19,799,999, Global best: 103
[00:11:49:33:745] Valid states checked so far: 20,000,000, Expansions: 19,999,999, Global best: 103
[00:11:56:55:862] Valid states checked so far: 20,200,000, Expansions: 20,199,999, Global best: 103
[00:12:04:25:884] Valid states checked so far: 20,400,000, Expansions: 20,399,999, Global best: 103
[00:12:12:20:968] Valid states checked so far: 20,600,000, Expansions: 20,599,999, Global best: 103
[00:12:19:43:452] Valid states checked so far: 20,800,000, Expansions: 20,799,999, Global best: 103
[00:12:27:07:162] Valid states checked so far: 21,000,000, Expansions: 20,999,999, Global best: 103
[00:12:34:27:603] Valid states checked so far: 21,200,000, Expansions: 21,199,999, Global best: 103
[00:12:42:17:415] Valid states checked so far: 21,400,000, Expansions: 21,399,999, Global best: 103
[00:12:49:38:322] Valid states checked so far: 21,600,000, Expansions: 21,599,999, Global best: 103
[00:12:57:06:596] Valid states checked so far: 21,800,000, Expansions: 21,799,999, Global best: 103
[00:13:04:39:095] Valid states checked so far: 22,000,000, Expansions: 21,999,999, Global best: 103
[00:13:12:44:756] Valid states checked so far: 22,200,000, Expansions: 22,199,999, Global best: 103
[00:13:20:13:830] Valid states checked so far: 22,400,000, Expansions: 22,399,999, Global best: 103
[00:13:27:44:397] Valid states checked so far: 22,600,000, Expansions: 22,599,999, Global best: 103
[00:13:34:57:623] Valid states checked so far: 22,800,000, Expansions: 22,799,999, Global best: 103
[00:13:42:49:047] Valid states checked so far: 23,000,000, Expansions: 22,999,999, Global best: 103
[00:13:50:12:164] Valid states checked so far: 23,200,000, Expansions: 23,199,999, Global best: 103
[00:13:57:37:138] Valid states checked so far: 23,400,000, Expansions: 23,399,999, Global best: 103
[00:14:05:17:790] Valid states checked so far: 23,600,000, Expansions: 23,599,999, Global best: 103
[00:14:13:22:735] Valid states checked so far: 23,800,000, Expansions: 23,799,999, Global best: 103
[00:14:21:01:174] Valid states checked so far: 24,000,000, Expansions: 23,999,999, Global best: 103
[00:14:28:35:050] Valid states checked so far: 24,200,000, Expansions: 24,199,999, Global best: 103
[00:14:36:13:068] Valid states checked so far: 24,400,000, Expansions: 24,399,999, Global best: 103
[00:14:44:32:029] Valid states checked so far: 24,600,000, Expansions: 24,599,999, Global best: 103
[00:14:52:18:311] Valid states checked so far: 24,800,000, Expansions: 24,799,999, Global best: 103
[00:14:59:58:493] Valid states checked so far: 25,000,000, Expansions: 24,999,999, Global best: 103
[00:15:07:28:789] Valid states checked so far: 25,200,000, Expansions: 25,199,999, Global best: 103
[00:15:15:12:104] Valid states checked so far: 25,400,000, Expansions: 25,399,999, Global best: 103
[00:15:23:53:663] Valid states checked so far: 25,600,000, Expansions: 25,599,999, Global best: 103
[00:15:31:34:840] Valid states checked so far: 25,800,000, Expansions: 25,799,999, Global best: 103
[00:15:39:13:495] Valid states checked so far: 26,000,000, Expansions: 25,999,999, Global best: 103
[00:15:47:10:110] Valid states checked so far: 26,200,000, Expansions: 26,199,999, Global best: 103
[00:15:55:50:800] Valid states checked so far: 26,400,000, Expansions: 26,399,999, Global best: 103
[00:16:03:43:928] Valid states checked so far: 26,600,000, Expansions: 26,599,999, Global best: 103
[00:16:11:05:475] Valid states checked so far: 26,800,000, Expansions: 26,799,999, Global best: 103
[00:16:18:11:722] Valid states checked so far: 27,000,000, Expansions: 26,999,999, Global best: 103
[00:16:25:17:006] Valid states checked so far: 27,200,000, Expansions: 27,199,999, Global best: 103
[00:16:32:31:178] Valid states checked so far: 27,400,000, Expansions: 27,399,999, Global best: 103
[00:16:40:29:698] Valid states checked so far: 27,600,000, Expansions: 27,599,999, Global best: 103
[00:16:47:53:010] Valid states checked so far: 27,800,000, Expansions: 27,799,999, Global best: 103
[00:16:55:38:063] Valid states checked so far: 28,000,000, Expansions: 27,999,999, Global best: 103
[00:17:03:15:539] Valid states checked so far: 28,200,000, Expansions: 28,199,999, Global best: 103
[00:17:10:41:982] Valid states checked so far: 28,400,000, Expansions: 28,399,999, Global best: 103
[00:17:18:58:224] Valid states checked so far: 28,600,000, Expansions: 28,599,999, Global best: 103
[00:17:26:06:498] Valid states checked so far: 28,800,000, Expansions: 28,799,999, Global best: 103
[00:17:32:46:195] Valid states checked so far: 29,000,000, Expansions: 28,999,999, Global best: 103
[00:17:40:13:185] Valid states checked so far: 29,200,000, Expansions: 29,199,999, Global best: 103
[00:17:47:36:206] Valid states checked so far: 29,400,000, Expansions: 29,399,999, Global best: 103
[00:17:55:07:091] Valid states checked so far: 29,600,000, Expansions: 29,599,999, Global best: 103
[00:18:03:31:332] Valid states checked so far: 29,800,000, Expansions: 29,799,999, Global best: 103
[00:18:11:02:631] Valid states checked so far: 30,000,000, Expansions: 29,999,999, Global best: 103
[00:18:18:35:733] Valid states checked so far: 30,200,000, Expansions: 30,199,999, Global best: 103
[00:18:26:12:336] Valid states checked so far: 30,400,000, Expansions: 30,399,999, Global best: 103
[00:18:33:39:199] Valid states checked so far: 30,600,000, Expansions: 30,599,999, Global best: 103
[00:18:42:07:964] Valid states checked so far: 30,800,000, Expansions: 30,799,999, Global best: 103
[00:18:49:43:162] Valid states checked so far: 31,000,000, Expansions: 30,999,999, Global best: 103
[00:18:57:16:817] Valid states checked so far: 31,200,000, Expansions: 31,199,999, Global best: 103
[00:19:04:59:299] Valid states checked so far: 31,400,000, Expansions: 31,399,999, Global best: 103
[00:19:13:27:612] Valid states checked so far: 31,600,000, Expansions: 31,599,999, Global best: 103
[00:19:22:33:556] Valid states checked so far: 31,800,000, Expansions: 31,799,999, Global best: 103
[00:19:31:41:634] Valid states checked so far: 32,000,000, Expansions: 31,999,999, Global best: 103
[00:19:39:39:329] Valid states checked so far: 32,200,000, Expansions: 32,199,999, Global best: 103
[00:19:47:36:171] Valid states checked so far: 32,400,000, Expansions: 32,399,999, Global best: 103
[00:19:55:47:346] Valid states checked so far: 32,600,000, Expansions: 32,599,999, Global best: 103
[00:20:03:40:141] Valid states checked so far: 32,800,000, Expansions: 32,799,999, Global best: 103
[00:20:12:00:167] Valid states checked so far: 33,000,000, Expansions: 32,999,999, Global best: 103
[00:20:19:16:916] Valid states checked so far: 33,200,000, Expansions: 33,199,999, Global best: 103
[00:20:26:32:336] Valid states checked so far: 33,400,000, Expansions: 33,399,999, Global best: 103
[00:20:33:53:559] Valid states checked so far: 33,600,000, Expansions: 33,599,999, Global best: 103
[00:20:41:30:858] Valid states checked so far: 33,800,000, Expansions: 33,799,999, Global best: 103
[00:20:49:23:491] Valid states checked so far: 34,000,000, Expansions: 33,999,999, Global best: 103
[00:20:57:36:976] Valid states checked so far: 34,200,000, Expansions: 34,199,999, Global best: 103
[00:21:05:54:792] Valid states checked so far: 34,400,000, Expansions: 34,399,999, Global best: 103
[00:21:13:23:339] Valid states checked so far: 34,600,000, Expansions: 34,599,999, Global best: 103
[00:21:21:03:322] Valid states checked so far: 34,800,000, Expansions: 34,799,999, Global best: 103
[00:21:28:28:361] Valid states checked so far: 35,000,000, Expansions: 34,999,999, Global best: 103
[00:21:35:54:888] Valid states checked so far: 35,200,000, Expansions: 35,199,999, Global best: 103
[00:21:43:03:730] Valid states checked so far: 35,400,000, Expansions: 35,399,999, Global best: 103
[00:21:51:35:487] Valid states checked so far: 35,600,000, Expansions: 35,599,999, Global best: 103
[00:21:59:04:245] Valid states checked so far: 35,800,000, Expansions: 35,799,999, Global best: 103
[00:22:06:46:995] Valid states checked so far: 36,000,000, Expansions: 35,999,999, Global best: 103
[00:22:14:39:571] Valid states checked so far: 36,200,000, Expansions: 36,199,999, Global best: 103
[00:22:22:39:968] Valid states checked so far: 36,400,000, Expansions: 36,399,999, Global best: 103
[00:22:29:29:248] Valid states checked so far: 36,600,000, Expansions: 36,599,999, Global best: 103
[00:22:36:41:600] Valid states checked so far: 36,800,000, Expansions: 36,799,999, Global best: 103
[00:22:45:20:914] Valid states checked so far: 37,000,000, Expansions: 36,999,999, Global best: 103
[00:22:52:42:429] Valid states checked so far: 37,200,000, Expansions: 37,199,999, Global best: 103
[00:23:00:30:643] Valid states checked so far: 37,400,000, Expansions: 37,399,999, Global best: 103
[00:23:08:19:502] Valid states checked so far: 37,600,000, Expansions: 37,599,999, Global best: 103
[00:23:16:07:208] Valid states checked so far: 37,800,000, Expansions: 37,799,999, Global best: 103
[00:23:23:40:994] Valid states checked so far: 38,000,000, Expansions: 37,999,999, Global best: 103
[00:23:31:18:889] Valid states checked so far: 38,200,000, Expansions: 38,199,999, Global best: 103
[00:23:39:46:504] Valid states checked so far: 38,400,000, Expansions: 38,399,999, Global best: 103
[00:23:47:12:162] Valid states checked so far: 38,600,000, Expansions: 38,599,999, Global best: 103
[00:23:54:45:473] Valid states checked so far: 38,800,000, Expansions: 38,799,999, Global best: 103
[01:00:02:22:133] Valid states checked so far: 39,000,000, Expansions: 38,999,999, Global best: 103
[01:00:10:19:289] Valid states checked so far: 39,200,000, Expansions: 39,199,999, Global best: 103
[01:00:18:18:209] Valid states checked so far: 39,400,000, Expansions: 39,399,999, Global best: 103
[01:00:26:17:986] Valid states checked so far: 39,600,000, Expansions: 39,599,999, Global best: 103
[01:00:35:56:507] Valid states checked so far: 39,800,000, Expansions: 39,799,999, Global best: 103
[01:00:43:33:584] Valid states checked so far: 40,000,000, Expansions: 39,999,999, Global best: 103
[01:00:51:17:930] Valid states checked so far: 40,200,000, Expansions: 40,199,999, Global best: 103
[01:00:59:03:979] Valid states checked so far: 40,400,000, Expansions: 40,399,999, Global best: 103
[01:01:06:45:548] Valid states checked so far: 40,600,000, Expansions: 40,599,999, Global best: 103
[01:01:14:17:206] Valid states checked so far: 40,800,000, Expansions: 40,799,999, Global best: 103
[01:01:22:09:680] Valid states checked so far: 41,000,000, Expansions: 40,999,999, Global best: 103
[01:01:30:45:409] Valid states checked so far: 41,200,000, Expansions: 41,199,999, Global best: 103
[01:01:37:51:072] Valid states checked so far: 41,400,000, Expansions: 41,399,999, Global best: 103
[01:01:45:02:923] Valid states checked so far: 41,600,000, Expansions: 41,599,999, Global best: 103
[01:01:52:21:916] Valid states checked so far: 41,800,000, Expansions: 41,799,999, Global best: 103
[01:01:59:39:897] Valid states checked so far: 42,000,000, Expansions: 41,999,999, Global best: 103
[01:02:06:42:626] Valid states checked so far: 42,200,000, Expansions: 42,199,999, Global best: 103
[01:02:13:43:750] Valid states checked so far: 42,400,000, Expansions: 42,399,999, Global best: 103
[01:02:20:20:559] Valid states checked so far: 42,600,000, Expansions: 42,599,999, Global best: 103
[01:02:27:54:727] Valid states checked so far: 42,800,000, Expansions: 42,799,999, Global best: 103
[01:02:34:51:425] Valid states checked so far: 43,000,000, Expansions: 42,999,999, Global best: 103
[01:02:41:40:764] Valid states checked so far: 43,200,000, Expansions: 43,199,999, Global best: 103
[01:02:48:18:478] Valid states checked so far: 43,400,000, Expansions: 43,399,999, Global best: 103
[01:02:55:31:345] Valid states checked so far: 43,600,000, Expansions: 43,599,999, Global best: 103
[01:03:02:49:876] Valid states checked so far: 43,800,000, Expansions: 43,799,999, Global best: 103
[01:03:10:01:749] Valid states checked so far: 44,000,000, Expansions: 43,999,999, Global best: 103
[01:03:17:29:903] Valid states checked so far: 44,200,000, Expansions: 44,199,999, Global best: 103
[01:03:25:44:194] Valid states checked so far: 44,400,000, Expansions: 44,399,999, Global best: 103
[01:03:33:05:558] Valid states checked so far: 44,600,000, Expansions: 44,599,999, Global best: 103
[01:03:40:22:934] Valid states checked so far: 44,800,000, Expansions: 44,799,999, Global best: 103
[01:03:47:54:543] Valid states checked so far: 45,000,000, Expansions: 44,999,999, Global best: 103
[01:03:55:17:023] Valid states checked so far: 45,200,000, Expansions: 45,199,999, Global best: 103
[01:04:01:56:088] Valid states checked so far: 45,400,000, Expansions: 45,399,999, Global best: 103
[01:04:09:09:359] Valid states checked so far: 45,600,000, Expansions: 45,599,999, Global best: 103
[01:04:16:28:881] Valid states checked so far: 45,800,000, Expansions: 45,799,999, Global best: 103
[01:04:24:15:677] Valid states checked so far: 46,000,000, Expansions: 45,999,999, Global best: 103
[01:04:33:03:719] Valid states checked so far: 46,200,000, Expansions: 46,199,999, Global best: 103
[01:04:40:54:489] Valid states checked so far: 46,400,000, Expansions: 46,399,999, Global best: 103
[01:04:48:31:414] Valid states checked so far: 46,600,000, Expansions: 46,599,999, Global best: 103
[01:04:56:07:520] Valid states checked so far: 46,800,000, Expansions: 46,799,999, Global best: 103
[01:05:03:23:238] Valid states checked so far: 47,000,000, Expansions: 46,999,999, Global best: 103
[01:05:10:55:462] Valid states checked so far: 47,200,000, Expansions: 47,199,999, Global best: 103
[01:05:18:19:307] Valid states checked so far: 47,400,000, Expansions: 47,399,999, Global best: 103
[01:05:25:45:268] Valid states checked so far: 47,600,000, Expansions: 47,599,999, Global best: 103
[01:05:34:47:718] Valid states checked so far: 47,800,000, Expansions: 47,799,999, Global best: 103
[01:05:42:28:576] Valid states checked so far: 48,000,000, Expansions: 47,999,999, Global best: 103
[01:05:50:11:292] Valid states checked so far: 48,200,000, Expansions: 48,199,999, Global best: 103
[01:05:57:38:907] Valid states checked so far: 48,400,000, Expansions: 48,399,999, Global best: 103
[01:06:05:16:655] Valid states checked so far: 48,600,000, Expansions: 48,599,999, Global best: 103
[01:06:12:46:904] Valid states checked so far: 48,800,000, Expansions: 48,799,999, Global best: 103
