--------------------------
date: SM_Grids
number_of_graphs: 10
graph_type: grid
size_of_graphs: [7, 7]
heuristic: bcc_heuristic
snake: False
run_uni: True
run_bi: True
run_multi: False
solution_vertices: []
algorithms: ['DFBnB']
bsd: False
cube_first_dims: 4
cube_buffer_dim: None
backward_sym_generation: False
sym_coil: False
prefix_set: None

---------- SM_Grids/7x7_grid_with_random_blocks_8per_0 ----------
[00:00:00:02:803] Path of length 44 found: [0, 7, 8, 1, 2, 9, 16, 15, 22, 21, 28, 35, 42, 43, 36, 29, 30, 37, 44, 45, 38, 31, 32, 25, 18, 17, 10, 3, 4, 11, 12, 5, 6, 13, 20, 19, 26, 27, 34, 33, 40, 39, 46, 47, 48]
[00:00:00:02:803] ! Unidirectional s-t. expansions: 5,017, time: 2,803 [ms], path length: 44 [edges], generated: 8,518
[00:00:00:12:871] Path of length 44 found: [48, 41, 34, 27, 20, 13, 6, 5, 4, 3, 2, 9, 16, 17, 10, 11, 12, 19, 18, 25, 26, 33, 32, 31, 30, 29, 36, 37, 38, 39, 40, 47, 46, 45, 44, 43, 42, 35, 28, 21, 22, 15, 8, 1, 0]
[00:00:00:12:871] ! Unidirectional t-s. expansions: 21,117, time: 12,871 [ms], path length: 44 [edges], generated: 33,831
[00:00:00:26:742] Path of length 44 found: [0, 7, 8, 15, 22, 21, 28, 35, 42, 43, 36, 29, 30, 37, 44, 45, 38, 31, 32, 39, 46, 47, 40, 33, 26, 25, 18, 19, 12, 11, 10, 17, 16, 9, 2, 3, 4, 5, 6, 13, 20, 27, 34, 41, 48]
[00:00:00:27:132] ! Bidirectional. expansions: 18,303, time: 26,742 [ms], path length: 44 [edges], g_F: 29, g_B: 15, generated: {'F': 18,180, 'B': 14,902}, MM: 14, MMPER: 30.11111111111111%
[00:00:00:27:132] 
---------- SM_Grids/7x7_grid_with_random_blocks_8per_1 ----------
[00:00:00:19:249] Path of length 42 found: [0, 7, 14, 21, 28, 35, 42, 43, 36, 29, 22, 15, 8, 9, 2, 3, 10, 17, 16, 23, 30, 31, 24, 25, 18, 11, 4, 5, 6, 13, 12, 19, 20, 27, 26, 33, 32, 39, 46, 47, 40, 41, 48]
[00:00:00:19:249] ! Unidirectional s-t. expansions: 26,147, time: 19,249 [ms], path length: 42 [edges], generated: 46,378
[00:00:00:36:176] Path of length 42 found: [48, 41, 34, 27, 20, 13, 6, 5, 4, 3, 2, 9, 8, 15, 22, 23, 16, 17, 10, 11, 12, 19, 18, 25, 26, 33, 40, 47, 46, 39, 32, 31, 30, 29, 36, 43, 42, 35, 28, 21, 14, 7, 0]
[00:00:00:36:177] ! Unidirectional t-s. expansions: 50,419, time: 36,176 [ms], path length: 42 [edges], generated: 86,655
[00:00:01:28:164] Path of length 42 found: [0, 7, 14, 21, 28, 35, 42, 43, 36, 29, 22, 23, 30, 31, 38, 39, 46, 47, 40, 33, 32, 25, 26, 19, 18, 11, 10, 17, 16, 15, 8, 9, 2, 3, 4, 5, 6, 13, 20, 27, 34, 41, 48]
[00:00:01:28:492] ! Bidirectional. expansions: 63,959, time: 88,164 [ms], path length: 42 [edges], g_F: 24, g_B: 18, generated: {'F': 63,072, 'B': 54,902}, MM: 6, MMPER: 12.953488372093023%
[00:00:01:28:492] 
---------- SM_Grids/7x7_grid_with_random_blocks_8per_2 ----------
[00:00:00:05:719] Path of length 44 found: [0, 7, 14, 21, 28, 35, 36, 43, 44, 37, 30, 29, 22, 15, 8, 9, 2, 3, 10, 17, 16, 23, 24, 31, 38, 45, 46, 39, 32, 33, 26, 19, 18, 11, 4, 5, 12, 13, 20, 27, 34, 41, 40, 47, 48]
[00:00:00:05:719] ! Unidirectional s-t. expansions: 7,783, time: 5,719 [ms], path length: 44 [edges], generated: 13,538
[00:00:00:11:030] Path of length 44 found: [48, 41, 34, 27, 20, 13, 6, 5, 4, 3, 2, 9, 8, 15, 22, 29, 30, 37, 38, 31, 24, 23, 16, 17, 10, 11, 18, 19, 26, 33, 32, 39, 40, 47, 46, 45, 44, 43, 36, 35, 28, 21, 14, 7, 0]
[00:00:00:11:030] ! Unidirectional t-s. expansions: 15,054, time: 11,030 [ms], path length: 44 [edges], generated: 25,383
[00:00:00:46:848] Path of length 44 found: [0, 7, 14, 21, 28, 35, 36, 43, 44, 37, 30, 29, 22, 15, 16, 23, 24, 31, 38, 45, 46, 47, 40, 39, 32, 33, 26, 19, 12, 11, 18, 17, 10, 9, 2, 3, 4, 5, 6, 13, 20, 27, 34, 41, 48]
[00:00:00:47:181] ! Bidirectional. expansions: 32,256, time: 46,848 [ms], path length: 44 [edges], g_F: 31, g_B: 13, generated: {'F': 29,065, 'B': 30,912}, MM: 18, MMPER: 39.0%
[00:00:00:47:181] 
---------- SM_Grids/7x7_grid_with_random_blocks_8per_3 ----------
[00:00:00:17:610] Path of length 44 found: [0, 7, 14, 21, 28, 35, 42, 43, 44, 37, 30, 29, 22, 23, 16, 9, 8, 1, 2, 3, 10, 17, 24, 31, 38, 45, 46, 39, 32, 25, 18, 11, 4, 5, 6, 13, 12, 19, 20, 27, 26, 33, 40, 47, 48]
[00:00:00:17:610] ! Unidirectional s-t. expansions: 31,469, time: 16,052 [ms], path length: 44 [edges], generated: 48,489
[00:00:00:00:711] Path of length 44 found: [48, 41, 40, 47, 46, 39, 32, 33, 26, 27, 20, 13, 6, 5, 4, 3, 2, 1, 8, 9, 16, 17, 10, 11, 12, 19, 18, 25, 24, 23, 22, 29, 30, 31, 38, 37, 44, 43, 42, 35, 28, 21, 14, 7, 0]
[00:00:00:00:712] ! Unidirectional t-s. expansions: 981, time: 711 [ms], path length: 44 [edges], generated: 1,758
[00:00:00:10:802] Path of length 44 found: [0, 7, 14, 21, 28, 35, 42, 43, 44, 45, 38, 37, 30, 29, 22, 23, 24, 25, 18, 19, 12, 11, 10, 17, 16, 9, 8, 1, 2, 3, 4, 5, 6, 13, 20, 27, 26, 33, 32, 39, 46, 47, 40, 41, 48]
[00:00:00:11:099] ! Bidirectional. expansions: 8,182, time: 10,802 [ms], path length: 44 [edges], g_F: 14, g_B: 30, generated: {'F': 9,083, 'B': 4,707}, MM: 16, MMPER: 34.55555555555556%
[00:00:00:11:099] 
---------- SM_Grids/7x7_grid_with_random_blocks_8per_4 ----------
[00:00:00:00:484] Path of length 44 found: [0, 7, 14, 21, 28, 35, 42, 43, 36, 29, 22, 15, 8, 1, 2, 9, 16, 23, 30, 37, 38, 45, 46, 39, 32, 31, 24, 25, 18, 11, 4, 5, 6, 13, 12, 19, 20, 27, 26, 33, 34, 41, 40, 47, 48]
[00:00:00:00:485] ! Unidirectional s-t. expansions: 606, time: 484 [ms], path length: 44 [edges], generated: 1,003
[00:00:00:01:667] Path of length 44 found: [48, 41, 34, 27, 20, 13, 6, 5, 4, 11, 10, 9, 2, 1, 8, 15, 16, 23, 22, 29, 30, 31, 24, 25, 18, 19, 26, 33, 32, 39, 40, 47, 46, 45, 38, 37, 36, 43, 42, 35, 28, 21, 14, 7, 0]
[00:00:00:01:667] ! Unidirectional t-s. expansions: 2,159, time: 1,667 [ms], path length: 44 [edges], generated: 3,653
[00:00:00:09:696] Path of length 44 found: [0, 7, 14, 21, 28, 35, 42, 43, 36, 29, 22, 15, 8, 1, 2, 9, 16, 23, 24, 31, 30, 37, 38, 45, 46, 47, 40, 39, 32, 33, 26, 25, 18, 19, 12, 11, 4, 5, 6, 13, 20, 27, 34, 41, 48]
[00:00:00:09:995] ! Bidirectional. expansions: 5,968, time: 9,696 [ms], path length: 44 [edges], g_F: 20, g_B: 24, generated: {'F': 4,625, 'B': 5,847}, MM: 4, MMPER: 7.888888888888889%
[00:00:00:09:995] 
---------- SM_Grids/7x7_grid_with_random_blocks_8per_5 ----------
[00:00:00:01:101] Path of length 44 found: [0, 7, 14, 21, 28, 35, 42, 43, 36, 29, 22, 15, 8, 1, 2, 9, 10, 17, 24, 23, 30, 37, 44, 45, 46, 39, 38, 31, 32, 25, 18, 11, 12, 5, 6, 13, 20, 19, 26, 27, 34, 33, 40, 41, 48]
[00:00:00:01:101] ! Unidirectional s-t. expansions: 1,376, time: 1,101 [ms], path length: 44 [edges], generated: 2,304
[00:00:00:05:712] Path of length 44 found: [48, 41, 34, 27, 20, 13, 6, 5, 12, 11, 10, 3, 2, 9, 8, 15, 22, 29, 36, 37, 38, 31, 30, 23, 24, 17, 18, 19, 26, 25, 32, 33, 40, 39, 46, 45, 44, 43, 42, 35, 28, 21, 14, 7, 0]
[00:00:00:05:712] ! Unidirectional t-s. expansions: 9,932, time: 5,712 [ms], path length: 44 [edges], generated: 15,684
[00:00:00:22:414] Path of length 44 found: [0, 7, 14, 21, 28, 35, 42, 43, 36, 29, 22, 15, 8, 1, 2, 9, 10, 17, 24, 23, 30, 31, 38, 37, 44, 45, 46, 39, 40, 33, 32, 25, 26, 19, 18, 11, 12, 5, 6, 13, 20, 27, 34, 41, 48]
[00:00:00:22:716] ! Bidirectional. expansions: 16,743, time: 22,414 [ms], path length: 44 [edges], g_F: 16, g_B: 28, generated: {'F': 8,242, 'B': 20,411}, MM: 12, MMPER: 25.666666666666668%
[00:00:00:22:716] 
---------- SM_Grids/7x7_grid_with_random_blocks_8per_6 ----------
[00:00:00:07:007] Path of length 44 found: [0, 1, 8, 15, 14, 21, 28, 35, 42, 43, 36, 29, 22, 23, 16, 9, 2, 3, 4, 11, 18, 17, 24, 25, 26, 19, 12, 5, 6, 13, 20, 27, 34, 33, 40, 39, 38, 31, 30, 37, 44, 45, 46, 47, 48]
[00:00:00:07:007] ! Unidirectional s-t. expansions: 12,605, time: 7,007 [ms], path length: 44 [edges], generated: 20,070
[[00:00:00:03:012] Path of length 44 found: [48, 41, 34, 27, 20, 13, 6, 5, 4, 3, 2, 9, 16, 23, 22, 29, 36, 37, 30, 31, 24, 17, 18, 11, 12, 19, 26, 33, 40, 47, 46, 39, 38, 45, 44, 43, 42, 35, 28, 21, 14, 15, 8, 1, 0]
[00:00:00:03:012] ! Unidirectional t-s. expansions: 3,534, time: 3,012 [ms], path length: 44 [edges], generated: 6,037
[00:00:00:25:104] Path of length 44 found: [0, 1, 8, 15, 14, 21, 28, 35, 42, 43, 36, 29, 22, 23, 30, 37, 44, 45, 38, 39, 46, 47, 40, 33, 26, 19, 12, 11, 18, 25, 24, 17, 16, 9, 2, 3, 4, 5, 6, 13, 20, 27, 34, 41, 48]
[00:00:00:25:428] ! Bidirectional. expansions: 17,492, time: 25,105 [ms], path length: 44 [edges], g_F: 27, g_B: 17, generated: {'F': 15,470, 'B': 15,941}, MM: 10, MMPER: 21.22222222222222%
[00:00:00:25:428] 
---------- SM_Grids/7x7_grid_with_random_blocks_8per_7 ----------
[00:00:01:22:174] Path of length 42 found: [0, 7, 14, 21, 28, 35, 42, 43, 36, 29, 22, 15, 8, 1, 2, 9, 16, 23, 30, 37, 44, 45, 38, 31, 24, 17, 10, 3, 4, 5, 12, 11, 18, 19, 26, 25, 32, 33, 40, 39, 46, 47, 48]
[00:00:01:22:174] ! Unidirectional s-t. expansions: 129,818, time: 82,174 [ms], path length: 42 [edges], generated: 217,411
[00:00:00:15:099] Path of length 42 found: [48, 41, 40, 47, 46, 39, 32, 33, 26, 19, 12, 5, 4, 3, 2, 1, 8, 15, 22, 29, 36, 37, 30, 23, 16, 9, 10, 11, 18, 17, 24, 31, 38, 45, 44, 43, 42, 35, 28, 21, 14, 7, 0]
[00:00:00:15:100] ! Unidirectional t-s. expansions: 21,730, time: 15,100 [ms], path length: 42 [edges], generated: 38,633
[00:00:01:28:389] Path of length 42 found: [0, 7, 14, 21, 28, 35, 42, 43, 36, 29, 22, 15, 8, 1, 2, 9, 16, 23, 30, 37, 44, 45, 38, 31, 24, 17, 10, 3, 4, 5, 12, 11, 18, 19, 26, 25, 32, 39, 46, 47, 40, 41, 48]
[00:00:01:28:725] ! Bidirectional. expansions: 62,770, time: 88,389 [ms], path length: 42 [edges], g_F: 36, g_B: 6, generated: {'F': 69,760, 'B': 50,513}, MM: 30, MMPER: 68.76744186046511%
[00:00:01:28:725] 
---------- SM_Grids/7x7_grid_with_random_blocks_8per_8 ----------
[00:00:00:51:142] Path of length 42 found: [0, 7, 8, 1, 2, 9, 16, 15, 22, 21, 28, 35, 42, 43, 44, 37, 38, 45, 46, 39, 32, 31, 24, 17, 10, 3, 4, 11, 18, 25, 26, 19, 12, 5, 6, 13, 20, 27, 34, 33, 40, 47, 48]
[00:00:00:51:142] ! Unidirectional s-t. expansions: 69,642, time: 51,142 [ms], path length: 42 [edges], generated: 121,724
[00:00:01:32:343] Path of length 42 found: [48, 41, 34, 27, 20, 13, 6, 5, 4, 3, 2, 9, 16, 23, 24, 17, 10, 11, 12, 19, 18, 25, 26, 33, 32, 31, 38, 39, 40, 47, 46, 45, 44, 43, 42, 35, 28, 21, 22, 15, 8, 1, 0]
[00:00:01:32:343] ! Unidirectional t-s. expansions: 133,539, time: 92,343 [ms], path length: 42 [edges], generated: 226,954
[00:00:05:05:297] Valid meeting checks so far: 200,000, state_vs_state: 317, state_vs_prefix: 0, prefix_vs_prefix: 199,683
[00:00:08:20:264] Path of length 42 found: [0, 7, 8, 15, 22, 21, 28, 35, 42, 43, 44, 45, 46, 47, 40, 39, 38, 31, 32, 33, 26, 25, 18, 19, 12, 11, 10, 17, 24, 23, 16, 9, 2, 3, 4, 5, 6, 13, 20, 27, 34, 41, 48]
[00:00:08:20:594] ! Bidirectional. expansions: 330,453, time: 500,264 [ms], path length: 42 [edges], g_F: 5, g_B: 37, generated: {'F': 379,502, 'B': 220,319}, MM: 32, MMPER: 73.4186046511628%
[00:00:08:20:594] 
---------- SM_Grids/7x7_grid_with_random_blocks_8per_9 ----------
[00:00:00:08:552] Path of length 44 found: [0, 7, 14, 21, 28, 35, 42, 43, 36, 29, 22, 15, 8, 1, 2, 9, 16, 23, 30, 37, 44, 45, 46, 39, 38, 31, 32, 25, 18, 17, 10, 3, 4, 11, 12, 5, 6, 13, 20, 27, 26, 33, 40, 41, 48]
[00:00:00:08:553] ! Unidirectional s-t. expansions: 11,935, time: 8,552 [ms], path length: 44 [edges], generated: 19,390
[00:00:00:01:751] Path of length 44 found: [48, 41, 34, 27, 20, 13, 6, 5, 12, 11, 4, 3, 2, 1, 8, 15, 22, 29, 36, 37, 30, 23, 16, 9, 10, 17, 18, 25, 26, 33, 40, 39, 32, 31, 38, 45, 44, 43, 42, 35, 28, 21, 14, 7, 0]
[00:00:00:01:751] ! Unidirectional t-s. expansions: 2,090, time: 1,751 [ms], path length: 44 [edges], generated: 3,538
[00:00:00:36:940] Path of length 44 found: [0, 7, 14, 21, 28, 35, 42, 43, 36, 29, 22, 15, 8, 1, 2, 9, 16, 23, 30, 37, 44, 45, 46, 39, 38, 31, 32, 33, 26, 25, 18, 17, 10, 3, 4, 11, 12, 5, 6, 13, 20, 27, 34, 41, 48]
[00:00:00:37:270] ! Bidirectional. expansions: 24,430, time: 36,940 [ms], path length: 44 [edges], g_F: 25, g_B: 19, generated: {'F': 19,880, 'B': 22,294}, MM: 6, MMPER: 12.333333333333334%
[00:00:00:37:270] average expansions: (29,640, 26,056, 58,056, 0)
[00:00:00:37:270] average time: (19,661, 18,117, 85,945, 0)
[00:00:00:37:270] X-DFBnB: 26,056 , 18,117 (expansions , time[ms])
[00:00:00:37:270] BiX-DFBnB: 58,056 , 85,945 (expansions , time[ms])

