--------------------------
date: SM_Grids
number_of_graphs: 10
graph_type: grid
size_of_graphs: [8, 8]
heuristic: bcc_heuristic
snake: False
run_uni: True
run_bi: True
run_multi: False
solution_vertices: []
algorithms: ['DFBnB']
bsd: False
cube_first_dims: 4
cube_buffer_dim: None
backward_sym_generation: False
sym_coil: False
prefix_set: None

---------- SM_Grids/8x8_grid_with_random_blocks_20per_0 ----------
[00:00:00:01:526] Path of length 44 found: [0, 1, 9, 10, 2, 3, 4, 12, 20, 28, 29, 21, 13, 5, 6, 7, 15, 14, 22, 23, 31, 30, 38, 37, 36, 35, 34, 26, 25, 17, 16, 24, 32, 40, 48, 49, 41, 42, 43, 44, 52, 53, 61, 62, 63]
[00:00:00:01:526] ! Unidirectional s-t. expansions: 1,921, time: 1,526 [ms], path length: 44 [edges], generated: 3,068
[00:00:00:00:718] Path of length 44 found: [63, 62, 61, 53, 52, 44, 43, 42, 50, 49, 41, 40, 32, 24, 16, 17, 25, 26, 34, 35, 36, 28, 20, 12, 13, 21, 29, 37, 38, 39, 31, 30, 22, 23, 15, 7, 6, 5, 4, 3, 2, 10, 9, 1, 0]
[00:00:00:00:718] ! Unidirectional t-s. expansions: 835, time: 718 [ms], path length: 44 [edges], generated: 1,464
[00:00:00:04:442] Path of length 44 found: [0, 1, 9, 10, 2, 3, 4, 12, 20, 28, 29, 21, 13, 5, 6, 7, 15, 14, 22, 23, 31, 30, 38, 37, 36, 35, 34, 26, 25, 17, 16, 24, 32, 40, 48, 49, 50, 42, 43, 44, 52, 53, 61, 62, 63]
[00:00:00:04:907] ! Bidirectional. expansions: 2,775, time: 4,442 [ms], path length: 44 [edges], g_F: 35, g_B: 9, generated: {'F': 2,739, 'B': 1,571}, MM: 26, MMPER: 56.77777777777778%
[00:00:00:04:907] 
---------- SM_Grids/8x8_grid_with_random_blocks_20per_1 ----------
[00:00:00:10:159] Path of length 38 found: [0, 8, 16, 24, 25, 17, 9, 1, 2, 3, 11, 10, 18, 26, 34, 33, 41, 40, 48, 56, 57, 49, 50, 42, 43, 35, 27, 19, 20, 28, 29, 30, 31, 39, 47, 46, 54, 62, 63]
[00:00:00:10:160] ! Unidirectional s-t. expansions: 11,459, time: 10,159 [ms], path length: 38 [edges], generated: 20,248
[00:00:00:02:315] Path of length 38 found: [63, 62, 54, 55, 47, 39, 31, 30, 29, 21, 20, 28, 27, 19, 11, 3, 2, 1, 9, 10, 18, 26, 34, 35, 43, 51, 50, 49, 57, 56, 48, 40, 41, 33, 25, 17, 16, 8, 0]
[00:00:00:02:316] ! Unidirectional t-s. expansions: 2,951, time: 2,315 [ms], path length: 38 [edges], generated: 5,226
[00:00:00:40:702] Path of length 38 found: [0, 8, 16, 24, 25, 17, 9, 1, 2, 3, 11, 10, 18, 26, 34, 33, 41, 40, 48, 56, 57, 49, 50, 42, 43, 35, 27, 19, 20, 28, 29, 30, 31, 39, 47, 55, 54, 62, 63]
[00:00:00:41:141] ! Bidirectional. expansions: 23,539, time: 40,702 [ms], path length: 38 [edges], g_F: 32, g_B: 6, generated: {'F': 34,932, 'B': 5,750}, MM: 26, MMPER: 65.66666666666667%
[00:00:00:41:141] 
---------- SM_Grids/8x8_grid_with_random_blocks_20per_2 ----------
[00:00:00:00:705] Path of length 48 found: [0, 8, 16, 17, 9, 1, 2, 3, 4, 12, 20, 19, 18, 26, 34, 33, 41, 40, 48, 56, 57, 49, 50, 58, 59, 60, 61, 53, 45, 37, 36, 28, 29, 21, 13, 5, 6, 14, 15, 23, 22, 30, 31, 39, 38, 46, 54, 62, 63]
[00:00:00:00:705] ! Unidirectional s-t. expansions: 760, time: 705 [ms], path length: 48 [edges], generated: 1,329
[00:00:00:01:044] Path of length 48 found: [63, 62, 54, 46, 47, 39, 31, 23, 15, 14, 6, 5, 13, 21, 22, 30, 29, 28, 36, 37, 45, 53, 61, 60, 59, 58, 50, 49, 57, 56, 48, 40, 41, 33, 34, 26, 18, 19, 20, 12, 4, 3, 2, 1, 9, 17, 16, 8, 0]
[00:00:00:01:044] ! Unidirectional t-s. expansions: 1,004, time: 1,044 [ms], path length: 48 [edges], generated: 1,612
[00:00:00:05:019] Path of length 48 found: [0, 8, 16, 17, 9, 1, 2, 3, 4, 12, 20, 19, 18, 26, 34, 33, 41, 40, 48, 56, 57, 49, 50, 58, 59, 60, 61, 53, 45, 37, 36, 28, 29, 30, 22, 21, 13, 5, 6, 14, 15, 23, 31, 39, 47, 46, 54, 62, 63]
[00:00:00:05:457] ! Bidirectional. expansions: 2,778, time: 5,019 [ms], path length: 48 [edges], g_F: 27, g_B: 21, generated: {'F': 2,443, 'B': 2,213}, MM: 6, MMPER: 11.244897959183673%
[00:00:00:05:458] 
---------- SM_Grids/8x8_grid_with_random_blocks_20per_3 ----------
[00:00:00:00:518] Path of length 46 found: [0, 1, 9, 8, 16, 24, 32, 40, 41, 49, 57, 58, 50, 51, 43, 35, 34, 26, 27, 19, 18, 10, 11, 3, 4, 12, 13, 5, 6, 7, 15, 23, 22, 30, 31, 39, 38, 37, 36, 44, 45, 53, 52, 60, 61, 62, 63]
[00:00:00:00:530] ! Unidirectional s-t. expansions: 506, time: 530 [ms], path length: 46 [edges], generated: 856
[00:00:00:00:596] Path of length 46 found: [63, 62, 61, 60, 52, 53, 45, 37, 29, 30, 38, 39, 31, 23, 15, 7, 6, 5, 13, 12, 4, 3, 11, 10, 9, 17, 18, 19, 27, 26, 34, 35, 36, 44, 43, 51, 50, 58, 57, 49, 41, 40, 32, 24, 16, 8, 0]
[00:00:00:00:596] ! Unidirectional t-s. expansions: 684, time: 596 [ms], path length: 46 [edges], generated: 1,093
[00:00:00:02:644] Path of length 46 found: [0, 1, 9, 8, 16, 24, 32, 40, 41, 49, 57, 58, 50, 51, 43, 44, 36, 35, 34, 26, 27, 19, 18, 10, 11, 3, 4, 12, 13, 5, 6, 7, 15, 23, 31, 39, 38, 30, 29, 37, 45, 53, 52, 60, 61, 62, 63]
[00:00:00:03:085] ! Bidirectional. expansions: 1,334, time: 2,644 [ms], path length: 46 [edges], g_F: 14, g_B: 32, generated: {'F': 768, 'B': 1,515}, MM: 18, MMPER: 37.297872340425535%
[00:00:00:03:085] 
---------- SM_Grids/8x8_grid_with_random_blocks_20per_4 ----------
[00:00:00:29:339] Path of length 44 found: [0, 8, 16, 24, 32, 40, 48, 49, 57, 58, 59, 51, 43, 44, 36, 28, 20, 19, 27, 26, 34, 33, 25, 17, 18, 10, 9, 1, 2, 3, 4, 5, 6, 7, 15, 23, 22, 21, 29, 37, 45, 46, 54, 62, 63]
[00:00:00:29:340] ! Unidirectional s-t. expansions: 42,033, time: 29,339 [ms], path length: 44 [edges], generated: 66,564
[00:00:00:10:592] Path of length 44 found: [63, 55, 54, 46, 38, 37, 45, 44, 43, 51, 59, 58, 57, 49, 48, 40, 41, 33, 32, 24, 16, 8, 9, 17, 25, 26, 18, 10, 11, 19, 27, 28, 20, 21, 22, 23, 15, 7, 6, 5, 4, 3, 2, 1, 0]
[00:00:00:10:593] ! Unidirectional t-s. expansions: 13,401, time: 10,592 [ms], path length: 44 [edges], generated: 24,329
[00:00:01:13:428] Path of length 44 found: [0, 8, 16, 24, 32, 40, 48, 49, 57, 58, 59, 51, 43, 44, 36, 28, 27, 19, 11, 10, 18, 26, 34, 33, 25, 17, 9, 1, 2, 3, 4, 5, 6, 7, 15, 23, 22, 21, 29, 37, 38, 46, 54, 55, 63]
[00:00:01:13:897] ! Bidirectional. expansions: 50,244, time: 73,428 [ms], path length: 44 [edges], g_F: 16, g_B: 28, generated: {'F': 54,912, 'B': 30,293}, MM: 12, MMPER: 25.666666666666668%
[00:00:01:13:897] 
---------- SM_Grids/8x8_grid_with_random_blocks_20per_5 ----------
[00:00:00:02:763] Path of length 46 found: [0, 1, 9, 8, 16, 24, 32, 40, 48, 49, 57, 58, 59, 51, 50, 42, 41, 33, 25, 17, 18, 26, 34, 35, 36, 28, 20, 12, 13, 21, 22, 14, 15, 23, 31, 39, 38, 37, 45, 53, 61, 62, 54, 46, 47, 55, 63]
[00:00:00:02:764] ! Unidirectional s-t. expansions: 3,198, time: 2,764 [ms], path length: 46 [edges], generated: 5,832
[00:00:00:01:324] Path of length 46 found: [63, 55, 47, 39, 31, 23, 15, 14, 22, 21, 13, 12, 20, 28, 29, 37, 38, 46, 54, 62, 61, 53, 52, 51, 59, 58, 57, 49, 48, 40, 32, 24, 25, 33, 41, 42, 43, 35, 34, 26, 18, 17, 16, 8, 9, 1, 0]
[00:00:00:01:325] ! Unidirectional t-s. expansions: 1,448, time: 1,325 [ms], path length: 46 [edges], generated: 2,726
[00:00:00:29:437] Path of length 46 found: [0, 1, 9, 8, 16, 24, 32, 40, 48, 49, 57, 58, 50, 42, 41, 33, 25, 17, 18, 26, 34, 35, 43, 51, 52, 53, 61, 62, 54, 46, 45, 37, 36, 28, 20, 12, 13, 21, 22, 14, 15, 23, 31, 39, 47, 55, 63]
[00:00:00:29:865] ! Bidirectional. expansions: 15,957, time: 29,438 [ms], path length: 46 [edges], g_F: 30, g_B: 16, generated: {'F': 16,245, 'B': 11,978}, MM: 14, MMPER: 28.78723404255319%
[00:00:00:29:865] 
---------- SM_Grids/8x8_grid_with_random_blocks_20per_6 ----------
[00:00:00:01:245] Path of length 46 found: [0, 1, 9, 8, 16, 17, 18, 10, 11, 19, 27, 28, 20, 21, 13, 12, 4, 5, 6, 14, 15, 23, 31, 39, 38, 37, 36, 44, 45, 53, 52, 51, 43, 42, 50, 49, 48, 56, 57, 58, 59, 60, 61, 62, 54, 55, 63]
[00:00:00:01:245] ! Unidirectional s-t. expansions: 1,291, time: 1,245 [ms], path length: 46 [edges], generated: 2,082
[00:00:00:01:961] Path of length 46 found: [63, 55, 47, 39, 31, 23, 15, 14, 6, 5, 4, 12, 13, 21, 29, 37, 45, 53, 54, 62, 61, 60, 52, 51, 59, 58, 57, 56, 48, 49, 50, 42, 43, 44, 36, 28, 20, 19, 27, 26, 18, 10, 9, 17, 16, 8, 0]
[00:00:00:01:961] ! Unidirectional t-s. expansions: 2,487, time: 1,961 [ms], path length: 46 [edges], generated: 4,122
[00:00:00:08:521] Path of length 46 found: [0, 1, 9, 8, 16, 17, 18, 10, 11, 19, 27, 28, 36, 44, 43, 42, 50, 49, 48, 56, 57, 58, 59, 51, 52, 60, 61, 62, 54, 53, 45, 37, 29, 21, 20, 12, 4, 5, 13, 14, 15, 23, 31, 39, 47, 55, 63]
[00:00:00:08:945] ! Bidirectional. expansions: 4,669, time: 8,521 [ms], path length: 46 [edges], g_F: 39, g_B: 7, generated: {'F': 6,439, 'B': 1,510}, MM: 32, MMPER: 67.08510638297872%
[00:00:00:08:946] 
---------- SM_Grids/8x8_grid_with_random_blocks_20per_7 ----------
[00:00:00:02:285] Path of length 42 found: [0, 8, 16, 24, 32, 40, 41, 33, 25, 17, 9, 1, 2, 3, 11, 19, 18, 26, 34, 42, 50, 51, 43, 35, 27, 28, 20, 12, 4, 5, 6, 14, 15, 23, 31, 30, 38, 39, 47, 55, 54, 62, 63]
[00:00:00:02:285] ! Unidirectional s-t. expansions: 2,317, time: 2,285 [ms], path length: 42 [edges], generated: 3,774
[00:00:00:00:355] Path of length 42 found: [63, 62, 54, 55, 47, 39, 38, 30, 31, 23, 15, 7, 6, 5, 4, 3, 2, 1, 9, 17, 25, 33, 34, 26, 18, 19, 11, 12, 20, 28, 27, 35, 43, 51, 50, 42, 41, 40, 32, 24, 16, 8, 0]
[00:00:00:00:356] ! Unidirectional t-s. expansions: 361, time: 355 [ms], path length: 42 [edges], generated: 665
[00:00:00:07:850] Path of length 42 found: [0, 8, 16, 24, 32, 40, 41, 33, 25, 17, 9, 1, 2, 3, 11, 19, 18, 26, 34, 42, 50, 51, 43, 35, 27, 28, 20, 12, 4, 5, 6, 14, 15, 23, 31, 30, 38, 39, 47, 55, 54, 62, 63]
[00:00:00:08:300] ! Bidirectional. expansions: 4,467, time: 7,851 [ms], path length: 42 [edges], g_F: 32, g_B: 10, generated: {'F': 4,419, 'B': 2,528}, MM: 22, MMPER: 50.16279069767442%
[00:00:00:08:300] 
---------- SM_Grids/8x8_grid_with_random_blocks_20per_8 ----------
[00:00:00:00:185] Path of length 48 found: [0, 8, 16, 24, 32, 33, 25, 17, 9, 10, 2, 3, 11, 19, 20, 12, 4, 5, 13, 14, 6, 7, 15, 23, 22, 21, 29, 28, 27, 35, 36, 44, 52, 51, 50, 42, 41, 49, 57, 58, 59, 60, 61, 53, 45, 46, 47, 55, 63]
[00:00:00:00:185] ! Unidirectional s-t. expansions: 222, time: 185 [ms], path length: 48 [edges], generated: 347
[00:00:00:00:133] Path of length 48 found: [63, 55, 47, 46, 45, 53, 61, 60, 59, 58, 57, 49, 41, 42, 50, 51, 52, 44, 36, 35, 27, 19, 11, 12, 20, 28, 29, 21, 13, 14, 22, 23, 15, 7, 6, 5, 4, 3, 2, 10, 9, 17, 25, 33, 32, 24, 16, 8, 0]
[00:00:00:00:133] ! Unidirectional t-s. expansions: 144, time: 133 [ms], path length: 48 [edges], generated: 221
[00:00:00:00:402] Path of length 48 found: [0, 8, 16, 24, 32, 33, 25, 17, 9, 10, 2, 3, 11, 19, 20, 12, 4, 5, 13, 14, 6, 7, 15, 23, 22, 21, 29, 28, 27, 35, 36, 44, 52, 51, 50, 42, 41, 49, 57, 58, 59, 60, 61, 53, 45, 46, 47, 55, 63]
[00:00:00:00:825] ! Bidirectional. expansions: 222, time: 402 [ms], path length: 48 [edges], g_F: 48, g_B: 0, generated: {'F': 340, 'B': 6}, MM: 48, MMPER: 96.95918367346938%
[00:00:00:00:825] 
---------- SM_Grids/8x8_grid_with_random_blocks_20per_9 ----------
[00:00:00:00:043] Path of length 36 found: [0, 8, 9, 1, 2, 10, 18, 26, 34, 35, 27, 28, 36, 44, 45, 37, 29, 21, 13, 5, 6, 7, 15, 14, 22, 23, 31, 30, 38, 39, 47, 55, 54, 53, 61, 62, 63]
[00:00:00:00:043] ! Unidirectional s-t. expansions: 40, time: 43 [ms], path length: 36 [edges], generated: 66
[00:00:00:00:320] Path of length 36 found: [63, 62, 61, 53, 54, 55, 47, 39, 31, 23, 15, 7, 6, 5, 13, 14, 22, 21, 29, 30, 38, 37, 45, 44, 36, 28, 27, 35, 34, 26, 18, 17, 9, 10, 2, 1, 0]
[00:00:00:00:320] ! Unidirectional t-s. expansions: 324, time: 320 [ms], path length: 36 [edges], generated: 548
[00:00:00:00:701] Path of length 36 found: [0, 8, 9, 1, 2, 10, 18, 26, 34, 35, 27, 28, 36, 44, 45, 37, 38, 30, 29, 21, 22, 14, 13, 5, 6, 7, 15, 23, 31, 39, 47, 55, 54, 53, 61, 62, 63]
[00:00:00:01:121] ! Bidirectional. expansions: 333, time: 701 [ms], path length: 36 [edges], g_F: 3, g_B: 33, generated: {'F': 399, 'B': 168}, MM: 30, MMPER: 80.08108108108108%
[00:00:00:01:121] average expansions: (6,375, 2,364, 10,632, 0)
[00:00:00:01:121] average time: (4,976, 2,061, 18,258, 0)
[00:00:00:01:121] X-DFBnB: 2,364 , 2,061 (expansions , time[ms])
[00:00:00:01:121] BiX-DFBnB: 10,632 , 18,258 (expansions , time[ms])

