--------------------------
date: SM_Grids
number_of_graphs: 10
graph_type: grid
size_of_graphs: [8, 8]
heuristic: bcc_heuristic
snake: False
run_uni: True
run_bi: True
run_multi: False
solution_vertices: []
algorithms: ['DFBnB']
bsd: False
cube_first_dims: 4
cube_buffer_dim: None
backward_sym_generation: False
sym_coil: False
prefix_set: None

---------- SM_Grids/8x8_grid_with_random_blocks_12per_0 ----------
[00:00:00:13:627] Path of length 52 found: [0, 8, 16, 24, 25, 17, 9, 1, 2, 10, 18, 26, 34, 33, 41, 40, 48, 56, 57, 58, 50, 42, 43, 35, 27, 19, 11, 3, 4, 12, 20, 21, 13, 14, 22, 30, 31, 39, 47, 55, 54, 53, 45, 37, 36, 44, 52, 51, 59, 60, 61, 62, 63]
[00:00:00:13:628] ! Unidirectional s-t. expansions: 14,646, time: 13,627 [ms], path length: 52 [edges], generated: 24,004
[00:00:00:19:055] Path of length 52 found: [63, 55, 47, 39, 31, 30, 22, 14, 13, 21, 20, 12, 4, 3, 2, 1, 9, 17, 18, 10, 11, 19, 27, 28, 36, 37, 45, 44, 43, 35, 34, 42, 50, 51, 52, 53, 54, 62, 61, 60, 59, 58, 57, 56, 48, 40, 41, 33, 25, 24, 16, 8, 0]
[00:00:00:19:056] ! Unidirectional t-s. expansions: 24,338, time: 19,055 [ms], path length: 52 [edges], generated: 38,099
[00:00:01:24:945] Path of length 52 found: [0, 8, 16, 24, 25, 17, 9, 1, 2, 10, 18, 26, 34, 33, 41, 40, 48, 56, 57, 58, 50, 42, 43, 51, 59, 60, 61, 62, 54, 53, 52, 44, 45, 37, 36, 35, 27, 28, 20, 19, 11, 3, 4, 12, 13, 14, 22, 30, 31, 39, 47, 55, 63]
[00:00:01:25:400] ! Bidirectional. expansions: 41,963, time: 84,946 [ms], path length: 52 [edges], g_F: 43, g_B: 9, generated: {'F': 43,487, 'B': 29,457}, MM: 34, MMPER: 63.15094339622641%
[00:00:01:25:401] 
---------- SM_Grids/8x8_grid_with_random_blocks_12per_1 ----------
[00:00:00:01:576] Path of length 52 found: [0, 8, 16, 24, 32, 33, 25, 17, 9, 1, 2, 10, 11, 3, 4, 12, 13, 5, 6, 7, 15, 14, 22, 21, 20, 19, 27, 26, 34, 42, 41, 49, 50, 58, 59, 51, 52, 60, 61, 53, 45, 44, 36, 28, 29, 37, 38, 39, 47, 46, 54, 62, 63]
[00:00:00:01:576] ! Unidirectional s-t. expansions: 1,633, time: 1,576 [ms], path length: 52 [edges], generated: 2,704
[00:00:00:01:370] Path of length 52 found: [63, 55, 47, 39, 38, 37, 29, 21, 22, 14, 15, 7, 6, 5, 13, 12, 4, 3, 11, 10, 2, 1, 9, 17, 25, 26, 27, 19, 20, 28, 36, 44, 52, 53, 45, 46, 54, 62, 61, 60, 59, 51, 50, 49, 41, 42, 34, 33, 32, 24, 16, 8, 0]
[00:00:00:01:371] ! Unidirectional t-s. expansions: 1,303, time: 1,371 [ms], path length: 52 [edges], generated: 2,238
[00:00:00:18:235] Path of length 52 found: [0, 8, 16, 24, 32, 33, 25, 17, 9, 1, 2, 10, 11, 3, 4, 12, 13, 5, 6, 7, 15, 14, 22, 21, 20, 19, 27, 26, 34, 42, 41, 49, 50, 58, 59, 51, 52, 60, 61, 62, 54, 53, 45, 44, 36, 28, 29, 37, 38, 39, 47, 55, 63]
[00:00:00:18:668] ! Bidirectional. expansions: 7,750, time: 18,235 [ms], path length: 52 [edges], g_F: 41, g_B: 11, generated: {'F': 7,607, 'B': 6,211}, MM: 30, MMPER: 55.60377358490566%
[00:00:00:18:668] 
---------- SM_Grids/8x8_grid_with_random_blocks_12per_2 ----------
[00:00:00:20:898] Path of length 50 found: [0, 8, 16, 24, 32, 33, 25, 17, 9, 1, 2, 10, 18, 19, 27, 28, 20, 12, 11, 3, 4, 5, 13, 21, 22, 14, 15, 23, 31, 30, 29, 37, 36, 44, 43, 42, 50, 49, 57, 58, 59, 51, 52, 60, 61, 62, 54, 46, 47, 55, 63]
[00:00:00:20:898] ! Unidirectional s-t. expansions: 19,801, time: 20,898 [ms], path length: 50 [edges], generated: 35,564
[00:00:00:06:615] Path of length 50 found: [63, 55, 47, 46, 54, 62, 61, 60, 52, 44, 43, 51, 59, 58, 57, 49, 50, 42, 34, 33, 32, 24, 25, 17, 16, 8, 9, 10, 18, 19, 27, 28, 36, 37, 38, 30, 29, 21, 22, 23, 15, 14, 13, 5, 4, 12, 11, 3, 2, 1, 0]
[00:00:00:06:616] ! Unidirectional t-s. expansions: 6,370, time: 6,615 [ms], path length: 50 [edges], generated: 11,920
[00:00:01:34:064] Path of length 50 found: [0, 8, 16, 24, 32, 33, 25, 17, 9, 1, 2, 10, 18, 19, 27, 28, 20, 12, 11, 3, 4, 5, 13, 21, 22, 14, 15, 23, 31, 30, 29, 37, 36, 44, 43, 42, 50, 49, 57, 58, 59, 51, 52, 60, 61, 62, 54, 46, 47, 55, 63]
[00:00:01:34:486] ! Bidirectional. expansions: 45,612, time: 94,064 [ms], path length: 50 [edges], g_F: 33, g_B: 17, generated: {'F': 50,069, 'B': 32,748}, MM: 16, MMPER: 30.372549019607842%
[00:00:01:34:486] 
---------- SM_Grids/8x8_grid_with_random_blocks_12per_3 ----------
[00:00:00:06:403] Path of length 54 found: [0, 8, 16, 24, 32, 33, 41, 49, 48, 56, 57, 58, 50, 51, 59, 60, 52, 44, 43, 35, 36, 37, 29, 30, 22, 14, 13, 12, 20, 19, 27, 26, 25, 17, 18, 10, 9, 1, 2, 3, 4, 5, 6, 7, 15, 23, 31, 39, 38, 46, 47, 55, 54, 62, 63]
[00:00:00:06:404] ! Unidirectional s-t. expansions: 6,537, time: 6,403 [ms], path length: 54 [edges], generated: 10,793
[00:00:00:05:665] Path of length 54 found: [63, 55, 47, 39, 31, 23, 15, 7, 6, 5, 4, 3, 2, 1, 9, 10, 18, 17, 25, 26, 27, 19, 20, 12, 13, 14, 22, 30, 29, 37, 38, 46, 54, 62, 61, 60, 52, 44, 36, 35, 43, 51, 59, 58, 57, 56, 48, 49, 41, 33, 32, 24, 16, 8, 0]
[00:00:00:05:665] ! Unidirectional t-s. expansions: 4,983, time: 5,665 [ms], path length: 54 [edges], generated: 8,334
[00:00:01:30:465] Path of length 54 found: [0, 8, 16, 24, 32, 33, 41, 49, 48, 56, 57, 58, 50, 51, 59, 60, 61, 62, 54, 46, 45, 44, 43, 35, 36, 37, 29, 30, 22, 14, 13, 12, 20, 19, 27, 26, 25, 17, 18, 10, 9, 1, 2, 3, 4, 5, 6, 7, 15, 23, 31, 39, 47, 55, 63]
[00:00:01:30:928] ! Bidirectional. expansions: 41,288, time: 90,465 [ms], path length: 54 [edges], g_F: 22, g_B: 32, generated: {'F': 36,565, 'B': 33,498}, MM: 10, MMPER: 17.181818181818183%
[00:00:01:30:928] 
---------- SM_Grids/8x8_grid_with_random_blocks_12per_4 ----------
[00:00:00:00:355] Path of length 54 found: [0, 8, 16, 24, 25, 17, 9, 10, 18, 26, 34, 33, 41, 49, 48, 56, 57, 58, 50, 42, 43, 51, 59, 60, 52, 44, 36, 35, 27, 19, 11, 12, 4, 5, 6, 14, 13, 21, 20, 28, 29, 37, 38, 30, 22, 23, 31, 39, 47, 55, 54, 53, 61, 62, 63]
[00:00:00:00:355] ! Unidirectional s-t. expansions: 383, time: 355 [ms], path length: 54 [edges], generated: 678
[00:00:00:00:061] Path of length 54 found: [63, 55, 47, 39, 31, 23, 22, 14, 6, 5, 4, 12, 13, 21, 20, 19, 11, 10, 9, 17, 18, 26, 34, 42, 50, 51, 43, 35, 27, 28, 29, 30, 38, 37, 36, 44, 52, 53, 54, 62, 61, 60, 59, 58, 57, 56, 48, 49, 41, 33, 25, 24, 16, 8, 0]
[00:00:00:00:061] ! Unidirectional t-s. expansions: 54, time: 61 [ms], path length: 54 [edges], generated: 91
[00:00:00:02:212] Path of length 54 found: [0, 8, 16, 24, 25, 17, 9, 10, 11, 19, 18, 26, 27, 35, 34, 33, 41, 49, 48, 56, 57, 58, 50, 42, 43, 51, 59, 60, 61, 62, 54, 53, 52, 44, 36, 37, 38, 30, 29, 28, 20, 21, 13, 12, 4, 5, 6, 14, 22, 23, 31, 39, 47, 55, 63]
[00:00:00:02:645] ! Bidirectional. expansions: 1,450, time: 2,212 [ms], path length: 54 [edges], g_F: 39, g_B: 15, generated: {'F': 1,602, 'B': 1,112}, MM: 24, MMPER: 42.63636363636363%
[00:00:00:02:645] 
---------- SM_Grids/8x8_grid_with_random_blocks_12per_5 ----------
[00:00:00:18:384] Path of length 52 found: [0, 8, 16, 24, 32, 40, 41, 33, 25, 17, 9, 1, 2, 3, 11, 19, 27, 35, 34, 42, 50, 58, 59, 51, 43, 44, 52, 60, 61, 53, 45, 37, 29, 28, 20, 21, 13, 12, 4, 5, 6, 14, 15, 23, 22, 30, 31, 39, 38, 46, 47, 55, 63]
[00:00:00:18:384] ! Unidirectional s-t. expansions: 17,136, time: 18,384 [ms], path length: 52 [edges], generated: 30,426
[00:00:00:08:979] Path of length 52 found: [63, 55, 47, 39, 31, 23, 15, 14, 6, 5, 4, 3, 2, 1, 9, 17, 18, 19, 27, 28, 20, 12, 13, 21, 22, 30, 29, 37, 38, 46, 45, 44, 52, 53, 61, 60, 59, 58, 50, 51, 43, 35, 34, 42, 41, 40, 32, 33, 25, 24, 16, 8, 0]
[00:00:00:08:980] ! Unidirectional t-s. expansions: 9,474, time: 8,980 [ms], path length: 52 [edges], generated: 15,886
[00:00:00:57:866] Path of length 52 found: [0, 8, 16, 24, 32, 40, 41, 33, 25, 17, 9, 1, 2, 3, 11, 19, 20, 28, 27, 35, 34, 42, 50, 58, 59, 60, 61, 53, 52, 51, 43, 44, 45, 46, 38, 37, 29, 30, 22, 21, 13, 12, 4, 5, 6, 14, 15, 23, 31, 39, 47, 55, 63]
[00:00:00:58:296] ! Bidirectional. expansions: 27,822, time: 57,866 [ms], path length: 52 [edges], g_F: 14, g_B: 38, generated: {'F': 25,689, 'B': 23,403}, MM: 24, MMPER: 44.283018867924525%
[00:00:00:58:296] 
---------- SM_Grids/8x8_grid_with_random_blocks_12per_6 ----------
[00:00:00:26:864] Path of length 52 found: [0, 8, 16, 24, 32, 40, 48, 49, 41, 42, 50, 51, 59, 60, 61, 53, 45, 44, 43, 35, 34, 26, 25, 17, 9, 1, 2, 10, 18, 19, 27, 28, 20, 12, 11, 3, 4, 5, 13, 14, 6, 7, 15, 23, 22, 21, 29, 37, 38, 46, 54, 62, 63]
[00:00:00:26:865] ! Unidirectional s-t. expansions: 31,302, time: 26,865 [ms], path length: 52 [edges], generated: 50,527
[00:00:00:21:732] Path of length 52 found: [63, 62, 54, 46, 38, 37, 29, 21, 13, 14, 22, 23, 15, 7, 6, 5, 4, 3, 2, 1, 9, 17, 25, 26, 18, 10, 11, 12, 20, 19, 27, 28, 36, 35, 34, 42, 43, 44, 45, 53, 61, 60, 59, 51, 50, 49, 41, 40, 32, 24, 16, 8, 0]
[00:00:00:21:732] ! Unidirectional t-s. expansions: 24,818, time: 21,732 [ms], path length: 52 [edges], generated: 41,609
[00:00:02:27:482] Path of length 52 found: [0, 8, 16, 24, 32, 40, 48, 49, 41, 42, 50, 51, 59, 60, 61, 53, 45, 44, 36, 28, 20, 12, 11, 10, 18, 19, 27, 35, 34, 26, 25, 17, 9, 1, 2, 3, 4, 5, 6, 7, 15, 23, 22, 14, 13, 21, 29, 37, 38, 46, 54, 62, 63]
[00:00:02:27:896] ! Bidirectional. expansions: 83,785, time: 147,482 [ms], path length: 52 [edges], g_F: 19, g_B: 33, generated: {'F': 92,481, 'B': 57,073}, MM: 14, MMPER: 25.41509433962264%
[00:00:02:27:896] 
---------- SM_Grids/8x8_grid_with_random_blocks_12per_7 ----------
[00:00:02:49:898] Valid states checked so far: 200,000, Expansions: 199,998, Global best: 53
[00:00:03:52:309] Path of length 52 found: [0, 8, 16, 24, 32, 40, 48, 56, 57, 58, 59, 60, 52, 44, 36, 28, 27, 26, 34, 35, 43, 42, 41, 33, 25, 17, 9, 10, 18, 19, 20, 12, 13, 5, 6, 7, 15, 14, 22, 23, 31, 30, 38, 37, 45, 53, 61, 62, 54, 46, 47, 55, 63]
[00:00:03:52:310] ! Unidirectional s-t. expansions: 273,370, time: 232,309 [ms], path length: 52 [edges], generated: 469,500
[00:00:02:57:764] Valid states checked so far: 200,000, Expansions: 199,999, Global best: 53
[00:00:03:34:978] Path of length 52 found: [63, 55, 47, 39, 31, 23, 15, 7, 6, 5, 13, 12, 20, 21, 22, 30, 38, 37, 36, 28, 27, 19, 18, 10, 9, 17, 25, 26, 34, 35, 43, 44, 52, 53, 45, 46, 54, 62, 61, 60, 59, 58, 57, 56, 48, 49, 41, 33, 32, 24, 16, 8, 0]
[00:00:03:34:978] ! Unidirectional t-s. expansions: 239,510, time: 214,978 [ms], path length: 52 [edges], generated: 403,865
[00:00:05:32:588] Valid meeting checks so far: 200,000, state_vs_state: 23, state_vs_prefix: 0, prefix_vs_prefix: 199,977
[00:00:11:12:493] Valid meeting checks so far: 400,000, state_vs_state: 116, state_vs_prefix: 0, prefix_vs_prefix: 399,884
[00:00:17:02:561] Valid meeting checks so far: 600,000, state_vs_state: 148, state_vs_prefix: 0, prefix_vs_prefix: 599,852
[00:00:22:56:060] Valid meeting checks so far: 800,000, state_vs_state: 236, state_vs_prefix: 0, prefix_vs_prefix: 799,764
[00:00:27:12:633] Path of length 52 found: [0, 8, 16, 24, 32, 40, 48, 56, 57, 58, 59, 60, 52, 53, 61, 62, 54, 46, 45, 44, 43, 42, 41, 33, 34, 26, 25, 17, 9, 10, 18, 19, 27, 28, 36, 37, 38, 30, 22, 21, 20, 12, 13, 5, 6, 7, 15, 23, 31, 39, 47, 55, 63]
[00:00:27:13:086] ! Bidirectional. expansions: 944,747, time: 1,632,633 [ms], path length: 52 [edges], g_F: 18, g_B: 34, generated: {'F': 1,099,978, 'B': 613,026}, MM: 16, MMPER: 29.18867924528302%
[00:00:27:13:086] 
---------- SM_Grids/8x8_grid_with_random_blocks_12per_8 ----------
[00:00:00:07:483] Path of length 54 found: [0, 8, 16, 24, 32, 33, 41, 49, 48, 56, 57, 58, 59, 60, 52, 53, 45, 37, 29, 21, 13, 12, 20, 19, 27, 28, 36, 44, 43, 35, 34, 26, 25, 17, 18, 10, 9, 1, 2, 3, 4, 5, 6, 7, 15, 14, 22, 23, 31, 30, 38, 46, 47, 55, 63]
[00:00:00:07:484] ! Unidirectional s-t. expansions: 8,424, time: 7,483 [ms], path length: 54 [edges], generated: 13,871
[00:00:00:05:304] Path of length 54 found: [63, 55, 47, 39, 31, 23, 15, 7, 6, 5, 4, 3, 2, 1, 9, 10, 18, 17, 25, 26, 34, 35, 43, 44, 36, 28, 27, 19, 20, 12, 13, 14, 22, 21, 29, 30, 38, 37, 45, 53, 52, 60, 59, 58, 57, 56, 48, 49, 41, 33, 32, 24, 16, 8, 0]
[00:00:00:05:305] ! Unidirectional t-s. expansions: 5,429, time: 5,304 [ms], path length: 54 [edges], generated: 9,446
[00:00:00:26:934] Path of length 54 found: [0, 8, 16, 24, 32, 33, 41, 49, 48, 56, 57, 58, 59, 60, 52, 53, 45, 37, 29, 21, 13, 12, 20, 19, 27, 28, 36, 44, 43, 35, 34, 26, 25, 17, 18, 10, 9, 1, 2, 3, 4, 5, 6, 7, 15, 14, 22, 23, 31, 30, 38, 46, 47, 55, 63]
[00:00:00:27:345] ! Bidirectional. expansions: 15,122, time: 26,934 [ms], path length: 54 [edges], g_F: 52, g_B: 2, generated: {'F': 12,853, 'B': 13,049}, MM: 50, MMPER: 89.9090909090909%
[00:00:00:27:346] 
---------- SM_Grids/8x8_grid_with_random_blocks_12per_9 ----------
[00:00:01:35:761] Path of length 52 found: [0, 8, 9, 1, 2, 10, 18, 26, 25, 24, 32, 40, 48, 56, 57, 49, 41, 33, 34, 35, 43, 51, 50, 58, 59, 60, 52, 53, 45, 37, 36, 28, 27, 19, 11, 12, 20, 21, 13, 5, 6, 7, 15, 23, 31, 30, 38, 46, 47, 55, 54, 62, 63]
[00:00:01:35:762] ! Unidirectional s-t. expansions: 107,860, time: 95,762 [ms], path length: 52 [edges], generated: 181,731
[00:00:02:24:377] Path of length 52 found: [63, 55, 47, 46, 38, 30, 31, 23, 15, 7, 6, 5, 4, 12, 13, 21, 20, 19, 11, 10, 18, 26, 25, 33, 34, 35, 27, 28, 36, 37, 45, 53, 54, 62, 61, 60, 52, 51, 59, 58, 50, 49, 57, 56, 48, 40, 32, 24, 16, 8, 9, 1, 0]
[00:00:02:24:378] ! Unidirectional t-s. expansions: 154,934, time: 144,377 [ms], path length: 52 [edges], generated: 263,786
[00:00:06:00:899] Valid meeting checks so far: 200,000, state_vs_state: 106, state_vs_prefix: 0, prefix_vs_prefix: 199,894
[00:00:10:27:382] Path of length 52 found: [0, 8, 9, 1, 2, 10, 18, 26, 25, 24, 32, 33, 41, 40, 48, 56, 57, 49, 50, 58, 59, 51, 52, 60, 61, 62, 54, 53, 45, 37, 29, 28, 36, 35, 27, 19, 20, 21, 13, 12, 4, 5, 6, 7, 15, 23, 31, 30, 38, 46, 47, 55, 63]
[00:00:10:27:796] ! Bidirectional. expansions: 351,310, time: 627,382 [ms], path length: 52 [edges], g_F: 27, g_B: 25, generated: {'F': 267,701, 'B': 356,003}, MM: 2, MMPER: 2.7735849056603774%
[00:00:10:27:796] average expansions: (48,109, 47,121, 156,085, 0)
[00:00:10:27:796] average time: (42,366, 42,814, 278,222, 0)
[00:00:10:27:796] X-DFBnB: 47,121 , 42,366 (expansions , time[ms])
[00:00:10:27:796] BiX-DFBnB: 156,085 , 278,222 (expansions , time[ms])

