--------------------------
date: mazes
number_of_graphs: 3
graph_type: maze
size_of_graphs: [13, 13]
heuristic: bcc_heuristic
snake: False
run_uni: True
run_bi: True
run_multi: False
solution_vertices: []
algorithms: ['full', 'DFS']
bsd: True
cube_first_dims: 4
cube_buffer_dim: None
backward_sym_generation: False
sym_coil: False
prefix_set: None

---------- mazes/13x13_maze_with_blocks_and_random_removals_0 ----------
[00:00:00:02:270] Path of length 84 found: [0, 1, 2, 3, 4, 17, 30, 31, 32, 19, 6, 7, 8, 9, 10, 11, 12, 25, 38, 37, 36, 49, 62, 61, 60, 59, 58, 57, 56, 55, 54, 41, 28, 27, 26, 39, 52, 65, 78, 79, 80, 81, 82, 83, 84, 85, 86, 87, 88, 89, 90, 103, 116, 115, 114, 113, 112, 111, 110, 109, 122, 135, 134, 133, 132, 131, 130, 143, 156, 157, 158, 159, 160, 161, 162, 163, 164, 165, 152, 139, 140, 141, 142, 155, 168]
[00:00:00:02:270] ! Unidirectional s-t. expansions: 1,126, time: 2,270 [ms], path length: 84 [edges], generated: 1,504
[00:00:00:01:101] Path of length 84 found: [168, 155, 142, 141, 140, 139, 152, 165, 164, 163, 162, 161, 160, 159, 158, 157, 156, 143, 130, 131, 132, 133, 134, 135, 122, 109, 110, 111, 112, 113, 114, 115, 116, 103, 90, 89, 88, 87, 86, 85, 84, 83, 82, 81, 80, 79, 78, 65, 52, 39, 26, 27, 28, 41, 54, 55, 56, 57, 58, 59, 60, 61, 62, 63, 64, 51, 38, 25, 12, 11, 10, 9, 8, 7, 6, 19, 32, 31, 30, 17, 4, 3, 2, 1, 0]
[00:00:00:01:101] ! Unidirectional t-s. expansions: 561, time: 1,101 [ms], path length: 84 [edges], generated: 753
[00:00:00:03:456] Path of length 84 found: [168, 155, 142, 141, 140, 139, 152, 165, 164, 163, 162, 161, 160, 159, 158, 157, 156, 143, 130, 131, 132, 133, 134, 135, 122, 109, 110, 111, 112, 113, 114, 115, 116, 103, 90, 89, 88, 87, 86, 85, 84, 83, 82, 81, 80, 79, 78, 65, 52, 39, 26, 27, 28, 41, 54, 55, 56, 57, 58, 59, 60, 61, 62, 49, 36, 37, 38, 25, 12, 11, 10, 9, 8, 7, 6, 19, 32, 31, 30, 17, 4, 3, 2, 1, 0]
[00:00:00:03:456] ! Bidirectional. expansions: 1,354, time: 3,456 [ms], path length: 84 [edges], g_F: 44, g_B: 40, generated: 1,816, MM: 4, MMPER: 3.7,058,823,529,411,766%
[00:00:00:03:456] 
---------- mazes/13x13_maze_with_blocks_and_random_removals_1 ----------
[00:00:01:54:508] Path of length 94 found: [0, 1, 2, 3, 4, 17, 30, 31, 32, 19, 6, 7, 8, 9, 10, 11, 12, 25, 38, 37, 36, 35, 34, 47, 48, 49, 50, 51, 64, 63, 62, 75, 74, 61, 60, 59, 58, 57, 56, 55, 54, 41, 28, 27, 26, 39, 52, 65, 78, 79, 80, 81, 82, 83, 84, 85, 86, 87, 88, 89, 90, 103, 116, 115, 114, 113, 112, 111, 110, 109, 122, 135, 134, 133, 132, 131, 130, 143, 156, 157, 158, 159, 160, 161, 162, 163, 164, 165, 152, 139, 140, 141, 142, 155, 168]
[00:00:01:54:508] ! Unidirectional s-t. expansions: 41,562, time: 114,508 [ms], path length: 94 [edges], generated: 60,782
[00:00:00:25:776] Path of length 94 found: [168, 155, 142, 141, 140, 139, 152, 165, 164, 163, 162, 161, 160, 159, 158, 157, 156, 143, 130, 131, 132, 133, 134, 135, 122, 109, 110, 111, 112, 113, 114, 115, 116, 103, 90, 89, 88, 75, 62, 63, 64, 51, 50, 49, 48, 47, 34, 35, 36, 37, 38, 25, 12, 11, 10, 9, 8, 7, 6, 19, 32, 45, 58, 59, 60, 61, 74, 87, 86, 85, 84, 83, 82, 81, 80, 79, 78, 65, 52, 39, 26, 27, 28, 41, 54, 55, 56, 43, 30, 17, 4, 3, 2, 1, 0]
[00:00:00:25:776] ! Unidirectional t-s. expansions: 9,232, time: 25,776 [ms], path length: 94 [edges], generated: 13,730
[00:00:02:29:120] Path of length 94 found: [0, 1, 2, 3, 4, 17, 30, 31, 32, 19, 6, 7, 8, 9, 10, 11, 12, 25, 38, 51, 64, 63, 50, 37, 36, 49, 48, 35, 34, 47, 60, 59, 58, 57, 56, 55, 54, 41, 28, 27, 26, 39, 52, 65, 78, 79, 80, 81, 82, 83, 84, 85, 86, 87, 74, 61, 62, 75, 88, 89, 90, 103, 116, 115, 114, 113, 112, 111, 110, 109, 122, 135, 134, 133, 132, 131, 130, 143, 156, 157, 158, 159, 160, 161, 162, 163, 164, 165, 152, 139, 140, 141, 142, 155, 168]
[00:00:02:29:120] ! Bidirectional. expansions: 50,356, time: 149,120 [ms], path length: 94 [edges], g_F: 49, g_B: 45, generated: 74,777, MM: 4, MMPER: 3.2,105,263,157,894,735%
[00:00:02:29:120] 
---------- mazes/13x13_maze_with_blocks_and_random_removals_2 ----------
[00:00:05:18:241] Path of length 104 found: [0, 1, 2, 3, 4, 17, 30, 43, 56, 55, 54, 41, 28, 27, 26, 39, 52, 65, 78, 79, 92, 105, 106, 107, 108, 109, 110, 111, 112, 99, 86, 85, 84, 71, 58, 59, 60, 47, 48, 35, 34, 33, 32, 19, 6, 7, 8, 9, 10, 11, 12, 25, 38, 37, 36, 49, 50, 51, 64, 63, 62, 61, 74, 87, 88, 89, 90, 103, 116, 115, 114, 113, 126, 125, 138, 139, 152, 151, 150, 137, 136, 135, 134, 133, 132, 131, 130, 143, 156, 157, 158, 159, 160, 161, 162, 163, 164, 165, 166, 153, 140, 141, 142, 155, 168]
[00:00:05:18:245] ! Unidirectional s-t. expansions: 86,459, time: 318,241 [ms], path length: 104 [edges], generated: 157,909
[00:01:23:26:926] Path of length 104 found: [168, 155, 142, 141, 140, 139, 152, 153, 166, 165, 164, 151, 150, 163, 162, 161, 160, 159, 158, 157, 156, 143, 130, 131, 132, 133, 134, 135, 136, 137, 138, 125, 126, 127, 114, 115, 116, 103, 90, 89, 88, 87, 74, 75, 62, 63, 64, 51, 50, 49, 48, 61, 60, 47, 34, 35, 36, 37, 38, 25, 12, 11, 10, 9, 8, 7, 6, 19, 32, 45, 58, 71, 84, 85, 86, 99, 112, 111, 110, 109, 108, 107, 106, 105, 92, 79, 78, 65, 52, 39, 26, 27, 28, 41, 54, 55, 56, 43, 30, 17, 4, 3, 2, 1, 0]
[00:01:23:26:939] ! Unidirectional t-s. expansions: 1,651,451, time: 5,6,929 [ms], path length: 104 [edges], generated: 2,481,566
[00:01:00:50:784] Path of length 104 found: [0, 1, 2, 3, 4, 17, 30, 43, 56, 55, 54, 41, 28, 27, 26, 39, 52, 65, 78, 79, 92, 105, 106, 107, 108, 109, 110, 111, 112, 99, 86, 85, 84, 71, 58, 59, 60, 47, 48, 35, 34, 33, 32, 19, 6, 7, 8, 9, 10, 11, 12, 25, 38, 37, 36, 49, 50, 51, 64, 63, 62, 75, 74, 87, 88, 89, 90, 103, 116, 115, 114, 127, 126, 125, 138, 137, 136, 135, 134, 133, 132, 131, 130, 143, 156, 157, 158, 159, 160, 161, 162, 163, 150, 151, 164, 165, 166, 153, 152, 139, 140, 141, 142, 155, 168]
[00:01:00:50:786] ! Bidirectional. expansions: 1,66,512, time: 3,650,785 [ms], path length: 104 [edges], g_F: 47, g_B: 57, generated: 1,611,164, MM: 10, MMPER: 8.523,809,523,809,524%
[00:01:00:50:787] average expansions: (43,049, 553,748, 372,741, 0)
[00:01:00:50:789] average time: (145,006, 1,677,935, 1,267,787, 0)
[00:01:00:50:792] A*: 43,049 , 145,006 (expansions , time[ms])
[00:01:00:50:794] BiX-DFBnB: 372,741 , 1,267,787 (expansions , time[ms])

[00:01:00:50:794] 
---------- mazes/13x13_maze_with_blocks_and_random_removals_0 ----------
[00:00:00:19:739] Path of length 84 found: [0, 1, 2, 3, 4, 17, 30, 31, 32, 19, 6, 7, 8, 9, 10, 11, 12, 25, 38, 37, 36, 49, 62, 61, 60, 59, 58, 57, 56, 55, 54, 41, 28, 27, 26, 39, 52, 65, 78, 79, 80, 81, 82, 83, 84, 85, 86, 87, 88, 89, 90, 103, 116, 115, 114, 113, 112, 111, 110, 109, 122, 135, 134, 133, 132, 131, 130, 143, 156, 157, 158, 159, 160, 161, 162, 163, 164, 165, 152, 139, 140, 141, 142, 155, 168]
[00:00:00:19:744] ! Unidirectional s-t. expansions: 1,304, time: 19,739 [ms], path length: 84 [edges], generated: 1,727
[00:00:00:04:112] Path of length 84 found: [168, 155, 142, 141, 140, 139, 152, 165, 164, 163, 162, 161, 160, 159, 158, 157, 156, 143, 130, 131, 132, 133, 134, 135, 122, 109, 108, 107, 106, 105, 92, 79, 78, 65, 52, 39, 26, 27, 28, 41, 54, 55, 56, 57, 58, 71, 84, 85, 86, 99, 112, 113, 114, 115, 116, 103, 90, 89, 88, 87, 74, 61, 62, 63, 64, 51, 38, 25, 12, 11, 10, 9, 8, 7, 6, 19, 32, 31, 30, 17, 4, 3, 2, 1, 0]
[00:00:00:04:113] ! Unidirectional t-s. expansions: 888, time: 4,112 [ms], path length: 84 [edges], generated: 1,211
[00:00:00:02:036] Path of length 84 found: [0, 1, 2, 3, 4, 17, 30, 31, 32, 19, 6, 7, 8, 9, 10, 11, 12, 25, 38, 37, 36, 49, 62, 61, 60, 59, 58, 57, 56, 55, 54, 41, 28, 27, 26, 39, 52, 65, 78, 79, 80, 81, 82, 83, 84, 85, 86, 87, 88, 89, 90, 103, 116, 115, 114, 113, 112, 111, 110, 109, 122, 135, 134, 133, 132, 131, 130, 143, 156, 157, 158, 159, 160, 161, 162, 163, 164, 165, 152, 139, 140, 141, 142, 155, 168]
[00:00:00:02:037] ! Bidirectional. expansions: 1,1, time: 2,36 [ms], path length: 84 [edges], g_F: 42, g_B: 42, generated: {'F': 691, 'B': 614}, MM: 0, MMPER: -1.0%
[00:00:00:02:037] 
---------- mazes/13x13_maze_with_blocks_and_random_removals_1 ----------
[00:00:03:57:674] Path of length 94 found: [0, 1, 2, 3, 4, 17, 30, 43, 56, 55, 54, 41, 28, 27, 26, 39, 52, 65, 78, 79, 80, 81, 82, 83, 84, 85, 86, 87, 74, 61, 48, 35, 34, 47, 60, 59, 58, 45, 32, 19, 6, 7, 8, 9, 10, 11, 12, 25, 38, 37, 36, 49, 50, 51, 64, 63, 62, 75, 88, 89, 90, 103, 116, 115, 114, 113, 112, 111, 110, 109, 122, 135, 134, 133, 132, 131, 130, 143, 156, 157, 158, 159, 160, 161, 162, 163, 164, 165, 152, 139, 140, 141, 142, 155, 168]
[00:00:03:57:677] ! Unidirectional s-t. expansions: 46,303, time: 237,674 [ms], path length: 94 [edges], generated: 68,130
[00:00:02:33:722] Path of length 94 found: [168, 155, 142, 141, 140, 139, 152, 165, 164, 163, 162, 161, 160, 159, 158, 157, 156, 143, 130, 131, 132, 133, 134, 135, 122, 109, 108, 107, 106, 105, 92, 79, 78, 65, 52, 39, 26, 27, 28, 41, 54, 55, 56, 57, 58, 71, 84, 85, 86, 99, 112, 113, 114, 115, 116, 103, 90, 89, 88, 87, 74, 75, 62, 49, 48, 61, 60, 47, 34, 35, 36, 37, 50, 63, 64, 51, 38, 25, 12, 11, 10, 9, 8, 7, 6, 19, 32, 31, 30, 17, 4, 3, 2, 1, 0]
[00:00:02:33:722] ! Unidirectional t-s. expansions: 29,237, time: 153,722 [ms], path length: 94 [edges], generated: 44,794
[00:00:00:14:943] Path of length 94 found: [0, 1, 2, 3, 4, 17, 30, 43, 56, 55, 54, 41, 28, 27, 26, 39, 52, 65, 78, 79, 80, 81, 82, 83, 84, 85, 86, 87, 74, 61, 48, 35, 34, 47, 60, 59, 58, 45, 32, 19, 6, 7, 8, 9, 10, 11, 12, 25, 38, 51, 64, 63, 50, 37, 36, 49, 62, 75, 88, 89, 90, 103, 116, 115, 114, 113, 112, 111, 110, 109, 122, 135, 134, 133, 132, 131, 130, 143, 156, 157, 158, 159, 160, 161, 162, 163, 164, 165, 152, 139, 140, 141, 142, 155, 168]
[00:00:00:14:943] ! Bidirectional. expansions: 7,305, time: 14,943 [ms], path length: 94 [edges], g_F: 47, g_B: 47, generated: {'F': 5,979, 'B': 5,244}, MM: 0, MMPER: -1.0%
[00:00:00:14:944] 
---------- mazes/13x13_maze_with_blocks_and_random_removals_2 ----------
[00:00:10:09:358] Path of length 104 found: [0, 1, 2, 3, 4, 17, 30, 43, 56, 55, 54, 41, 28, 27, 26, 39, 52, 65, 78, 79, 92, 105, 106, 107, 108, 109, 110, 111, 112, 99, 86, 85, 84, 71, 58, 45, 32, 19, 6, 7, 8, 9, 10, 11, 12, 25, 38, 37, 36, 35, 34, 47, 60, 61, 48, 49, 50, 51, 64, 63, 62, 75, 74, 87, 88, 89, 90, 103, 116, 115, 114, 113, 126, 125, 138, 137, 136, 135, 134, 133, 132, 131, 130, 143, 156, 157, 158, 159, 160, 161, 162, 163, 150, 151, 164, 165, 166, 153, 152, 139, 140, 141, 142, 155, 168]
[00:00:10:09:359] ! Unidirectional s-t. expansions: 86,464, time: 609,358 [ms], path length: 104 [edges], generated: 159,880
[00:00:19:52:001] Valid states checked so far: 200,000, Expansions: 199,997, Global best: 101
[00:00:40:21:558] Valid states checked so far: 400,000, Expansions: 399,996, Global best: 103
[00:01:00:21:187] Valid states checked so far: 600,000, Expansions: 599,996, Global best: 103
[00:01:20:16:309] Valid states checked so far: 800,000, Expansions: 799,995, Global best: 105
[00:01:39:35:525] Valid states checked so far: 1,000,000, Expansions: 999,995, Global best: 105
[00:01:58:31:277] Valid states checked so far: 1,200,000, Expansions: 1,199,995, Global best: 105
[00:02:17:47:941] Valid states checked so far: 1,400,000, Expansions: 1,399,995, Global best: 105
[00:02:37:05:147] Valid states checked so far: 1,600,000, Expansions: 1,599,995, Global best: 105
[00:02:56:20:396] Valid states checked so far: 1,800,000, Expansions: 1,799,995, Global best: 105
[00:03:15:30:474] Valid states checked so far: 2,000,000, Expansions: 1,999,995, Global best: 105
[00:03:21:41:334] Path of length 104 found: [168, 155, 142, 141, 140, 139, 152, 153, 166, 165, 164, 151, 150, 163, 162, 161, 160, 159, 158, 157, 156, 143, 130, 131, 132, 133, 134, 135, 136, 137, 138, 125, 126, 127, 114, 115, 116, 103, 90, 89, 88, 75, 74, 61, 48, 35, 36, 49, 62, 63, 64, 51, 50, 37, 38, 25, 12, 11, 10, 9, 8, 7, 6, 19, 32, 33, 34, 47, 60, 59, 58, 71, 84, 85, 86, 99, 112, 111, 110, 109, 108, 107, 106, 105, 92, 79, 78, 65, 52, 39, 26, 27, 28, 41, 54, 55, 56, 43, 30, 17, 4, 3, 2, 1, 0]
[00:03:21:41:335] ! Unidirectional t-s. expansions: 2,62,624, time: 12,101,334 [ms], path length: 104 [edges], generated: 3,141,097
[00:00:07:35:243] Valid meeting checks so far: 200,000, state_vs_state: 4, state_vs_prefix: 0, prefix_vs_prefix: 199,996
[00:00:14:35:585] Valid meeting checks so far: 400,000, state_vs_state: 4, state_vs_prefix: 0, prefix_vs_prefix: 399,996
[00:00:21:40:796] Valid meeting checks so far: 600,000, state_vs_state: 4, state_vs_prefix: 0, prefix_vs_prefix: 599,996
[00:00:28:45:540] Valid meeting checks so far: 800,000, state_vs_state: 9, state_vs_prefix: 0, prefix_vs_prefix: 799,991
[00:00:35:56:060] Valid meeting checks so far: 1,000,000, state_vs_state: 31, state_vs_prefix: 0, prefix_vs_prefix: 999,969
[00:00:43:14:831] Valid meeting checks so far: 1,200,000, state_vs_state: 36, state_vs_prefix: 0, prefix_vs_prefix: 1,199,964
[00:00:50:47:431] Valid meeting checks so far: 1,400,000, state_vs_state: 39, state_vs_prefix: 0, prefix_vs_prefix: 1,399,961
[00:00:57:37:324] Path of length 104 found: [0, 1, 2, 3, 4, 17, 30, 43, 56, 55, 54, 41, 28, 27, 26, 39, 52, 65, 78, 79, 92, 105, 106, 107, 108, 109, 110, 111, 112, 99, 86, 85, 84, 71, 58, 45, 32, 19, 6, 7, 8, 9, 10, 11, 12, 25, 38, 51, 64, 63, 50, 37, 36, 35, 34, 47, 60, 61, 48, 49, 62, 75, 74, 87, 88, 89, 90, 103, 116, 115, 114, 113, 126, 125, 138, 137, 136, 135, 134, 133, 132, 131, 130, 143, 156, 157, 158, 159, 160, 161, 162, 163, 150, 151, 164, 165, 166, 153, 152, 139, 140, 141, 142, 155, 168]
[00:00:57:37:329] ! Bidirectional. expansions: 1,582,119, time: 3,457,324 [ms], path length: 104 [edges], g_F: 52, g_B: 52, generated: {'F': 1,336,512, 'B': 1,166,628}, MM: 0, MMPER: -1.0%
[00:00:57:37:329] average expansions: (44,690, 697,583, 530,142, 0)
[00:00:57:37:329] average time: (288,924, 4,086,389, 1,158,101, 0)
[00:00:57:37:329] X-DFS: 44,690 , 288,924 (expansions , time[ms])
[00:00:57:37:329] BiX-DFS: 530,142 , 1,158,101 (expansions , time[ms])

