--------------------------
date: cubes
number_of_graphs: 1
graph_type: cube
size_of_graphs: [8, 8]
heuristic: heuristic0
snake: True
run_uni: True
run_bi: False
run_multi: False
cube_first_dims: 8
cube_buffer_dim: 6
backward_sym_generation: False

---------- cubes/8d_cube ----------
[00:00:00:07:269] Expansion 100000: state [255, 223, 207, 199, 195, 193, 192, 224, 240, 112, 114, 82, 210, 218, 250, 234, 106, 110, 108, 236, 204, 220, 92, 84, 85, 87], f=89, g=25
[00:00:00:14:568] Expansion 200000: state [255, 223, 207, 199, 195, 193, 192, 224, 240, 248, 216, 220, 204, 236, 238, 110, 106, 122, 114, 82, 66, 70, 68, 84, 85, 87], f=89, g=25
[00:00:00:21:830] Expansion 300000: state [255, 223, 207, 199, 195, 193, 192, 224, 240, 248, 252, 220, 212, 213, 85, 87, 83, 82, 114, 118, 246, 230, 238, 110, 106, 74, 72, 76], f=89, g=27
[00:00:00:29:051] Expansion 400000: state [255, 223, 207, 199, 195, 193, 192, 224, 240, 248, 250, 234, 238, 110, 78, 76, 92, 220, 212, 214, 246, 118, 114, 82, 80], f=89, g=24
[00:00:00:36:470] Expansion 500000: state [255, 223, 207, 199, 195, 193, 192, 224, 240, 244, 252, 124, 108, 76, 78, 94, 90, 122, 114, 115], f=89, g=19
[00:00:00:43:730] Expansion 600000: state [255, 223, 207, 199, 195, 193, 192, 224, 240, 244, 245, 213, 85, 84, 92, 220, 216, 218, 250, 122, 114, 98, 66, 74, 78, 110, 108, 236], f=89, g=27
[00:00:00:51:104] Expansion 700000: state [255, 223, 207, 199, 195, 193, 192, 224, 240, 242, 250, 122, 106, 74, 66, 82, 86, 94, 92, 220, 252, 236, 238, 230], f=89, g=23
[00:00:00:58:444] Expansion 800000: state [255, 223, 207, 199, 195, 193, 192, 224, 240, 242, 243, 115, 83, 87, 86, 70, 66, 74, 202, 234, 238, 110, 108, 76, 77], f=89, g=24
[00:00:01:05:883] Expansion 900000: state [255, 223, 207, 199, 195, 193, 192, 224, 240, 241, 245, 213, 212, 84, 92, 124, 108, 110, 78, 74, 202, 234, 250, 122, 114, 82, 83], f=89, g=26
[00:00:01:13:424] Expansion 1000000: state [255, 223, 207, 199, 195, 193, 192, 224, 240, 241, 243, 115, 83, 87, 85, 84, 92, 124, 108, 236, 238, 230, 246], f=89, g=22
[00:00:01:20:763] Expansion 1100000: state [255, 223, 207, 199, 195, 193, 192, 224, 240, 241, 243, 115, 114, 118, 246, 214, 210, 218, 250, 234, 238, 236, 252, 124, 92, 76, 72, 74, 66, 70], f=89, g=29
[00:00:01:28:046] Expansion 1200000: state [255, 223, 207, 199, 195, 193, 192, 224, 232, 248, 216, 218, 90, 94, 78, 110, 106, 98, 114, 112, 80, 84, 85, 213, 245, 244, 246, 230], f=89, g=27
[00:00:01:35:722] Expansion 1300000: state [255, 223, 207, 199, 195, 193, 192, 224, 232, 248, 252, 124, 116, 118, 246, 242, 210, 218, 90, 74, 72, 76], f=89, g=21
[00:00:01:42:890] Expansion 1400000: state [255, 223, 207, 199, 195, 193, 192, 224, 232, 248, 250, 122, 106, 98, 66, 70, 68, 76, 92, 220, 212, 213, 245, 241, 243], f=89, g=24
[00:00:01:50:027] Expansion 1500000: state [255, 223, 207, 199, 195, 193, 192, 224, 232, 248, 250, 242, 246, 230, 238, 110, 108, 124, 116, 112, 80, 82, 90, 74, 75], f=89, g=24
[00:00:01:57:793] Expansion 1600000: state [255, 223, 207, 199, 195, 193, 192, 224, 232, 236, 108, 124, 116, 112, 114, 82, 86, 94, 78, 74, 202], f=89, g=20
[00:00:02:05:152] Expansion 1700000: state [255, 223, 207, 199, 195, 193, 192, 224, 232, 236, 204, 76, 78, 74, 90, 82, 83, 115, 243, 242, 246, 214, 212, 84, 116], f=89, g=24
[00:00:02:12:594] Expansion 1800000: state [255, 223, 207, 199, 195, 193, 192, 224, 232, 236, 252, 220, 212, 84, 85, 87, 83, 82, 210, 242, 250, 122, 106, 74, 72, 76, 77], f=89, g=26
[00:00:02:20:254] Expansion 1900000: state [255, 223, 207, 199, 195, 193, 192, 224, 232, 236, 238, 110, 106, 74, 72, 76, 92, 84, 80, 112, 114, 118, 246, 214, 210, 218, 250], f=89, g=26
[00:00:02:27:225] Expansion 2000000: state [255, 223, 207, 199, 195, 193, 192, 224, 232, 234, 106, 74, 72, 76, 92, 124, 116, 244, 245, 213, 85, 87, 86, 82, 80], f=89, g=24
[00:00:02:34:397] Expansion 2100000: state [255, 223, 207, 199, 195, 193, 192, 224, 232, 234, 106, 110, 108, 76, 204, 220, 252, 244, 245, 241, 243, 115, 114, 82, 86, 84, 85], f=89, g=26
[00:00:02:41:850] Expansion 2200000: state [255, 223, 207, 199, 195, 193, 192, 224, 232, 234, 202, 218, 216, 220, 252, 124, 108, 110, 78, 70, 86, 82, 83, 115, 243, 241, 245, 213, 85], f=89, g=28
[00:00:02:49:205] Expansion 2300000: state [255, 223, 207, 199, 195, 193, 192, 224, 232, 234, 250, 242, 243, 241, 245, 213, 212, 220, 204, 76, 78, 94, 86, 118], f=89, g=23
[00:00:02:56:242] Expansion 2400000: state [255, 223, 207, 199, 195, 193, 192, 224, 232, 234, 238, 230, 246, 242, 210, 82, 90], f=89, g=16
[00:00:03:03:666] Expansion 2500000: state [255, 223, 207, 199, 195, 193, 192, 224, 228, 244, 212, 220, 92, 124, 108, 110, 106, 234, 250, 242, 210, 82, 83, 115], f=89, g=23
[00:00:03:11:532] Expansion 2600000: state [255, 223, 207, 199, 195, 193, 192, 224, 228, 244, 252, 248, 216, 218, 210, 214, 86, 94, 78, 110, 106, 122, 114, 115, 243, 241], f=89, g=25
[00:00:03:18:736] Expansion 2700000: state [255, 223, 207, 199, 195, 193, 192, 224, 228, 244, 245, 241, 243, 115, 83, 82, 86, 84, 92, 220, 216, 248, 250, 234, 238, 110, 78, 74], f=89, g=27
[00:00:03:26:044] Expansion 2800000: state [255, 223, 207, 199, 195, 193, 192, 224, 228, 236, 108, 124, 92, 220, 212, 213, 85, 87, 86, 118, 246, 242, 250, 218, 202, 74, 66], f=89, g=26
[00:00:03:33:236] Expansion 2900000: state [255, 223, 207, 199, 195, 193, 192, 224, 228, 236, 204, 76, 78, 74, 106, 122, 250, 242, 210, 214, 212, 84, 116, 118], f=89, g=23
[00:00:03:40:579] Expansion 3000000: state [255, 223, 207, 199, 195, 193, 192, 224, 228, 236, 252, 220, 92, 76, 72, 74, 90, 218, 210, 214, 86, 87, 85, 213, 245, 241, 243, 115, 114, 112, 80], f=89, g=30
[00:00:03:47:805] Expansion 3100000: state [255, 223, 207, 199, 195, 193, 192, 224, 228, 236, 238, 110, 78, 70, 86, 84, 85, 213, 245, 241, 243, 115, 114, 122, 250], f=89, g=24
[00:00:03:55:675] Expansion 3200000: state [255, 223, 207, 199, 195, 193, 192, 224, 228, 236, 238, 234, 250, 242, 246, 214, 212, 213, 85, 87, 83, 82, 90], f=89, g=22
[00:00:04:02:698] Expansion 3300000: state [255, 223, 207, 199, 195, 193, 192, 224, 228, 230, 246, 214, 210, 218, 250, 248, 252, 220, 204, 76, 78, 74, 106, 98, 114, 115, 83, 87, 85, 213, 245, 241], f=89, g=31
[00:00:04:09:870] Expansion 3400000: state [255, 223, 207, 199, 195, 193, 192, 224, 228, 230, 238, 110, 78, 70, 66, 98, 114, 242, 243, 241, 245, 213, 85, 84, 92], f=89, g=24
[00:00:04:16:902] Expansion 3500000: state [255, 223, 207, 199, 195, 193, 192, 224, 228, 230, 238, 110, 108, 76, 92, 94, 86, 70, 66, 74, 202, 218, 250, 122, 114, 115, 83], f=89, g=26
[00:00:04:24:085] Expansion 3600000: state [255, 223, 207, 199, 195, 193, 192, 224, 228, 230, 238, 234, 250, 218, 90, 74, 66, 70, 86, 87, 83, 115, 243, 241, 245, 213, 212, 220, 252, 124, 116, 112], f=89, g=31
[00:00:04:30:929] Expansion 3700000: state [255, 223, 207, 199, 195, 193, 192, 224, 226, 98, 114, 112, 116, 84, 68, 76, 78, 110, 238, 236, 252, 248, 216, 218, 90], f=89, g=24
[00:00:04:37:941] Expansion 3800000: state [255, 223, 207, 199, 195, 193, 192, 224, 226, 98, 106, 122, 90, 82, 83, 115, 243, 241, 245, 244, 252, 236, 237], f=89, g=22
[00:00:04:45:052] Expansion 3900000: state [255, 223, 207, 199, 195, 193, 192, 224, 226, 242, 114, 115, 83, 87, 86, 84, 92, 220, 216, 218, 202, 74, 78, 110, 238], f=89, g=24
[00:00:04:52:155] Expansion 4000000: state [255, 223, 207, 199, 195, 193, 192, 224, 226, 242, 250, 248, 252, 244, 245, 213, 85, 84, 86, 82, 90, 74, 72], f=89, g=22
[00:00:04:59:346] Expansion 4100000: state [255, 223, 207, 199, 195, 193, 192, 224, 226, 234, 106, 74, 66, 70, 68, 76, 108, 124, 116, 118, 114, 115, 83, 87, 85], f=89, g=24
[00:00:05:06:413] Expansion 4200000: state [255, 223, 207, 199, 195, 193, 192, 224, 226, 234, 202, 74, 66, 70, 86, 94, 92, 124, 252, 244, 245, 241, 243, 115, 114, 112, 80], f=89, g=26
[00:00:05:13:646] Expansion 4300000: state [255, 223, 207, 199, 195, 193, 192, 224, 226, 234, 250, 122, 114, 115, 83, 87, 86, 94, 78, 76, 204, 236, 252, 244, 246], f=89, g=24
[00:00:05:20:737] Expansion 4400000: state [255, 223, 207, 199, 195, 193, 192, 224, 226, 234, 238, 110, 78, 76, 92, 124, 116, 118, 246, 214, 210, 82, 83, 115, 243, 241, 245, 213], f=89, g=27
[00:00:05:27:764] Expansion 4500000: state [255, 223, 207, 199, 195, 193, 192, 224, 226, 230, 246, 118, 114, 115, 243, 241, 245, 213, 85, 84, 68, 70, 78, 110, 108, 236, 252, 248, 250, 218, 210], f=89, g=30
[00:00:05:34:633] Expansion 4600000: state [255, 223, 207, 199, 195, 193, 192, 224, 226, 230, 246, 244, 252, 236, 204, 76, 78, 74, 66, 82, 114, 115, 243], f=89, g=22
[00:00:05:41:549] Expansion 4700000: state [255, 223, 207, 199, 195, 193, 192, 224, 226, 230, 238, 110, 108, 76, 204, 220, 212, 84, 116, 112, 114, 122, 250, 218, 202], f=89, g=24
[00:00:05:48:780] Expansion 4800000: state [255, 223, 207, 199, 195, 193, 192, 224, 226, 230, 238, 236, 252, 244, 212, 213, 85, 87, 86, 70, 78, 74, 202, 218, 250], f=89, g=24
[00:00:05:56:252] Expansion 4900000: state [255, 223, 207, 199, 195, 193, 192, 208, 80, 112, 116, 124, 252, 236, 238, 230, 246, 242, 243, 241, 245, 213, 85, 87, 86, 70, 78, 76], f=89, g=27
[00:00:06:03:727] Expansion 5000000: state [255, 223, 207, 199, 195, 193, 192, 208, 80, 112, 114, 122, 250, 234, 202, 74, 66, 70, 86, 94, 92, 124, 108, 236, 228, 244, 245, 213], f=89, g=27
[00:00:06:12:082] Expansion 5100000: state [255, 223, 207, 199, 195, 193, 192, 208, 80, 84, 116, 244, 228, 236, 238, 234, 250, 122, 90], f=89, g=18
[00:00:06:19:369] Expansion 5200000: state [255, 223, 207, 199, 195, 193, 192, 208, 80, 84, 86, 214, 246, 230, 226, 234, 250, 248, 252, 236, 108, 76], f=89, g=21
[00:00:06:26:725] Expansion 5300000: state [255, 223, 207, 199, 195, 193, 192, 208, 80, 84, 85, 87, 83, 115, 243, 242, 226, 98, 66, 74, 78, 110, 108, 236, 252], f=89, g=24
[00:00:06:34:050] Expansion 5400000: state [255, 223, 207, 199, 195, 193, 192, 208, 80, 82, 86, 214, 246, 242, 250, 218, 202, 74, 106, 110, 238, 236, 252, 124, 92], f=89, g=24
[00:00:06:41:429] Expansion 5500000: state [255, 223, 207, 199, 195, 193, 192, 208, 240, 112, 116, 118, 246, 230, 238, 236, 252, 220, 92, 94, 78, 74, 66, 82], f=89, g=23
[00:00:06:48:644] Expansion 5600000: state [255, 223, 207, 199, 195, 193, 192, 208, 240, 248, 252, 124, 116, 84, 86, 70, 66, 74, 202, 234, 238, 110], f=89, g=21
[00:00:06:55:814] Expansion 5700000: state [255, 223, 207, 199, 195, 193, 192, 208, 240, 248, 250, 234, 226, 230, 246, 118, 114, 82, 66, 70, 78, 76, 108, 236, 237], f=89, g=24
[00:00:07:03:069] Expansion 5800000: state [255, 223, 207, 199, 195, 193, 192, 208, 240, 244, 252, 236, 108, 76, 68, 84, 86, 82, 66, 74, 75], f=89, g=20
[00:00:07:10:253] Expansion 5900000: state [255, 223, 207, 199, 195, 193, 192, 208, 240, 242, 114, 98, 106, 110, 78, 70, 86, 84, 85, 213], f=89, g=19
[00:00:07:17:427] Expansion 6000000: state [255, 223, 207, 199, 195, 193, 192, 208, 240, 242, 243, 115, 83, 87, 86, 70, 66, 74, 202, 234, 238, 110, 108, 124, 92], f=89, g=24
[00:00:07:24:733] Expansion 6100000: state [255, 223, 207, 199, 195, 193, 192, 208, 240, 241, 243, 115, 83, 82, 90, 122, 106, 98, 226, 230, 228, 236, 204, 220, 92, 84, 85], f=89, g=26
[00:00:07:32:070] Expansion 6200000: state [255, 223, 207, 199, 195, 193, 192, 208, 216, 248, 232, 236, 108, 124, 92, 94, 86, 70, 66, 98, 226, 230, 246, 244, 245, 241, 243], f=89, g=26
[00:00:07:39:095] Expansion 6300000: state [255, 223, 207, 199, 195, 193, 192, 208, 216, 248, 232, 234, 106, 122, 114, 242, 246, 244, 245, 213, 85, 87, 86, 70, 68, 76, 108], f=89, g=26
[00:00:07:47:477] Expansion 6400000: state [255, 223, 207, 199, 195, 193, 192, 208, 216, 248, 252, 124, 116, 84, 86, 214, 246, 230, 226, 98, 106, 110, 78, 76], f=89, g=23
[00:00:07:54:533] Expansion 6500000: state [255, 223, 207, 199, 195, 193, 192, 208, 216, 248, 252, 244, 228, 230, 238, 234, 106, 122, 114, 82, 66, 70, 78], f=89, g=22
[00:00:08:01:640] Expansion 6600000: state [255, 223, 207, 199, 195, 193, 192, 208, 216, 248, 250, 234, 202, 74, 66, 70, 68, 84, 116, 244, 228], f=89, g=20
[00:00:08:08:628] Expansion 6700000: state [255, 223, 207, 199, 195, 193, 192, 208, 216, 248, 250, 242, 243, 241, 245, 244, 116, 118, 86, 94, 90, 74, 72, 76, 108, 110, 238, 230], f=89, g=27
[00:00:08:15:762] Expansion 6800000: state [255, 223, 207, 199, 195, 193, 192, 208, 216, 220, 92, 124, 108, 236, 228, 244, 246, 242, 114, 82, 83, 87, 85], f=89, g=22
[00:00:08:23:283] Expansion 6900000: state [255, 223, 207, 199, 195, 193, 192, 208, 216, 220, 204, 76, 108, 124, 116, 244, 245, 241, 243, 115, 83, 87, 86, 70, 66, 74], f=89, g=25
[00:00:08:30:650] Expansion 7000000: state [255, 223, 207, 199, 195, 193, 192, 208, 216, 220, 204, 236, 238, 110, 78, 74, 90, 82, 86, 118, 116, 244, 245], f=89, g=22
[00:00:08:37:999] Expansion 7100000: state [255, 223, 207, 199, 195, 193, 192, 208, 216, 220, 252, 236, 232, 234, 106, 110, 78, 94, 86, 214, 246, 242], f=89, g=21
[00:00:08:45:303] Expansion 7200000: state [255, 223, 207, 199, 195, 193, 192, 208, 216, 218, 90, 74, 72, 76, 68, 84, 85, 87, 83, 115, 114, 242, 226, 230, 228, 244, 252, 124], f=89, g=27
[00:00:08:52:710] Expansion 7300000: state [255, 223, 207, 199, 195, 193, 192, 208, 216, 218, 90, 122, 106, 98, 226, 242, 243, 115, 83, 87, 85, 84, 68, 76, 108], f=89, g=24
[00:00:08:59:808] Expansion 7400000: state [255, 223, 207, 199, 195, 193, 192, 208, 216, 218, 202, 74, 72, 76, 204, 236, 228, 244, 116, 112, 114, 115, 83, 87, 86, 70], f=89, g=25
[00:00:09:06:900] Expansion 7500000: state [255, 223, 207, 199, 195, 193, 192, 208, 216, 218, 202, 234, 226, 242, 114, 82, 83, 87, 85, 84, 92, 124, 252, 244, 228], f=89, g=24
[00:00:09:14:024] Expansion 7600000: state [255, 223, 207, 199, 195, 193, 192, 208, 216, 218, 250, 122, 114, 115, 243, 241, 245, 213, 85, 87, 86, 70, 78, 110, 108, 236, 228, 230, 226], f=89, g=28
[00:00:09:21:274] Expansion 7700000: state [255, 223, 207, 199, 195, 193, 192, 208, 216, 218, 250, 242, 114, 118, 86, 94, 92, 124, 252, 244, 228, 230, 238, 110], f=89, g=23
[00:00:09:28:708] Expansion 7800000: state [255, 223, 207, 199, 195, 193, 192, 208, 212, 84, 92, 76, 72, 74, 90, 218, 250, 248, 252, 236, 237], f=89, g=20
[00:00:09:36:700] Expansion 7900000: state [255, 223, 207, 199, 195, 193, 192, 208, 212, 244, 116, 124, 108, 76, 78, 70, 86, 87, 83, 115, 243, 242, 226, 234, 238], f=89, g=24
[00:00:09:43:761] Expansion 8000000: state [255, 223, 207, 199, 195, 193, 192, 208, 212, 244, 246, 118, 86, 94, 90, 218, 202, 234, 238, 110, 108, 76], f=89, g=21
[00:00:09:50:818] Expansion 8100000: state [255, 223, 207, 199, 195, 193, 192, 208, 212, 220, 92, 94, 90, 74, 106, 110, 238, 230, 246, 118, 114, 115, 83, 87, 85], f=89, g=24
[00:00:09:57:815] Expansion 8200000: state [255, 223, 207, 199, 195, 193, 192, 208, 212, 214, 86, 70, 78, 74, 202, 234, 226, 230, 228, 236, 252, 124, 116, 112, 114, 115, 243], f=89, g=26
[00:00:10:06:572] Expansion 8300000: state [255, 223, 207, 199, 195, 193, 192, 208, 212, 213, 85, 87, 83, 82, 114, 112, 116, 124, 108, 110, 106, 234, 232], f=89, g=22
[00:00:10:13:793] Expansion 8400000: state [255, 223, 207, 199, 195, 193, 192, 208, 212, 213, 245, 241, 243, 115, 83, 82, 86, 70, 78, 110, 108, 236, 228, 230, 226, 234, 250], f=89, g=26
[00:00:10:20:978] Expansion 8500000: state [255, 223, 207, 199, 195, 193, 192, 208, 210, 82, 66, 70, 78, 110, 106, 122, 250, 248, 252, 244, 116, 84, 85, 213], f=89, g=23
[00:00:10:28:267] Expansion 8600000: state [255, 223, 207, 199, 195, 193, 192, 208, 210, 82, 83, 87, 85, 84, 116, 244, 252, 236, 204, 76, 78, 70], f=89, g=21
[00:00:10:35:412] Expansion 8700000: state [255, 223, 207, 199, 195, 193, 192, 208, 210, 242, 250, 122, 106, 74, 78, 70, 86, 84, 85, 213, 245, 244, 228, 230, 238], f=89, g=24
[00:00:10:42:520] Expansion 8800000: state [255, 223, 207, 199, 195, 193, 192, 208, 210, 218, 90, 74, 72, 76, 68, 84, 86, 87, 83, 115, 114, 98, 226, 234, 232, 248, 252, 244], f=89, g=27
[00:00:10:49:554] Expansion 8900000: state [255, 223, 207, 199, 195, 193, 192, 208, 210, 218, 202, 74, 66, 98, 226, 230, 228, 236, 252, 220, 92, 94, 86, 87, 83, 115, 243, 241, 245, 213], f=89, g=29
[00:00:10:56:557] Expansion 9000000: state [255, 223, 207, 199, 195, 193, 192, 208, 210, 218, 250, 122, 106, 110, 78, 70, 86, 118, 116, 244, 228, 230], f=89, g=21
[00:00:11:03:530] Expansion 9100000: state [255, 223, 207, 199, 195, 193, 192, 208, 210, 218, 250, 248, 232, 236, 238, 230, 226, 98, 106, 74, 78, 70, 86, 87, 83, 115, 243, 241], f=89, g=27
[00:00:11:10:914] Expansion 9200000: state [255, 223, 207, 199, 195, 193, 192, 208, 210, 214, 86, 87, 83, 115, 114, 122, 106, 74, 72, 76, 92, 124, 252, 248], f=89, g=23
[00:00:11:18:285] Expansion 9300000: state [255, 223, 207, 199, 195, 193, 192, 208, 210, 214, 246, 244, 245, 213, 85, 84, 92, 76, 78, 110, 238, 236, 232, 248, 250, 122, 114, 115, 83], f=89, g=28
[00:00:11:25:983] Expansion 9400000: state [255, 223, 207, 199, 195, 193, 192, 200, 72, 76, 68, 70, 86, 87, 83, 115, 114, 122, 106, 110, 238, 230, 228, 244, 245, 241], f=89, g=25
[00:00:11:33:765] Expansion 9500000: state [255, 223, 207, 199, 195, 193, 192, 200, 72, 76, 108, 124, 252, 220, 212, 214, 210, 218, 250, 122, 106, 98, 226, 230, 228], f=89, g=24
[00:00:11:41:419] Expansion 9600000: state [255, 223, 207, 199, 195, 193, 192, 200, 72, 76, 92, 84, 116, 244, 252, 248, 250, 218, 90, 82, 66, 98], f=89, g=21
[00:00:11:49:219] Expansion 9700000: state [255, 223, 207, 199, 195, 193, 192, 200, 72, 76, 92, 94, 86, 82, 114, 98, 226, 230, 246, 244, 240, 248], f=89, g=21
[00:00:11:56:407] Expansion 9800000: state [255, 223, 207, 199, 195, 193, 192, 200, 72, 76, 78, 110, 106, 234, 250, 218, 210, 214, 212, 220, 252, 124, 116, 118], f=89, g=23
[00:00:12:03:600] Expansion 9900000: state [255, 223, 207, 199, 195, 193, 192, 200, 72, 76, 78, 94, 90, 218, 250, 248, 240, 112, 114, 98, 226, 230, 246, 214, 212, 213, 245], f=89, g=26
[00:00:12:10:842] Expansion 10000000: state [255, 223, 207, 199, 195, 193, 192, 200, 72, 74, 66, 70, 86, 94, 92, 124, 108, 110, 238, 230, 228, 244, 245, 241, 243, 115], f=89, g=25
[00:00:12:18:131] Expansion 10100000: state [255, 223, 207, 199, 195, 193, 192, 200, 72, 74, 106, 110, 108, 236, 228, 244, 240, 112, 114, 118, 86, 214], f=89, g=21
[00:00:12:25:507] Expansion 10200000: state [255, 223, 207, 199, 195, 193, 192, 200, 72, 74, 90, 218, 250, 248, 240, 241, 245, 213, 85, 84, 86, 118, 246, 230, 238, 236, 237], f=89, g=26
[00:00:12:35:131] Expansion 10300000: state [255, 223, 207, 199, 195, 193, 192, 200, 72, 74, 78, 110, 108, 236, 252, 220, 212, 214, 86, 118, 114, 115], f=89, g=21
[00:00:12:42:346] Expansion 10400000: state [255, 223, 207, 199, 195, 193, 192, 200, 72, 74, 78, 94, 92, 124, 116, 112, 240, 241, 243, 115, 83, 87, 85, 213, 212, 214, 210, 218, 250, 234, 238, 236], f=89, g=31
[00:00:12:49:512] Expansion 10500000: state [255, 223, 207, 199, 195, 193, 192, 200, 232, 248, 240, 241, 243, 115, 114, 98, 226, 230, 238, 110, 108, 76, 92, 220, 212, 214, 86, 87], f=89, g=27
[00:00:12:56:753] Expansion 10600000: state [255, 223, 207, 199, 195, 193, 192, 200, 232, 248, 252, 244, 212, 214, 210, 242, 226, 98, 66, 70, 68, 76, 108], f=89, g=22
[00:00:13:03:874] Expansion 10700000: state [255, 223, 207, 199, 195, 193, 192, 200, 232, 248, 250, 218, 90, 94, 92, 124, 116, 244, 228], f=89, g=18
[00:00:13:11:180] Expansion 10800000: state [255, 223, 207, 199, 195, 193, 192, 200, 232, 236, 108, 76, 78, 70, 66, 82, 80, 84, 116, 244, 245, 241, 243], f=89, g=22
[00:00:13:18:599] Expansion 10900000: state [255, 223, 207, 199, 195, 193, 192, 200, 232, 236, 108, 110, 106, 98, 226, 242, 240, 244, 212, 213, 85, 87, 83, 82, 90], f=89, g=24
[00:00:13:25:725] Expansion 11000000: state [255, 223, 207, 199, 195, 193, 192, 200, 232, 236, 228, 230, 246, 242, 240, 241, 245, 213, 212, 84, 80, 82, 90, 94, 78, 76, 77], f=89, g=26
[00:00:13:33:104] Expansion 11100000: state [255, 223, 207, 199, 195, 193, 192, 200, 232, 236, 252, 244, 246, 242, 114, 115, 83, 87, 86, 94, 92, 76, 77], f=89, g=22
[00:00:13:40:167] Expansion 11200000: state [255, 223, 207, 199, 195, 193, 192, 200, 232, 236, 238, 230, 226, 98, 106, 122, 250, 218, 210, 214, 212, 213, 245, 241, 240, 112, 116, 124, 92, 94], f=89, g=29
[00:00:13:47:232] Expansion 11300000: state [255, 223, 207, 199, 195, 193, 192, 200, 232, 234, 106, 98, 114, 118, 116, 244, 252, 220, 92, 94, 90], f=89, g=20
[00:00:13:54:436] Expansion 11400000: state [255, 223, 207, 199, 195, 193, 192, 200, 232, 234, 226, 242, 240, 244, 212, 220, 92, 124, 108, 110, 78, 74], f=89, g=21
[00:00:14:01:676] Expansion 11500000: state [255, 223, 207, 199, 195, 193, 192, 200, 232, 234, 250, 242, 114, 82, 90], f=89, g=14
[00:00:14:08:834] Expansion 11600000: state [255, 223, 207, 199, 195, 193, 192, 200, 232, 234, 238, 230, 228, 244, 240, 242, 114, 82, 90, 94, 78, 76], f=89, g=21
[00:00:14:15:891] Expansion 11700000: state [255, 223, 207, 199, 195, 193, 192, 200, 216, 248, 240, 244, 228, 230, 238, 234, 106, 74, 90, 82], f=89, g=19
[00:00:14:23:040] Expansion 11800000: state [255, 223, 207, 199, 195, 193, 192, 200, 216, 248, 240, 241, 243, 115, 83, 87, 86, 70, 78, 74, 106, 234, 226, 230, 228, 236, 108], f=89, g=26
[00:00:14:30:268] Expansion 11900000: state [255, 223, 207, 199, 195, 193, 192, 200, 216, 248, 252, 236, 108, 110, 106, 74, 90, 82, 114, 242, 246, 214, 212, 84, 68], f=89, g=24
[00:00:14:37:248] Expansion 12000000: state [255, 223, 207, 199, 195, 193, 192, 200, 216, 248, 252, 244, 246, 230, 238, 110, 106, 122, 90, 94, 92, 84, 85, 213], f=89, g=23
[00:00:14:44:383] Expansion 12100000: state [255, 223, 207, 199, 195, 193, 192, 200, 216, 248, 250, 234, 106, 110, 78, 94, 86, 82, 114, 115, 243, 241, 245, 244, 116], f=89, g=24
[00:00:14:51:386] Expansion 12200000: state [255, 223, 207, 199, 195, 193, 192, 200, 216, 248, 250, 242, 246, 118, 116, 124, 108, 110, 106, 74, 90, 94], f=89, g=21
[00:00:14:58:479] Expansion 12300000: state [255, 223, 207, 199, 195, 193, 192, 200, 216, 220, 92, 84, 80, 82, 210, 242, 243, 241, 245, 244, 228, 230, 238, 234, 106, 122], f=89, g=25
[00:00:15:05:667] Expansion 12400000: state [255, 223, 207, 199, 195, 193, 192, 200, 216, 220, 92, 94, 86, 70, 66, 74, 106, 122, 114, 242, 240, 244, 228, 236], f=89, g=23
[00:00:15:12:788] Expansion 12500000: state [255, 223, 207, 199, 195, 193, 192, 200, 216, 220, 212, 214, 86, 94, 90, 122, 114, 98], f=89, g=17
