--------------------------
date: cubes
number_of_graphs: 1
graph_type: cube
size_of_graphs: [8, 8]
heuristic: heuristic0
snake: True
run_uni: True
run_bi: False
run_multi: False
cube_first_dims: 8
cube_buffer_dim: 6
backward_sym_generation: False

---------- cubes/8d_cube ----------
[00:00:00:06:620] Expansion 100000: state [255, 223, 207, 199, 195, 193, 192, 208, 240, 241, 245, 117, 85, 81, 83, 82, 86, 94, 78, 74, 75, 107, 235, 233, 237, 236, 238], f=84, g=26
[00:00:00:13:303] Expansion 200000: state [255, 223, 207, 199, 195, 193, 192, 208, 212, 244, 246, 242, 250, 234, 202, 74, 78, 76, 77, 93, 85, 87, 83, 115, 113], f=84, g=24
[00:00:00:20:157] Expansion 300000: state [255, 223, 207, 199, 195, 193, 192, 208, 212, 220, 252, 236, 238, 234, 235, 107, 75, 73, 77, 76, 78, 94, 86, 87, 85, 81, 113, 241, 245], f=84, g=28
[00:00:00:26:947] Expansion 400000: state [255, 223, 207, 199, 195, 193, 192, 208, 212, 214, 246, 242, 243, 241, 249, 233, 235, 107, 75, 73, 77, 76, 204, 236, 252], f=84, g=24
[00:00:00:33:663] Expansion 500000: state [255, 223, 207, 199, 195, 193, 192, 208, 210, 242, 226, 234, 238, 236, 252, 244, 245, 213, 85, 81, 113, 115, 99, 107, 75, 73, 77, 109], f=84, g=27
[00:00:00:40:632] Expansion 600000: state [255, 223, 207, 199, 195, 193, 192, 208, 210, 214, 86, 84, 85, 93, 77, 76, 204, 236, 238, 234, 235, 233, 249, 241, 113, 115, 83], f=84, g=26
[00:00:00:47:396] Expansion 700000: state [255, 223, 207, 199, 195, 193, 192, 200, 204, 76, 77, 73, 75, 74, 66, 82, 83, 81, 113, 117, 245, 213, 212, 214, 246, 242, 226, 234, 235, 233, 249, 217], f=84, g=31
[00:00:00:54:499] Expansion 800000: state [255, 223, 207, 199, 195, 193, 192, 200, 204, 236, 252, 244, 245, 241, 249, 233, 235, 107, 99, 115, 114, 242, 250], f=84, g=22
[00:00:01:01:256] Expansion 900000: state [255, 223, 207, 199, 195, 193, 192, 200, 204, 236, 237, 229, 245, 117, 113, 115, 114, 82, 210, 218, 250, 234, 235, 107, 75, 74], f=84, g=25
[00:00:01:07:916] Expansion 1000000: state [255, 223, 207, 199, 195, 193, 192, 200, 204, 220, 212, 244, 245, 241, 249, 233, 235, 234, 250, 242, 114, 82, 83, 81, 85, 93, 77, 73, 75, 74, 78], f=84, g=30
[00:00:01:14:970] Expansion 1100000: state [255, 223, 207, 199, 195, 193, 192, 200, 202, 74, 66, 82, 86, 214, 212, 213, 85, 117, 113, 115, 243], f=84, g=20
[00:00:01:21:958] Expansion 1200000: state [255, 223, 207, 199, 195, 193, 192, 200, 202, 74, 75, 91, 83, 82, 114, 242, 240, 241, 113, 117, 85, 69, 77, 109, 237, 233], f=84, g=25
[00:00:01:29:090] Expansion 1300000: state [255, 223, 207, 199, 195, 193, 192, 200, 202, 234, 238, 236, 237, 109, 77, 76, 78, 94, 86, 87, 85, 213, 245, 241, 113, 115, 99, 107], f=84, g=27
[00:00:01:35:767] Expansion 1400000: state [255, 223, 207, 199, 195, 193, 192, 200, 202, 218, 210, 82, 83, 87, 85, 84, 212, 244, 245, 241, 249, 233, 237, 109, 77, 76], f=84, g=25
[00:00:01:42:381] Expansion 1500000: state [255, 223, 207, 199, 195, 193, 192, 196, 212, 84, 86, 87, 83, 91, 75, 74, 202, 234, 226, 242, 114], f=84, g=20
[00:00:01:49:102] Expansion 1600000: state [255, 223, 207, 199, 195, 193, 192, 196, 212, 244, 246, 242, 114, 82, 83, 81, 85, 69, 77, 109, 237, 236, 238, 234, 235, 107, 75, 74, 78], f=84, g=28
[00:00:01:56:552] Expansion 1700000: state [255, 223, 207, 199, 195, 193, 192, 196, 212, 220, 252, 236, 237, 109, 77, 76, 78, 94, 86, 87, 83, 81, 113, 241, 240, 242, 250, 234, 235], f=84, g=28
[00:00:02:03:223] Expansion 1800000: state [255, 223, 207, 199, 195, 193, 192, 196, 212, 214, 210, 242, 250, 234, 202, 74, 75, 73, 77, 109, 237, 233, 249, 241, 113, 115], f=84, g=25
[00:00:02:09:910] Expansion 1900000: state [255, 223, 207, 199, 195, 193, 192, 196, 204, 76, 78, 74, 66, 82, 86, 87, 85, 213, 245, 241, 243, 115, 99, 107], f=84, g=23
[00:00:02:16:816] Expansion 2000000: state [255, 223, 207, 199, 195, 193, 192, 196, 204, 76, 77, 109, 237, 233, 249, 241, 245, 117, 85, 87, 83, 115, 99, 107, 75, 74, 202, 234, 250], f=84, g=28
[00:00:02:24:686] Expansion 2100000: state [255, 223, 207, 199, 195, 193, 192, 196, 204, 236, 238, 234, 250, 218, 210, 82, 83, 81, 113, 241, 240], f=84, g=20
[00:00:02:31:398] Expansion 2200000: state [255, 223, 207, 199, 195, 193, 192, 196, 204, 236, 237, 233, 249, 241, 240, 242, 210, 218, 202, 74, 75, 73, 77, 69, 85, 84], f=84, g=25
[00:00:02:38:134] Expansion 2300000: state [255, 223, 207, 199, 195, 193, 192, 196, 204, 220, 252, 244, 245, 229, 237, 109, 77, 69, 85, 84, 86, 94, 78, 74, 75, 107, 235, 234, 250, 242, 243, 115, 113], f=84, g=32
[00:00:02:44:917] Expansion 2400000: state [255, 223, 207, 199, 195, 193, 225, 241, 113, 117, 85, 84, 212, 214, 210, 242, 226, 234, 238, 236, 237, 109, 77, 76, 78, 74, 75, 91, 83], f=84, g=28
[00:00:02:51:994] Expansion 2500000: state [255, 223, 207, 199, 195, 193, 225, 241, 113, 115, 99, 107, 235, 234, 202, 74, 78, 76, 77, 69, 85, 84, 212, 208, 210, 242], f=84, g=25
[00:00:02:58:596] Expansion 2600000: state [255, 223, 207, 199, 195, 193, 225, 241, 240, 242, 114, 115, 83, 87, 85, 213, 212, 196, 204, 236, 238, 234, 202, 74, 75, 73], f=84, g=25
[00:00:03:06:681] Expansion 2700000: state [255, 223, 207, 199, 195, 193, 225, 241, 245, 117, 85, 87, 83, 82, 210, 214, 212, 220, 204, 200, 202, 234, 250], f=84, g=22
[00:00:03:13:393] Expansion 2800000: state [255, 223, 207, 199, 195, 193, 225, 241, 245, 244, 252, 236, 204, 76, 77, 73, 75, 107, 235, 234, 226, 242, 210, 82, 83, 87], f=84, g=25
[00:00:03:20:047] Expansion 2900000: state [255, 223, 207, 199, 195, 193, 225, 241, 243, 242, 210, 218, 202, 74, 75, 91, 83, 87, 85, 69, 77, 109], f=84, g=21
[00:00:03:26:875] Expansion 3000000: state [255, 223, 207, 199, 195, 193, 225, 233, 237, 109, 77, 76, 204, 196, 212, 244, 245, 117, 85, 87, 86, 82, 114, 242, 250, 234, 202, 74], f=84, g=27
[00:00:03:33:750] Expansion 3100000: state [255, 223, 207, 199, 195, 193, 225, 233, 237, 236, 204, 76, 77, 93, 85, 84, 212, 244, 246, 242, 226, 234, 202, 74, 66, 82, 83, 115, 99], f=84, g=28
[00:00:03:42:289] Expansion 3200000: state [255, 223, 207, 199, 195, 193, 225, 233, 237, 236, 252, 244, 240, 242, 226, 234, 202, 74, 78, 76, 77, 69, 85, 87, 83, 115, 113], f=84, g=26
[00:00:03:49:068] Expansion 3300000: state [255, 223, 207, 199, 195, 193, 225, 233, 235, 107, 75, 74, 202, 200, 204, 220, 212, 84, 86, 82, 210, 242], f=84, g=21
[00:00:03:55:712] Expansion 3400000: state [255, 223, 207, 199, 195, 193, 225, 233, 235, 234, 202, 74, 75, 73, 77, 93, 85, 81, 83, 82, 210, 242, 240, 244, 212, 196, 204, 236], f=84, g=27
[00:00:04:02:354] Expansion 3500000: state [255, 223, 207, 199, 195, 193, 225, 233, 235, 234, 238, 236, 204, 76, 77, 73, 75, 91, 83, 115, 243, 242, 210, 214, 86, 84, 85, 213, 245, 244], f=84, g=29
[00:00:04:09:098] Expansion 3600000: state [255, 223, 207, 199, 195, 193, 225, 229, 245, 117, 113, 115, 83, 91, 75, 74, 202, 234, 226, 242, 240, 208, 212, 84, 86, 94], f=84, g=25
[00:00:04:15:778] Expansion 3700000: state [255, 223, 207, 199, 195, 193, 225, 229, 245, 244, 212, 214, 210, 82, 66, 74, 78, 76, 204], f=84, g=18
[00:00:04:22:511] Expansion 3800000: state [255, 223, 207, 199, 195, 193, 225, 229, 237, 109, 77, 73, 75, 74, 202, 200, 204, 196, 212, 244, 240, 242], f=84, g=21
[00:00:04:29:298] Expansion 3900000: state [255, 223, 207, 199, 195, 193, 225, 229, 237, 236, 204, 76, 78, 74, 202, 234, 235, 107, 99, 115, 114, 242, 240, 208, 212, 213, 85, 69], f=84, g=27
[00:00:04:37:840] Expansion 4000000: state [255, 223, 207, 199, 195, 193, 225, 229, 237, 236, 204, 220, 212, 213, 85, 93, 77, 73, 75, 107, 235, 234, 202, 218, 210, 82, 114], f=84, g=26
[00:00:04:44:463] Expansion 4100000: state [255, 223, 207, 199, 195, 193, 225, 229, 237, 236, 238, 234, 250, 242, 246, 244, 212, 84, 85, 87, 83, 82, 66, 74, 78, 76], f=84, g=25
[00:00:04:51:129] Expansion 4200000: state [255, 223, 207, 199, 195, 193, 209, 81, 85, 69, 77, 76, 204, 220, 252, 244, 245, 229, 237, 233, 235, 234, 250, 242, 114, 82, 86, 94], f=84, g=27
[00:00:04:58:033] Expansion 4300000: state [255, 223, 207, 199, 195, 193, 209, 81, 85, 87, 86, 82, 66, 74, 202, 234, 235, 233, 237, 236, 204, 220, 212, 244, 246, 242, 243], f=84, g=26
[00:00:05:04:844] Expansion 4400000: state [255, 223, 207, 199, 195, 193, 209, 208, 240, 244, 252, 220, 204, 200, 202, 74, 66, 82, 114, 115, 113, 117], f=84, g=21
[00:00:05:11:636] Expansion 4500000: state [255, 223, 207, 199, 195, 193, 209, 208, 212, 244, 252, 236, 204, 76, 77, 73, 75, 74, 66, 82, 86, 87, 85, 117, 113, 115, 243, 242, 250], f=84, g=28
[00:00:05:18:382] Expansion 4600000: state [255, 223, 207, 199, 195, 193, 209, 208, 210, 82, 66, 74, 202, 200, 204, 76, 77, 109, 237, 229, 245, 117, 113, 115], f=84, g=23
[00:00:05:26:025] Expansion 4700000: state [255, 223, 207, 199, 195, 193, 209, 241, 113, 117, 85, 93, 77, 76, 204, 220, 252, 244, 246, 242, 210, 82, 66, 74, 75, 107, 235, 233, 237], f=84, g=28
[00:00:05:32:741] Expansion 4800000: state [255, 223, 207, 199, 195, 193, 209, 241, 113, 115, 114, 242, 226, 234, 238, 236, 237, 109, 77, 76, 78], f=84, g=20
[00:00:05:39:447] Expansion 4900000: state [255, 223, 207, 199, 195, 193, 209, 241, 249, 233, 237, 109, 77, 73, 75, 107, 99, 115, 114, 82, 86, 87, 85, 117], f=84, g=23
[00:00:05:48:473] Expansion 5000000: state [255, 223, 207, 199, 195, 193, 209, 241, 245, 117, 85, 84, 86, 94, 78, 76, 77, 109, 237, 233, 235, 234, 226, 242, 114, 115, 83, 91], f=84, g=27
[00:00:05:55:276] Expansion 5100000: state [255, 223, 207, 199, 195, 193, 209, 241, 245, 244, 212, 220, 204, 76, 77, 69, 85, 87, 83, 82, 210, 242, 250, 234, 202, 74], f=84, g=25
[00:00:06:01:944] Expansion 5200000: state [255, 223, 207, 199, 195, 193, 209, 241, 243, 242, 114, 82, 83, 87, 85, 84, 212, 220, 204, 236, 237, 233, 235, 234, 202, 74, 75], f=84, g=26
[00:00:06:08:711] Expansion 5300000: state [255, 223, 207, 199, 195, 193, 209, 217, 249, 233, 237, 229, 245, 117, 85, 84, 212, 214, 210, 242, 243, 115], f=84, g=21
[00:00:06:15:463] Expansion 5400000: state [255, 223, 207, 199, 195, 193, 209, 217, 249, 233, 237, 236, 252, 244, 245, 117, 85, 84, 86, 82, 114, 242, 226, 234, 202, 74, 75, 73, 77, 76], f=84, g=29
[00:00:06:22:151] Expansion 5500000: state [255, 223, 207, 199, 195, 193, 209, 217, 249, 233, 235, 234, 226, 242, 114, 115, 83, 91, 75, 73, 77, 76, 204, 220, 252, 244, 245, 117, 85, 84, 86, 214], f=84, g=31
[00:00:06:28:838] Expansion 5600000: state [255, 223, 207, 199, 195, 193, 209, 213, 85, 93, 77, 76, 78, 74, 66, 82, 114, 242, 240, 244, 252, 236, 237], f=84, g=22
[00:00:06:35:668] Expansion 5700000: state [255, 223, 207, 199, 195, 193, 209, 213, 245, 229, 237, 236, 204, 76, 78, 74, 75, 107, 235, 234, 250, 218, 210, 214, 86, 87], f=84, g=25
[00:00:06:42:632] Expansion 5800000: state [255, 223, 207, 199, 195, 193, 201, 73, 77, 76, 204, 196, 212, 214, 246, 242, 240, 241, 113, 117, 85, 87], f=84, g=21
[00:00:06:49:695] Expansion 5900000: state [255, 223, 207, 199, 195, 193, 201, 73, 77, 76, 78, 94, 86, 84, 212, 213, 245, 241, 113, 81, 83, 91], f=84, g=21
[00:00:06:56:680] Expansion 6000000: state [255, 223, 207, 199, 195, 193, 201, 73, 77, 109, 237, 236, 238, 234, 235, 107, 99, 115, 114, 82, 86, 87, 85, 213, 212, 244, 240, 241], f=84, g=27
[00:00:07:03:607] Expansion 6100000: state [255, 223, 207, 199, 195, 193, 201, 73, 75, 74, 202, 234, 238, 236, 252, 244, 240, 242, 114, 82, 86, 87, 85, 117], f=84, g=23
[00:00:07:13:668] Expansion 6200000: state [255, 223, 207, 199, 195, 193, 201, 73, 75, 107, 235, 234, 202, 218, 210, 214, 246, 244, 252, 220, 204], f=84, g=20
[00:00:07:20:585] Expansion 6300000: state [255, 223, 207, 199, 195, 193, 201, 200, 204, 76, 78, 94, 86, 84, 212, 208, 240, 242, 243, 115, 113, 117, 245, 229], f=84, g=23
[00:00:07:27:387] Expansion 6400000: state [255, 223, 207, 199, 195, 193, 201, 200, 204, 236, 238, 234, 250, 242, 240, 208, 212, 214, 86, 94, 78, 74, 75, 91, 83, 115, 113, 117, 85, 69], f=84, g=29
[00:00:07:34:126] Expansion 6500000: state [255, 223, 207, 199, 195, 193, 201, 200, 204, 220, 252, 244, 245, 117, 113, 115, 114, 242, 210, 218], f=84, g=19
[00:00:07:40:932] Expansion 6600000: state [255, 223, 207, 199, 195, 193, 201, 200, 202, 234, 238, 236, 252, 220, 212, 208, 240, 242, 114, 115, 113, 81, 85, 87, 86, 94], f=84, g=25
[00:00:07:47:686] Expansion 6700000: state [255, 223, 207, 199, 195, 193, 201, 233, 249, 241, 113, 117, 85, 84, 212, 220, 252, 236, 238, 234, 226, 242, 210, 82, 83, 91, 75], f=84, g=26
[00:00:07:54:530] Expansion 6800000: state [255, 223, 207, 199, 195, 193, 201, 233, 249, 241, 245, 244, 246, 214, 210, 218, 202, 74, 75, 91, 83, 81, 85, 69, 77, 76], f=84, g=25
[00:00:08:01:406] Expansion 6900000: state [255, 223, 207, 199, 195, 193, 201, 233, 237, 109, 77, 76, 78, 74, 75, 107, 99, 115, 83, 87, 86, 84, 212, 208, 210, 242, 226, 234], f=84, g=27
[00:00:08:08:229] Expansion 7000000: state [255, 223, 207, 199, 195, 193, 201, 233, 237, 229, 245, 244, 246, 214, 86, 82, 114, 115, 113, 81, 85, 93, 77, 76, 78, 74, 75, 107], f=84, g=27
[00:00:08:15:253] Expansion 7100000: state [255, 223, 207, 199, 195, 193, 201, 233, 237, 236, 252, 220, 212, 214, 86, 94, 78, 74, 75, 91, 83, 115, 243, 242, 250, 218], f=84, g=25
[00:00:08:22:028] Expansion 7200000: state [255, 223, 207, 199, 195, 193, 201, 233, 235, 107, 75, 74, 66, 82, 114, 115, 113, 81, 85, 213, 212, 244, 252, 236, 204, 76, 77], f=84, g=26
[00:00:08:28:752] Expansion 7300000: state [255, 223, 207, 199, 195, 193, 201, 233, 235, 234, 202, 74, 66, 82, 210, 242, 243, 241, 113, 81, 85, 93, 77, 76, 204, 196], f=84, g=25
[00:00:08:35:613] Expansion 7400000: state [255, 223, 207, 199, 195, 193, 201, 233, 235, 234, 250, 242, 240, 244, 212, 214, 86, 87, 85, 93, 77, 76, 204], f=84, g=22
[00:00:08:42:423] Expansion 7500000: state [255, 223, 207, 199, 195, 193, 201, 217, 249, 241, 113, 117, 85, 84, 86, 214, 210, 218, 250, 234, 238, 236, 237, 109, 77, 76, 78, 74, 75], f=84, g=28
[00:00:08:49:075] Expansion 7600000: state [255, 223, 207, 199, 195, 193, 201, 217, 249, 241, 240, 244, 212, 214, 210, 218, 250, 234, 235, 107, 99, 115, 83, 87, 85, 93, 77, 76, 204, 236, 237], f=84, g=30
[00:00:09:00:098] Expansion 7700000: state [255, 223, 207, 199, 195, 193, 201, 217, 249, 241, 245, 213, 212, 214, 86, 82, 114, 242, 226, 234, 238, 236, 204, 76, 78, 74], f=84, g=25
[00:00:09:06:882] Expansion 7800000: state [255, 223, 207, 199, 195, 193, 201, 217, 249, 241, 243, 115, 83, 87, 85, 84, 212, 214, 210, 218, 250, 234, 238, 236, 237, 109, 77], f=84, g=26
[00:00:09:13:708] Expansion 7900000: state [255, 223, 207, 199, 195, 194, 66, 82, 114, 242, 246, 214, 212, 220, 252, 236, 238, 234, 235, 233, 225, 241, 113, 81, 85, 93, 77, 76], f=84, g=27
[00:00:09:20:462] Expansion 8000000: state [255, 223, 207, 199, 195, 194, 66, 82, 86, 84, 85, 69, 77, 73, 201, 200, 204, 236, 238, 234, 250, 242, 246, 244, 245, 241, 113, 115], f=84, g=27
[00:00:09:27:317] Expansion 8100000: state [255, 223, 207, 199, 195, 194, 66, 82, 86, 214, 246, 244, 245, 213, 85, 81, 113, 115, 99, 107, 235, 234, 250], f=84, g=22
[00:00:09:34:292] Expansion 8200000: state [255, 223, 207, 199, 195, 194, 66, 82, 86, 87, 85, 93, 77, 73, 201, 217, 209, 208, 240, 242, 243, 115, 99, 107, 235, 234], f=84, g=25
[00:00:09:41:150] Expansion 8300000: state [255, 223, 207, 199, 195, 194, 66, 82, 83, 115, 113, 117, 85, 84, 212, 214, 246, 242, 250, 234, 235, 107], f=84, g=21
[00:00:09:47:936] Expansion 8400000: state [255, 223, 207, 199, 195, 194, 66, 82, 83, 87, 85, 117, 113, 241, 209, 208, 212, 220, 252, 236, 238, 234, 250], f=84, g=22
[00:00:09:54:936] Expansion 8500000: state [255, 223, 207, 199, 195, 194, 66, 74, 78, 76, 77, 69, 85, 117, 113, 115, 114, 242, 246, 244, 212, 208, 209], f=84, g=22
[00:00:10:02:035] Expansion 8600000: state [255, 223, 207, 199, 195, 194, 66, 74, 78, 94, 86, 84, 85, 69, 77, 109, 237, 236, 238, 234, 235, 107, 99, 115, 113, 241, 245], f=84, g=26
[00:00:10:08:906] Expansion 8700000: state [255, 223, 207, 199, 195, 194, 66, 74, 78, 94, 86, 87, 85, 69, 77, 109, 237, 229, 225, 241, 243, 242, 246, 244, 212, 196, 204, 200, 201], f=84, g=28
[00:00:10:15:949] Expansion 8800000: state [255, 223, 207, 199, 195, 194, 66, 74, 75, 73, 77, 69, 85, 87, 86, 214, 212, 244, 252, 236, 238, 234, 235, 233], f=84, g=23
[00:00:10:23:037] Expansion 8900000: state [255, 223, 207, 199, 195, 194, 66, 74, 75, 107, 99, 115, 113, 241, 225, 233, 237, 236, 252, 244, 246, 214, 86, 84, 85, 93, 77], f=84, g=26
[00:00:10:31:633] Expansion 9000000: state [255, 223, 207, 199, 195, 194, 66, 74, 75, 107, 235, 234, 250, 242, 240, 244, 212, 220, 204, 236, 237, 109, 77, 93, 85, 81, 83], f=84, g=26
[00:00:10:38:395] Expansion 9100000: state [255, 223, 207, 199, 195, 194, 66, 74, 75, 91, 83, 115, 243, 242, 250, 234, 238, 236, 237, 233, 249, 217, 209, 213, 212, 84, 86, 94], f=84, g=27
[00:00:10:45:110] Expansion 9200000: state [255, 223, 207, 199, 195, 194, 192, 208, 240, 241, 113, 115, 114, 82, 86, 87, 85, 69, 77, 76, 78, 74, 75, 107, 235, 233, 201, 217], f=84, g=27
[00:00:10:51:708] Expansion 9300000: state [255, 223, 207, 199, 195, 194, 192, 208, 212, 244, 245, 229, 237, 236, 238, 234, 250, 242, 114, 115, 83, 91, 75, 74, 78, 76, 77, 69, 85], f=84, g=28
[00:00:10:58:396] Expansion 9400000: state [255, 223, 207, 199, 195, 194, 192, 208, 212, 214, 246, 242, 114, 82, 83, 87, 85, 117, 113, 241, 225, 229, 237, 109, 77, 76, 78, 74, 75, 107, 99], f=84, g=30
[00:00:11:05:068] Expansion 9500000: state [255, 223, 207, 199, 195, 194, 192, 208, 209, 241, 225, 229, 237, 236, 252, 244, 246, 242, 114, 82, 83, 91, 75, 74, 78, 76, 77, 69, 85, 117], f=84, g=29
[00:00:11:11:706] Expansion 9600000: state [255, 223, 207, 199, 195, 194, 192, 208, 209, 213, 85, 93, 77, 76, 78, 74, 75, 91, 83, 82, 86], f=84, g=20
