--------------------------
date: cubes
number_of_graphs: 1
graph_type: cube
size_of_graphs: [8, 8]
heuristic: heuristic0
snake: True
run_uni: True
run_bi: False
run_multi: False
cube_first_dims: 8
cube_buffer_dim: 6
backward_sym_generation: False

---------- cubes/8d_cube ----------
[00:00:00:07:009] Expansion 100000: state [255, 223, 207, 199, 195, 193, 192, 224, 240, 242, 210, 214, 212, 220, 92, 93, 89, 81, 113, 117, 245, 229, 237, 236, 238], f=85, g=24
[00:00:00:14:181] Expansion 200000: state [255, 223, 207, 199, 195, 193, 192, 224, 232, 248, 252, 124, 92, 84, 212, 214, 246, 242, 243, 241, 113, 121, 105, 109, 237, 229], f=85, g=25
[00:00:00:21:364] Expansion 300000: state [255, 223, 207, 199, 195, 193, 192, 224, 232, 236, 237, 109, 77, 73, 89, 217, 216, 220, 92, 84, 85, 117, 113, 241, 243, 242, 210, 214], f=85, g=27
[00:00:00:28:580] Expansion 400000: state [255, 223, 207, 199, 195, 193, 192, 208, 80, 112, 113, 241, 249, 248, 252, 236, 204, 76, 92, 93, 89], f=85, g=20
[00:00:00:35:637] Expansion 500000: state [255, 223, 207, 199, 195, 193, 192, 208, 240, 244, 245, 117, 113, 97, 105, 233, 232, 236, 204], f=85, g=18
[00:00:00:42:738] Expansion 600000: state [255, 223, 207, 199, 195, 193, 192, 208, 216, 220, 204, 236, 237, 229, 245, 241, 249, 121, 105, 73, 77, 69, 85], f=85, g=22
[00:00:00:49:760] Expansion 700000: state [255, 223, 207, 199, 195, 193, 192, 208, 212, 214, 246, 242, 243, 115, 113, 81, 89, 93, 92, 124, 252, 248, 249], f=85, g=22
[00:00:00:57:134] Expansion 800000: state [255, 223, 207, 199, 195, 193, 192, 208, 210, 214, 86, 87, 83, 81, 89, 93, 92, 76, 204, 236, 252, 248, 249, 241, 245, 229], f=85, g=25
[00:00:01:04:489] Expansion 900000: state [255, 223, 207, 199, 195, 193, 192, 200, 72, 76, 77, 109, 105, 121, 89, 81, 83, 115, 243, 242, 240, 244, 212, 84, 86], f=85, g=24
[00:00:01:11:970] Expansion 1000000: state [255, 223, 207, 199, 195, 193, 192, 200, 72, 73, 77, 109, 237, 236, 252, 124, 92, 84, 86, 87, 83, 115, 113, 241, 240, 242, 210], f=85, g=26
[00:00:01:19:438] Expansion 1100000: state [255, 223, 207, 199, 195, 193, 192, 200, 232, 236, 237, 109, 77, 73, 89, 121, 113, 117, 85, 84, 212, 244, 240, 242, 210], f=85, g=24
[00:00:01:26:758] Expansion 1200000: state [255, 223, 207, 199, 195, 193, 192, 200, 216, 248, 240, 242, 246, 214, 86, 84, 85, 81, 89, 73, 77, 109, 237, 236, 238], f=85, g=24
[00:00:01:33:788] Expansion 1300000: state [255, 223, 207, 199, 195, 193, 192, 200, 216, 220, 252, 244, 246, 214, 86, 87, 83, 115, 113, 241, 249, 233, 237, 109, 77, 93], f=85, g=25
[00:00:01:40:858] Expansion 1400000: state [255, 223, 207, 199, 195, 193, 192, 200, 204, 76, 77, 73, 105, 121, 113, 115, 243, 242, 246, 244, 212, 213, 85], f=85, g=22
[00:00:01:47:853] Expansion 1500000: state [255, 223, 207, 199, 195, 193, 192, 200, 204, 220, 92, 84, 80, 81, 89, 73, 105, 109, 237, 229, 245, 244, 246, 242, 243], f=85, g=24
[00:00:01:55:582] Expansion 1600000: state [255, 223, 207, 199, 195, 193, 192, 196, 212, 244, 245, 241, 249, 248, 232, 236, 237, 109, 77, 73, 75], f=85, g=20
[00:00:02:02:445] Expansion 1700000: state [255, 223, 207, 199, 195, 193, 192, 196, 204, 76, 72, 73, 105, 233, 237, 229, 245, 244, 240, 242, 210, 214, 86, 84, 80, 81, 113], f=85, g=26
[00:00:02:09:713] Expansion 1800000: state [255, 223, 207, 199, 195, 193, 192, 196, 204, 236, 252, 244, 245, 241, 113, 112, 80], f=85, g=16
[00:00:02:16:996] Expansion 1900000: state [255, 223, 207, 199, 195, 193, 192, 196, 204, 220, 252, 248, 232, 233, 237, 109, 77, 93, 85, 81, 113, 241, 243, 242, 246, 214], f=85, g=25
[00:00:02:23:933] Expansion 2000000: state [255, 223, 207, 199, 195, 193, 225, 97, 113, 117, 85, 69, 77, 73, 72, 200, 216, 208, 210, 214], f=85, g=19
[00:00:02:30:628] Expansion 2100000: state [255, 223, 207, 199, 195, 193, 225, 97, 105, 73, 89, 217, 216, 208, 240, 242, 243, 115, 83, 87, 85, 69], f=85, g=21
[00:00:02:37:313] Expansion 2200000: state [255, 223, 207, 199, 195, 193, 225, 97, 105, 109, 77, 76, 92, 124, 252, 244, 246, 242, 243, 115, 83, 81, 89, 217, 216], f=85, g=24
[00:00:02:44:946] Expansion 2300000: state [255, 223, 207, 199, 195, 193, 225, 224, 240, 244, 245, 117, 113, 81, 89, 73, 105, 109, 237, 236, 204, 76, 92, 124], f=85, g=23
[00:00:02:52:008] Expansion 2400000: state [255, 223, 207, 199, 195, 193, 225, 224, 232, 248, 216, 217, 89, 93, 92, 84, 212, 244, 245, 117, 113, 115, 243, 242, 210], f=85, g=24
[00:00:02:59:045] Expansion 2500000: state [255, 223, 207, 199, 195, 193, 225, 241, 113, 81, 83, 87, 86, 214, 212, 208, 216, 200, 72, 73, 77, 93, 92, 124], f=85, g=23
[00:00:03:06:098] Expansion 2600000: state [255, 223, 207, 199, 195, 193, 225, 241, 249, 121, 105, 73, 77, 93, 85, 84, 212, 208, 216, 200, 232, 236, 238], f=85, g=22
[00:00:03:13:086] Expansion 2700000: state [255, 223, 207, 199, 195, 193, 225, 241, 243, 242, 210, 214, 86, 87, 83, 81, 89, 93, 92, 220, 252], f=85, g=20
[00:00:03:20:902] Expansion 2800000: state [255, 223, 207, 199, 195, 193, 225, 233, 105, 121, 89, 81, 83, 87, 86, 84, 92, 76, 72, 200, 216, 208, 210, 242, 246, 244, 245, 117], f=85, g=27
[00:00:03:28:028] Expansion 2900000: state [255, 223, 207, 199, 195, 193, 225, 233, 232, 200, 216, 217, 89, 73, 77, 76, 92, 84, 80, 112, 240, 244, 245, 117], f=85, g=23
[00:00:03:35:291] Expansion 3000000: state [255, 223, 207, 199, 195, 193, 225, 233, 249, 121, 89, 93, 92, 84, 80, 208, 210, 214, 246, 244, 252, 236, 204, 200, 202], f=85, g=24
[00:00:03:42:509] Expansion 3100000: state [255, 223, 207, 199, 195, 193, 225, 233, 237, 109, 77, 69, 85, 213, 245, 244, 240, 208, 216, 217, 89], f=85, g=20
[00:00:03:49:413] Expansion 3200000: state [255, 223, 207, 199, 195, 193, 225, 233, 237, 236, 252, 244, 240, 112, 113, 121, 89, 93, 85, 213], f=85, g=19
[00:00:03:56:436] Expansion 3300000: state [255, 223, 207, 199, 195, 193, 225, 229, 245, 213, 85, 93, 92, 76, 204, 236, 232, 248, 249, 121, 113, 115, 243, 242, 210, 208], f=85, g=25
[00:00:04:03:106] Expansion 3400000: state [255, 223, 207, 199, 195, 193, 225, 229, 245, 244, 246, 214, 86, 87, 83, 81, 89, 93, 77, 76, 204, 200, 216, 248], f=85, g=23
[00:00:04:09:844] Expansion 3500000: state [255, 223, 207, 199, 195, 193, 225, 229, 237, 109, 105, 73, 72, 200, 216, 220, 212, 244, 240, 112, 80, 81, 85, 87, 86], f=85, g=24
[00:00:04:16:535] Expansion 3600000: state [255, 223, 207, 199, 195, 193, 225, 229, 237, 236, 204, 220, 92, 84, 86, 87, 83, 115, 113, 121], f=85, g=19
[00:00:04:23:155] Expansion 3700000: state [255, 223, 207, 199, 195, 193, 209, 81, 80, 112, 240, 244, 252, 124, 92, 76, 77, 109, 237, 233, 232, 200, 216], f=85, g=22
[00:00:04:30:246] Expansion 3800000: state [255, 223, 207, 199, 195, 193, 209, 81, 85, 84, 212, 214, 210, 242, 240, 248, 249, 121, 105, 73, 77, 76, 204, 236, 238], f=85, g=24
[00:00:04:38:660] Expansion 3900000: state [255, 223, 207, 199, 195, 193, 209, 208, 240, 112, 113, 121, 89, 73, 77, 69, 85, 84, 92, 220, 204, 196], f=85, g=21
[00:00:04:45:525] Expansion 4000000: state [255, 223, 207, 199, 195, 193, 209, 208, 212, 196, 204, 76, 92, 124, 252, 248, 249, 233, 105, 97, 113, 115, 243, 242], f=85, g=23
[00:00:04:52:676] Expansion 4100000: state [255, 223, 207, 199, 195, 193, 209, 241, 113, 121, 89, 73, 77, 69, 85, 84, 92, 124, 252, 248, 232], f=85, g=20
[00:00:04:59:727] Expansion 4200000: state [255, 223, 207, 199, 195, 193, 209, 241, 243, 242, 210, 214, 86, 87, 85, 93, 92, 220, 216, 248, 232, 233, 105, 97], f=85, g=23
[00:00:05:06:801] Expansion 4300000: state [255, 223, 207, 199, 195, 193, 209, 217, 89, 121, 113, 115, 243, 242, 240, 244, 245, 229, 237, 233, 232, 200, 204, 220, 92, 84, 80], f=85, g=26
[00:00:05:13:673] Expansion 4400000: state [255, 223, 207, 199, 195, 193, 209, 217, 216, 248, 240, 242, 210, 214, 212, 196, 204, 76, 77, 109, 237, 233], f=85, g=21
[00:00:05:20:623] Expansion 4500000: state [255, 223, 207, 199, 195, 193, 209, 217, 249, 233, 232, 200, 72, 73, 77, 93, 85, 84, 86, 214, 210, 242, 240, 112, 113, 97], f=85, g=25
[00:00:05:27:562] Expansion 4600000: state [255, 223, 207, 199, 195, 193, 209, 213, 85, 93, 89, 73, 105, 233, 232, 200, 216, 220, 252, 244, 246, 214, 210], f=85, g=22
[00:00:05:35:914] Expansion 4700000: state [255, 223, 207, 199, 195, 193, 209, 213, 245, 229, 237, 109, 105, 121, 113, 115, 243, 242, 240, 224, 232, 200, 204, 76, 92, 84, 86, 214], f=85, g=27
[00:00:05:42:983] Expansion 4800000: state [255, 223, 207, 199, 195, 193, 201, 73, 105, 97, 113, 112, 240, 224, 232, 236, 204, 76, 92, 84], f=85, g=19
[00:00:05:49:907] Expansion 4900000: state [255, 223, 207, 199, 195, 193, 201, 73, 89, 81, 113, 241, 245, 213, 212, 220, 92, 76], f=85, g=17
[00:00:05:57:112] Expansion 5000000: state [255, 223, 207, 199, 195, 193, 201, 73, 77, 76, 92, 84, 212, 244, 252, 248, 249, 121, 113, 112], f=85, g=19
[00:00:06:04:231] Expansion 5100000: state [255, 223, 207, 199, 195, 193, 201, 200, 72, 76, 92, 93, 85, 87, 86, 214, 210, 208, 240, 241, 113, 121, 105, 109, 237, 236, 252], f=85, g=26
[00:00:06:11:225] Expansion 5200000: state [255, 223, 207, 199, 195, 193, 201, 200, 232, 236, 252, 220, 92, 76, 77, 69, 85, 87, 86, 214, 210, 242, 243, 241, 113, 112], f=85, g=25
[00:00:06:18:280] Expansion 5300000: state [255, 223, 207, 199, 195, 193, 201, 200, 216, 220, 92, 93, 77, 109, 237, 229, 245, 117, 113, 81, 80], f=85, g=20
[00:00:06:25:357] Expansion 5400000: state [255, 223, 207, 199, 195, 193, 201, 200, 204, 220, 92, 84, 80, 81, 113, 241, 245, 244, 246, 242], f=85, g=19
[00:00:06:32:512] Expansion 5500000: state [255, 223, 207, 199, 195, 193, 201, 233, 105, 109, 77, 76, 92, 220, 252, 248, 240, 242, 210, 214, 86, 87, 83, 81, 89], f=85, g=24
[00:00:06:39:878] Expansion 5600000: state [255, 223, 207, 199, 195, 193, 201, 233, 249, 241, 240, 208, 212, 196, 204, 76, 77, 69, 85, 81, 83, 115], f=85, g=21
[00:00:06:48:684] Expansion 5700000: state [255, 223, 207, 199, 195, 193, 201, 233, 237, 236, 252, 220, 212, 214, 210, 242, 240, 224], f=85, g=17
[00:00:06:55:714] Expansion 5800000: state [255, 223, 207, 199, 195, 193, 201, 217, 89, 93, 92, 220, 204, 236, 232, 224, 240, 244, 245, 117, 113, 115, 83, 87, 86, 214], f=85, g=25
[00:00:07:02:547] Expansion 5900000: state [255, 223, 207, 199, 195, 193, 201, 217, 249, 121, 105, 109, 77, 69, 85, 213, 245, 244, 252, 236, 232, 224], f=85, g=21
[00:00:07:09:547] Expansion 6000000: state [255, 223, 207, 199, 195, 194, 192, 224, 240, 112, 80, 84, 85, 213, 245, 229, 237, 236, 204, 220, 216, 217, 89, 121, 105, 97], f=85, g=25
[00:00:07:16:739] Expansion 6100000: state [255, 223, 207, 199, 195, 194, 192, 224, 240, 244, 212, 220, 92, 76, 72, 73, 201, 217, 249, 121, 113, 117, 85, 87, 83], f=85, g=24
[00:00:07:23:920] Expansion 6200000: state [255, 223, 207, 199, 195, 194, 192, 224, 240, 242, 243, 115, 83, 87, 85, 84, 92, 220, 216, 217, 89, 73, 105, 109, 237, 236], f=85, g=25
[00:00:07:31:040] Expansion 6300000: state [255, 223, 207, 199, 195, 194, 192, 224, 232, 248, 216, 217, 209, 81, 85, 84, 212, 244, 245, 229, 237, 109, 77, 73, 75], f=85, g=24
[00:00:07:38:390] Expansion 6400000: state [255, 223, 207, 199, 195, 194, 192, 224, 232, 236, 204, 220, 216, 217, 201, 73, 77, 69, 85, 81, 80, 112], f=85, g=21
[00:00:07:45:456] Expansion 6500000: state [255, 223, 207, 199, 195, 194, 192, 224, 232, 233, 105, 73, 77, 93, 92, 124, 252, 244, 246, 214, 86, 87, 83, 115, 113, 241], f=85, g=25
[00:00:07:53:098] Expansion 6600000: state [255, 223, 207, 199, 195, 194, 192, 224, 225, 97, 113, 117, 245, 213, 209, 217, 216, 248, 252, 236, 237, 109, 77, 93, 92, 84, 86, 214, 246], f=85, g=28
[00:00:08:00:200] Expansion 6700000: state [255, 223, 207, 199, 195, 194, 192, 224, 225, 233, 105, 73, 77, 93, 92, 84, 86, 214, 246, 244, 252, 248, 216, 217, 209, 81, 83, 115], f=85, g=27
[00:00:08:06:985] Expansion 6800000: state [255, 223, 207, 199, 195, 194, 192, 224, 225, 229, 245, 244, 246, 214, 86, 84, 92, 93, 77, 73, 201, 217, 209, 81, 113], f=85, g=24
[00:00:08:14:097] Expansion 6900000: state [255, 223, 207, 199, 195, 194, 192, 208, 80, 84, 92, 220, 252, 236, 237, 109, 105, 97, 113, 117, 245, 213], f=85, g=21
[00:00:08:21:354] Expansion 7000000: state [255, 223, 207, 199, 195, 194, 192, 208, 240, 112, 113, 115, 83, 87, 85, 84, 92, 76, 77, 73, 89, 217, 249, 233, 237, 229], f=85, g=25
[00:00:08:30:567] Expansion 7100000: state [255, 223, 207, 199, 195, 194, 192, 208, 240, 242, 243, 115, 113, 97, 105, 233, 232, 236, 252, 220, 92, 93, 89], f=85, g=22
[00:00:08:37:418] Expansion 7200000: state [255, 223, 207, 199, 195, 194, 192, 208, 216, 248, 249, 241, 113, 115, 83, 87, 85, 84, 92, 76, 72, 73, 105, 109, 237, 229], f=85, g=25
[00:00:08:44:289] Expansion 7300000: state [255, 223, 207, 199, 195, 194, 192, 208, 216, 217, 201, 73, 105, 121, 113, 81, 85, 84, 86, 214, 246, 244, 252], f=85, g=22
[00:00:08:51:210] Expansion 7400000: state [255, 223, 207, 199, 195, 194, 192, 208, 212, 220, 92, 76, 77, 73, 105, 233, 225, 241, 113, 117, 85, 87, 83], f=85, g=22
[00:00:08:58:175] Expansion 7500000: state [255, 223, 207, 199, 195, 194, 192, 208, 209, 81, 85, 84, 92, 220, 204, 236, 237, 229, 225, 97], f=85, g=19
[00:00:09:05:062] Expansion 7600000: state [255, 223, 207, 199, 195, 194, 192, 208, 209, 213, 85, 93, 92, 76, 204, 236, 232, 233, 105, 121, 113, 115, 83], f=85, g=22
[00:00:09:12:244] Expansion 7700000: state [255, 223, 207, 199, 195, 194, 192, 200, 72, 76, 77, 109, 105, 97, 113, 81, 209, 217, 249, 248, 240, 244, 246, 214, 86, 84], f=85, g=25
[00:00:09:19:194] Expansion 7800000: state [255, 223, 207, 199, 195, 194, 192, 200, 72, 73, 89, 81, 209, 213, 245, 244, 252, 220, 92, 84, 86], f=85, g=20
[00:00:09:26:342] Expansion 7900000: state [255, 223, 207, 199, 195, 194, 192, 200, 232, 248, 240, 241, 225, 229, 237, 109, 105, 73, 89, 93, 85, 84], f=85, g=21
[00:00:09:33:421] Expansion 8000000: state [255, 223, 207, 199, 195, 194, 192, 200, 232, 236, 237, 109, 77, 73, 89, 217, 209, 241, 243, 115, 83, 87, 85, 84], f=85, g=23
[00:00:09:40:250] Expansion 8100000: state [255, 223, 207, 199, 195, 194, 192, 200, 232, 233, 237, 109, 77, 69, 85, 87, 83, 115, 243, 242, 240, 244, 212, 220, 92], f=85, g=24
[00:00:09:47:130] Expansion 8200000: state [255, 223, 207, 199, 195, 194, 192, 200, 216, 248, 249, 233, 237, 109, 77, 93, 85, 117], f=85, g=17
[00:00:09:54:069] Expansion 8300000: state [255, 223, 207, 199, 195, 194, 192, 200, 216, 217, 89, 81, 85, 213, 212, 214, 246, 242, 240, 241, 225, 97, 105, 109, 237], f=85, g=24
[00:00:10:01:119] Expansion 8400000: state [255, 223, 207, 199, 195, 194, 192, 200, 204, 76, 92, 124, 252, 248, 249, 121, 105, 97, 225, 229, 245, 213, 85, 81, 83, 115], f=85, g=25
[00:00:10:08:289] Expansion 8500000: state [255, 223, 207, 199, 195, 194, 192, 200, 204, 236, 252, 244, 245, 241, 113, 112, 80, 84, 85, 93, 89, 73, 105, 233, 235], f=85, g=24
[00:00:10:15:279] Expansion 8600000: state [255, 223, 207, 199, 195, 194, 192, 200, 204, 220, 212, 84, 86, 87, 83, 115, 113, 241, 249, 217, 89, 93, 77, 109, 237], f=85, g=24
[00:00:10:22:439] Expansion 8700000: state [255, 223, 207, 199, 195, 194, 192, 200, 201, 73, 89, 93, 92, 124, 252, 236, 237, 229, 225, 97], f=85, g=19
[00:00:10:29:501] Expansion 8800000: state [255, 223, 207, 199, 195, 194, 192, 200, 201, 233, 237, 236, 252, 244, 246, 214, 86, 87, 85, 93], f=85, g=19
[00:00:10:39:187] Expansion 8900000: state [255, 223, 207, 199, 195, 194, 192, 196, 212, 84, 92, 76, 77, 109, 237, 233, 225, 241, 243], f=85, g=18
[00:00:10:46:264] Expansion 9000000: state [255, 223, 207, 199, 195, 194, 192, 196, 212, 220, 92, 76, 77, 73, 89, 121, 113, 97, 225, 229], f=85, g=19
[00:00:10:53:230] Expansion 9100000: state [255, 223, 207, 199, 195, 194, 192, 196, 212, 214, 246, 242, 240, 248, 252, 124, 92, 76, 77, 109, 237, 233, 201, 217, 209, 81, 80], f=85, g=26
[00:00:11:00:308] Expansion 9200000: state [255, 223, 207, 199, 195, 194, 192, 196, 204, 76, 72, 73, 89, 217, 249, 241, 243, 115, 83, 87], f=85, g=19
[00:00:11:07:880] Expansion 9300000: state [255, 223, 207, 199, 195, 194, 192, 196, 204, 76, 77, 73, 89, 121, 249, 233, 237, 229, 245, 244, 246, 242], f=85, g=21
[00:00:11:15:343] Expansion 9400000: state [255, 223, 207, 199, 195, 194, 192, 196, 204, 236, 252, 244, 246, 214, 86, 87, 85, 93, 77, 73, 201, 233, 249, 241, 113], f=85, g=24
[00:00:11:22:640] Expansion 9500000: state [255, 223, 207, 199, 195, 194, 192, 196, 204, 220, 92, 84, 86, 87, 83, 115, 113, 241, 245, 244, 246], f=85, g=20
[00:00:11:29:844] Expansion 9600000: state [255, 223, 207, 199, 195, 194, 192, 196, 204, 220, 252, 244, 246, 242, 243, 241, 209, 81, 85, 87], f=85, g=19
[00:00:11:37:049] Expansion 9700000: state [255, 223, 207, 199, 195, 194, 210, 208, 80, 84, 92, 93, 89, 73, 105, 233, 237, 229, 245, 241, 243, 115, 83, 87], f=85, g=23
[00:00:11:44:302] Expansion 9800000: state [255, 223, 207, 199, 195, 194, 210, 208, 80, 81, 83, 115, 243, 241, 245, 229, 237, 109, 77, 76, 92, 124, 252], f=85, g=22
[00:00:11:51:467] Expansion 9900000: state [255, 223, 207, 199, 195, 194, 210, 208, 240, 248, 249, 233, 237, 236, 204, 76, 92, 93, 85, 213, 245], f=85, g=20
[00:00:11:58:727] Expansion 10000000: state [255, 223, 207, 199, 195, 194, 210, 208, 216, 200, 72, 73, 77, 93, 92, 124, 252, 236, 237, 233, 249, 121, 113], f=85, g=22
[00:00:12:05:753] Expansion 10100000: state [255, 223, 207, 199, 195, 194, 210, 208, 216, 220, 204, 76, 77, 109, 105, 233, 225, 229, 245, 213, 85, 87, 83, 115, 243], f=85, g=24
[00:00:12:12:756] Expansion 10200000: state [255, 223, 207, 199, 195, 194, 210, 208, 212, 84, 85, 117, 113, 241, 249, 248, 252, 236, 237, 109, 105, 73, 72, 76, 78], f=85, g=24
[00:00:12:20:065] Expansion 10300000: state [255, 223, 207, 199, 195, 194, 210, 208, 212, 220, 92, 93, 77, 73, 201, 217, 249, 121, 113, 115, 243], f=85, g=20
[00:00:12:27:394] Expansion 10400000: state [255, 223, 207, 199, 195, 194, 210, 208, 209, 81, 85, 84, 92, 76, 72, 73, 201, 233], f=85, g=17
[00:00:12:34:686] Expansion 10500000: state [255, 223, 207, 199, 195, 194, 210, 208, 209, 213, 85, 93, 92, 124, 252, 248, 232, 200, 201], f=85, g=18
[00:00:12:41:966] Expansion 10600000: state [255, 223, 207, 199, 195, 194, 210, 242, 240, 112, 113, 121, 105, 73, 72, 200, 204, 220, 92, 93, 85, 213, 245, 229], f=85, g=23
[00:00:12:49:110] Expansion 10700000: state [255, 223, 207, 199, 195, 194, 210, 242, 240, 224, 225, 97, 113, 117, 85, 69, 77, 76, 92, 124, 252], f=85, g=20
[00:00:12:56:005] Expansion 10800000: state [255, 223, 207, 199, 195, 194, 210, 242, 240, 248, 216, 217, 89, 93, 77, 76, 204, 236, 237, 233], f=85, g=19
[00:00:13:03:114] Expansion 10900000: state [255, 223, 207, 199, 195, 194, 210, 242, 240, 248, 249, 121, 113, 115, 83, 87, 85, 69, 77, 73, 201, 200, 204, 236, 237, 229, 245], f=85, g=26
[00:00:13:10:377] Expansion 11000000: state [255, 223, 207, 199, 195, 194, 210, 242, 240, 244, 252, 220, 216, 217, 249, 233, 225, 97, 113, 115, 83, 87, 85, 69, 77, 76, 72], f=85, g=26
[00:00:13:20:841] Expansion 11100000: state [255, 223, 207, 199, 195, 194, 210, 242, 240, 241, 113, 115, 83, 87, 85, 93, 92, 76, 72, 200, 216], f=85, g=20
[00:00:13:27:984] Expansion 11200000: state [255, 223, 207, 199, 195, 194, 210, 242, 246, 244, 212, 84, 92, 93, 89, 73, 105, 109, 237, 236, 232, 248, 249, 241, 225], f=85, g=24
[00:00:13:35:076] Expansion 11300000: state [255, 223, 207, 199, 195, 194, 210, 242, 246, 244, 212, 213, 85, 81, 113, 121, 105, 233, 232, 236, 204, 76, 78], f=85, g=22
[00:00:13:42:331] Expansion 11400000: state [255, 223, 207, 199, 195, 194, 210, 242, 246, 244, 252, 236, 204, 200, 201, 233, 249, 241, 209, 81, 85], f=85, g=20
[00:00:13:49:313] Expansion 11500000: state [255, 223, 207, 199, 195, 194, 210, 242, 246, 244, 245, 213, 85, 84, 80, 112, 113, 121, 105, 109, 77, 76, 204, 236, 232, 248], f=85, g=25
[00:00:13:56:127] Expansion 11600000: state [255, 223, 207, 199, 195, 194, 210, 242, 246, 244, 245, 241, 225, 224, 232, 236, 237, 109, 77, 69, 85, 84], f=85, g=21
[00:00:14:03:376] Expansion 11700000: state [255, 223, 207, 199, 195, 194, 210, 242, 243, 115, 83, 81, 85, 93, 77, 76, 204, 220, 216, 217, 249, 121, 105, 97, 225, 229, 245], f=85, g=26
[00:00:14:10:742] Expansion 11800000: state [255, 223, 207, 199, 195, 194, 210, 242, 243, 115, 113, 81, 80, 84, 92, 76, 77, 73, 201, 200, 232, 236], f=85, g=21
[00:00:14:17:867] Expansion 11900000: state [255, 223, 207, 199, 195, 194, 210, 242, 243, 115, 113, 97, 105, 109, 237, 229, 245, 244, 252, 248, 232, 200, 201, 217, 89, 93, 85], f=85, g=26
[00:00:14:25:130] Expansion 12000000: state [255, 223, 207, 199, 195, 194, 210, 242, 243, 115, 113, 117, 245, 213, 212, 220, 92, 93, 77, 73, 105, 233, 232, 200], f=85, g=23
[00:00:14:32:384] Expansion 12100000: state [255, 223, 207, 199, 195, 194, 210, 242, 243, 241, 225, 97, 105, 121, 89, 217, 201, 200, 232, 236, 252, 244, 212, 84, 85], f=85, g=24
[00:00:14:39:398] Expansion 12200000: state [255, 223, 207, 199, 195, 194, 210, 242, 243, 241, 245, 244, 212, 84, 85, 81, 89, 73, 72, 200, 232, 224], f=85, g=21
[00:00:14:46:902] Expansion 12300000: state [255, 223, 207, 199, 195, 194, 210, 214, 86, 84, 92, 76, 72, 200, 232, 224, 225, 97, 113, 117, 245, 213], f=85, g=21
[00:00:14:54:545] Expansion 12400000: state [255, 223, 207, 199, 195, 194, 210, 214, 86, 84, 92, 124, 252, 248, 232, 200, 201, 73, 77, 109, 237, 229, 245, 213, 209, 81, 83, 115], f=85, g=27
[00:00:15:02:077] Expansion 12500000: state [255, 223, 207, 199, 195, 194, 210, 214, 86, 84, 85, 213, 209, 217, 89, 73, 72, 76, 204, 236, 237, 233], f=85, g=21
[00:00:15:09:259] Expansion 12600000: state [255, 223, 207, 199, 195, 194, 210, 214, 86, 87, 83, 81, 209, 241, 225, 229, 237, 236, 204, 220, 92, 93, 77, 73, 72], f=85, g=24
[00:00:15:16:558] Expansion 12700000: state [255, 223, 207, 199, 195, 194, 210, 214, 86, 87, 83, 115, 113, 112, 240, 248, 216, 200, 204, 76, 77, 73, 105, 233, 225, 229, 245], f=85, g=26
[00:00:15:23:723] Expansion 12800000: state [255, 223, 207, 199, 195, 194, 210, 214, 86, 87, 85, 69, 77, 109, 105, 121, 113, 241, 240, 248, 232, 200, 204, 220], f=85, g=23
[00:00:15:30:845] Expansion 12900000: state [255, 223, 207, 199, 195, 194, 210, 214, 86, 87, 85, 213, 245, 241, 249, 121, 105, 73, 72, 76, 204, 236, 232, 224], f=85, g=23
[00:00:15:39:330] Expansion 13000000: state [255, 223, 207, 199, 195, 194, 210, 214, 86, 87, 85, 93, 92, 124, 252, 244, 240, 112, 113, 121, 249, 233, 225], f=85, g=22
[00:00:15:46:526] Expansion 13100000: state [255, 223, 207, 199, 195, 194, 210, 214, 212, 84, 85, 81, 209, 217, 216, 248, 232, 236, 204, 76, 72, 73, 105, 97], f=85, g=23
[00:00:15:53:625] Expansion 13200000: state [255, 223, 207, 199, 195, 194, 210, 214, 212, 196, 204, 200, 216, 217, 249, 233, 225, 224, 240, 112, 80, 81, 85, 93, 92, 124, 252], f=85, g=26
[00:00:16:00:874] Expansion 13300000: state [255, 223, 207, 199, 195, 194, 210, 214, 212, 244, 252, 236, 232, 200, 201, 217, 89, 81, 113, 97, 225, 229], f=85, g=21
[00:00:16:07:897] Expansion 13400000: state [255, 223, 207, 199, 195, 194, 210, 214, 212, 220, 204, 76, 72, 73, 105, 233, 237, 229, 245, 241, 243, 115, 83, 87, 85, 69], f=85, g=25
[00:00:16:19:435] Expansion 13500000: state [255, 223, 207, 199, 195, 194, 210, 214, 212, 220, 252, 248, 240, 241, 225, 233, 237, 109, 77, 93, 85], f=85, g=20
[00:00:16:26:448] Expansion 13600000: state [255, 223, 207, 199, 195, 194, 210, 214, 212, 213, 245, 117, 113, 97, 105, 109, 237, 236, 232, 200, 72], f=85, g=20
[00:00:16:33:479] Expansion 13700000: state [255, 223, 207, 199, 195, 194, 210, 214, 246, 244, 240, 248, 216, 200, 204, 236, 237, 233, 105, 121, 113, 81, 209], f=85, g=22
[00:00:16:40:797] Expansion 13800000: state [255, 223, 207, 199, 195, 194, 210, 214, 246, 244, 252, 220, 204, 76, 77, 109, 105, 97, 225, 241, 243], f=85, g=20
[00:00:16:47:962] Expansion 13900000: state [255, 223, 207, 199, 195, 194, 210, 214, 246, 244, 252, 248, 249, 233, 201, 200, 72, 76, 92, 93, 85, 81, 113], f=85, g=22
[00:00:16:54:739] Expansion 14000000: state [255, 223, 207, 199, 195, 194, 210, 214, 246, 244, 245, 241, 113, 97, 105, 109, 237, 236, 232, 248, 216, 217, 89, 93, 85, 84], f=85, g=25
[00:00:17:01:971] Expansion 14100000: state [255, 223, 207, 199, 195, 194, 202, 200, 72, 76, 92, 124, 252, 244, 246, 214, 86, 87, 85, 81, 89, 217], f=85, g=21
[00:00:17:09:668] Expansion 14200000: state [255, 223, 207, 199, 195, 194, 202, 200, 72, 76, 77, 109, 237, 233, 249, 217, 89, 81, 85, 84, 212, 208, 240, 242, 243], f=85, g=24
[00:00:17:17:404] Expansion 14300000: state [255, 223, 207, 199, 195, 194, 202, 200, 72, 73, 105, 121, 249, 217, 209, 213, 85, 93, 92, 220, 252, 236, 237, 229, 225, 224, 240, 112, 80], f=85, g=28
[00:00:17:25:233] Expansion 14400000: state [255, 223, 207, 199, 195, 194, 202, 200, 72, 73, 77, 109, 237, 229, 245, 213, 209, 81, 83, 87, 86, 84, 92, 124, 252, 248, 240, 242, 243], f=85, g=28
[00:00:17:33:125] Expansion 14500000: state [255, 223, 207, 199, 195, 194, 202, 200, 232, 224, 225, 241, 113, 112, 80, 84, 92, 76, 77, 73, 75], f=85, g=20
[00:00:17:40:891] Expansion 14600000: state [255, 223, 207, 199, 195, 194, 202, 200, 232, 248, 252, 244, 245, 241, 209, 208, 80, 84, 92, 76, 77, 73, 105, 97], f=85, g=23
[00:00:17:48:778] Expansion 14700000: state [255, 223, 207, 199, 195, 194, 202, 200, 232, 236, 237, 109, 77, 93, 89, 81, 80, 112, 240, 244, 245, 213], f=85, g=21
[00:00:17:56:130] Expansion 14800000: state [255, 223, 207, 199, 195, 194, 202, 200, 232, 233, 225, 241, 113, 81, 85, 93], f=85, g=15
[00:00:18:03:437] Expansion 14900000: state [255, 223, 207, 199, 195, 194, 202, 200, 216, 208, 240, 242, 246, 214, 86, 84, 92, 124, 252, 236, 237, 233], f=85, g=21
[00:00:18:10:850] Expansion 15000000: state [255, 223, 207, 199, 195, 194, 202, 200, 216, 248, 252, 124, 92, 93, 77, 109, 237, 229, 245, 241, 113, 121], f=85, g=21
[00:00:18:18:269] Expansion 15100000: state [255, 223, 207, 199, 195, 194, 202, 200, 216, 220, 212, 244, 245, 117, 85, 81], f=85, g=15
[00:00:18:25:322] Expansion 15200000: state [255, 223, 207, 199, 195, 194, 202, 200, 216, 217, 209, 81, 113, 112, 240, 244, 252, 236, 237, 233, 105, 73, 77, 76], f=85, g=23
[00:00:18:32:559] Expansion 15300000: state [255, 223, 207, 199, 195, 194, 202, 200, 204, 76, 92, 124, 252, 248, 240, 208, 212, 214, 86, 87, 85, 81, 113, 115], f=85, g=23
[00:00:18:39:690] Expansion 15400000: state [255, 223, 207, 199, 195, 194, 202, 200, 204, 76, 77, 109, 237, 233, 225, 224, 240, 208, 212, 84, 85, 87, 83, 115, 243], f=85, g=24
[00:00:18:46:983] Expansion 15500000: state [255, 223, 207, 199, 195, 194, 202, 200, 204, 236, 252, 124, 92, 84, 86, 214, 246, 242, 240, 224, 225, 229, 245, 117, 113, 121, 105, 109, 77], f=85, g=28
[00:00:18:54:184] Expansion 15600000: state [255, 223, 207, 199, 195, 194, 202, 200, 204, 236, 237, 109, 105, 121, 113, 117, 245, 213, 209, 208, 240, 242], f=85, g=21
[00:00:19:01:253] Expansion 15700000: state [255, 223, 207, 199, 195, 194, 202, 200, 204, 220, 92, 93, 89, 73, 105, 233, 225, 229, 245, 213, 209, 208, 80, 112, 113, 115, 83, 87, 86], f=85, g=28
[00:00:19:08:512] Expansion 15800000: state [255, 223, 207, 199, 195, 194, 202, 200, 201, 73, 105, 97, 225, 241, 245, 117, 85, 81, 80], f=85, g=18
[00:00:19:15:644] Expansion 15900000: state [255, 223, 207, 199, 195, 194, 202, 200, 201, 73, 77, 109, 237, 236, 252, 244, 212, 84, 80, 81, 83, 115, 243, 241, 249, 121], f=85, g=25
[00:00:19:22:788] Expansion 16000000: state [255, 223, 207, 199, 195, 194, 202, 200, 201, 233, 237, 109, 77, 93, 92, 84, 80, 112, 113, 241, 243], f=85, g=20
[00:00:19:29:832] Expansion 16100000: state [255, 223, 207, 199, 195, 194, 202, 200, 201, 217, 209, 213, 212, 244, 252, 124, 92, 93, 77, 109, 237], f=85, g=20
[00:00:19:36:759] Expansion 16200000: state [255, 223, 207, 199, 195, 227, 225, 97, 113, 81, 85, 213, 212, 214, 246, 242, 240, 248, 252, 236, 204, 200, 72, 73, 75], f=85, g=24
[00:00:19:43:693] Expansion 16300000: state [255, 223, 207, 199, 195, 227, 225, 97, 113, 121, 89, 217, 201, 200, 72, 76, 77, 69, 85, 87, 86, 214, 212, 244, 252], f=85, g=24
[00:00:19:50:570] Expansion 16400000: state [255, 223, 207, 199, 195, 227, 225, 97, 113, 117, 85, 87, 86, 214, 210, 208, 209, 217, 89, 73, 72, 200, 204, 236, 252, 124, 92], f=85, g=26
[00:00:19:57:476] Expansion 16500000: state [255, 223, 207, 199, 195, 227, 225, 97, 105, 73, 72, 200, 232, 236, 252, 244, 245, 117, 85, 81, 209, 217, 249], f=85, g=22
[00:00:20:04:352] Expansion 16600000: state [255, 223, 207, 199, 195, 227, 225, 97, 105, 121, 89, 81, 85, 84, 212, 196, 192, 200, 216, 248, 252, 236, 238], f=85, g=22
[00:00:20:11:183] Expansion 16700000: state [255, 223, 207, 199, 195, 227, 225, 97, 105, 109, 77, 76, 204, 220, 216, 217, 209, 213, 85, 87, 83], f=85, g=20
[00:00:20:18:155] Expansion 16800000: state [255, 223, 207, 199, 195, 227, 225, 224, 192, 208, 210, 214, 86, 84, 92, 76, 77, 73, 105, 121, 113, 117], f=85, g=21
[00:00:20:25:213] Expansion 16900000: state [255, 223, 207, 199, 195, 227, 225, 224, 192, 196, 212, 214, 86, 87, 83, 81, 89, 217, 216, 248, 252, 236, 237, 109, 77, 76, 92], f=85, g=26
[00:00:20:32:459] Expansion 17000000: state [255, 223, 207, 199, 195, 227, 225, 224, 240, 248, 252, 220, 204, 76, 77, 93, 85, 81, 113], f=85, g=18
[00:00:20:39:527] Expansion 17100000: state [255, 223, 207, 199, 195, 227, 225, 224, 240, 242, 246, 214, 86, 87, 85, 213, 209, 217, 216, 220, 252, 236, 237, 109, 105, 121], f=85, g=25
[00:00:20:46:568] Expansion 17200000: state [255, 223, 207, 199, 195, 227, 225, 224, 232, 248, 252, 244, 212, 84, 86, 87, 83, 81, 113, 121, 105, 109, 77, 76, 72], f=85, g=24
[00:00:20:53:550] Expansion 17300000: state [255, 223, 207, 199, 195, 227, 225, 241, 113, 81, 89, 73, 201, 200, 204, 196], f=85, g=15
[00:00:21:00:778] Expansion 17400000: state [255, 223, 207, 199, 195, 227, 225, 241, 113, 115, 83, 87, 86, 84, 92, 76, 72, 200, 232, 236, 252, 244, 246, 242, 210, 208], f=85, g=25
[00:00:21:13:489] Expansion 17500000: state [255, 223, 207, 199, 195, 227, 225, 241, 240, 242, 210, 214, 86, 84, 85, 93, 77, 109, 237, 236, 204, 220, 216], f=85, g=22
[00:00:21:20:590] Expansion 17600000: state [255, 223, 207, 199, 195, 227, 225, 241, 245, 117, 85, 81, 89, 73, 72, 76, 204, 236, 252, 248, 216, 208, 212, 214, 246, 242], f=85, g=25
[00:00:21:27:756] Expansion 17700000: state [255, 223, 207, 199, 195, 227, 225, 233, 105, 73, 89, 217, 216, 200, 204, 236, 252, 244, 240, 112, 113], f=85, g=20
[00:00:21:34:933] Expansion 17800000: state [255, 223, 207, 199, 195, 227, 225, 233, 105, 109, 77, 69, 85, 84, 86, 214, 210, 242, 240, 248, 252, 220, 204], f=85, g=22
[00:00:21:42:104] Expansion 17900000: state [255, 223, 207, 199, 195, 227, 225, 233, 201, 200, 216, 208, 240, 112, 113, 115, 83, 87, 85, 69, 77, 76, 78], f=85, g=22
[00:00:21:49:444] Expansion 18000000: state [255, 223, 207, 199, 195, 227, 225, 233, 232, 200, 204, 220, 212, 244, 240, 112, 113, 81, 85, 93, 77], f=85, g=20
[00:00:21:56:662] Expansion 18100000: state [255, 223, 207, 199, 195, 227, 225, 233, 249, 121, 113, 81, 83, 87, 86, 84, 212, 213, 245], f=85, g=18
[00:00:22:03:738] Expansion 18200000: state [255, 223, 207, 199, 195, 227, 225, 233, 249, 248, 252, 244, 246, 214, 86, 84, 92, 76, 72, 200, 192, 208, 209], f=85, g=22
[00:00:22:10:618] Expansion 18300000: state [255, 223, 207, 199, 195, 227, 225, 233, 237, 236, 204, 220, 92, 93, 89, 217, 209, 208, 240, 112, 113, 117, 245], f=85, g=22
[00:00:22:17:744] Expansion 18400000: state [255, 223, 207, 199, 195, 227, 225, 229, 245, 117, 113, 81, 89, 73, 77, 76, 204, 200, 216, 208, 240, 242, 246, 214], f=85, g=23
[00:00:22:24:495] Expansion 18500000: state [255, 223, 207, 199, 195, 227, 225, 229, 245, 213, 209, 81, 113, 112, 240, 248, 252, 236, 204, 196, 192], f=85, g=20
[00:00:22:31:195] Expansion 18600000: state [255, 223, 207, 199, 195, 227, 225, 229, 245, 244, 240, 242, 210, 214, 86, 84, 80, 81, 209, 217, 216, 200, 192], f=85, g=22
[00:00:22:38:177] Expansion 18700000: state [255, 223, 207, 199, 195, 227, 225, 229, 237, 109, 77, 69, 85, 84, 92, 124, 252, 244, 246, 214, 210, 208, 216, 217, 249, 121, 113, 112], f=85, g=27
[00:00:22:44:973] Expansion 18800000: state [255, 223, 207, 199, 195, 227, 225, 229, 237, 109, 77, 93, 85, 81, 113, 121, 249, 248, 232, 200, 192, 208, 212, 214], f=85, g=23
[00:00:22:52:027] Expansion 18900000: state [255, 223, 207, 199, 195, 227, 225, 229, 237, 109, 105, 121, 113, 81, 85, 87, 86, 214, 246, 244, 240, 248, 216, 200, 72, 76, 92], f=85, g=26
[00:00:22:58:795] Expansion 19000000: state [255, 223, 207, 199, 195, 227, 225, 229, 237, 236, 204, 220, 216, 208, 240, 242, 246, 214, 86, 87, 83, 81, 113, 121, 105, 73, 72], f=85, g=26
[00:00:23:05:481] Expansion 19100000: state [255, 223, 207, 199, 195, 227, 225, 229, 237, 236, 252, 244, 212, 214, 86, 87, 85, 93, 89, 73, 72, 200, 216], f=85, g=22
[00:00:23:12:577] Expansion 19200000: state [255, 223, 207, 199, 195, 227, 243, 115, 83, 81, 209, 208, 240, 248, 232, 200, 72, 76, 77, 109], f=85, g=19
[00:00:23:19:927] Expansion 19300000: state [255, 223, 207, 199, 195, 227, 243, 115, 83, 81, 89, 93, 77, 76, 204, 220, 216, 248, 232, 233], f=85, g=19
[00:00:23:27:180] Expansion 19400000: state [255, 223, 207, 199, 195, 227, 243, 115, 83, 81, 85, 93, 77, 109, 237, 236, 204, 200, 201, 217, 249, 121], f=85, g=21
[00:00:23:34:568] Expansion 19500000: state [255, 223, 207, 199, 195, 227, 243, 115, 83, 87, 85, 213, 212, 208, 240, 248, 252, 236, 204, 76, 77, 109], f=85, g=21
[00:00:23:41:797] Expansion 19600000: state [255, 223, 207, 199, 195, 227, 243, 115, 83, 87, 86, 84, 80, 208, 192, 200, 232, 233, 249, 217], f=85, g=19
[00:00:23:49:428] Expansion 19700000: state [255, 223, 207, 199, 195, 227, 243, 115, 83, 87, 86, 214, 212, 196, 192, 200, 232, 233, 249, 217, 89, 93, 92, 124], f=85, g=23
[00:00:23:56:834] Expansion 19800000: state [255, 223, 207, 199, 195, 227, 243, 115, 113, 81, 209, 217, 201, 200, 232, 248, 240, 244, 212, 220, 92, 93, 77, 69], f=85, g=23
[00:00:24:04:198] Expansion 19900000: state [255, 223, 207, 199, 195, 227, 243, 115, 113, 81, 85, 84, 86, 214, 246, 244, 252, 220, 216, 200, 72, 73, 105, 233, 237], f=85, g=24
[00:00:24:11:430] Expansion 20000000: state [255, 223, 207, 199, 195, 227, 243, 115, 113, 97, 105, 73, 77, 93, 85, 213, 209, 217, 216, 248, 232, 236, 204], f=85, g=22
[00:00:24:18:343] Expansion 20100000: state [255, 223, 207, 199, 195, 227, 243, 115, 113, 112, 80, 208, 192, 200, 232, 233, 249, 217, 89, 93, 85, 87, 86, 214], f=85, g=23
[00:00:24:25:676] Expansion 20200000: state [255, 223, 207, 199, 195, 227, 243, 115, 113, 112, 240, 224, 192, 200, 201, 233, 237, 109, 77, 69, 85, 84, 92, 124], f=85, g=23
[00:00:24:33:013] Expansion 20300000: state [255, 223, 207, 199, 195, 227, 243, 115, 113, 121, 89, 217, 201, 233, 232, 224, 192, 208, 210, 214, 86, 84, 85, 69, 77, 76, 204, 220, 252, 244], f=85, g=29
[00:00:24:40:342] Expansion 20400000: state [255, 223, 207, 199, 195, 227, 243, 115, 113, 121, 105, 233, 237, 236, 252, 248, 216, 208, 212, 214, 86, 87, 85], f=85, g=22
[00:00:24:47:803] Expansion 20500000: state [255, 223, 207, 199, 195, 227, 243, 115, 113, 121, 249, 248, 240, 208, 209, 213, 245, 229, 237, 236, 204, 76, 77, 73, 75], f=85, g=24
[00:00:24:55:074] Expansion 20600000: state [255, 223, 207, 199, 195, 227, 243, 115, 113, 117, 85, 87, 86, 214, 210, 208, 209, 217, 89, 73, 77, 109, 237, 233, 232, 200, 204, 220, 252, 124], f=85, g=29
[00:00:25:02:151] Expansion 20700000: state [255, 223, 207, 199, 195, 227, 243, 115, 113, 117, 245, 244, 246, 214, 210, 208, 80, 84, 92, 220, 204, 200, 72, 73, 77, 109, 237, 233, 249, 248], f=85, g=29
[00:00:25:09:416] Expansion 20800000: state [255, 223, 207, 199, 195, 227, 243, 241, 113, 112, 80, 208, 192, 224, 232, 248, 252, 220, 92, 76, 72, 73, 201, 217], f=85, g=23
[00:00:25:16:544] Expansion 20900000: state [255, 223, 207, 199, 195, 227, 243, 241, 113, 117, 85, 93, 92, 76, 72, 200, 216, 248, 252, 244, 212, 214], f=85, g=21
[00:00:25:23:824] Expansion 21000000: state [255, 223, 207, 199, 195, 227, 243, 241, 240, 112, 80, 84, 212, 196, 204, 236, 237, 233], f=85, g=17
[00:00:25:31:181] Expansion 21100000: state [255, 223, 207, 199, 195, 227, 243, 241, 240, 244, 252, 124, 92, 84, 86, 87, 83, 81, 89, 73, 72, 200], f=85, g=21
[00:00:25:38:339] Expansion 21200000: state [255, 223, 207, 199, 195, 227, 243, 241, 249, 233, 237, 109, 77, 73, 89, 81, 83, 87, 86, 84, 212, 220, 252], f=85, g=22
[00:00:25:45:411] Expansion 21300000: state [255, 223, 207, 199, 195, 227, 243, 241, 245, 229, 237, 109, 77, 73, 89, 81, 83, 87, 86, 214, 210, 208, 216, 248, 232], f=85, g=24
[00:00:25:52:371] Expansion 21400000: state [255, 223, 207, 199, 195, 227, 243, 241, 245, 244, 246, 214, 86, 87, 83, 81, 89, 73, 72, 200, 232, 233, 237, 109], f=85, g=23
[00:00:25:59:620] Expansion 21500000: state [255, 223, 207, 199, 195, 227, 243, 242, 210, 208, 192, 200, 204, 220, 252, 244, 245, 229, 237, 233, 249, 121, 113, 81, 83], f=85, g=24
[00:00:26:06:768] Expansion 21600000: state [255, 223, 207, 199, 195, 227, 243, 242, 210, 208, 212, 220, 204, 200, 72, 73, 77, 93, 85, 117], f=85, g=19
[00:00:26:13:906] Expansion 21700000: state [255, 223, 207, 199, 195, 227, 243, 242, 210, 214, 86, 84, 92, 76, 77, 109, 237, 229, 245, 117, 113, 81, 89, 217, 201], f=85, g=24
[00:00:26:27:790] Expansion 21800000: state [255, 223, 207, 199, 195, 227, 243, 242, 210, 214, 86, 87, 85, 117, 113, 121, 89, 73, 72, 200, 204, 196], f=85, g=21
[00:00:26:34:852] Expansion 21900000: state [255, 223, 207, 199, 195, 227, 243, 242, 210, 214, 212, 220, 204, 76, 72, 73, 105, 97, 113, 112], f=85, g=19
[00:00:26:42:032] Expansion 22000000: state [255, 223, 207, 199, 195, 227, 243, 242, 240, 112, 113, 97, 105, 73, 77, 93, 92, 84, 212, 213, 245, 229, 237, 236, 204, 200], f=85, g=25
[00:00:26:49:158] Expansion 22100000: state [255, 223, 207, 199, 195, 227, 243, 242, 240, 208, 216, 217, 201, 233, 237, 229, 245, 117, 85, 93, 77, 76], f=85, g=21
[00:00:26:56:489] Expansion 22200000: state [255, 223, 207, 199, 195, 227, 243, 242, 240, 224, 192, 196, 212, 84, 85, 69, 77, 109, 237, 233, 201, 217, 89, 121, 113, 97], f=85, g=25
[00:00:27:03:675] Expansion 22300000: state [255, 223, 207, 199, 195, 227, 243, 242, 240, 248, 232, 200, 192, 196, 212, 220, 92, 93, 89, 121, 105, 109], f=85, g=21
[00:00:27:10:955] Expansion 22400000: state [255, 223, 207, 199, 195, 227, 243, 242, 240, 244, 212, 196, 192, 200, 72, 76, 92, 93, 89, 81, 113, 97, 105, 109, 237], f=85, g=24
[00:00:27:18:140] Expansion 22500000: state [255, 223, 207, 199, 195, 227, 243, 242, 246, 214, 86, 84, 80, 208, 209, 217, 249, 248, 252, 236, 237, 229, 245, 117, 113, 97, 105, 73, 77, 76, 78], f=85, g=30
[00:00:27:25:495] Expansion 22600000: state [255, 223, 207, 199, 195, 227, 243, 242, 246, 214, 86, 87, 83, 81, 113, 121, 105, 73, 72, 200, 216, 248, 252, 236], f=85, g=23
[00:00:27:32:599] Expansion 22700000: state [255, 223, 207, 199, 195, 227, 243, 242, 246, 214, 212, 84, 85, 81, 89, 121, 105, 109, 77, 76, 204, 200], f=85, g=21
[00:00:27:39:639] Expansion 22800000: state [255, 223, 207, 199, 195, 227, 243, 242, 246, 214, 212, 213, 85, 117, 113, 97, 105, 233, 237, 236, 252, 248, 216, 217], f=85, g=23
[00:00:27:46:767] Expansion 22900000: state [255, 223, 207, 199, 195, 227, 243, 242, 246, 244, 252, 124, 92, 84, 80, 112, 113, 97, 105, 233, 249, 217], f=85, g=21
[00:00:27:53:961] Expansion 23000000: state [255, 223, 207, 199, 195, 227, 243, 242, 246, 244, 245, 117, 85, 81, 89, 217, 216, 248, 232, 224, 192, 196], f=85, g=21
[00:00:28:00:848] Expansion 23100000: state [255, 223, 207, 199, 195, 227, 243, 242, 246, 244, 245, 229, 237, 233, 249, 121, 89, 81, 80, 208, 192, 196], f=85, g=21
[00:00:28:07:945] Expansion 23200000: state [255, 223, 207, 199, 195, 227, 235, 233, 105, 73, 89, 93, 92, 220, 212, 214, 86, 87], f=85, g=17
[00:00:28:14:971] Expansion 23300000: state [255, 223, 207, 199, 195, 227, 235, 233, 105, 97, 113, 241, 245, 244, 252, 220, 204, 200, 192, 224], f=85, g=19
[00:00:28:22:045] Expansion 23400000: state [255, 223, 207, 199, 195, 227, 235, 233, 105, 121, 113, 117, 85, 69, 77, 76, 72, 200, 216, 248, 252, 244, 212, 214, 210], f=85, g=24
[00:00:28:29:166] Expansion 23500000: state [255, 223, 207, 199, 195, 227, 235, 233, 201, 73, 72, 76, 204, 196, 192, 224, 240, 112, 113, 117, 245, 213, 209], f=85, g=22
[00:00:28:36:784] Expansion 23600000: state [255, 223, 207, 199, 195, 227, 235, 233, 201, 200, 192, 208, 80, 112, 113, 117, 245, 244, 252, 220, 92, 76], f=85, g=21
[00:00:28:44:445] Expansion 23700000: state [255, 223, 207, 199, 195, 227, 235, 233, 201, 217, 216, 220, 212, 214, 86, 87, 83, 81, 113, 121], f=85, g=19
[00:00:28:51:757] Expansion 23800000: state [255, 223, 207, 199, 195, 227, 235, 233, 232, 224, 192, 196, 212, 220, 216, 217, 89, 121, 113, 115, 83, 87, 85, 69, 77, 76, 72], f=85, g=26
[00:00:28:59:072] Expansion 23900000: state [255, 223, 207, 199, 195, 227, 235, 233, 232, 236, 204, 196, 212, 214, 86, 87, 85, 81, 113, 115], f=85, g=19
[00:00:29:06:363] Expansion 24000000: state [255, 223, 207, 199, 195, 227, 235, 233, 249, 121, 113, 115, 83, 87, 85, 93, 92, 124, 252, 236, 204, 200, 192, 208, 240, 242, 246, 214], f=85, g=27
[00:00:29:13:592] Expansion 24100000: state [255, 223, 207, 199, 195, 227, 235, 233, 249, 241, 240, 242, 210, 214, 212, 196, 204, 76, 72, 73, 89, 81, 83], f=85, g=22
[00:00:29:20:657] Expansion 24200000: state [255, 223, 207, 199, 195, 227, 235, 233, 237, 109, 77, 73, 89, 121, 113, 112, 240, 224, 192, 200, 204, 220, 212, 213, 245], f=85, g=24
[00:00:29:27:464] Expansion 24300000: state [255, 223, 207, 199, 195, 227, 235, 233, 237, 229, 245, 117, 113, 115, 83, 87, 86, 214, 246, 242, 240, 248, 252, 124, 92, 93, 77, 73, 72, 200, 204, 196], f=85, g=31
[00:00:29:34:223] Expansion 24400000: state [255, 223, 207, 199, 195, 227, 235, 233, 237, 236, 204, 76, 77, 93, 89, 81, 209, 241, 240, 242, 210, 214, 86, 87], f=85, g=23
[00:00:29:41:609] Expansion 24500000: state [255, 223, 207, 199, 195, 227, 235, 233, 237, 236, 252, 244, 245, 117, 113, 115, 83, 87, 86, 84, 92, 76, 72, 200, 216, 217, 209], f=85, g=26
[00:00:29:49:224] Expansion 24600000: state [255, 223, 207, 199, 195, 211, 83, 81, 80, 84, 212, 244, 252, 248, 249, 121, 105, 73, 77, 69], f=85, g=19
[00:00:29:56:466] Expansion 24700000: state [255, 223, 207, 199, 195, 211, 83, 81, 113, 97, 105, 233, 249, 217, 216, 200, 204, 76, 78], f=85, g=18
[00:00:30:03:953] Expansion 24800000: state [255, 223, 207, 199, 195, 211, 83, 81, 113, 121, 105, 73, 77, 93, 92, 124, 252, 244, 245, 229, 225, 224, 232, 200, 204], f=85, g=24
[00:00:30:11:302] Expansion 24900000: state [255, 223, 207, 199, 195, 211, 83, 81, 89, 73, 72, 76, 204, 220, 216, 208, 240, 244, 245, 229, 237, 233, 235], f=85, g=22
[00:00:30:18:571] Expansion 25000000: state [255, 223, 207, 199, 195, 211, 83, 81, 89, 121, 105, 233, 237, 236, 252, 220, 212, 213, 245, 241, 240, 112], f=85, g=21
[00:00:30:25:856] Expansion 25100000: state [255, 223, 207, 199, 195, 211, 83, 81, 85, 69, 77, 109, 237, 229, 225, 224, 232, 200, 204, 196, 212], f=85, g=20
[00:00:30:33:444] Expansion 25200000: state [255, 223, 207, 199, 195, 211, 83, 81, 85, 213, 212, 214, 246, 242, 240, 248, 249, 217, 201, 200, 204, 76, 77, 109, 105, 97, 225, 229], f=85, g=27
[00:00:30:40:809] Expansion 25300000: state [255, 223, 207, 199, 195, 211, 83, 81, 85, 93, 77, 109, 237, 236, 232, 224, 192, 196, 212, 244, 246], f=85, g=20
[00:00:30:47:941] Expansion 25400000: state [255, 223, 207, 199, 195, 211, 83, 115, 113, 97, 225, 229, 245, 244, 212, 220, 216, 217, 89, 93, 85], f=85, g=20
[00:00:30:55:010] Expansion 25500000: state [255, 223, 207, 199, 195, 211, 83, 115, 113, 97, 105, 109, 237, 236, 204, 196, 192, 208, 240, 244, 246, 214, 86, 84, 92, 93], f=85, g=25
[00:00:31:02:367] Expansion 25600000: state [255, 223, 207, 199, 195, 211, 83, 115, 113, 112, 240, 224, 225, 229, 245, 213, 85, 93, 77, 73, 201, 217, 216, 220, 252, 236, 238], f=85, g=26
[00:00:31:09:717] Expansion 25700000: state [255, 223, 207, 199, 195, 211, 83, 115, 113, 241, 240, 208, 212, 220, 252, 236, 237, 109, 77, 93, 89, 217, 201], f=85, g=22
[00:00:31:16:997] Expansion 25800000: state [255, 223, 207, 199, 195, 211, 83, 115, 113, 241, 245, 244, 246, 214, 86, 84, 85, 69, 77, 73, 201, 200, 216, 220], f=85, g=23
[00:00:31:24:405] Expansion 25900000: state [255, 223, 207, 199, 195, 211, 83, 115, 113, 121, 105, 73, 77, 93, 85, 213, 212, 208, 216, 248, 252, 236], f=85, g=21
[00:00:31:31:606] Expansion 26000000: state [255, 223, 207, 199, 195, 211, 83, 115, 113, 121, 249, 248, 240, 224, 192, 200, 201, 73, 77, 93, 85, 213, 245, 229, 237, 236, 238], f=85, g=26
[00:00:31:38:561] Expansion 26100000: state [255, 223, 207, 199, 195, 211, 83, 115, 113, 117, 85, 93, 92, 220, 216, 200, 72, 73, 105, 233, 225, 224, 240, 242, 246, 214, 86], f=85, g=26
[00:00:31:45:419] Expansion 26200000: state [255, 223, 207, 199, 195, 211, 83, 87, 85, 69, 77, 73, 201, 233, 249, 248, 252, 220, 204, 196, 192, 208, 80], f=85, g=22
[00:00:31:52:426] Expansion 26300000: state [255, 223, 207, 199, 195, 211, 83, 87, 85, 84, 80, 208, 192, 200, 204, 236, 237, 109, 77, 73, 89, 217], f=85, g=21
[00:00:31:59:677] Expansion 26400000: state [255, 223, 207, 199, 195, 211, 83, 87, 85, 84, 212, 214, 246, 242, 240, 224, 225, 233, 249, 121, 89, 73, 72, 76, 204], f=85, g=24
[00:00:32:06:956] Expansion 26500000: state [255, 223, 207, 199, 195, 211, 83, 87, 85, 213, 212, 244, 240, 112, 113, 97, 225, 233, 237, 109, 77, 76, 72, 200, 216], f=85, g=24
[00:00:32:25:383] Expansion 26600000: state [255, 223, 207, 199, 195, 211, 83, 87, 85, 117, 113, 97, 225, 224, 192, 196, 204, 220, 216, 217, 201, 73, 72], f=85, g=22
[00:00:32:32:240] Expansion 26700000: state [255, 223, 207, 199, 195, 211, 83, 87, 85, 117, 245, 229, 237, 109, 77, 73, 72, 200, 204, 196, 212, 208, 240, 112], f=85, g=23
[00:00:32:39:269] Expansion 26800000: state [255, 223, 207, 199, 195, 211, 83, 87, 85, 93, 77, 109, 105, 121, 249, 241, 240, 244, 212, 220, 204, 200, 192], f=85, g=22
[00:00:32:46:520] Expansion 26900000: state [255, 223, 207, 199, 195, 211, 83, 87, 85, 93, 92, 220, 216, 200, 232, 233, 105, 97, 113], f=85, g=18
[00:00:32:53:719] Expansion 27000000: state [255, 223, 207, 199, 195, 211, 83, 87, 86, 84, 80, 112, 113, 117, 245, 244, 252, 248, 249, 233, 105, 73, 77, 76, 78], f=85, g=24
[00:00:33:00:854] Expansion 27100000: state [255, 223, 207, 199, 195, 211, 83, 87, 86, 84, 212, 213, 245, 241, 113, 121, 105, 233, 237, 236, 204, 200, 216], f=85, g=22
[00:00:33:08:163] Expansion 27200000: state [255, 223, 207, 199, 195, 211, 83, 87, 86, 84, 92, 93, 77, 109, 237, 236, 204, 196, 192, 224, 225, 97, 113], f=85, g=22
[00:00:33:15:338] Expansion 27300000: state [255, 223, 207, 199, 195, 211, 83, 87, 86, 214, 212, 244, 240, 224, 225, 233, 201, 73, 77, 69], f=85, g=19
[00:00:33:22:361] Expansion 27400000: state [255, 223, 207, 199, 195, 211, 83, 87, 86, 214, 246, 242, 240, 112, 113, 117, 245, 229, 225, 233, 105, 109, 77], f=85, g=22
[00:00:33:29:665] Expansion 27500000: state [255, 223, 207, 199, 195, 211, 83, 87, 86, 214, 246, 244, 245, 117, 113, 97, 225, 233, 249, 248, 216, 200, 204, 236], f=85, g=23
[00:00:33:36:743] Expansion 27600000: state [255, 223, 207, 199, 195, 211, 209, 81, 113, 97, 105, 109, 237, 236, 252, 248, 240, 242, 246, 214, 212, 196, 192, 200, 72], f=85, g=24
[00:00:33:44:033] Expansion 27700000: state [255, 223, 207, 199, 195, 211, 209, 81, 89, 93, 77, 109, 105, 233, 232, 200, 192, 196, 212, 244], f=85, g=19
[00:00:33:51:158] Expansion 27800000: state [255, 223, 207, 199, 195, 211, 209, 208, 80, 112, 113, 97, 225, 229, 245, 244, 246, 214, 86, 87, 85, 93, 89, 73, 72, 76, 204], f=85, g=26
[00:00:33:58:172] Expansion 27900000: state [255, 223, 207, 199, 195, 211, 209, 208, 192, 196, 204, 236, 237, 229, 245, 117, 113, 121, 89, 73, 77], f=85, g=20
[00:00:34:05:390] Expansion 28000000: state [255, 223, 207, 199, 195, 211, 209, 208, 216, 220, 92, 84, 86, 214, 246, 244, 245, 117, 113, 121, 105, 233], f=85, g=21
[00:00:34:12:322] Expansion 28100000: state [255, 223, 207, 199, 195, 211, 209, 241, 225, 97, 105, 121, 89, 93, 92, 84, 212, 244, 252, 236, 204, 200, 216], f=85, g=22
[00:00:34:19:410] Expansion 28200000: state [255, 223, 207, 199, 195, 211, 209, 241, 245, 229, 237, 233, 232, 200, 204, 220, 92, 84, 86, 214], f=85, g=19
[00:00:34:26:335] Expansion 28300000: state [255, 223, 207, 199, 195, 211, 209, 217, 89, 121, 113, 117, 85, 69, 77, 109, 237, 236, 252, 220, 212, 196, 192, 224, 240], f=85, g=24
[00:00:34:33:241] Expansion 28400000: state [255, 223, 207, 199, 195, 211, 209, 217, 201, 200, 204, 220, 212, 214, 246, 242, 240, 224, 225, 229, 237, 109, 77, 93, 85, 117, 113, 115], f=85, g=27
[00:00:34:40:076] Expansion 28500000: state [255, 223, 207, 199, 195, 211, 209, 217, 216, 220, 92, 93, 77, 73, 105, 97, 113, 117, 245, 244, 240], f=85, g=20
[00:00:34:46:913] Expansion 28600000: state [255, 223, 207, 199, 195, 211, 209, 217, 249, 248, 232, 200, 192, 196, 212, 244, 245, 117, 85, 93], f=85, g=19
[00:00:34:53:858] Expansion 28700000: state [255, 223, 207, 199, 195, 211, 209, 213, 85, 93, 89, 73, 201, 233, 249, 248], f=85, g=15
[00:00:35:00:926] Expansion 28800000: state [255, 223, 207, 199, 195, 211, 209, 213, 245, 117, 113, 121, 89, 93, 92, 84, 86, 214, 246, 242, 240, 248, 232, 200, 192, 196], f=85, g=25
[00:00:35:07:763] Expansion 28900000: state [255, 223, 207, 199, 195, 211, 210, 208, 80, 84, 92, 76, 72, 200, 201, 233, 225, 97, 113, 117, 245, 213], f=85, g=21
[00:00:35:14:914] Expansion 29000000: state [255, 223, 207, 199, 195, 211, 210, 208, 192, 224, 232, 236, 204, 220, 92, 84, 85, 213, 245, 241, 113, 97, 105, 73, 89, 217], f=85, g=25
[00:00:35:22:230] Expansion 29100000: state [255, 223, 207, 199, 195, 211, 210, 208, 192, 200, 201, 217, 249, 241, 113, 117, 85, 93, 92, 124, 252, 244], f=85, g=21
[00:00:35:29:413] Expansion 29200000: state [255, 223, 207, 199, 195, 211, 210, 208, 240, 248, 249, 233, 225, 97, 113, 81, 85, 93], f=85, g=17
[00:00:35:36:431] Expansion 29300000: state [255, 223, 207, 199, 195, 211, 210, 208, 216, 248, 252, 236, 204, 76, 92, 84, 85, 81, 113, 97, 105, 233], f=85, g=21
[00:00:35:43:480] Expansion 29400000: state [255, 223, 207, 199, 195, 211, 210, 208, 212, 196, 204, 236, 252, 124, 92, 93, 77, 73, 201, 233, 225, 229, 245, 117, 113, 115], f=85, g=25
[00:00:35:50:641] Expansion 29500000: state [255, 223, 207, 199, 195, 211, 210, 208, 212, 213, 245, 241, 249, 233, 232, 236, 252, 124, 92, 76, 72], f=85, g=20
[00:00:35:58:137] Expansion 29600000: state [255, 223, 207, 199, 195, 211, 210, 242, 240, 224, 192, 200, 216, 217, 249, 121, 105, 73, 77, 76, 92, 84, 85, 213], f=85, g=23
[00:00:36:05:380] Expansion 29700000: state [255, 223, 207, 199, 195, 211, 210, 242, 240, 248, 216, 200, 201, 73, 105, 121, 113, 117, 85, 213], f=85, g=19
[00:00:36:12:511] Expansion 29800000: state [255, 223, 207, 199, 195, 211, 210, 242, 240, 244, 212, 196, 192, 200, 72, 76, 77, 109, 237, 233, 249, 121, 113, 97], f=85, g=23
[00:00:36:19:610] Expansion 29900000: state [255, 223, 207, 199, 195, 211, 210, 242, 240, 241, 113, 117, 85, 213, 212, 196, 204, 76, 77, 73, 201, 233, 237], f=85, g=22
[00:00:36:26:728] Expansion 30000000: state [255, 223, 207, 199, 195, 211, 210, 242, 246, 244, 212, 196, 192, 200, 72, 76, 77, 109, 105, 121, 249, 241], f=85, g=21
[00:00:36:33:882] Expansion 30100000: state [255, 223, 207, 199, 195, 211, 210, 242, 246, 244, 252, 220, 216, 200, 72, 76, 77, 109, 237, 233, 225, 241, 113, 112], f=85, g=23
[00:00:36:40:842] Expansion 30200000: state [255, 223, 207, 199, 195, 211, 210, 242, 246, 244, 245, 213, 85, 84, 92, 220, 216, 217, 89, 73, 105, 233, 225, 224, 192], f=85, g=24
[00:00:36:47:758] Expansion 30300000: state [255, 223, 207, 199, 195, 211, 210, 214, 86, 84, 80, 112, 113, 117, 245, 244], f=85, g=15
[00:00:36:55:076] Expansion 30400000: state [255, 223, 207, 199, 195, 211, 210, 214, 86, 84, 92, 220, 252, 248, 249, 241, 225, 229, 237, 109, 105, 73, 72, 200, 192, 196], f=85, g=25
[00:00:37:02:498] Expansion 30500000: state [255, 223, 207, 199, 195, 211, 210, 214, 86, 84, 85, 213, 245, 229, 225, 233, 201, 217, 216, 220, 204, 236, 238], f=85, g=22
[00:00:37:09:666] Expansion 30600000: state [255, 223, 207, 199, 195, 211, 210, 214, 86, 87, 85, 69, 77, 76, 72, 200, 216, 248, 240, 244, 245, 229, 237, 233, 105, 121, 89], f=85, g=26
[00:00:37:16:945] Expansion 30700000: state [255, 223, 207, 199, 195, 211, 210, 214, 86, 87, 85, 213, 245, 241, 240, 248, 252, 124, 92, 76, 204, 200, 201, 73, 105, 109, 237], f=85, g=26
[00:00:37:24:171] Expansion 30800000: state [255, 223, 207, 199, 195, 211, 210, 214, 86, 87, 85, 93, 92, 76, 72, 200, 232, 224, 240, 241, 245, 229], f=85, g=21
[00:00:37:31:727] Expansion 30900000: state [255, 223, 207, 199, 195, 211, 210, 214, 212, 84, 85, 81, 113, 241, 240, 224, 192, 200, 204, 236, 237, 109, 77, 73, 75], f=85, g=24
[00:00:37:38:895] Expansion 31000000: state [255, 223, 207, 199, 195, 211, 210, 214, 212, 196, 204, 200, 72, 73, 89, 93, 92, 124, 252, 248, 240, 224, 225, 233], f=85, g=23
[00:00:37:46:040] Expansion 31100000: state [255, 223, 207, 199, 195, 211, 210, 214, 212, 244, 245, 229, 225, 97, 105, 121, 249, 217, 216, 200, 204, 76, 77, 69, 85], f=85, g=24
[00:00:37:53:150] Expansion 31200000: state [255, 223, 207, 199, 195, 211, 210, 214, 212, 220, 252, 248, 240, 112, 80, 81, 85, 117, 245, 229, 225, 97, 105, 73, 72, 200, 202], f=85, g=26
[00:00:38:00:066] Expansion 31300000: state [255, 223, 207, 199, 195, 211, 210, 214, 212, 213, 245, 241, 225, 97, 105, 109, 237, 236, 232, 200, 72, 76, 92, 93, 89, 81], f=85, g=25
[00:00:38:07:325] Expansion 31400000: state [255, 223, 207, 199, 195, 211, 210, 214, 246, 244, 252, 124, 92, 84, 85, 117, 113, 97, 225, 224, 232, 200, 201, 217, 89], f=85, g=24
[00:00:38:14:488] Expansion 31500000: state [255, 223, 207, 199, 195, 211, 210, 214, 246, 244, 245, 117, 113, 121, 105, 233, 201, 217, 216, 220, 92, 93, 77], f=85, g=22
[00:00:38:21:705] Expansion 31600000: state [255, 223, 207, 199, 195, 211, 243, 115, 113, 81, 80, 84, 212, 220, 252, 236, 232, 233, 201, 73, 72, 76, 78], f=85, g=22
