--------------------------
date: cubes
number_of_graphs: 1
graph_type: cube
size_of_graphs: [8, 8]
heuristic: heuristic0
snake: True
run_uni: True
run_bi: False
run_multi: False
cube_first_dims: 8
cube_buffer_dim: 6
backward_sym_generation: False

---------- cubes/8d_cube ----------
[00:00:00:06:622] Expansion 100000: state [255, 223, 207, 199, 195, 193, 192, 224, 96, 112, 80, 88, 92, 93, 85, 213, 245, 244, 252, 248, 250], f=93, g=20
[00:00:00:13:306] Expansion 200000: state [255, 223, 207, 199, 195, 193, 192, 224, 96, 112, 80, 82, 66, 70, 78, 76, 92, 220, 212, 213, 245, 241, 249, 248, 250, 234, 238, 230], f=93, g=27
[00:00:00:19:931] Expansion 300000: state [255, 223, 207, 199, 195, 193, 192, 224, 96, 112, 80, 82, 86, 87, 85, 213, 212, 244, 252, 248, 250, 234, 238, 110, 78, 74, 72], f=93, g=26
[00:00:00:26:636] Expansion 400000: state [255, 223, 207, 199, 195, 193, 192, 224, 96, 112, 80, 81, 85, 93, 77, 76, 78, 110, 238, 236, 237, 233, 249, 248, 216, 220, 212, 214, 86], f=93, g=28
[00:00:00:33:394] Expansion 500000: state [255, 223, 207, 199, 195, 193, 192, 224, 96, 112, 120, 88, 72, 73, 77, 93, 85, 213, 245, 241, 243, 242, 246, 118, 86, 70, 78, 110, 238, 236], f=93, g=29
[00:00:00:40:051] Expansion 600000: state [255, 223, 207, 199, 195, 193, 192, 224, 96, 112, 120, 88, 92, 93, 85, 213, 212, 214, 246, 242, 250, 218, 202, 74, 78, 110, 108, 236, 252], f=93, g=28
[00:00:00:46:683] Expansion 700000: state [255, 223, 207, 199, 195, 193, 192, 224, 96, 112, 120, 248, 249, 233, 237, 236, 238, 230, 246, 118, 86, 70, 68, 76, 77], f=93, g=24
[00:00:00:53:316] Expansion 800000: state [255, 223, 207, 199, 195, 193, 192, 224, 96, 112, 120, 124, 108, 236, 237, 233, 249, 217, 216, 220, 212, 244, 246, 118, 86, 87, 85, 93, 77], f=93, g=28
[00:00:00:59:883] Expansion 900000: state [255, 223, 207, 199, 195, 193, 192, 224, 96, 112, 120, 122, 250, 218, 216, 217, 249, 233, 237, 236, 108, 110, 78, 94, 86, 84, 212, 213], f=93, g=27
[00:00:01:06:462] Expansion 1000000: state [255, 223, 207, 199, 195, 193, 192, 224, 96, 112, 120, 121, 249, 217, 216, 218, 202, 234, 238, 110, 108, 76, 92, 84, 212, 244, 246], f=93, g=26
[00:00:01:13:077] Expansion 1100000: state [255, 223, 207, 199, 195, 193, 192, 224, 96, 112, 120, 121, 249, 241, 245, 244, 252, 236, 238, 234, 202, 74, 78, 94, 86, 87, 85, 93, 77, 73], f=93, g=29
[00:00:01:19:715] Expansion 1200000: state [255, 223, 207, 199, 195, 193, 192, 224, 96, 112, 116, 84, 85, 93, 77, 76, 108, 110, 238, 234, 202, 218, 216, 217, 249, 241, 243, 242], f=93, g=27
[00:00:01:26:328] Expansion 1300000: state [255, 223, 207, 199, 195, 193, 192, 224, 96, 112, 116, 244, 245, 241, 249, 217, 216, 220, 204, 236, 238, 234, 202, 74, 66, 70, 86, 94], f=93, g=27
[00:00:01:32:937] Expansion 1400000: state [255, 223, 207, 199, 195, 193, 192, 224, 96, 112, 116, 124, 252, 236, 237, 233, 249, 217, 216, 218, 250, 242, 246, 214, 86, 94, 78, 110], f=93, g=27
[00:00:01:39:580] Expansion 1500000: state [255, 223, 207, 199, 195, 193, 192, 224, 96, 112, 116, 118, 246, 242, 250, 218, 216, 217, 249, 233, 237, 236, 204, 76, 78, 74], f=93, g=25
[00:00:01:46:403] Expansion 1600000: state [255, 223, 207, 199, 195, 193, 192, 224, 96, 112, 114, 82, 86, 70, 78, 76, 92, 93, 85, 213, 245, 241, 249, 233], f=93, g=23
[00:00:01:53:038] Expansion 1700000: state [255, 223, 207, 199, 195, 193, 192, 224, 96, 112, 114, 242, 250, 218, 202, 74, 72, 73, 77, 93, 92, 124, 252, 236, 237, 233, 249, 241, 245, 213, 212, 214, 86], f=93, g=32
[00:00:01:59:600] Expansion 1800000: state [255, 223, 207, 199, 195, 193, 192, 224, 96, 112, 114, 242, 246, 244, 245, 241, 249, 233, 237, 236, 238, 234, 202, 218, 216, 220], f=93, g=25
[00:00:02:06:175] Expansion 1900000: state [255, 223, 207, 199, 195, 193, 192, 224, 96, 112, 114, 122, 250, 234, 238, 236, 108, 124, 92, 220, 212, 213, 245, 241, 249], f=93, g=24
[00:00:02:12:763] Expansion 2000000: state [255, 223, 207, 199, 195, 193, 192, 224, 96, 112, 114, 118, 246, 230, 238, 110, 78, 70, 68, 84, 85, 213, 245, 241, 249, 217, 216, 220], f=93, g=27
[00:00:02:19:395] Expansion 2100000: state [255, 223, 207, 199, 195, 193, 192, 224, 96, 112, 113, 81, 85, 213, 212, 214, 86, 70, 68, 76, 72, 74, 202, 218, 216, 217, 249, 233, 237, 236, 238, 110], f=93, g=31
[00:00:02:26:133] Expansion 2200000: state [255, 223, 207, 199, 195, 193, 192, 224, 96, 112, 113, 81, 85, 87, 86, 70, 68, 76, 92, 124, 252, 244, 246], f=93, g=22
[00:00:02:32:811] Expansion 2300000: state [255, 223, 207, 199, 195, 193, 192, 224, 96, 112, 113, 241, 249, 233, 237, 236, 204, 76, 78, 70, 66, 82, 210, 214, 212, 84, 85, 93], f=93, g=27
[00:00:02:39:450] Expansion 2400000: state [255, 223, 207, 199, 195, 193, 192, 224, 96, 112, 113, 241, 249, 248, 250, 242, 246, 118, 86, 82, 66], f=93, g=20
[00:00:02:46:123] Expansion 2500000: state [255, 223, 207, 199, 195, 193, 192, 224, 96, 112, 113, 241, 245, 244, 252, 220, 92, 93, 85, 87, 86, 82, 66], f=93, g=22
[00:00:02:52:715] Expansion 2600000: state [255, 223, 207, 199, 195, 193, 192, 224, 96, 112, 113, 241, 243, 242, 246, 230, 238, 236, 252, 124, 92, 93, 77, 73, 72, 74, 66], f=93, g=26
[00:00:02:59:313] Expansion 2700000: state [255, 223, 207, 199, 195, 193, 192, 224, 96, 112, 113, 121, 249, 233, 237, 236, 204, 220, 92, 84, 86, 214, 246, 242, 250, 218], f=93, g=25
[00:00:03:05:919] Expansion 2800000: state [255, 223, 207, 199, 195, 193, 192, 224, 96, 112, 113, 121, 249, 248, 252, 244, 245, 213, 85, 87, 86, 82, 210, 242], f=93, g=23
[00:00:03:12:539] Expansion 2900000: state [255, 223, 207, 199, 195, 193, 192, 224, 96, 104, 72, 88, 216, 218, 250, 234, 238, 236, 237, 233, 249, 241, 245, 213, 85, 84, 68, 70, 66, 82, 114, 118, 246, 214], f=93, g=33
[00:00:03:19:180] Expansion 3000000: state [255, 223, 207, 199, 195, 193, 192, 224, 96, 104, 72, 76, 68, 70, 86, 82, 80, 81, 85, 213, 245, 241, 243, 242, 246, 230, 238, 236, 252, 248, 216, 217], f=93, g=31
[00:00:03:25:802] Expansion 3100000: state [255, 223, 207, 199, 195, 193, 192, 224, 96, 104, 72, 76, 92, 94, 86, 82, 80, 81, 85, 213, 245, 241, 243, 242, 246, 230, 238, 236, 252, 248, 216], f=93, g=30
[00:00:03:32:621] Expansion 3200000: state [255, 223, 207, 199, 195, 193, 192, 224, 96, 104, 72, 76, 78, 94, 86, 82, 210, 242, 250, 248, 216, 220, 212, 244, 245, 241, 113], f=93, g=26
[00:00:03:39:255] Expansion 3300000: state [255, 223, 207, 199, 195, 193, 192, 224, 96, 104, 72, 74, 66, 70, 68, 84, 80, 81, 113, 241, 249, 217, 216, 218, 210, 214, 246, 230, 238, 236, 204], f=93, g=30
[00:00:03:45:874] Expansion 3400000: state [255, 223, 207, 199, 195, 193, 192, 224, 96, 104, 72, 74, 202, 218, 216, 248, 252, 244, 212, 214, 86, 87, 85, 81, 113, 241, 243, 242, 114], f=93, g=28
[00:00:03:52:520] Expansion 3500000: state [255, 223, 207, 199, 195, 193, 192, 224, 96, 104, 72, 74, 78, 110, 238, 234, 250, 218, 216, 217, 249, 241, 245, 244, 212], f=93, g=24
[00:00:03:59:145] Expansion 3600000: state [255, 223, 207, 199, 195, 193, 192, 224, 96, 104, 72, 73, 77, 93, 85, 81, 113, 241, 249, 233, 237, 236, 252, 244, 116, 118, 114, 122], f=93, g=27
[00:00:04:05:748] Expansion 3700000: state [255, 223, 207, 199, 195, 193, 192, 224, 96, 104, 72, 73, 77, 93, 92, 124, 116, 118, 246, 230, 238, 110, 78, 70, 66, 82, 80, 81, 113, 241, 249, 248], f=93, g=31
[00:00:04:12:379] Expansion 3800000: state [255, 223, 207, 199, 195, 193, 192, 224, 96, 104, 120, 88, 216, 220, 252, 244, 116, 84, 86, 70, 78, 74, 202, 234, 250, 242, 243, 241, 249], f=93, g=28
[00:00:04:18:959] Expansion 3900000: state [255, 223, 207, 199, 195, 193, 192, 224, 96, 104, 120, 88, 92, 76, 78, 74, 66, 82, 210, 242, 243, 241, 113, 81, 85, 213, 212, 244, 116, 118], f=93, g=29
[00:00:04:25:547] Expansion 4000000: state [255, 223, 207, 199, 195, 193, 192, 224, 96, 104, 120, 248, 252, 220, 92, 93, 85, 87, 86, 82, 114, 242, 243, 241, 245], f=93, g=24
[00:00:04:32:342] Expansion 4100000: state [255, 223, 207, 199, 195, 193, 192, 224, 96, 104, 120, 248, 249, 233, 237, 236, 238, 230, 246, 242, 210, 218, 202, 74, 78, 70, 86, 84, 92, 93, 77], f=93, g=30
[00:00:04:38:971] Expansion 4200000: state [255, 223, 207, 199, 195, 193, 192, 224, 96, 104, 120, 124, 92, 220, 216, 218, 210, 242, 246, 230, 238, 110, 78, 74], f=93, g=23
[00:00:04:45:546] Expansion 4300000: state [255, 223, 207, 199, 195, 193, 192, 224, 96, 104, 120, 124, 116, 118, 246, 242, 243, 241, 249, 217, 216, 220, 204, 76, 68, 70, 66, 82, 80, 81, 85], f=93, g=30
[00:00:04:52:138] Expansion 4400000: state [255, 223, 207, 199, 195, 193, 192, 224, 96, 104, 120, 122, 114, 82, 80, 84, 85, 213, 245, 241, 249, 233, 237], f=93, g=22
[00:00:04:58:752] Expansion 4500000: state [255, 223, 207, 199, 195, 193, 192, 224, 96, 104, 120, 122, 114, 118, 246, 230, 238, 110, 78, 70, 68, 84, 92, 220, 216, 217, 249, 241, 243], f=93, g=28
[00:00:05:05:378] Expansion 4600000: state [255, 223, 207, 199, 195, 193, 192, 224, 96, 104, 120, 122, 250, 234, 238, 236, 237, 233, 249, 217, 216, 220, 92, 76, 78, 70, 86, 118, 116, 244, 245, 213], f=93, g=31
[00:00:05:12:341] Expansion 4700000: state [255, 223, 207, 199, 195, 193, 192, 224, 96, 104, 120, 121, 113, 81, 85, 93, 77, 76, 78, 94, 86, 118, 246, 244, 252, 220, 216, 218, 250, 234], f=93, g=29
[00:00:05:19:125] Expansion 4800000: state [255, 223, 207, 199, 195, 193, 192, 224, 96, 104, 120, 121, 249, 217, 216, 220, 92, 84, 116, 118, 114, 82, 66, 74, 78, 110, 238, 236, 237], f=93, g=28
[00:00:05:26:007] Expansion 4900000: state [255, 223, 207, 199, 195, 193, 192, 224, 96, 104, 120, 121, 249, 233, 237, 236, 238, 234, 250, 218, 216, 220, 212, 244, 116, 118, 86, 82, 66, 74, 78, 76], f=93, g=31
[00:00:05:32:786] Expansion 5000000: state [255, 223, 207, 199, 195, 193, 192, 224, 96, 104, 108, 76, 68, 84, 116, 244, 245, 241, 243, 242, 114, 82, 66, 74, 202, 218, 216, 88], f=93, g=27
[00:00:05:39:411] Expansion 5100000: state [255, 223, 207, 199, 195, 193, 192, 224, 96, 104, 108, 76, 78, 70, 66, 82, 80, 81, 113, 121, 249, 217, 216, 218, 250, 242, 246, 244, 116], f=93, g=28
[00:00:05:46:225] Expansion 5200000: state [255, 223, 207, 199, 195, 193, 192, 224, 96, 104, 108, 236, 204, 220, 92, 93, 85, 87, 86, 214, 210, 218, 250, 248, 249, 233], f=93, g=25
[00:00:05:52:681] Expansion 5300000: state [255, 223, 207, 199, 195, 193, 192, 224, 96, 104, 108, 236, 238, 230, 246, 244, 212, 220, 92, 93, 85, 81, 113, 121, 249, 248, 250, 122, 114, 82], f=93, g=29
[00:00:05:59:214] Expansion 5400000: state [255, 223, 207, 199, 195, 193, 192, 224, 96, 104, 108, 236, 237, 233, 249, 241, 245, 244, 246, 242, 114, 82, 86, 84, 85, 93, 77, 73], f=93, g=27
[00:00:06:05:767] Expansion 5500000: state [255, 223, 207, 199, 195, 193, 192, 224, 96, 104, 108, 124, 252, 220, 216, 218, 202, 74, 78, 94, 86, 214, 246, 242, 243, 241, 245, 213, 85, 93, 77], f=93, g=30
[00:00:06:12:349] Expansion 5600000: state [255, 223, 207, 199, 195, 193, 192, 224, 96, 104, 108, 110, 78, 74, 202, 218, 216, 220, 212, 214, 86, 118, 114, 242, 243, 241, 113, 121], f=93, g=27
[00:00:06:18:940] Expansion 5700000: state [255, 223, 207, 199, 195, 193, 192, 224, 96, 104, 108, 110, 238, 234, 250, 242, 210, 82, 86, 94, 92, 220, 216], f=93, g=22
[00:00:06:26:096] Expansion 5800000: state [255, 223, 207, 199, 195, 193, 192, 224, 240, 112, 120, 104, 108, 236, 237, 233, 249, 217, 216, 218, 210, 82, 66, 70, 68, 84, 85, 213], f=93, g=27
[00:00:06:33:261] Expansion 5900000: state [255, 223, 207, 199, 195, 193, 192, 224, 240, 112, 116, 118, 86, 70, 66, 74, 202, 234], f=93, g=17
[00:00:06:40:293] Expansion 6000000: state [255, 223, 207, 199, 195, 193, 192, 224, 240, 112, 114, 118, 246, 230, 238, 234, 250, 218, 216, 88, 92, 93, 85, 213, 212], f=93, g=24
[00:00:06:47:961] Expansion 6100000: state [255, 223, 207, 199, 195, 193, 192, 224, 240, 248, 120, 88, 80, 81, 85, 87, 86, 214, 212, 220, 204, 236, 238, 110], f=93, g=23
[00:00:06:55:190] Expansion 6200000: state [255, 223, 207, 199, 195, 193, 192, 224, 240, 248, 252, 124, 92, 88, 80, 81, 85, 213, 212, 214, 210], f=93, g=20
[00:00:07:02:426] Expansion 6300000: state [255, 223, 207, 199, 195, 193, 192, 224, 240, 248, 249, 121, 113, 81, 80, 84, 92, 76, 108, 110, 238, 234, 202], f=93, g=22
[00:00:07:09:340] Expansion 6400000: state [255, 223, 207, 199, 195, 193, 192, 224, 240, 244, 116, 124, 120, 121, 113, 81, 85, 87, 86, 214, 210, 218, 202, 74, 66], f=93, g=24
[00:00:07:16:133] Expansion 6500000: state [255, 223, 207, 199, 195, 193, 192, 224, 240, 244, 212, 220, 216, 88, 72, 74, 202, 234, 250, 122, 114, 82, 86, 70, 68], f=93, g=24
[00:00:07:23:360] Expansion 6600000: state [255, 223, 207, 199, 195, 193, 192, 224, 240, 244, 212, 213, 85, 87, 86, 94, 78, 110, 108, 236, 237, 233, 249, 121, 120, 122, 114], f=93, g=26
[00:00:07:30:115] Expansion 6700000: state [255, 223, 207, 199, 195, 193, 192, 224, 240, 244, 252, 236, 237, 233, 249, 121, 113, 81, 85, 87, 86, 82, 66, 74, 72, 104], f=93, g=25
[00:00:07:37:010] Expansion 6800000: state [255, 223, 207, 199, 195, 193, 192, 224, 240, 244, 246, 214, 86, 82, 80, 81, 85, 93, 77, 76, 72, 104, 120, 121, 249, 233], f=93, g=25
[00:00:07:44:259] Expansion 6900000: state [255, 223, 207, 199, 195, 193, 192, 224, 240, 244, 246, 230, 238, 236, 108, 104, 120, 121, 113, 81, 85, 84, 92, 94, 78, 70, 66, 82], f=93, g=27
[00:00:07:51:361] Expansion 7000000: state [255, 223, 207, 199, 195, 193, 192, 224, 240, 244, 245, 213, 85, 93, 92, 94, 78, 74, 202, 234, 250, 122, 120], f=93, g=22
[00:00:07:58:418] Expansion 7100000: state [255, 223, 207, 199, 195, 193, 192, 224, 240, 242, 114, 122, 120, 121, 113, 81, 85, 87, 86, 94, 92, 220, 204, 236, 238, 234, 202, 74, 72, 73, 77], f=93, g=30
[00:00:08:05:925] Expansion 7200000: state [255, 223, 207, 199, 195, 193, 192, 224, 240, 242, 210, 218, 202, 74, 72, 76, 68, 70, 86, 87, 85, 213, 212, 220, 252, 124], f=93, g=25
[00:00:08:12:956] Expansion 7300000: state [255, 223, 207, 199, 195, 193, 192, 224, 240, 242, 250, 218, 202, 74, 72, 88, 80, 81, 85, 213, 212, 214], f=93, g=21
[00:00:08:19:977] Expansion 7400000: state [255, 223, 207, 199, 195, 193, 192, 224, 240, 242, 250, 234, 238, 236, 252, 124, 116, 84, 85, 81, 113, 121, 249, 217, 216, 88, 72, 74, 66, 70], f=93, g=29
[00:00:08:27:492] Expansion 7500000: state [255, 223, 207, 199, 195, 193, 192, 224, 240, 242, 246, 214, 212, 84, 68, 70, 66, 74, 202, 218, 216, 217, 249, 121, 120, 104, 108, 236, 252], f=93, g=28
[00:00:08:34:474] Expansion 7600000: state [255, 223, 207, 199, 195, 193, 192, 224, 240, 241, 113, 81, 80, 82, 66, 74, 72, 73, 77, 93, 92, 124, 108, 236, 238, 234], f=93, g=25
[00:00:08:41:590] Expansion 7700000: state [255, 223, 207, 199, 195, 193, 192, 224, 240, 241, 113, 81, 85, 93, 77, 73, 72, 104, 108, 110, 238, 234, 250, 122, 114, 118, 86, 214, 212, 220], f=93, g=29
[00:00:08:48:804] Expansion 7800000: state [255, 223, 207, 199, 195, 193, 192, 224, 240, 241, 113, 121, 120, 104, 108, 76, 77, 93, 85, 84, 86, 214, 210, 218, 216, 220, 252], f=93, g=26
[00:00:08:56:565] Expansion 7900000: state [255, 223, 207, 199, 195, 193, 192, 224, 240, 241, 249, 121, 120, 104, 72, 76, 68, 84, 212, 220, 216, 218, 250, 234, 238, 230, 246, 118, 114, 82], f=93, g=29
[00:00:09:03:629] Expansion 8000000: state [255, 223, 207, 199, 195, 193, 192, 224, 240, 241, 249, 121, 120, 122, 250, 234, 238, 230, 246, 118, 86, 82, 66, 74, 78, 76, 204, 220, 212, 213, 85, 93], f=93, g=31
[00:00:09:10:715] Expansion 8100000: state [255, 223, 207, 199, 195, 193, 192, 224, 240, 241, 249, 217, 216, 218, 210, 214, 246, 118, 116, 84, 92, 76, 108, 236], f=93, g=23
[00:00:09:17:652] Expansion 8200000: state [255, 223, 207, 199, 195, 193, 192, 224, 240, 241, 249, 233, 237, 236, 238, 110, 78, 74, 72, 104, 120, 122, 250, 218, 216, 220, 212, 213, 85, 87, 86, 118, 116], f=93, g=32
[00:00:09:24:753] Expansion 8300000: state [255, 223, 207, 199, 195, 193, 192, 224, 240, 241, 245, 213, 85, 84, 86, 82, 210, 218, 216, 220, 252, 236, 238, 230, 246], f=93, g=24
[00:00:09:32:823] Expansion 8400000: state [255, 223, 207, 199, 195, 193, 192, 224, 240, 241, 245, 213, 212, 220, 216, 218, 210, 82, 66, 74, 72, 76, 108, 110, 238, 230, 246, 118], f=93, g=27
[00:00:09:39:857] Expansion 8500000: state [255, 223, 207, 199, 195, 193, 192, 224, 232, 104, 72, 76, 92, 94, 86, 118, 246, 242, 243, 241, 113, 112], f=93, g=21
[00:00:09:47:126] Expansion 8600000: state [255, 223, 207, 199, 195, 193, 192, 224, 232, 104, 72, 74, 78, 70, 86, 214, 246, 244, 252, 124, 92, 93, 85, 81, 80, 112, 114, 122, 250, 218, 216], f=93, g=30
[00:00:09:54:484] Expansion 8700000: state [255, 223, 207, 199, 195, 193, 192, 224, 232, 104, 120, 88, 92, 84, 85, 213, 245, 244, 246, 242, 210, 82, 66, 70, 78, 110, 238], f=93, g=26
[00:00:10:01:726] Expansion 8800000: state [255, 223, 207, 199, 195, 193, 192, 224, 232, 104, 120, 124, 92, 93, 85, 213, 212, 244, 246, 118, 86, 70, 66, 74, 202], f=93, g=24
[00:00:10:08:816] Expansion 8900000: state [255, 223, 207, 199, 195, 193, 192, 224, 232, 104, 120, 122, 250, 242, 210, 214, 86, 94, 78, 76, 77, 93, 85, 213, 245, 241, 113], f=93, g=26
[00:00:10:15:932] Expansion 9000000: state [255, 223, 207, 199, 195, 193, 192, 224, 232, 104, 120, 121, 249, 241, 243, 242, 246, 118, 86, 87, 85, 93, 77, 76, 204, 220, 216, 218], f=93, g=27
[00:00:10:22:859] Expansion 9100000: state [255, 223, 207, 199, 195, 193, 192, 224, 232, 104, 108, 76, 77, 93, 85, 84, 80, 112, 114, 242, 210, 218, 216, 217, 249, 241, 245, 244], f=93, g=27
[00:00:10:29:709] Expansion 9200000: state [255, 223, 207, 199, 195, 193, 192, 224, 232, 104, 108, 110, 78, 74, 66, 82, 210, 218, 216, 88, 92, 84, 116, 244, 245], f=93, g=24
[00:00:10:37:614] Expansion 9300000: state [255, 223, 207, 199, 195, 193, 192, 224, 232, 248, 120, 112, 116, 244, 246, 214, 210, 82, 66, 74, 72, 76, 92, 93, 85, 87], f=93, g=25
[00:00:10:44:708] Expansion 9400000: state [255, 223, 207, 199, 195, 193, 192, 224, 232, 248, 120, 121, 113, 241, 245, 213, 212, 84, 68, 76, 78, 110], f=93, g=21
[00:00:10:51:818] Expansion 9500000: state [255, 223, 207, 199, 195, 193, 192, 224, 232, 248, 216, 218, 202, 74, 66, 82, 86, 87, 85, 93, 77, 76, 108, 124, 116, 112, 113, 241, 245], f=93, g=28
[00:00:10:58:807] Expansion 9600000: state [255, 223, 207, 199, 195, 193, 192, 224, 232, 248, 252, 220, 204, 76, 68, 70, 86, 214, 246, 242, 243, 241, 245, 213, 85, 93], f=93, g=25
[00:00:11:06:408] Expansion 9700000: state [255, 223, 207, 199, 195, 193, 192, 224, 232, 248, 250, 218, 202, 74, 72, 76, 92, 93, 85, 81, 80, 82, 86, 214, 246, 244, 116], f=93, g=26
[00:00:11:13:379] Expansion 9800000: state [255, 223, 207, 199, 195, 193, 192, 224, 232, 248, 249, 121, 113, 81, 80, 82, 66, 70, 68, 76, 204, 220, 212, 214, 246, 242], f=93, g=25
[00:00:11:20:511] Expansion 9900000: state [255, 223, 207, 199, 195, 193, 192, 224, 232, 248, 249, 241, 245, 213, 85, 87, 86, 118, 114, 112, 80, 88, 72, 76, 78], f=93, g=24
[00:00:11:28:590] Expansion 10000000: state [255, 223, 207, 199, 195, 193, 192, 224, 232, 236, 108, 76, 72, 74, 66, 70, 86, 118, 116, 244, 212, 213, 85, 81, 113, 241, 243, 242, 250, 122], f=93, g=29
[00:00:11:35:507] Expansion 10100000: state [255, 223, 207, 199, 195, 193, 192, 224, 232, 236, 108, 76, 78, 94, 86, 82, 210, 242, 250, 122, 120, 112, 113, 241, 249], f=93, g=24
[00:00:11:42:347] Expansion 10200000: state [255, 223, 207, 199, 195, 193, 192, 224, 232, 236, 108, 124, 120, 88, 72, 74, 66, 82, 86, 214, 246, 242, 243, 241, 245, 213, 85, 93], f=93, g=27
[00:00:11:49:106] Expansion 10300000: state [255, 223, 207, 199, 195, 193, 192, 224, 232, 236, 108, 110, 78, 70, 86, 87, 85, 81, 113, 121, 120, 88, 92, 220, 212, 244, 246, 230], f=93, g=27
[00:00:11:55:981] Expansion 10400000: state [255, 223, 207, 199, 195, 193, 192, 224, 232, 236, 108, 110, 78, 94, 92, 84, 85, 81, 113, 121, 249, 217, 216, 218, 250, 242, 114, 82, 66], f=93, g=28
[00:00:12:02:975] Expansion 10500000: state [255, 223, 207, 199, 195, 193, 192, 224, 232, 236, 204, 76, 92, 94, 86, 82, 114, 112, 120, 121, 249, 241, 245, 213, 85], f=93, g=24
[00:00:12:10:082] Expansion 10600000: state [255, 223, 207, 199, 195, 193, 192, 224, 232, 236, 204, 220, 92, 88, 80, 81, 85, 213, 245, 241, 243, 242, 210, 218, 202, 74], f=93, g=25
[00:00:12:16:985] Expansion 10700000: state [255, 223, 207, 199, 195, 193, 192, 224, 232, 236, 204, 220, 216, 217, 249, 121, 113, 112, 80, 82, 210, 242], f=93, g=21
[00:00:12:23:850] Expansion 10800000: state [255, 223, 207, 199, 195, 193, 192, 224, 232, 236, 252, 124, 120, 122, 250, 218, 216, 217, 249, 241, 113, 81, 85, 93, 77, 73, 72, 74, 66, 70, 86, 214], f=93, g=31
[00:00:12:30:839] Expansion 10900000: state [255, 223, 207, 199, 195, 193, 192, 224, 232, 236, 252, 220, 216, 218, 210, 82, 114, 118, 116, 84, 68, 76, 78, 74], f=93, g=23
[00:00:12:37:697] Expansion 11000000: state [255, 223, 207, 199, 195, 193, 192, 224, 232, 236, 252, 244, 212, 213, 85, 93, 92, 94, 78, 74, 202, 218, 250, 242, 243, 241, 113, 112, 120], f=93, g=28
[00:00:12:44:586] Expansion 11100000: state [255, 223, 207, 199, 195, 193, 192, 224, 232, 236, 252, 244, 245, 241, 249, 217, 216, 218, 202, 74, 78, 76, 92, 84, 80, 112], f=93, g=25
[00:00:12:51:549] Expansion 11200000: state [255, 223, 207, 199, 195, 193, 192, 224, 232, 236, 238, 110, 78, 74, 72, 88, 216, 218, 210, 214, 212, 84], f=93, g=21
[00:00:12:58:593] Expansion 11300000: state [255, 223, 207, 199, 195, 193, 192, 224, 232, 236, 238, 110, 78, 76, 92, 88, 120, 121, 113, 81, 85, 213, 245, 244, 246, 214], f=93, g=25
[00:00:13:05:638] Expansion 11400000: state [255, 223, 207, 199, 195, 193, 192, 224, 232, 236, 238, 230, 246, 118, 114, 112, 113, 241, 245, 213, 85, 93, 92, 94, 78, 74, 202, 218, 210], f=93, g=28
[00:00:13:13:982] Expansion 11500000: state [255, 223, 207, 199, 195, 193, 192, 224, 232, 236, 238, 230, 246, 242, 250, 122, 120, 112, 116, 84, 85, 93, 77, 73], f=93, g=23
[00:00:13:20:933] Expansion 11600000: state [255, 223, 207, 199, 195, 193, 192, 224, 232, 236, 238, 230, 246, 244, 245, 241, 249, 217, 216, 220, 92, 94, 78, 70, 66, 82, 114], f=93, g=26
[00:00:13:28:185] Expansion 11700000: state [255, 223, 207, 199, 195, 193, 192, 224, 232, 234, 202, 74, 72, 88, 120, 121, 113, 241, 243, 242, 210, 82, 86, 118, 116, 244, 212, 213, 85, 93, 77], f=93, g=30
[00:00:13:35:400] Expansion 11800000: state [255, 223, 207, 199, 195, 193, 192, 224, 232, 234, 202, 74, 78, 76, 68, 84, 80, 81, 113, 241, 249, 217, 216, 220, 252, 244, 246, 118], f=93, g=27
[00:00:13:42:853] Expansion 11900000: state [255, 223, 207, 199, 195, 193, 192, 224, 232, 234, 202, 218, 210, 82, 66, 70, 78, 76, 92, 124, 252, 244, 245, 213, 85, 81, 113, 112], f=93, g=27
[00:00:13:50:296] Expansion 12000000: state [255, 223, 207, 199, 195, 193, 192, 224, 232, 234, 202, 218, 216, 88, 80, 81, 85, 87, 86, 94, 78, 76, 108, 124, 116, 244, 246, 242, 243], f=93, g=28
[00:00:13:57:559] Expansion 12100000: state [255, 223, 207, 199, 195, 193, 192, 224, 232, 234, 202, 218, 216, 217, 249, 241, 245, 244, 246, 118, 86, 94, 78, 76, 77, 93, 85, 81, 80], f=93, g=28
[00:00:14:04:737] Expansion 12200000: state [255, 223, 207, 199, 195, 193, 192, 224, 232, 234, 250, 122, 120, 124, 108, 110, 78, 70, 86, 118, 246, 244, 212, 220, 216, 217], f=93, g=25
[00:00:14:12:177] Expansion 12300000: state [255, 223, 207, 199, 195, 193, 192, 224, 232, 234, 250, 218, 216, 88, 120, 112, 113, 81, 85, 213, 212, 244, 252], f=93, g=22
[00:00:14:19:555] Expansion 12400000: state [255, 223, 207, 199, 195, 193, 192, 224, 232, 234, 250, 242, 114, 82, 66, 70, 78, 76, 77, 93, 85, 81, 113, 241, 249, 217, 216, 220, 252, 124], f=93, g=29
[00:00:14:26:681] Expansion 12500000: state [255, 223, 207, 199, 195, 193, 192, 224, 232, 234, 250, 242, 210, 214, 86, 70, 78, 110, 108, 124, 252, 220, 216, 217, 249, 241, 113, 81, 85, 213], f=93, g=29
[00:00:14:35:349] Expansion 12600000: state [255, 223, 207, 199, 195, 193, 192, 224, 232, 234, 250, 242, 243, 241, 113, 112, 120, 124, 252, 220, 204, 76, 78, 94], f=93, g=23
[00:00:14:42:410] Expansion 12700000: state [255, 223, 207, 199, 195, 193, 192, 224, 232, 234, 238, 110, 78, 74, 66, 82, 80, 112, 120, 124, 252, 220, 212, 213, 85, 93, 77, 73], f=93, g=27
[00:00:14:49:806] Expansion 12800000: state [255, 223, 207, 199, 195, 193, 192, 224, 232, 234, 238, 110, 78, 76, 92, 220, 212, 244, 245, 241, 113, 81, 80], f=93, g=22
[00:00:14:57:170] Expansion 12900000: state [255, 223, 207, 199, 195, 193, 192, 224, 232, 234, 238, 110, 108, 76, 204, 220, 212, 214, 210, 242, 114, 112, 113, 241], f=93, g=23
[00:00:15:04:314] Expansion 13000000: state [255, 223, 207, 199, 195, 193, 192, 224, 232, 234, 238, 230, 246, 118, 86, 70, 68, 76, 108, 124, 120, 121, 113, 241, 245, 213, 212, 220, 216, 218], f=93, g=29
[00:00:15:11:730] Expansion 13100000: state [255, 223, 207, 199, 195, 193, 192, 224, 232, 234, 238, 230, 246, 242, 210, 82, 66, 70, 68, 76, 204, 220, 216, 88, 120, 121, 249, 241, 245], f=93, g=28
[00:00:15:19:113] Expansion 13200000: state [255, 223, 207, 199, 195, 193, 192, 224, 232, 233, 249, 121, 113, 81, 80, 88, 72, 74, 66, 70, 86, 214, 246, 242], f=93, g=23
[00:00:15:26:481] Expansion 13300000: state [255, 223, 207, 199, 195, 193, 192, 224, 232, 233, 249, 121, 113, 112, 80, 82, 66, 74, 202, 218, 216, 220, 92, 76], f=93, g=23
[00:00:15:33:727] Expansion 13400000: state [255, 223, 207, 199, 195, 193, 192, 224, 232, 233, 249, 121, 120, 88, 92, 220, 212, 214, 246, 242, 114, 82, 66, 70, 78, 110, 108], f=93, g=26
[00:00:15:40:868] Expansion 13500000: state [255, 223, 207, 199, 195, 193, 192, 224, 232, 233, 249, 121, 120, 122, 114, 242, 246, 214, 86, 87, 85, 93, 77, 73, 72], f=93, g=24
[00:00:15:48:024] Expansion 13600000: state [255, 223, 207, 199, 195, 193, 192, 224, 232, 233, 249, 217, 216, 220, 212, 244, 246, 242, 250, 122, 120, 112, 80, 81, 85, 87, 86, 94, 78, 76, 108], f=93, g=30
[00:00:15:55:091] Expansion 13700000: state [255, 223, 207, 199, 195, 193, 192, 224, 232, 233, 249, 217, 216, 218, 250, 122, 120, 112, 80, 81, 85, 213, 212, 244, 246, 118, 86, 94, 92, 76, 77], f=93, g=30
[00:00:16:02:236] Expansion 13800000: state [255, 223, 207, 199, 195, 193, 192, 224, 232, 233, 249, 241, 113, 81, 85, 213, 212, 214, 86, 82, 114, 242, 250, 218, 202, 74, 72, 76, 108, 124], f=93, g=29
[00:00:16:09:694] Expansion 13900000: state [255, 223, 207, 199, 195, 193, 192, 224, 232, 233, 249, 241, 113, 112, 116, 244, 212, 214, 86, 70, 66, 74], f=93, g=21
[00:00:16:17:002] Expansion 14000000: state [255, 223, 207, 199, 195, 193, 192, 224, 232, 233, 249, 241, 245, 213, 85, 93, 92, 220, 216, 218, 250, 122, 120, 112, 80, 82, 86, 70, 78, 74, 72, 73], f=93, g=31
[00:00:16:26:209] Expansion 14100000: state [255, 223, 207, 199, 195, 193, 192, 224, 232, 233, 249, 241, 245, 244, 252, 124, 108, 76, 72, 88, 216, 218, 210, 82, 114, 112], f=93, g=25
[00:00:16:33:387] Expansion 14200000: state [255, 223, 207, 199, 195, 193, 192, 224, 232, 233, 249, 241, 243, 242, 210, 214, 86, 70, 78, 110, 108, 124, 92, 93, 85, 81], f=93, g=25
[00:00:16:40:405] Expansion 14300000: state [255, 223, 207, 199, 195, 193, 192, 224, 228, 244, 116, 84, 85, 81, 113, 241, 249, 217, 216, 218, 250, 242, 114, 82, 66, 70, 78, 76, 108], f=93, g=28
[00:00:16:47:270] Expansion 14400000: state [255, 223, 207, 199, 195, 193, 192, 224, 228, 244, 116, 124, 108, 104, 72, 88, 216, 248, 250, 242, 210, 214, 86, 70, 78], f=93, g=24
[00:00:16:54:106] Expansion 14500000: state [255, 223, 207, 199, 195, 193, 192, 224, 228, 244, 116, 118, 114, 242, 250, 248, 120, 121, 113, 81, 85, 93, 92, 76, 78, 74, 202], f=93, g=26
[00:00:17:00:925] Expansion 14600000: state [255, 223, 207, 199, 195, 193, 192, 224, 228, 244, 212, 220, 92, 124, 108, 104, 72, 74, 202, 234, 250, 242, 114, 112, 113, 81, 85, 87, 86, 70], f=93, g=29
[00:00:17:07:770] Expansion 14700000: state [255, 223, 207, 199, 195, 193, 192, 224, 228, 244, 212, 220, 216, 217, 249, 241, 113, 112, 114, 82, 86, 70, 78, 110, 108, 104, 72], f=93, g=26
[00:00:17:14:867] Expansion 14800000: state [255, 223, 207, 199, 195, 193, 192, 224, 228, 244, 212, 214, 210, 242, 243, 241, 249, 248, 120, 124, 92, 93, 77, 73, 72, 74, 66, 70, 68], f=93, g=28
[00:00:17:22:040] Expansion 14900000: state [255, 223, 207, 199, 195, 193, 192, 224, 228, 244, 212, 213, 85, 93, 92, 124, 120, 104, 72, 74, 66, 70, 86, 118, 114, 242, 243, 241, 249], f=93, g=28
[00:00:17:29:202] Expansion 15000000: state [255, 223, 207, 199, 195, 193, 192, 224, 228, 244, 252, 124, 108, 110, 238, 234, 250, 242, 210, 82, 86, 118], f=93, g=21
[00:00:17:36:345] Expansion 15100000: state [255, 223, 207, 199, 195, 193, 192, 224, 228, 244, 252, 220, 204, 76, 77, 93, 85, 87, 86, 214, 210, 242, 114, 122], f=93, g=23
[00:00:17:43:399] Expansion 15200000: state [255, 223, 207, 199, 195, 193, 192, 224, 228, 244, 252, 248, 216, 88, 92, 76, 68, 70, 66, 74], f=93, g=19
[00:00:17:50:483] Expansion 15300000: state [255, 223, 207, 199, 195, 193, 192, 224, 228, 244, 246, 118, 86, 87, 85, 81, 113, 241, 249, 217, 216, 88, 92, 124, 108, 110, 78, 74, 202, 234, 250, 122], f=93, g=31
[00:00:17:57:323] Expansion 15400000: state [255, 223, 207, 199, 195, 193, 192, 224, 228, 244, 246, 214, 86, 84, 85, 81, 113, 241, 249, 217, 216, 218, 250, 234, 238, 110, 78, 76, 72, 104, 120, 124], f=93, g=31
[00:00:18:04:094] Expansion 15500000: state [255, 223, 207, 199, 195, 193, 192, 224, 228, 244, 246, 242, 114, 112, 113, 121, 249, 217, 216, 218, 202, 234, 238, 110, 78, 70, 68, 84, 85, 213], f=93, g=29
[00:00:18:10:828] Expansion 15600000: state [255, 223, 207, 199, 195, 193, 192, 224, 228, 244, 246, 242, 250, 248, 249, 241, 113, 112, 80, 88, 92, 220, 204], f=93, g=22
[00:00:18:17:698] Expansion 15700000: state [255, 223, 207, 199, 195, 193, 192, 224, 228, 244, 245, 213, 85, 84, 80, 82, 114, 122, 120, 104, 72, 76, 78, 110, 238, 234, 202, 218, 216, 217, 249], f=93, g=30
[00:00:18:24:583] Expansion 15800000: state [255, 223, 207, 199, 195, 193, 192, 224, 228, 244, 245, 241, 113, 81, 80, 84, 68, 70, 78, 74, 72, 104, 120, 122, 114, 242, 210, 218, 216, 217], f=93, g=29
[00:00:18:31:493] Expansion 15900000: state [255, 223, 207, 199, 195, 193, 192, 224, 228, 244, 245, 241, 113, 121, 120, 248, 250, 234, 202, 74, 66, 70, 86, 84, 80], f=93, g=24
[00:00:18:38:300] Expansion 16000000: state [255, 223, 207, 199, 195, 193, 192, 224, 228, 244, 245, 241, 249, 248, 216, 220, 92, 76, 108, 110, 238, 234, 202, 74, 66, 70, 86, 214, 210, 242, 114, 112, 80, 81], f=93, g=33
[00:00:18:45:192] Expansion 16100000: state [255, 223, 207, 199, 195, 193, 192, 224, 228, 236, 108, 76, 72, 88, 216, 218, 210, 242, 246, 118, 86, 84, 212], f=93, g=22
[00:00:18:52:202] Expansion 16200000: state [255, 223, 207, 199, 195, 193, 192, 224, 228, 236, 108, 76, 78, 70, 86, 214, 246, 242, 114, 112, 120, 248, 249], f=93, g=22
[00:00:18:59:204] Expansion 16300000: state [255, 223, 207, 199, 195, 193, 192, 224, 228, 236, 108, 104, 72, 74, 66, 70, 68, 84, 80, 81, 113, 241, 249, 248, 250, 242, 114], f=93, g=26
[00:00:19:06:170] Expansion 16400000: state [255, 223, 207, 199, 195, 193, 192, 224, 228, 236, 108, 104, 120, 122, 114, 242, 210, 218, 202, 74, 66, 70, 86, 84, 212, 213, 245, 241, 249, 233], f=93, g=29
[00:00:19:13:062] Expansion 16500000: state [255, 223, 207, 199, 195, 193, 192, 224, 228, 236, 108, 124, 116, 118, 86, 214, 212, 213, 245, 241, 243, 242, 250, 248, 216, 88, 72], f=93, g=26
[00:00:19:19:904] Expansion 16600000: state [255, 223, 207, 199, 195, 193, 192, 224, 228, 236, 108, 110, 78, 70, 86, 118, 114, 242, 250, 218, 216, 88, 92, 93, 85, 213, 245], f=93, g=26
[00:00:19:26:872] Expansion 16700000: state [255, 223, 207, 199, 195, 193, 192, 224, 228, 236, 108, 110, 78, 94, 86, 84, 116, 112, 120, 248, 216, 218, 210, 242, 243, 241, 245, 213], f=93, g=27
[00:00:19:33:833] Expansion 16800000: state [255, 223, 207, 199, 195, 193, 192, 224, 228, 236, 204, 76, 72, 74, 202, 218, 250, 242, 246, 118, 86, 84, 80, 112, 113, 241, 249, 217], f=93, g=27
[00:00:19:40:788] Expansion 16900000: state [255, 223, 207, 199, 195, 193, 192, 224, 228, 236, 204, 76, 78, 94, 86, 84, 85, 213, 245, 241, 249, 217, 216, 218, 250, 242], f=93, g=25
[00:00:19:47:669] Expansion 17000000: state [255, 223, 207, 199, 195, 193, 192, 224, 228, 236, 204, 220, 212, 84, 86, 94, 78, 74, 202, 218, 250, 242, 114, 112, 120, 88], f=93, g=25
[00:00:19:54:410] Expansion 17100000: state [255, 223, 207, 199, 195, 193, 192, 224, 228, 236, 204, 220, 216, 217, 249, 121, 120, 122, 250, 242, 210, 214, 86, 94, 78, 74, 72, 73, 77], f=93, g=28
[00:00:20:01:254] Expansion 17200000: state [255, 223, 207, 199, 195, 193, 192, 224, 228, 236, 252, 124, 120, 104, 72, 74, 66, 70, 86, 84, 85, 213, 245, 241, 249], f=93, g=24
[00:00:20:08:065] Expansion 17300000: state [255, 223, 207, 199, 195, 193, 192, 224, 228, 236, 252, 220, 212, 84, 68, 76, 72, 74, 202, 234, 250, 122, 114, 112, 113, 241, 243], f=93, g=26
[00:00:20:14:868] Expansion 17400000: state [255, 223, 207, 199, 195, 193, 192, 224, 228, 236, 252, 220, 216, 218, 250, 242, 114, 112, 113, 81, 85, 93, 77, 73, 72, 74, 66, 70], f=93, g=27
[00:00:20:21:710] Expansion 17500000: state [255, 223, 207, 199, 195, 193, 192, 224, 228, 236, 252, 248, 216, 218, 210, 242, 243, 241, 245, 213, 85, 81, 80, 112, 116, 118, 86, 70, 66, 74], f=93, g=29
[00:00:20:28:569] Expansion 17600000: state [255, 223, 207, 199, 195, 193, 192, 224, 228, 236, 238, 110, 78, 70, 68, 84, 92, 124, 120, 122, 114, 242, 210, 218, 216, 217], f=93, g=25
[00:00:20:35:536] Expansion 17700000: state [255, 223, 207, 199, 195, 193, 192, 224, 228, 236, 238, 110, 78, 74, 72, 73, 77, 93, 85, 84, 86, 82, 210, 242, 250, 248, 120, 112, 113], f=93, g=28
[00:00:20:42:497] Expansion 17800000: state [255, 223, 207, 199, 195, 193, 192, 224, 228, 236, 238, 110, 78, 76, 92, 124, 116, 118, 86, 82, 210, 218, 216, 248, 249, 241, 113, 81], f=93, g=27
[00:00:20:49:474] Expansion 17900000: state [255, 223, 207, 199, 195, 193, 192, 224, 228, 236, 238, 234, 202, 74, 66, 70, 86, 87, 85, 93, 92, 124, 116, 112, 113], f=93, g=24
[00:00:20:56:558] Expansion 18000000: state [255, 223, 207, 199, 195, 193, 192, 224, 228, 236, 238, 234, 202, 218, 210, 82, 80, 112, 120, 104, 72, 73, 77, 93, 85, 87], f=93, g=25
[00:00:21:03:425] Expansion 18100000: state [255, 223, 207, 199, 195, 193, 192, 224, 228, 236, 238, 234, 250, 122, 114, 112, 80, 88, 92, 93, 85, 87, 86, 70, 78, 74], f=93, g=25
[00:00:21:10:242] Expansion 18200000: state [255, 223, 207, 199, 195, 193, 192, 224, 228, 236, 238, 234, 250, 242, 114, 118, 86, 94, 92, 76, 72, 104, 120, 121, 113, 241], f=93, g=25
[00:00:21:17:143] Expansion 18300000: state [255, 223, 207, 199, 195, 193, 192, 224, 228, 236, 238, 234, 250, 248, 249, 241, 113, 112, 116, 124, 92, 88, 72, 74, 66, 82, 86, 214, 246], f=93, g=28
[00:00:21:24:166] Expansion 18400000: state [255, 223, 207, 199, 195, 193, 192, 224, 228, 236, 237, 233, 249, 121, 120, 122, 250, 242, 210, 82, 80, 84, 92, 93, 77, 73, 72, 74, 78, 70], f=93, g=29
[00:00:21:31:004] Expansion 18500000: state [255, 223, 207, 199, 195, 193, 192, 224, 228, 236, 237, 233, 249, 241, 113, 112, 80, 88, 72, 76, 68, 70, 86, 214], f=93, g=23
[00:00:21:37:903] Expansion 18600000: state [255, 223, 207, 199, 195, 193, 192, 224, 228, 236, 237, 233, 249, 241, 243, 242, 114, 112, 116, 124, 92, 76, 72, 74, 66, 70, 86, 87, 85], f=93, g=28
[00:00:21:44:766] Expansion 18700000: state [255, 223, 207, 199, 195, 193, 192, 224, 228, 236, 237, 233, 249, 248, 250, 242, 114, 112, 116, 124, 92, 220, 212, 214, 86, 87, 85, 81], f=93, g=27
[00:00:21:52:015] Expansion 18800000: state [255, 223, 207, 199, 195, 193, 192, 224, 228, 230, 246, 118, 86, 87, 85, 213, 245, 241, 249, 248, 252, 124, 108, 76, 77, 73], f=93, g=25
[00:00:21:59:217] Expansion 18900000: state [255, 223, 207, 199, 195, 193, 192, 224, 228, 230, 246, 118, 116, 84, 212, 213, 245, 241, 249, 248, 250, 218, 210, 82, 66, 74], f=93, g=25
[00:00:22:06:449] Expansion 19000000: state [255, 223, 207, 199, 195, 193, 192, 224, 228, 230, 246, 214, 86, 84, 80, 112, 120, 248, 252, 220, 204, 76, 72, 74, 202, 218], f=93, g=25
[00:00:22:13:673] Expansion 19100000: state [255, 223, 207, 199, 195, 193, 192, 224, 228, 230, 246, 214, 210, 218, 216, 220, 92, 84, 80, 81, 113, 121, 120, 104, 108, 110, 78, 70, 66], f=93, g=28
[00:00:22:20:655] Expansion 19200000: state [255, 223, 207, 199, 195, 193, 192, 224, 228, 230, 246, 242, 114, 82, 66, 70, 78, 76, 92, 124, 252, 248, 216, 218, 202, 234], f=93, g=25
[00:00:22:28:937] Expansion 19300000: state [255, 223, 207, 199, 195, 193, 192, 224, 228, 230, 246, 242, 210, 82, 66, 70, 78, 76, 204, 220, 212, 213, 85, 81, 113, 112], f=93, g=25
[00:00:22:35:750] Expansion 19400000: state [255, 223, 207, 199, 195, 193, 192, 224, 228, 230, 246, 242, 250, 122, 120, 124, 108, 110, 78, 74, 66, 82, 86, 87, 85, 213, 212, 220], f=93, g=27
[00:00:22:42:569] Expansion 19500000: state [255, 223, 207, 199, 195, 193, 192, 224, 228, 230, 246, 242, 250, 248, 252, 124, 108, 76, 72, 74, 66, 82, 80, 81, 85, 213, 245], f=93, g=26
[00:00:22:49:402] Expansion 19600000: state [255, 223, 207, 199, 195, 193, 192, 224, 228, 230, 238, 110, 78, 70, 66, 82, 210, 218, 216, 220, 92, 124, 120, 121, 113, 81, 85, 213, 245], f=93, g=28
[00:00:22:56:350] Expansion 19700000: state [255, 223, 207, 199, 195, 193, 192, 224, 228, 230, 238, 110, 78, 74, 72, 88, 80, 81, 113, 241, 249, 248, 250, 242, 210, 214, 86], f=93, g=26
[00:00:23:03:335] Expansion 19800000: state [255, 223, 207, 199, 195, 193, 192, 224, 228, 230, 238, 110, 78, 76, 204, 220, 212, 214, 210, 82, 80, 112, 120, 121, 249, 241], f=93, g=25
[00:00:23:10:323] Expansion 19900000: state [255, 223, 207, 199, 195, 193, 192, 224, 228, 230, 238, 110, 108, 76, 68, 84, 212, 220, 252, 248, 120, 112, 114, 82, 66], f=93, g=24
[00:00:23:17:291] Expansion 20000000: state [255, 223, 207, 199, 195, 193, 192, 224, 228, 230, 238, 110, 108, 76, 92, 93, 85, 213, 245, 241, 113, 112, 114, 122, 250, 218, 216], f=93, g=26
[00:00:23:24:230] Expansion 20100000: state [255, 223, 207, 199, 195, 193, 192, 224, 228, 230, 238, 110, 108, 124, 92, 84, 68, 70, 66, 82, 210, 242, 243, 241, 249], f=93, g=24
[00:00:23:31:048] Expansion 20200000: state [255, 223, 207, 199, 195, 193, 192, 224, 228, 230, 238, 234, 202, 74, 66, 82, 86, 84, 85, 213, 245, 241, 249, 121, 120, 88, 216, 220, 204], f=93, g=28
[00:00:23:38:052] Expansion 20300000: state [255, 223, 207, 199, 195, 193, 192, 224, 228, 230, 238, 234, 202, 74, 72, 76, 77, 93, 85, 87, 86, 214, 210, 242, 114, 112, 113, 121, 249, 217, 216], f=93, g=30
[00:00:23:45:082] Expansion 20400000: state [255, 223, 207, 199, 195, 193, 192, 224, 228, 230, 238, 234, 202, 218, 210, 82, 114, 118, 116, 124, 120, 248, 249, 241, 113, 81, 85, 213, 212, 220, 204, 76, 78, 94], f=93, g=33
[00:00:23:52:238] Expansion 20500000: state [255, 223, 207, 199, 195, 193, 192, 224, 228, 230, 238, 234, 202, 218, 216, 220, 204, 76, 78, 70, 86, 87, 85, 81, 80, 112, 120, 121, 249], f=93, g=28
[00:00:23:59:111] Expansion 20600000: state [255, 223, 207, 199, 195, 193, 192, 224, 228, 230, 238, 234, 250, 218, 210, 82, 114, 112, 113, 241, 245, 213, 85, 93, 77, 73, 72, 104], f=93, g=27
[00:00:24:05:927] Expansion 20700000: state [255, 223, 207, 199, 195, 193, 192, 224, 228, 230, 238, 234, 250, 242, 114, 112, 120, 124, 252, 220, 212, 214, 86, 94, 78, 74, 72, 73, 77], f=93, g=28
[00:00:24:12:799] Expansion 20800000: state [255, 223, 207, 199, 195, 193, 192, 224, 228, 230, 238, 234, 250, 242, 243, 241, 249, 217, 216, 220, 252, 124, 120, 104, 72, 73, 77, 93, 85, 84, 68, 70, 78], f=93, g=32
[00:00:24:19:693] Expansion 20900000: state [255, 223, 207, 199, 195, 193, 192, 224, 226, 242, 114, 82, 66, 74, 78, 110, 108, 236, 237, 233, 249, 248, 216, 220, 92, 84, 116, 244], f=93, g=27
[00:00:24:26:865] Expansion 21000000: state [255, 223, 207, 199, 195, 193, 192, 224, 226, 242, 114, 82, 86, 84, 85, 81, 113, 121, 120, 248, 216, 220, 204, 76, 78, 110], f=93, g=25
[00:00:24:34:009] Expansion 21100000: state [255, 223, 207, 199, 195, 193, 192, 224, 226, 242, 114, 112, 120, 248, 216, 220, 212, 214, 86, 94, 78], f=93, g=20
[00:00:24:41:048] Expansion 21200000: state [255, 223, 207, 199, 195, 193, 192, 224, 226, 242, 114, 112, 113, 121, 249, 233, 237, 236, 252, 220, 216, 88, 72, 76, 68, 84, 85, 213], f=93, g=27
[00:00:24:48:213] Expansion 21300000: state [255, 223, 207, 199, 195, 193, 192, 224, 226, 242, 114, 118, 86, 70, 66, 74, 202, 218, 216, 217, 249, 121, 113, 81, 85, 213, 245, 244, 252, 236, 108, 76, 92], f=93, g=32
[00:00:24:55:538] Expansion 21400000: state [255, 223, 207, 199, 195, 193, 192, 224, 226, 242, 114, 118, 116, 84, 85, 81, 113, 121, 249, 217, 216, 218, 202, 74, 72, 76, 108, 110], f=93, g=27
[00:00:25:02:692] Expansion 21500000: state [255, 223, 207, 199, 195, 193, 192, 224, 226, 242, 210, 82, 66, 70, 78, 110, 108, 124, 116, 244, 245, 241, 249, 217, 216, 88, 72, 73, 77, 93, 85, 81], f=93, g=31
[00:00:25:09:764] Expansion 21600000: state [255, 223, 207, 199, 195, 193, 192, 224, 226, 242, 210, 82, 86, 118, 116, 244, 212, 213, 85, 93, 77, 76, 72, 88, 120, 121, 113], f=93, g=26
[00:00:25:16:901] Expansion 21700000: state [255, 223, 207, 199, 195, 193, 192, 224, 226, 242, 210, 218, 202, 74, 72, 73, 77, 93, 85, 87, 86, 118, 116, 124, 120, 121], f=93, g=25
[00:00:25:23:961] Expansion 21800000: state [255, 223, 207, 199, 195, 193, 192, 224, 226, 242, 210, 218, 216, 248, 249, 241, 245, 244, 212, 84, 68, 70, 78, 74], f=93, g=23
[00:00:25:30:911] Expansion 21900000: state [255, 223, 207, 199, 195, 193, 192, 224, 226, 242, 210, 214, 86, 70, 78, 76, 92, 88, 80, 81, 85, 213, 245, 244, 252, 248, 249, 233], f=93, g=27
[00:00:25:37:962] Expansion 22000000: state [255, 223, 207, 199, 195, 193, 192, 224, 226, 242, 210, 214, 212, 244, 245, 241, 113, 81, 85, 93, 77, 76, 108, 104, 120, 248], f=93, g=25
[00:00:25:45:026] Expansion 22100000: state [255, 223, 207, 199, 195, 193, 192, 224, 226, 242, 250, 122, 120, 112, 113, 241, 245, 213, 85, 84, 92, 76], f=93, g=21
[00:00:25:52:080] Expansion 22200000: state [255, 223, 207, 199, 195, 193, 192, 224, 226, 242, 250, 218, 202, 74, 72, 104, 108, 236, 252, 244, 116, 112, 80, 82, 86, 94, 92, 93], f=93, g=27
[00:00:25:59:167] Expansion 22300000: state [255, 223, 207, 199, 195, 193, 192, 224, 226, 242, 250, 218, 216, 88, 120, 112, 113, 81, 85, 93, 77, 76, 68, 70, 86, 214, 212, 244, 252, 236, 238], f=93, g=30
[00:00:26:06:063] Expansion 22400000: state [255, 223, 207, 199, 195, 193, 192, 224, 226, 242, 250, 218, 216, 217, 249, 121, 113, 112, 116, 244, 252, 236, 238, 110, 78, 94, 86, 214], f=93, g=27
[00:00:26:13:020] Expansion 22500000: state [255, 223, 207, 199, 195, 193, 192, 224, 226, 242, 250, 248, 216, 88, 80, 82, 86, 118, 116, 244, 212, 213, 85, 93, 77, 76, 204, 236, 237, 233], f=93, g=29
[00:00:26:23:251] Expansion 22600000: state [255, 223, 207, 199, 195, 193, 192, 224, 226, 242, 246, 118, 86, 70, 66, 74, 72, 76, 204, 236, 237, 233, 249, 121, 113, 81, 80], f=93, g=26
[00:00:26:30:232] Expansion 22700000: state [255, 223, 207, 199, 195, 193, 192, 224, 226, 242, 246, 118, 86, 87, 85, 213, 212, 220, 216, 218, 202, 74, 78, 76, 108, 236, 238], f=93, g=26
[00:00:26:37:155] Expansion 22800000: state [255, 223, 207, 199, 195, 193, 192, 224, 226, 242, 246, 214, 86, 82, 80, 112, 120, 121, 249, 233, 237, 236, 204, 220, 92, 93, 77, 73, 72, 74, 78], f=93, g=30
[00:00:26:44:207] Expansion 22900000: state [255, 223, 207, 199, 195, 193, 192, 224, 226, 242, 246, 214, 212, 213, 85, 81, 113, 241, 249, 233, 237, 236, 108, 124, 92, 88, 72, 74, 66, 70, 68], f=93, g=30
[00:00:26:51:191] Expansion 23000000: state [255, 223, 207, 199, 195, 193, 192, 224, 226, 242, 246, 244, 212, 213, 85, 81, 113, 241, 249, 248, 120, 88, 92, 76, 78, 70, 86, 82], f=93, g=27
[00:00:26:58:174] Expansion 23100000: state [255, 223, 207, 199, 195, 193, 192, 224, 226, 242, 246, 244, 245, 241, 113, 81, 85, 84, 86, 70, 66, 74, 202, 218, 216, 88, 120], f=93, g=26
[00:00:27:05:304] Expansion 23200000: state [255, 223, 207, 199, 195, 193, 192, 224, 226, 242, 243, 241, 113, 112, 120, 248, 252, 220, 212, 84, 68, 70, 66, 74, 202], f=93, g=24
[00:00:27:12:343] Expansion 23300000: state [255, 223, 207, 199, 195, 193, 192, 224, 226, 242, 243, 241, 249, 217, 216, 218, 202, 74, 66, 70, 68, 76, 92, 124, 116, 112, 80, 81, 85], f=93, g=28
[00:00:27:19:430] Expansion 23400000: state [255, 223, 207, 199, 195, 193, 192, 224, 226, 242, 243, 241, 245, 213, 85, 93, 77, 76, 68, 70, 66, 74, 202, 218, 216, 88, 80, 112, 116, 124, 252, 236, 237, 233], f=93, g=33
[00:00:27:26:597] Expansion 23500000: state [255, 223, 207, 199, 195, 193, 192, 224, 226, 234, 202, 74, 66, 82, 114, 112, 116, 84, 92, 76, 108, 236, 237, 233, 249], f=93, g=24
[00:00:27:33:804] Expansion 23600000: state [255, 223, 207, 199, 195, 193, 192, 224, 226, 234, 202, 74, 66, 70, 86, 214, 212, 213, 245, 241, 113, 112, 120, 124, 92, 76, 204, 236], f=93, g=27
[00:00:27:41:019] Expansion 23700000: state [255, 223, 207, 199, 195, 193, 192, 224, 226, 234, 202, 74, 72, 88, 92, 84, 86, 82, 114, 112, 113, 121, 249, 233, 237, 236, 252, 244, 245, 213], f=93, g=29
[00:00:27:48:243] Expansion 23800000: state [255, 223, 207, 199, 195, 193, 192, 224, 226, 234, 202, 74, 72, 73, 77, 93, 92, 84, 116, 112, 114], f=93, g=20
[00:00:27:55:507] Expansion 23900000: state [255, 223, 207, 199, 195, 193, 192, 224, 226, 234, 202, 74, 78, 76, 108, 236, 237, 233, 249, 248, 216, 220, 212, 84], f=93, g=23
[00:00:28:02:588] Expansion 24000000: state [255, 223, 207, 199, 195, 193, 192, 224, 226, 234, 202, 74, 78, 94, 86, 82, 80, 88, 120, 104, 108, 236, 237, 233, 249, 241, 245, 213, 85, 93, 77], f=93, g=30
[00:00:28:09:850] Expansion 24100000: state [255, 223, 207, 199, 195, 193, 192, 224, 226, 234, 202, 218, 210, 82, 114, 118, 116, 244, 245, 241, 113, 81, 85, 93, 77, 76, 68, 70], f=93, g=27
[00:00:28:17:027] Expansion 24200000: state [255, 223, 207, 199, 195, 193, 192, 224, 226, 234, 202, 218, 210, 214, 212, 84, 116, 112, 113, 121, 249, 248, 252, 236, 204, 76, 72], f=93, g=26
[00:00:28:24:141] Expansion 24300000: state [255, 223, 207, 199, 195, 193, 192, 224, 226, 234, 202, 218, 216, 88, 120, 121, 249, 233, 237, 236, 204, 76, 78, 70, 86, 214, 246, 244, 245, 213, 85], f=93, g=30
[00:00:28:31:353] Expansion 24400000: state [255, 223, 207, 199, 195, 193, 192, 224, 226, 234, 202, 218, 216, 220, 204, 236, 108, 124, 120, 122, 114, 118, 86, 70, 66], f=93, g=24
[00:00:28:38:364] Expansion 24500000: state [255, 223, 207, 199, 195, 193, 192, 224, 226, 234, 202, 218, 216, 217, 249, 233, 237, 236, 252, 244, 212, 214, 86, 87, 85, 93, 77, 76, 72, 104, 120, 112], f=93, g=31
[00:00:28:45:511] Expansion 24600000: state [255, 223, 207, 199, 195, 193, 192, 224, 226, 234, 250, 122, 114, 112, 80, 88, 216, 217, 249, 233, 237, 236, 108, 76, 77, 93, 85, 213, 245, 244, 246, 214, 86, 70, 66], f=93, g=34
[00:00:28:52:634] Expansion 24700000: state [255, 223, 207, 199, 195, 193, 192, 224, 226, 234, 250, 122, 114, 118, 246, 244, 245, 241, 113, 81, 80, 88, 92, 124, 108, 236, 204], f=93, g=26
[00:00:28:59:819] Expansion 24800000: state [255, 223, 207, 199, 195, 193, 192, 224, 226, 234, 250, 122, 120, 112, 113, 241, 249, 233, 237, 236, 252, 220, 212, 213, 85, 93, 77, 76, 78, 70, 86], f=93, g=30
[00:00:29:06:939] Expansion 24900000: state [255, 223, 207, 199, 195, 193, 192, 224, 226, 234, 250, 218, 210, 82, 66, 70, 78, 94, 92, 88, 72, 104, 108, 236, 237, 233], f=93, g=25
[00:00:29:14:133] Expansion 25000000: state [255, 223, 207, 199, 195, 193, 192, 224, 226, 234, 250, 218, 210, 214, 86, 84, 85, 213, 245, 241, 113, 121, 120, 88, 72, 74, 78, 110, 108, 236, 204, 220], f=93, g=31
[00:00:29:21:206] Expansion 25100000: state [255, 223, 207, 199, 195, 193, 192, 224, 226, 234, 250, 218, 216, 88, 80, 82, 86, 94, 78, 110, 108, 236], f=93, g=21
[00:00:29:28:315] Expansion 25200000: state [255, 223, 207, 199, 195, 193, 192, 224, 226, 234, 250, 218, 216, 220, 212, 244, 245, 241, 113, 112, 114, 118, 86, 94, 78, 74, 72, 73, 77], f=93, g=28
[00:00:29:35:298] Expansion 25300000: state [255, 223, 207, 199, 195, 193, 192, 224, 226, 234, 250, 218, 216, 217, 249, 233, 237, 236, 108, 104, 72, 74, 78, 70, 86, 82, 80, 81, 85, 213, 245, 244, 246], f=93, g=32
[00:00:29:46:313] Expansion 25400000: state [255, 223, 207, 199, 195, 193, 192, 224, 226, 234, 250, 248, 120, 112, 114, 82, 66, 70, 68, 76, 204, 220, 212, 213, 85, 81], f=93, g=25
[00:00:29:53:368] Expansion 25500000: state [255, 223, 207, 199, 195, 193, 192, 224, 226, 234, 250, 248, 252, 236, 108, 110, 78, 70, 86, 118, 114, 112], f=93, g=21
[00:00:30:00:530] Expansion 25600000: state [255, 223, 207, 199, 195, 193, 192, 224, 226, 234, 250, 248, 249, 241, 113, 112, 114, 118, 246, 244, 212, 84, 85, 93, 77, 76, 78, 110], f=93, g=27
[00:00:30:07:667] Expansion 25700000: state [255, 223, 207, 199, 195, 193, 192, 224, 226, 234, 238, 110, 78, 74, 66, 82, 114, 118, 246, 244, 245, 213, 85, 84, 92, 88, 120, 121, 249], f=93, g=28
[00:00:30:14:770] Expansion 25800000: state [255, 223, 207, 199, 195, 193, 192, 224, 226, 234, 238, 110, 78, 76, 92, 88, 216, 248, 249, 121, 113, 112, 116, 118, 86, 82], f=93, g=25
[00:00:30:21:806] Expansion 25900000: state [255, 223, 207, 199, 195, 193, 192, 224, 226, 234, 238, 110, 108, 76, 72, 74, 66, 82, 86, 118, 116, 244, 212], f=93, g=22
[00:00:30:28:753] Expansion 26000000: state [255, 223, 207, 199, 195, 193, 192, 224, 226, 234, 238, 110, 108, 104, 120, 248, 252, 220, 212, 213, 85, 81, 80, 82, 66], f=93, g=24
[00:00:30:35:712] Expansion 26100000: state [255, 223, 207, 199, 195, 193, 192, 224, 226, 234, 238, 236, 108, 76, 78, 74, 66, 82, 80, 81, 113, 241, 245, 213, 212, 220, 216, 248, 120, 122], f=93, g=29
[00:00:30:42:678] Expansion 26200000: state [255, 223, 207, 199, 195, 193, 192, 224, 226, 234, 238, 236, 108, 124, 120, 112, 80, 84, 86, 118, 246, 244, 245, 241, 249], f=93, g=24
[00:00:30:49:969] Expansion 26300000: state [255, 223, 207, 199, 195, 193, 192, 224, 226, 234, 238, 236, 204, 220, 212, 244, 246, 118, 86, 70, 78, 74, 72, 88, 80, 112, 113, 121, 249, 217], f=93, g=29
[00:00:30:57:170] Expansion 26400000: state [255, 223, 207, 199, 195, 193, 192, 224, 226, 234, 238, 236, 252, 244, 116, 112, 120, 104, 72, 73, 77, 93, 85, 87, 86], f=93, g=24
[00:00:31:04:133] Expansion 26500000: state [255, 223, 207, 199, 195, 193, 192, 224, 226, 234, 238, 236, 237, 233, 249, 121, 113, 112, 116, 124, 92, 220, 216, 218], f=93, g=23
[00:00:31:11:223] Expansion 26600000: state [255, 223, 207, 199, 195, 193, 192, 224, 226, 234, 238, 236, 237, 233, 249, 241, 245, 244, 212, 220, 216, 218, 210, 82, 114, 112, 120, 104, 72, 74, 78, 70, 68], f=93, g=32
[00:00:31:18:573] Expansion 26700000: state [255, 223, 207, 199, 195, 193, 192, 224, 226, 230, 246, 118, 86, 82, 80, 112, 120, 124, 252, 220, 216, 218, 202, 74, 78, 110], f=93, g=25
[00:00:31:25:995] Expansion 26800000: state [255, 223, 207, 199, 195, 193, 192, 224, 226, 230, 246, 118, 114, 82, 66, 74, 202, 218, 216, 217, 249, 121, 120, 124, 108, 76, 68, 84, 85, 87], f=93, g=29
[00:00:31:33:375] Expansion 26900000: state [255, 223, 207, 199, 195, 193, 192, 224, 226, 230, 246, 118, 114, 122, 120, 88, 72, 76, 68, 84, 212, 213, 245, 241, 113, 81], f=93, g=25
[00:00:31:40:501] Expansion 27000000: state [255, 223, 207, 199, 195, 193, 192, 224, 226, 230, 246, 118, 116, 124, 108, 236, 204, 220, 216, 218, 210, 82, 66, 74, 72, 73, 77, 93, 85, 81, 113, 241, 249], f=93, g=32
[00:00:31:47:589] Expansion 27100000: state [255, 223, 207, 199, 195, 193, 192, 224, 226, 230, 246, 214, 86, 84, 68, 76, 78, 74, 202, 218, 216, 248, 249, 121, 113], f=93, g=24
[00:00:31:54:697] Expansion 27200000: state [255, 223, 207, 199, 195, 193, 192, 224, 226, 230, 246, 214, 210, 82, 80, 84, 68, 70, 78, 110, 108, 124, 120, 248, 249, 241], f=93, g=25
[00:00:32:01:688] Expansion 27300000: state [255, 223, 207, 199, 195, 193, 192, 224, 226, 230, 246, 214, 212, 84, 80, 82, 114, 122, 250, 218, 216, 217, 249, 233, 237, 236, 108, 76, 77, 93], f=93, g=29
[00:00:32:08:882] Expansion 27400000: state [255, 223, 207, 199, 195, 193, 192, 224, 226, 230, 246, 244, 116, 84, 80, 82, 114, 122, 250, 218, 202, 74, 78, 110, 108, 236, 204, 220], f=93, g=27
[00:00:32:15:735] Expansion 27500000: state [255, 223, 207, 199, 195, 193, 192, 224, 226, 230, 246, 244, 212, 84, 86, 82, 114, 122, 120, 104, 72, 74, 202, 218, 216], f=93, g=24
[00:00:32:22:774] Expansion 27600000: state [255, 223, 207, 199, 195, 193, 192, 224, 226, 230, 246, 244, 212, 213, 85, 93, 92, 76, 68, 70, 86, 82, 80, 112, 120, 122, 250, 218], f=93, g=27
[00:00:32:29:790] Expansion 27700000: state [255, 223, 207, 199, 195, 193, 192, 224, 226, 230, 246, 244, 252, 236, 204, 76, 78, 70, 86, 82, 80, 81, 113, 241, 249, 217, 216, 218, 202], f=93, g=28
[00:00:32:36:863] Expansion 27800000: state [255, 223, 207, 199, 195, 193, 192, 224, 226, 230, 246, 244, 245, 213, 85, 93, 77, 76, 78, 74, 66, 82, 210, 218, 216, 248, 120], f=93, g=26
[00:00:32:43:964] Expansion 27900000: state [255, 223, 207, 199, 195, 193, 192, 224, 226, 230, 246, 244, 245, 241, 249, 233, 237, 236, 108, 124, 92, 88, 72, 74, 78, 70, 86, 82, 114, 122, 250, 218], f=93, g=31
[00:00:32:50:983] Expansion 28000000: state [255, 223, 207, 199, 195, 193, 192, 224, 226, 230, 238, 110, 78, 74, 66, 82, 114, 112, 113, 81, 85, 213, 245, 244, 252, 220, 216, 217, 249, 233], f=93, g=29
[00:00:32:58:084] Expansion 28100000: state [255, 223, 207, 199, 195, 193, 192, 224, 226, 230, 238, 110, 78, 76, 68, 84, 85, 213, 245, 244, 252, 248, 120], f=93, g=22
[00:00:33:05:172] Expansion 28200000: state [255, 223, 207, 199, 195, 193, 192, 224, 226, 230, 238, 110, 78, 94, 92, 88, 80, 82, 114, 118], f=93, g=19
[00:00:33:12:086] Expansion 28300000: state [255, 223, 207, 199, 195, 193, 192, 224, 226, 230, 238, 110, 108, 76, 92, 220, 216, 217, 249, 241, 245, 244, 116, 118, 86, 70, 66, 74, 202], f=93, g=28
[00:00:33:19:028] Expansion 28400000: state [255, 223, 207, 199, 195, 193, 192, 224, 226, 230, 238, 110, 108, 104, 120, 248, 216, 218, 210, 214, 86, 84, 85, 81, 113, 241], f=93, g=25
[00:00:33:25:851] Expansion 28500000: state [255, 223, 207, 199, 195, 193, 192, 224, 226, 230, 238, 236, 108, 76, 72, 74, 66, 82, 114, 118, 116, 244, 245, 241, 113, 121, 120, 248, 216, 218], f=93, g=29
[00:00:33:32:893] Expansion 28600000: state [255, 223, 207, 199, 195, 193, 192, 224, 226, 230, 238, 236, 108, 104, 72, 74, 66, 82, 210, 218, 250, 248, 249, 121, 113, 81, 85, 84, 116, 244, 245], f=93, g=30
[00:00:33:40:049] Expansion 28700000: state [255, 223, 207, 199, 195, 193, 192, 224, 226, 230, 238, 236, 108, 124, 116, 244, 245, 241, 249, 248, 216, 218, 202, 74, 72, 73, 77, 93, 85, 87, 86, 70, 68], f=93, g=32
[00:00:33:47:277] Expansion 28800000: state [255, 223, 207, 199, 195, 193, 192, 224, 226, 230, 238, 236, 204, 76, 78, 70, 86, 214, 212, 244, 116, 124, 120, 248, 250], f=93, g=24
[00:00:33:54:346] Expansion 28900000: state [255, 223, 207, 199, 195, 193, 192, 224, 226, 230, 238, 236, 204, 220, 216, 218, 202, 74, 72, 104, 120, 122, 114, 118, 116, 84, 85, 81, 113], f=93, g=28
[00:00:34:01:355] Expansion 29000000: state [255, 223, 207, 199, 195, 193, 192, 224, 226, 230, 238, 236, 252, 220, 216, 218, 210, 214, 86, 118, 114, 112, 120, 121, 249, 241, 245, 213, 85, 93, 77, 73], f=93, g=31
[00:00:34:08:284] Expansion 29100000: state [255, 223, 207, 199, 195, 193, 192, 224, 226, 230, 238, 236, 252, 244, 245, 241, 249, 217, 216, 218, 202, 74, 72, 76, 68, 70, 86, 118, 114, 122, 120], f=93, g=30
[00:00:34:15:388] Expansion 29200000: state [255, 223, 207, 199, 195, 193, 192, 224, 226, 230, 238, 236, 237, 233, 249, 121, 120, 122, 250, 218, 202, 74, 66, 70, 86, 84, 92], f=93, g=26
[00:00:34:22:531] Expansion 29300000: state [255, 223, 207, 199, 195, 193, 192, 224, 226, 230, 238, 236, 237, 233, 249, 241, 245, 244, 116, 112, 80, 81, 85, 87, 86, 94, 92, 76, 72, 74, 202, 218, 250, 122], f=93, g=33
[00:00:34:29:582] Expansion 29400000: state [255, 223, 207, 199, 195, 193, 192, 208, 80, 112, 96, 104, 72, 73, 77, 93, 92, 94, 86, 118, 246, 230, 238, 236, 237, 233, 249, 248, 250, 122], f=93, g=29
[00:00:34:41:117] Expansion 29500000: state [255, 223, 207, 199, 195, 193, 192, 208, 80, 112, 120, 248, 250, 242, 246, 244, 228, 236, 108, 76, 92, 94, 86, 70, 66], f=93, g=24
[00:00:34:48:165] Expansion 29600000: state [255, 223, 207, 199, 195, 193, 192, 208, 80, 112, 120, 121, 249, 233, 237, 236, 204, 76, 77, 93, 85, 87, 86, 214, 246, 242, 226], f=93, g=26
[00:00:34:55:216] Expansion 29700000: state [255, 223, 207, 199, 195, 193, 192, 208, 80, 112, 116, 124, 252, 236, 237, 233, 249, 241, 245, 213, 85, 87, 86, 214, 246, 230, 226, 234, 202, 74], f=93, g=29
[00:00:35:02:364] Expansion 29800000: state [255, 223, 207, 199, 195, 193, 192, 208, 80, 112, 114, 242, 243, 241, 249, 248, 252, 124, 92, 93, 77, 73, 72, 74], f=93, g=23
[00:00:35:09:483] Expansion 29900000: state [255, 223, 207, 199, 195, 193, 192, 208, 80, 112, 113, 241, 249, 233, 237, 236, 204, 220, 92, 93, 77, 73, 72, 74, 78, 70, 86, 118, 246, 242, 226, 234], f=93, g=31
[00:00:35:16:898] Expansion 30000000: state [255, 223, 207, 199, 195, 193, 192, 208, 80, 112, 113, 121, 249, 233, 232, 104, 108, 110, 238, 230, 246, 214, 86, 70, 66, 74, 202], f=93, g=26
[00:00:35:24:266] Expansion 30100000: state [255, 223, 207, 199, 195, 193, 192, 208, 80, 88, 72, 74, 66, 70, 86, 87, 85, 213, 245, 241, 243, 242, 246, 230, 228, 236, 252, 124, 116], f=93, g=28
[00:00:35:31:398] Expansion 30200000: state [255, 223, 207, 199, 195, 193, 192, 208, 80, 88, 120, 124, 252, 236, 232, 234, 226, 230, 246, 118, 86, 87, 85, 213, 245], f=93, g=24
[00:00:35:38:503] Expansion 30300000: state [255, 223, 207, 199, 195, 193, 192, 208, 80, 88, 92, 76, 78, 110, 238, 236, 228, 244, 246, 242, 243, 241, 249, 217], f=93, g=23
[00:00:35:45:607] Expansion 30400000: state [255, 223, 207, 199, 195, 193, 192, 208, 80, 84, 68, 70, 78, 110, 238, 236, 237, 233, 249, 121, 120, 122], f=93, g=21
[00:00:35:52:615] Expansion 30500000: state [255, 223, 207, 199, 195, 193, 192, 208, 80, 84, 86, 70, 66, 74, 202, 234, 226, 230, 246, 244, 245, 241, 113, 121, 120, 124, 108, 76, 204, 220], f=93, g=29
[00:00:35:59:754] Expansion 30600000: state [255, 223, 207, 199, 195, 193, 192, 208, 80, 84, 85, 213, 245, 241, 249, 248, 252, 124, 108, 104, 72, 73], f=93, g=21
[00:00:36:06:916] Expansion 30700000: state [255, 223, 207, 199, 195, 193, 192, 208, 80, 82, 66, 74, 78, 76, 204, 236, 228, 244, 245, 241, 249, 217], f=93, g=21
[00:00:36:14:182] Expansion 30800000: state [255, 223, 207, 199, 195, 193, 192, 208, 80, 82, 114, 242, 226, 234, 238, 110, 78, 94, 92, 124, 120, 248, 249, 241, 245, 244, 228], f=93, g=26
[00:00:36:21:336] Expansion 30900000: state [255, 223, 207, 199, 195, 193, 192, 208, 80, 82, 114, 118, 246, 230, 226, 234, 232, 104, 120, 121, 113, 241, 245, 213, 85, 93, 77, 73], f=93, g=27
[00:00:36:28:515] Expansion 31000000: state [255, 223, 207, 199, 195, 193, 192, 208, 80, 82, 86, 214, 246, 230, 238, 236, 252, 124, 92, 76, 72, 74, 202, 218], f=93, g=23
[00:00:36:35:638] Expansion 31100000: state [255, 223, 207, 199, 195, 193, 192, 208, 80, 82, 86, 94, 78, 74, 202, 234, 226, 230, 228, 236, 252, 124, 120, 121, 249, 241], f=93, g=25
[00:00:36:42:973] Expansion 31200000: state [255, 223, 207, 199, 195, 193, 192, 208, 80, 82, 86, 87, 85, 93, 92, 76, 108, 236, 252], f=93, g=18
[00:00:36:50:137] Expansion 31300000: state [255, 223, 207, 199, 195, 193, 192, 208, 80, 81, 113, 241, 249, 248, 250, 242, 246, 230, 238, 110, 108, 76, 68, 70, 86], f=93, g=24
[00:00:36:57:265] Expansion 31400000: state [255, 223, 207, 199, 195, 193, 192, 208, 80, 81, 113, 121, 120, 104, 232, 236, 252, 220, 92, 76, 68, 70, 86, 214, 246, 242, 250], f=93, g=26
[00:00:37:04:383] Expansion 31500000: state [255, 223, 207, 199, 195, 193, 192, 208, 80, 81, 113, 121, 249, 248, 250, 218, 202, 74, 66, 70, 68, 76, 108, 236, 238, 230, 246, 214], f=93, g=27
[00:00:37:11:647] Expansion 31600000: state [255, 223, 207, 199, 195, 193, 192, 208, 80, 81, 85, 213, 245, 241, 243, 242, 246, 230, 238, 234, 232, 104, 108, 76, 78], f=93, g=24
[00:00:37:19:000] Expansion 31700000: state [255, 223, 207, 199, 195, 193, 192, 208, 80, 81, 85, 93, 77, 73, 72, 74, 78, 94, 86, 118, 246, 230, 226, 234, 232, 236, 204], f=93, g=26
[00:00:37:26:557] Expansion 31800000: state [255, 223, 207, 199, 195, 193, 192, 208, 80, 81, 85, 93, 92, 220, 204, 236, 228, 230, 226, 234, 250, 122, 120, 104, 72], f=93, g=24
[00:00:37:34:188] Expansion 31900000: state [255, 223, 207, 199, 195, 193, 192, 208, 80, 81, 85, 87, 86, 70, 78, 74, 72, 104, 108, 236, 228, 230, 226, 242, 243, 241, 249, 217], f=93, g=27
[00:00:37:41:785] Expansion 32000000: state [255, 223, 207, 199, 195, 193, 192, 208, 80, 81, 85, 87, 86, 94, 78, 110, 108, 124, 120, 248, 249, 241, 243, 242, 226, 234, 202], f=93, g=26
[00:00:37:49:042] Expansion 32100000: state [255, 223, 207, 199, 195, 193, 192, 208, 240, 112, 114, 82, 86, 84, 85, 93, 77, 73, 72, 74, 202, 234, 238, 110, 108, 124], f=93, g=25
[00:00:37:56:104] Expansion 32200000: state [255, 223, 207, 199, 195, 193, 192, 208, 240, 248, 232, 234, 202, 74, 72, 73, 77, 93, 85, 84, 86, 118, 246, 230], f=93, g=23
[00:00:38:03:045] Expansion 32300000: state [255, 223, 207, 199, 195, 193, 192, 208, 240, 244, 116, 118, 86, 87, 85, 93, 92, 220, 204, 236, 232, 234, 202, 74, 72], f=93, g=24
[00:00:38:09:781] Expansion 32400000: state [255, 223, 207, 199, 195, 193, 192, 208, 240, 244, 252, 236, 238, 234, 202, 74, 72, 76, 68, 84, 85, 213], f=93, g=21
[00:00:38:16:787] Expansion 32500000: state [255, 223, 207, 199, 195, 193, 192, 208, 240, 244, 246, 230, 238, 236, 237, 233, 249, 121, 120, 88, 72, 76, 78, 70, 86, 87, 85], f=93, g=26
[00:00:38:23:984] Expansion 32600000: state [255, 223, 207, 199, 195, 193, 192, 208, 240, 242, 226, 234, 202, 74, 66, 70, 86, 84, 85, 93, 77, 76, 204, 236], f=93, g=23
[00:00:38:31:060] Expansion 32700000: state [255, 223, 207, 199, 195, 193, 192, 208, 240, 242, 246, 118, 86, 82, 66, 74, 202, 234, 238, 236, 204, 76, 92, 124], f=93, g=23
[00:00:38:38:173] Expansion 32800000: state [255, 223, 207, 199, 195, 193, 192, 208, 240, 241, 113, 81, 85, 93, 92, 76, 78, 74, 202, 234, 250, 122, 114, 82, 86, 214, 246, 230, 228, 236], f=93, g=29
[00:00:38:45:391] Expansion 32900000: state [255, 223, 207, 199, 195, 193, 192, 208, 240, 241, 249, 121, 120, 124, 92, 93, 85, 87, 86, 82, 66, 74, 202, 234, 238, 110], f=93, g=25
[00:00:38:52:445] Expansion 33000000: state [255, 223, 207, 199, 195, 193, 192, 208, 240, 241, 245, 213, 85, 84, 68, 76, 72, 74, 66, 82, 114, 122, 250, 234, 226, 230, 228, 236, 237, 233], f=93, g=29
[00:00:39:05:438] Expansion 33100000: state [255, 223, 207, 199, 195, 193, 192, 208, 216, 88, 72, 104, 108, 236, 238, 230, 226, 242, 243, 241, 113, 81, 85, 84, 86, 94], f=93, g=25
[00:00:39:12:459] Expansion 33200000: state [255, 223, 207, 199, 195, 193, 192, 208, 216, 88, 72, 76, 77, 93, 85, 213, 245, 241, 249, 233, 237, 236, 238, 230, 246, 214, 86, 82, 114], f=93, g=28
[00:00:39:19:831] Expansion 33300000: state [255, 223, 207, 199, 195, 193, 192, 208, 216, 88, 72, 73, 77, 93, 85, 81, 113, 241, 249, 233, 232, 234, 238, 110, 78, 94, 86, 82, 114, 242, 246, 244, 116], f=93, g=32
[00:00:39:26:922] Expansion 33400000: state [255, 223, 207, 199, 195, 193, 192, 208, 216, 88, 120, 112, 116, 118, 86, 82, 66, 74, 78, 76, 108, 236, 232, 234, 226, 230], f=93, g=25
[00:00:39:33:986] Expansion 33500000: state [255, 223, 207, 199, 195, 193, 192, 208, 216, 88, 120, 124, 116, 244, 246, 242, 243, 241, 113, 81, 85, 87, 86, 70, 78, 74, 202, 234, 232, 236, 204], f=93, g=30
[00:00:39:40:987] Expansion 33600000: state [255, 223, 207, 199, 195, 193, 192, 208, 216, 88, 120, 122, 250, 242, 226, 230, 228, 244, 245, 213, 85, 87, 86, 82, 66, 74, 78], f=93, g=26
[00:00:39:48:141] Expansion 33700000: state [255, 223, 207, 199, 195, 193, 192, 208, 216, 88, 120, 121, 249, 241, 245, 213, 85, 84, 86, 118, 246, 242, 226, 234, 202, 74, 78, 76, 108], f=93, g=28
[00:00:39:55:216] Expansion 33800000: state [255, 223, 207, 199, 195, 193, 192, 208, 216, 88, 92, 84, 116, 112, 96, 104, 232, 234, 226, 242, 243, 241, 245, 213], f=93, g=23
[00:00:40:02:324] Expansion 33900000: state [255, 223, 207, 199, 195, 193, 192, 208, 216, 88, 92, 93, 85, 81, 113, 112, 114, 118, 86, 70, 78, 110, 238, 236, 204], f=93, g=24
[00:00:40:09:543] Expansion 34000000: state [255, 223, 207, 199, 195, 193, 192, 208, 216, 248, 120, 112, 114, 242, 246, 230, 228, 236, 108, 76, 78, 74, 202], f=93, g=22
[00:00:40:16:593] Expansion 34100000: state [255, 223, 207, 199, 195, 193, 192, 208, 216, 248, 120, 122, 114, 118, 86, 70, 78, 74, 202, 234, 238, 230, 228, 244, 245, 241, 113, 81], f=93, g=27
[00:00:40:23:623] Expansion 34200000: state [255, 223, 207, 199, 195, 193, 192, 208, 216, 248, 232, 236, 108, 76, 78, 70, 86, 82, 114, 112, 113, 241, 245], f=93, g=22
[00:00:40:30:598] Expansion 34300000: state [255, 223, 207, 199, 195, 193, 192, 208, 216, 248, 252, 124, 92, 76, 68, 70, 86, 118, 246, 242, 226, 234, 238], f=93, g=22
[00:00:40:37:576] Expansion 34400000: state [255, 223, 207, 199, 195, 193, 192, 208, 216, 248, 252, 244, 246, 214, 86, 82, 66, 74, 78, 76, 77], f=93, g=20
[00:00:40:44:589] Expansion 34500000: state [255, 223, 207, 199, 195, 193, 192, 208, 216, 248, 250, 234, 238, 110, 108, 76, 68, 70, 86, 118, 246, 244, 245, 213, 85], f=93, g=24
[00:00:40:51:498] Expansion 34600000: state [255, 223, 207, 199, 195, 193, 192, 208, 216, 248, 249, 121, 113, 81, 85, 213, 245, 244, 116, 124, 92, 76, 68], f=93, g=22
[00:00:40:58:657] Expansion 34700000: state [255, 223, 207, 199, 195, 193, 192, 208, 216, 248, 249, 233, 237, 236, 238, 110, 78, 76, 92, 124, 116, 112, 114], f=93, g=22
[00:00:41:05:804] Expansion 34800000: state [255, 223, 207, 199, 195, 193, 192, 208, 216, 248, 249, 241, 245, 244, 228, 236, 108, 124, 92, 93, 77, 73, 72, 74, 202, 234, 226, 242, 114], f=93, g=28
[00:00:41:12:831] Expansion 34900000: state [255, 223, 207, 199, 195, 193, 192, 208, 216, 220, 92, 76, 108, 104, 120, 112, 116, 244, 245, 213, 85, 81], f=93, g=21
[00:00:41:19:921] Expansion 35000000: state [255, 223, 207, 199, 195, 193, 192, 208, 216, 220, 92, 84, 86, 70, 78, 74, 72, 104, 120, 122, 250, 242, 246, 244, 228, 236, 237, 233], f=93, g=27
[00:00:41:26:894] Expansion 35100000: state [255, 223, 207, 199, 195, 193, 192, 208, 216, 220, 92, 124, 120, 112, 113, 81, 85, 213, 245, 244, 246, 242, 250, 234, 238, 110, 78, 70, 86], f=93, g=28
[00:00:41:34:131] Expansion 35200000: state [255, 223, 207, 199, 195, 193, 192, 208, 216, 220, 92, 93, 77, 73, 72, 74, 66, 82, 86, 214, 246, 244, 245, 241, 113, 112, 120, 122, 250, 234, 226], f=93, g=30
[00:00:41:41:491] Expansion 35300000: state [255, 223, 207, 199, 195, 193, 192, 208, 216, 220, 92, 93, 85, 87, 86, 82, 66, 74, 72, 104, 120, 122, 250, 242, 246, 230, 228, 236, 237, 233], f=93, g=29
[00:00:41:48:559] Expansion 35400000: state [255, 223, 207, 199, 195, 193, 192, 208, 216, 220, 204, 76, 108, 124, 120, 121, 249, 241, 245, 213, 85, 84, 86, 118, 246, 230, 226, 234, 232], f=93, g=28
[00:00:41:55:759] Expansion 35500000: state [255, 223, 207, 199, 195, 193, 192, 208, 216, 220, 204, 236, 108, 104, 120, 121, 113, 241, 245, 244, 246, 230, 226, 234, 202], f=93, g=24
[00:00:42:02:575] Expansion 35600000: state [255, 223, 207, 199, 195, 193, 192, 208, 216, 220, 204, 236, 238, 110, 78, 70, 68, 84, 116, 112, 120, 121, 249, 241, 243, 242, 246], f=93, g=26
[00:00:42:09:605] Expansion 35700000: state [255, 223, 207, 199, 195, 193, 192, 208, 216, 220, 252, 124, 108, 104, 72, 74, 78, 94, 86, 82, 114, 112, 113, 121, 249, 233, 237], f=93, g=26
[00:00:42:16:679] Expansion 35800000: state [255, 223, 207, 199, 195, 193, 192, 208, 216, 220, 252, 236, 108, 76, 68, 70, 86, 82, 114, 242, 243, 241, 113, 121, 120], f=93, g=24
[00:00:42:23:628] Expansion 35900000: state [255, 223, 207, 199, 195, 193, 192, 208, 216, 220, 252, 236, 238, 110, 78, 74, 72, 104, 120, 112, 114, 118, 86, 84, 85, 93], f=93, g=25
[00:00:42:30:688] Expansion 36000000: state [255, 223, 207, 199, 195, 193, 192, 208, 216, 220, 252, 244, 116, 118, 86, 94, 78, 74, 72, 104, 120, 122, 250, 242, 243, 241], f=93, g=25
[00:00:42:37:587] Expansion 36100000: state [255, 223, 207, 199, 195, 193, 192, 208, 216, 220, 252, 244, 245, 213, 85, 81, 113, 112, 114, 242, 226, 230, 238, 110, 78, 94, 86, 214], f=93, g=27
[00:00:42:44:682] Expansion 36200000: state [255, 223, 207, 199, 195, 193, 192, 208, 216, 218, 202, 74, 66, 82, 86, 118, 246, 244, 252, 236, 204, 76, 77, 93, 85], f=93, g=24
[00:00:42:51:845] Expansion 36300000: state [255, 223, 207, 199, 195, 193, 192, 208, 216, 218, 202, 74, 72, 104, 96, 112, 114, 242, 246, 214, 86, 94, 92, 124, 252], f=93, g=24
[00:00:43:01:766] Expansion 36400000: state [255, 223, 207, 199, 195, 193, 192, 208, 216, 218, 202, 74, 72, 73, 77, 93, 85, 213, 245, 241, 249, 233, 232, 236, 228, 230, 226, 242, 114, 118, 86], f=93, g=30
[00:00:43:08:850] Expansion 36500000: state [255, 223, 207, 199, 195, 193, 192, 208, 216, 218, 202, 74, 78, 76, 77, 93, 85, 81, 113, 112, 114, 118, 246, 244, 228, 236, 237, 233], f=93, g=27
[00:00:43:15:934] Expansion 36600000: state [255, 223, 207, 199, 195, 193, 192, 208, 216, 218, 202, 234, 226, 242, 114, 122, 120, 124, 116, 244, 228, 236, 237, 233, 249, 241, 113, 81, 85, 93, 77, 76, 68, 70, 66], f=93, g=34
[00:00:43:22:826] Expansion 36700000: state [255, 223, 207, 199, 195, 193, 192, 208, 216, 218, 202, 234, 226, 230, 246, 214, 86, 94, 78, 76, 108, 236, 237, 233, 249, 121, 113, 81, 85, 213], f=93, g=29
[00:00:43:29:813] Expansion 36800000: state [255, 223, 207, 199, 195, 193, 192, 208, 216, 218, 202, 234, 232, 233, 249, 121, 120, 112, 116, 244, 246, 214, 86, 94, 78, 76, 77, 73], f=93, g=27
[00:00:43:36:785] Expansion 36900000: state [255, 223, 207, 199, 195, 193, 192, 208, 216, 218, 202, 234, 238, 236, 108, 104, 120, 112, 114, 82, 66, 70, 78, 94, 92, 84, 85, 213, 245, 241], f=93, g=29
[00:00:43:43:768] Expansion 37000000: state [255, 223, 207, 199, 195, 193, 192, 208, 216, 218, 250, 122, 114, 82, 86, 87, 85, 93, 77, 76, 108, 124, 252, 244, 246, 230, 238], f=93, g=26
[00:00:43:50:686] Expansion 37100000: state [255, 223, 207, 199, 195, 193, 192, 208, 216, 218, 250, 122, 120, 112, 113, 81, 85, 213, 245, 244, 228, 230, 238, 110, 78, 70, 86, 118], f=93, g=27
[00:00:43:57:465] Expansion 37200000: state [255, 223, 207, 199, 195, 193, 192, 208, 216, 218, 250, 234, 226, 230, 228, 236, 237, 233, 249, 121, 113, 112, 116, 124, 92, 94], f=93, g=25
[00:00:44:04:377] Expansion 37300000: state [255, 223, 207, 199, 195, 193, 192, 208, 216, 218, 250, 234, 232, 236, 228, 244, 246, 118, 86, 84, 85, 81, 113, 241, 249], f=93, g=24
[00:00:44:11:270] Expansion 37400000: state [255, 223, 207, 199, 195, 193, 192, 208, 216, 218, 250, 234, 238, 230, 246, 244, 245, 241, 249, 121, 120, 124, 108, 76, 68, 70, 86], f=93, g=26
[00:00:44:18:329] Expansion 37500000: state [255, 223, 207, 199, 195, 193, 192, 208, 216, 218, 250, 242, 114, 112, 96, 104, 72, 76, 78, 110, 238, 230, 228, 244, 245, 241, 249, 233, 237], f=93, g=28
[00:00:44:25:146] Expansion 37600000: state [255, 223, 207, 199, 195, 193, 192, 208, 216, 218, 250, 242, 226, 230, 238, 110, 78, 94, 86, 84, 116, 244, 245, 241, 249], f=93, g=24
[00:00:44:32:080] Expansion 37700000: state [255, 223, 207, 199, 195, 193, 192, 208, 216, 218, 250, 242, 246, 230, 238, 110, 108, 104, 232, 233, 249, 241, 113, 112, 116], f=93, g=24
[00:00:44:39:106] Expansion 37800000: state [255, 223, 207, 199, 195, 193, 192, 208, 216, 218, 250, 242, 243, 241, 245, 244, 228, 230, 238, 110, 108, 124, 92, 93, 77, 73, 72, 74, 66, 70, 86], f=93, g=30
[00:00:44:46:234] Expansion 37900000: state [255, 223, 207, 199, 195, 193, 192, 208, 216, 217, 249, 121, 113, 81, 85, 87, 86, 118, 114, 242, 226, 234, 238, 236, 108, 104, 72, 74, 78], f=93, g=28
[00:00:44:53:157] Expansion 38000000: state [255, 223, 207, 199, 195, 193, 192, 208, 216, 217, 249, 121, 113, 112, 114, 242, 246, 244, 245, 213, 85, 84, 86, 70, 66, 74, 202, 234, 238, 236, 108], f=93, g=30
[00:00:45:00:140] Expansion 38100000: state [255, 223, 207, 199, 195, 193, 192, 208, 216, 217, 249, 121, 120, 112, 114, 242, 250, 234, 202, 74, 66, 70, 68, 76, 92], f=93, g=24
[00:00:45:14:382] Expansion 38200000: state [255, 223, 207, 199, 195, 193, 192, 208, 216, 217, 249, 121, 120, 122, 250, 234, 238, 110, 78, 74, 66, 82, 86, 118, 116], f=93, g=24
[00:00:45:21:274] Expansion 38300000: state [255, 223, 207, 199, 195, 193, 192, 208, 216, 217, 249, 233, 232, 234, 202, 74, 66, 82, 114, 112, 113, 81, 85, 213, 245, 244, 228], f=93, g=26
[00:00:45:28:193] Expansion 38400000: state [255, 223, 207, 199, 195, 193, 192, 208, 216, 217, 249, 233, 237, 236, 108, 110, 78, 74, 66, 82, 86, 87, 85, 81, 113, 112, 116, 244, 246, 230, 226], f=93, g=30
[00:00:45:35:025] Expansion 38500000: state [255, 223, 207, 199, 195, 193, 192, 208, 216, 217, 249, 233, 237, 236, 238, 230, 226, 242, 250, 122, 120, 112, 116, 118, 86, 87], f=93, g=25
[00:00:45:42:054] Expansion 38600000: state [255, 223, 207, 199, 195, 193, 192, 208, 216, 217, 249, 241, 113, 81, 85, 93, 77, 76, 108, 236, 228, 244, 116, 118, 114, 122, 250, 234, 226], f=93, g=28
[00:00:45:49:214] Expansion 38700000: state [255, 223, 207, 199, 195, 193, 192, 208, 216, 217, 249, 241, 113, 112, 120, 124, 252, 244, 246, 118, 86, 94, 78, 74], f=93, g=23
[00:00:45:56:138] Expansion 38800000: state [255, 223, 207, 199, 195, 193, 192, 208, 216, 217, 249, 241, 245, 213, 85, 84, 92, 124, 120, 112, 114, 242, 226, 234, 202, 74, 72, 73], f=93, g=27
[00:00:46:03:471] Expansion 38900000: state [255, 223, 207, 199, 195, 193, 192, 208, 216, 217, 249, 241, 245, 244, 116, 112, 120, 104, 108, 76, 77, 93, 85, 87, 86, 82, 66, 74, 202, 234, 250], f=93, g=30
[00:00:46:10:254] Expansion 39000000: state [255, 223, 207, 199, 195, 193, 192, 208, 216, 217, 249, 241, 245, 244, 246, 230, 226, 234, 250, 122, 114, 82, 66, 70, 78, 94, 92, 84, 85, 81], f=93, g=29
[00:00:46:17:155] Expansion 39100000: state [255, 223, 207, 199, 195, 193, 192, 208, 216, 217, 249, 241, 243, 242, 250, 234, 238, 236, 204, 76, 92, 84, 86, 118], f=93, g=23
[00:00:46:24:037] Expansion 39200000: state [255, 223, 207, 199, 195, 193, 192, 208, 212, 84, 116, 112, 114, 122, 250, 218, 202, 74, 72, 76, 204, 236, 232, 233, 249, 121], f=93, g=25
[00:00:46:31:017] Expansion 39300000: state [255, 223, 207, 199, 195, 193, 192, 208, 212, 84, 92, 93, 77, 73, 72, 104, 96, 112, 113, 241, 249, 248, 250, 234, 226, 230, 228, 236], f=93, g=27
[00:00:46:38:122] Expansion 39400000: state [255, 223, 207, 199, 195, 193, 192, 208, 212, 84, 86, 118, 246, 242, 243, 241, 249, 233], f=93, g=17
[00:00:46:45:176] Expansion 39500000: state [255, 223, 207, 199, 195, 193, 192, 208, 212, 84, 85, 93, 77, 76, 78, 74, 202, 234, 226, 230, 246, 118, 114, 122, 120, 124], f=93, g=25
[00:00:46:51:880] Expansion 39600000: state [255, 223, 207, 199, 195, 193, 192, 208, 212, 244, 116, 124, 120, 122, 114, 242, 226, 234, 232, 236, 204, 76, 68, 70, 86, 94], f=93, g=25
[00:00:46:58:604] Expansion 39700000: state [255, 223, 207, 199, 195, 193, 192, 208, 212, 244, 228, 236, 108, 104, 120, 88, 92, 94, 78, 74, 66, 82, 114, 242, 250, 234], f=93, g=25
[00:00:47:05:240] Expansion 39800000: state [255, 223, 207, 199, 195, 193, 192, 208, 212, 244, 228, 236, 237, 233, 249, 241, 113, 112, 114, 242, 250, 234, 202, 74, 66, 70, 68, 76, 92, 93], f=93, g=29
[00:00:47:11:865] Expansion 39900000: state [255, 223, 207, 199, 195, 193, 192, 208, 212, 244, 228, 230, 238, 234, 232, 248, 120, 121, 113, 81, 85, 93, 92, 76, 72, 74, 66], f=93, g=26
[00:00:47:18:611] Expansion 40000000: state [255, 223, 207, 199, 195, 193, 192, 208, 212, 244, 252, 236, 238, 110, 78, 74, 66, 82, 86, 87, 85, 81, 113, 112, 120, 122, 250, 242, 243], f=93, g=28
[00:00:47:25:519] Expansion 40100000: state [255, 223, 207, 199, 195, 193, 192, 208, 212, 244, 246, 118, 86, 87, 85, 81, 113, 112, 120, 104, 72, 76, 204, 236, 238, 234], f=93, g=25
[00:00:47:32:432] Expansion 40200000: state [255, 223, 207, 199, 195, 193, 192, 208, 212, 244, 246, 230, 238, 236, 108, 124, 92, 93, 77, 73, 72, 74, 66, 82, 114, 112], f=93, g=25
