--------------------------
date: SM_Grids
number_of_graphs: 10
graph_type: grid
size_of_graphs: [8, 8]
heuristic: bcc_heuristic
snake: False
run_uni: True
run_bi: True
run_multi: False
solution_vertices: []
algorithms: ['DFBnB']
bsd: False
cube_first_dims: 4
cube_buffer_dim: None
backward_sym_generation: False
sym_coil: False
prefix_set: None

---------- SM_Grids/8x8_grid_with_random_blocks_20per_0 ----------
[00:00:00:01:673] Path of length 44 found: [0, 1, 9, 10, 2, 3, 4, 12, 20, 28, 29, 21, 13, 5, 6, 7, 15, 14, 22, 23, 31, 30, 38, 37, 36, 35, 34, 26, 25, 17, 16, 24, 32, 40, 48, 49, 41, 42, 43, 44, 52, 53, 61, 62, 63]
[00:00:00:01:673] ! Unidirectional s-t. expansions: 1,921, time: 1,673 [ms], path length: 44 [edges], generated: 3,068
[00:00:00:00:793] Path of length 44 found: [63, 62, 61, 53, 52, 44, 43, 42, 50, 49, 41, 40, 32, 24, 16, 17, 25, 26, 34, 35, 36, 28, 20, 12, 13, 21, 29, 37, 38, 39, 31, 30, 22, 23, 15, 7, 6, 5, 4, 3, 2, 10, 9, 1, 0]
[00:00:00:00:793] ! Unidirectional t-s. expansions: 835, time: 793 [ms], path length: 44 [edges], generated: 1,464
[00:00:00:00:668] Path of length 44 found: [0, 1, 9, 10, 2, 3, 4, 12, 20, 28, 29, 21, 13, 5, 6, 7, 15, 14, 22, 23, 31, 30, 38, 37, 36, 35, 34, 26, 25, 17, 16, 24, 32, 40, 41, 49, 50, 42, 43, 44, 52, 53, 61, 62, 63]
[00:00:00:01:151] ! Bidirectional. expansions: 863, time: 668 [ms], path length: 44 [edges], g_F: 22, g_B: 22, generated: {'F': 769, 'B': 627}, MM: 0, MMPER: -1.0%
[00:00:00:01:151] 
---------- SM_Grids/8x8_grid_with_random_blocks_20per_1 ----------
[00:00:00:10:772] Path of length 38 found: [0, 8, 16, 24, 25, 17, 9, 1, 2, 3, 11, 10, 18, 26, 34, 33, 41, 40, 48, 56, 57, 49, 50, 42, 43, 35, 27, 19, 20, 28, 29, 30, 31, 39, 47, 46, 54, 62, 63]
[00:00:00:10:773] ! Unidirectional s-t. expansions: 11,460, time: 10,773 [ms], path length: 38 [edges], generated: 20,248
[00:00:00:02:451] Path of length 38 found: [63, 62, 54, 55, 47, 39, 31, 30, 29, 21, 20, 28, 27, 19, 11, 3, 2, 1, 9, 10, 18, 26, 34, 35, 43, 51, 50, 49, 57, 56, 48, 40, 41, 33, 25, 17, 16, 8, 0]
[00:00:00:02:451] ! Unidirectional t-s. expansions: 2,951, time: 2,451 [ms], path length: 38 [edges], generated: 5,226
[00:00:00:04:083] Path of length 38 found: [0, 8, 16, 24, 25, 17, 9, 1, 2, 3, 11, 10, 18, 26, 34, 33, 41, 40, 48, 56, 57, 49, 50, 51, 43, 35, 27, 28, 20, 21, 29, 30, 31, 39, 47, 55, 54, 62, 63]
[00:00:00:04:551] ! Bidirectional. expansions: 3,983, time: 4,083 [ms], path length: 38 [edges], g_F: 19, g_B: 19, generated: {'F': 3,855, 'B': 4,077}, MM: 0, MMPER: -1.0%
[00:00:00:04:551] 
---------- SM_Grids/8x8_grid_with_random_blocks_20per_2 ----------
[00:00:00:00:780] Path of length 48 found: [0, 8, 16, 17, 9, 1, 2, 3, 4, 12, 20, 19, 18, 26, 34, 33, 41, 40, 48, 56, 57, 49, 50, 58, 59, 60, 61, 53, 45, 37, 36, 28, 29, 21, 13, 5, 6, 14, 15, 23, 22, 30, 31, 39, 38, 46, 54, 62, 63]
[00:00:00:00:781] ! Unidirectional s-t. expansions: 760, time: 781 [ms], path length: 48 [edges], generated: 1,329
[00:00:00:01:050] Path of length 48 found: [63, 62, 54, 46, 47, 39, 31, 23, 15, 14, 6, 5, 13, 21, 22, 30, 29, 28, 36, 37, 45, 53, 61, 60, 59, 58, 50, 49, 57, 56, 48, 40, 41, 33, 34, 26, 18, 19, 20, 12, 4, 3, 2, 1, 9, 17, 16, 8, 0]
[00:00:00:01:050] ! Unidirectional t-s. expansions: 1,005, time: 1,050 [ms], path length: 48 [edges], generated: 1,612
[00:00:00:00:891] Path of length 48 found: [0, 8, 16, 17, 9, 1, 2, 3, 4, 12, 20, 19, 18, 26, 34, 33, 41, 40, 48, 56, 57, 49, 50, 58, 59, 60, 61, 53, 45, 37, 36, 28, 29, 30, 22, 21, 13, 5, 6, 14, 15, 23, 31, 39, 47, 46, 54, 62, 63]
[00:00:00:01:343] ! Bidirectional. expansions: 984, time: 891 [ms], path length: 48 [edges], g_F: 24, g_B: 24, generated: {'F': 929, 'B': 800}, MM: 0, MMPER: -1.0%
[00:00:00:01:343] 
---------- SM_Grids/8x8_grid_with_random_blocks_20per_3 ----------
[00:00:00:00:516] Path of length 46 found: [0, 1, 9, 8, 16, 24, 32, 40, 41, 49, 57, 58, 50, 51, 43, 35, 34, 26, 27, 19, 18, 10, 11, 3, 4, 12, 13, 5, 6, 7, 15, 23, 22, 30, 31, 39, 38, 37, 36, 44, 45, 53, 52, 60, 61, 62, 63]
[00:00:00:00:516] ! Unidirectional s-t. expansions: 506, time: 516 [ms], path length: 46 [edges], generated: 856
[00:00:00:00:634] Path of length 46 found: [63, 62, 61, 60, 52, 53, 45, 37, 29, 30, 38, 39, 31, 23, 15, 7, 6, 5, 13, 12, 4, 3, 11, 10, 9, 17, 18, 19, 27, 26, 34, 35, 36, 44, 43, 51, 50, 58, 57, 49, 41, 40, 32, 24, 16, 8, 0]
[00:00:00:00:635] ! Unidirectional t-s. expansions: 684, time: 635 [ms], path length: 46 [edges], generated: 1,093
[00:00:00:00:943] Path of length 46 found: [0, 1, 9, 8, 16, 24, 32, 40, 41, 49, 57, 58, 50, 51, 43, 44, 36, 35, 34, 26, 27, 19, 18, 10, 11, 3, 4, 12, 13, 5, 6, 7, 15, 23, 31, 39, 38, 30, 29, 37, 45, 53, 52, 60, 61, 62, 63]
[00:00:00:01:432] ! Bidirectional. expansions: 953, time: 943 [ms], path length: 46 [edges], g_F: 23, g_B: 23, generated: {'F': 800, 'B': 815}, MM: 0, MMPER: -1.0%
[00:00:00:01:433] 
---------- SM_Grids/8x8_grid_with_random_blocks_20per_4 ----------
[00:00:00:32:000] Path of length 44 found: [0, 8, 16, 24, 32, 40, 48, 49, 57, 58, 59, 51, 43, 44, 36, 28, 20, 19, 27, 26, 34, 33, 25, 17, 18, 10, 9, 1, 2, 3, 4, 5, 6, 7, 15, 23, 22, 21, 29, 37, 45, 46, 54, 62, 63]
[00:00:00:32:000] ! Unidirectional s-t. expansions: 42,034, time: 32,000 [ms], path length: 44 [edges], generated: 66,564
[00:00:00:12:733] Path of length 44 found: [63, 55, 54, 46, 38, 37, 45, 44, 43, 51, 59, 58, 57, 49, 48, 40, 41, 33, 32, 24, 16, 8, 9, 17, 25, 26, 18, 10, 11, 19, 27, 28, 20, 21, 22, 23, 15, 7, 6, 5, 4, 3, 2, 1, 0]
[00:00:00:12:734] ! Unidirectional t-s. expansions: 13,401, time: 12,733 [ms], path length: 44 [edges], generated: 24,329
[00:00:00:25:300] Path of length 44 found: [0, 8, 16, 24, 32, 40, 48, 49, 57, 58, 59, 51, 43, 44, 36, 28, 20, 19, 11, 10, 18, 26, 34, 33, 25, 17, 9, 1, 2, 3, 4, 5, 6, 7, 15, 23, 22, 21, 29, 37, 38, 46, 54, 55, 63]
[00:00:00:25:801] ! Bidirectional. expansions: 31,878, time: 25,300 [ms], path length: 44 [edges], g_F: 22, g_B: 22, generated: {'F': 26,521, 'B': 27,742}, MM: 0, MMPER: -1.0%
[00:00:00:25:801] 
---------- SM_Grids/8x8_grid_with_random_blocks_20per_5 ----------
[00:00:00:03:246] Path of length 46 found: [0, 1, 9, 8, 16, 24, 32, 40, 48, 49, 57, 58, 59, 51, 50, 42, 41, 33, 25, 17, 18, 26, 34, 35, 36, 28, 20, 12, 13, 21, 22, 14, 15, 23, 31, 39, 38, 37, 45, 53, 61, 62, 54, 46, 47, 55, 63]
[00:00:00:03:246] ! Unidirectional s-t. expansions: 3,198, time: 3,246 [ms], path length: 46 [edges], generated: 5,832
[00:00:00:01:556] Path of length 46 found: [63, 55, 47, 39, 31, 23, 15, 14, 22, 21, 13, 12, 20, 28, 29, 37, 38, 46, 54, 62, 61, 53, 52, 51, 59, 58, 57, 49, 48, 40, 32, 24, 25, 33, 41, 42, 43, 35, 34, 26, 18, 17, 16, 8, 9, 1, 0]
[00:00:00:01:556] ! Unidirectional t-s. expansions: 1,448, time: 1,556 [ms], path length: 46 [edges], generated: 2,726
[00:00:00:08:055] Path of length 46 found: [0, 1, 9, 8, 16, 24, 32, 40, 48, 49, 57, 58, 50, 42, 41, 33, 25, 17, 18, 26, 34, 35, 43, 51, 52, 53, 61, 62, 54, 46, 38, 37, 29, 28, 20, 12, 13, 21, 22, 14, 15, 23, 31, 39, 47, 55, 63]
[00:00:00:08:508] ! Bidirectional. expansions: 8,474, time: 8,055 [ms], path length: 46 [edges], g_F: 23, g_B: 23, generated: {'F': 7,386, 'B': 7,731}, MM: 0, MMPER: -1.0%
[00:00:00:08:508] 
---------- SM_Grids/8x8_grid_with_random_blocks_20per_6 ----------
[00:00:00:01:307] Path of length 46 found: [0, 1, 9, 8, 16, 17, 18, 10, 11, 19, 27, 28, 20, 21, 13, 12, 4, 5, 6, 14, 15, 23, 31, 39, 38, 37, 36, 44, 45, 53, 52, 51, 43, 42, 50, 49, 48, 56, 57, 58, 59, 60, 61, 62, 54, 55, 63]
[00:00:00:01:307] ! Unidirectional s-t. expansions: 1,292, time: 1,307 [ms], path length: 46 [edges], generated: 2,082
[00:00:00:02:071] Path of length 46 found: [63, 55, 47, 39, 31, 23, 15, 14, 6, 5, 4, 12, 13, 21, 29, 37, 45, 53, 54, 62, 61, 60, 52, 51, 59, 58, 57, 56, 48, 49, 50, 42, 43, 44, 36, 28, 20, 19, 27, 26, 18, 10, 9, 17, 16, 8, 0]
[00:00:00:02:071] ! Unidirectional t-s. expansions: 2,487, time: 2,071 [ms], path length: 46 [edges], generated: 4,122
[00:00:00:02:295] Path of length 46 found: [0, 1, 9, 8, 16, 17, 18, 10, 11, 19, 27, 28, 36, 44, 43, 42, 50, 49, 48, 56, 57, 58, 59, 51, 52, 60, 61, 62, 54, 53, 45, 37, 29, 21, 20, 12, 4, 5, 6, 14, 15, 23, 31, 39, 47, 55, 63]
[00:00:00:02:740] ! Bidirectional. expansions: 2,566, time: 2,295 [ms], path length: 46 [edges], g_F: 23, g_B: 23, generated: {'F': 2,253, 'B': 2,197}, MM: 0, MMPER: -1.0%
[00:00:00:02:740] 
---------- SM_Grids/8x8_grid_with_random_blocks_20per_7 ----------
[00:00:00:02:415] Path of length 42 found: [0, 8, 16, 24, 32, 40, 41, 33, 25, 17, 9, 1, 2, 3, 11, 19, 18, 26, 34, 42, 50, 51, 43, 35, 27, 28, 20, 12, 4, 5, 6, 14, 15, 23, 31, 30, 38, 39, 47, 55, 54, 62, 63]
[00:00:00:02:415] ! Unidirectional s-t. expansions: 2,318, time: 2,415 [ms], path length: 42 [edges], generated: 3,774
[00:00:00:00:329] Path of length 42 found: [63, 62, 54, 55, 47, 39, 38, 30, 31, 23, 15, 7, 6, 5, 4, 3, 2, 1, 9, 17, 25, 33, 34, 26, 18, 19, 11, 12, 20, 28, 27, 35, 43, 51, 50, 42, 41, 40, 32, 24, 16, 8, 0]
[00:00:00:00:330] ! Unidirectional t-s. expansions: 361, time: 329 [ms], path length: 42 [edges], generated: 665
[00:00:00:01:121] Path of length 42 found: [0, 8, 16, 24, 32, 40, 41, 33, 25, 17, 9, 1, 2, 3, 11, 19, 18, 26, 34, 42, 50, 51, 43, 35, 27, 28, 20, 12, 4, 5, 6, 7, 15, 23, 31, 30, 38, 39, 47, 55, 54, 62, 63]
[00:00:00:01:561] ! Bidirectional. expansions: 1,172, time: 1,121 [ms], path length: 42 [edges], g_F: 21, g_B: 21, generated: {'F': 1,047, 'B': 1,045}, MM: 0, MMPER: -1.0%
[00:00:00:01:561] 
---------- SM_Grids/8x8_grid_with_random_blocks_20per_8 ----------
[00:00:00:00:198] Path of length 48 found: [0, 8, 16, 24, 32, 33, 25, 17, 9, 10, 2, 3, 11, 19, 20, 12, 4, 5, 13, 14, 6, 7, 15, 23, 22, 21, 29, 28, 27, 35, 36, 44, 52, 51, 50, 42, 41, 49, 57, 58, 59, 60, 61, 53, 45, 46, 47, 55, 63]
[00:00:00:00:198] ! Unidirectional s-t. expansions: 222, time: 198 [ms], path length: 48 [edges], generated: 347
[00:00:00:00:133] Path of length 48 found: [63, 55, 47, 46, 45, 53, 61, 60, 59, 58, 57, 49, 41, 42, 50, 51, 52, 44, 36, 35, 27, 19, 11, 12, 20, 28, 29, 21, 13, 14, 22, 23, 15, 7, 6, 5, 4, 3, 2, 10, 9, 17, 25, 33, 32, 24, 16, 8, 0]
[00:00:00:00:133] ! Unidirectional t-s. expansions: 144, time: 133 [ms], path length: 48 [edges], generated: 221
[00:00:00:00:101] Path of length 48 found: [0, 8, 16, 24, 32, 33, 25, 17, 9, 10, 2, 3, 11, 19, 20, 12, 4, 5, 13, 14, 6, 7, 15, 23, 22, 21, 29, 28, 27, 35, 36, 44, 52, 51, 50, 42, 41, 49, 57, 58, 59, 60, 61, 53, 45, 46, 47, 55, 63]
[00:00:00:00:548] ! Bidirectional. expansions: 74, time: 101 [ms], path length: 48 [edges], g_F: 24, g_B: 24, generated: {'F': 61, 'B': 64}, MM: 0, MMPER: -1.0%
[00:00:00:00:548] 
---------- SM_Grids/8x8_grid_with_random_blocks_20per_9 ----------
[00:00:00:00:043] Path of length 36 found: [0, 8, 9, 1, 2, 10, 18, 26, 34, 35, 27, 28, 36, 44, 45, 37, 29, 21, 13, 5, 6, 7, 15, 14, 22, 23, 31, 30, 38, 39, 47, 55, 54, 53, 61, 62, 63]
[00:00:00:00:044] ! Unidirectional s-t. expansions: 43, time: 43 [ms], path length: 36 [edges], generated: 66
[00:00:00:00:301] Path of length 36 found: [63, 62, 61, 53, 54, 55, 47, 39, 31, 23, 15, 7, 6, 5, 13, 14, 22, 21, 29, 30, 38, 37, 45, 44, 36, 28, 27, 35, 34, 26, 18, 17, 9, 10, 2, 1, 0]
[00:00:00:00:301] ! Unidirectional t-s. expansions: 324, time: 301 [ms], path length: 36 [edges], generated: 548
[00:00:00:00:076] Path of length 36 found: [0, 8, 9, 1, 2, 10, 18, 26, 34, 35, 27, 28, 36, 44, 45, 37, 38, 30, 29, 21, 22, 14, 13, 5, 6, 7, 15, 23, 31, 39, 47, 55, 54, 53, 61, 62, 63]
[00:00:00:00:519] ! Bidirectional. expansions: 77, time: 76 [ms], path length: 36 [edges], g_F: 18, g_B: 18, generated: {'F': 77, 'B': 67}, MM: 0, MMPER: -1.0%
[00:00:00:00:519] average expansions: (6,375, 2,364, 5,102, 0)
[00:00:00:00:519] average time: (5,295, 2,205, 4,353, 0)
[00:00:00:00:519] X-DFBnB: 2,364 , 2,205 (expansions , time[ms])
[00:00:00:00:519] BiX-DFBnB: 5,102 , 4,353 (expansions , time[ms])

