--------------------------
date: mazes
number_of_graphs: 21
graph_type: maze
size_of_graphs: [13, 13]
heuristic: bcc_heuristic
snake: False
run_uni: True
run_bi: True
run_multi: False
solution_vertices: []
algorithms: ['DFBnB']
lookahead: 2
bsd: False
cube_first_dims: 4
cube_buffer_dim: None
backward_sym_generation: False
sym_coil: False
prefix_set: None

---------- mazes/13x13_maze_with_0_open_diamonds_0 ----------
[00:00:00:02:321] Path of length 84 found: [0, 1, 2, 3, 4, 17, 30, 31, 32, 19, 6, 7, 8, 9, 10, 11, 12, 25, 38, 37, 36, 49, 62, 61, 60, 59, 58, 57, 56, 55, 54, 41, 28, 27, 26, 39, 52, 65, 78, 79, 80, 81, 82, 83, 84, 85, 86, 87, 88, 89, 90, 103, 116, 115, 114, 113, 112, 111, 110, 109, 122, 135, 134, 133, 132, 131, 130, 143, 156, 157, 158, 159, 160, 161, 162, 163, 164, 165, 152, 139, 140, 141, 142, 155, 168]
[00:00:00:02:322] ! Unidirectional s-t. expansions: 1,302, time: 2,322 [ms], path length: 84 [edges], generated: 1,727
[00:00:00:01:592] Path of length 84 found: [168, 155, 142, 141, 140, 139, 152, 165, 164, 163, 162, 161, 160, 159, 158, 157, 156, 143, 130, 131, 132, 133, 134, 135, 122, 109, 108, 107, 106, 105, 92, 79, 78, 65, 52, 39, 26, 27, 28, 41, 54, 55, 56, 57, 58, 71, 84, 85, 86, 99, 112, 113, 114, 115, 116, 103, 90, 89, 88, 87, 74, 61, 62, 63, 64, 51, 38, 25, 12, 11, 10, 9, 8, 7, 6, 19, 32, 31, 30, 17, 4, 3, 2, 1, 0]
[00:00:00:01:592] ! Unidirectional t-s. expansions: 888, time: 1,592 [ms], path length: 84 [edges], generated: 1,211
[00:00:00:00:001] Expansions: 0. Checks - state_vs_state: 0, state_vs_prefix: 0, prefix_vs_prefix: 1
[00:00:00:01:214] Path of length 84 found: [0, 1, 2, 3, 4, 17, 30, 31, 32, 19, 6, 7, 8, 9, 10, 11, 12, 25, 38, 37, 36, 49, 62, 61, 60, 59, 58, 57, 56, 55, 54, 41, 28, 27, 26, 39, 52, 65, 78, 79, 80, 81, 82, 83, 84, 85, 86, 87, 88, 89, 90, 103, 116, 115, 114, 113, 112, 111, 110, 109, 122, 135, 134, 133, 132, 131, 130, 143, 156, 157, 158, 159, 160, 161, 162, 163, 164, 165, 152, 139, 140, 141, 142, 155, 168]
[00:00:00:01:215] ! Bidirectional. expansions: 501, time: 1,214 [ms], path length: 84 [edges], g_F: 42, g_B: 42, generated: {'F': 695, 'B': 607}, MM: 0, MMPER: -1.0%
[00:00:00:01:215] 
---------- mazes/13x13_maze_with_1_open_diamonds_0 ----------
[00:00:01:36:642] Path of length 92 found: [0, 1, 2, 3, 4, 17, 30, 31, 32, 19, 6, 7, 8, 9, 10, 11, 12, 25, 38, 37, 36, 49, 62, 61, 60, 59, 58, 57, 56, 55, 54, 41, 28, 27, 26, 39, 52, 65, 78, 79, 80, 81, 82, 83, 84, 85, 86, 87, 88, 89, 90, 103, 116, 115, 114, 113, 112, 111, 110, 109, 108, 107, 106, 105, 118, 131, 130, 143, 156, 157, 158, 159, 146, 145, 132, 119, 120, 133, 134, 135, 136, 137, 150, 163, 164, 165, 152, 139, 140, 141, 142, 155, 168]
[00:00:01:36:643] ! Unidirectional s-t. expansions: 46,645, time: 96,642 [ms], path length: 92 [edges], generated: 69,375
[00:00:06:26:231] Path of length 92 found: [168, 155, 142, 141, 140, 139, 152, 165, 164, 163, 150, 137, 136, 135, 134, 133, 120, 119, 132, 145, 146, 159, 158, 157, 156, 143, 130, 131, 118, 105, 106, 107, 108, 109, 110, 111, 112, 113, 114, 115, 116, 103, 90, 89, 88, 87, 86, 85, 84, 83, 82, 81, 80, 79, 78, 65, 52, 39, 26, 27, 28, 41, 54, 55, 56, 57, 58, 59, 60, 61, 62, 63, 64, 51, 38, 25, 12, 11, 10, 9, 8, 7, 6, 19, 32, 31, 30, 17, 4, 3, 2, 1, 0]
[00:00:06:26:232] ! Unidirectional t-s. expansions: 193,451, time: 386,231 [ms], path length: 92 [edges], generated: 273,190
[00:00:00:00:001] Expansions: 0. Checks - state_vs_state: 0, state_vs_prefix: 0, prefix_vs_prefix: 1
[00:00:01:18:319] Path of length 92 found: [0, 1, 2, 3, 4, 17, 30, 31, 32, 19, 6, 7, 8, 9, 10, 11, 12, 25, 38, 37, 36, 49, 62, 61, 60, 59, 58, 57, 56, 55, 54, 41, 28, 27, 26, 39, 52, 65, 78, 79, 80, 81, 82, 83, 84, 85, 86, 87, 88, 89, 90, 103, 116, 115, 114, 113, 112, 111, 110, 109, 108, 107, 106, 105, 118, 131, 130, 143, 156, 157, 158, 159, 146, 145, 132, 119, 120, 133, 134, 135, 136, 137, 150, 163, 164, 165, 152, 139, 140, 141, 142, 155, 168]
[00:00:01:18:320] ! Bidirectional. expansions: 24,127, time: 78,319 [ms], path length: 92 [edges], g_F: 46, g_B: 46, generated: {'F': 35,896, 'B': 38,690}, MM: 0, MMPER: -1.0%
[00:00:01:18:320] 
---------- mazes/13x13_maze_with_1_open_diamonds_1 ----------
[00:00:02:25:457] Path of length 90 found: [0, 13, 26, 39, 52, 53, 54, 41, 28, 15, 2, 3, 4, 17, 16, 29, 30, 43, 42, 55, 56, 57, 58, 45, 32, 19, 6, 7, 8, 9, 10, 11, 12, 25, 38, 37, 36, 49, 62, 61, 74, 87, 88, 89, 90, 103, 116, 115, 114, 113, 112, 99, 86, 85, 84, 83, 82, 81, 80, 79, 92, 105, 106, 107, 108, 109, 122, 135, 134, 133, 132, 131, 130, 143, 156, 157, 158, 159, 160, 161, 162, 163, 164, 165, 152, 139, 140, 141, 142, 155, 168]
[00:00:02:25:458] ! Unidirectional s-t. expansions: 69,259, time: 145,458 [ms], path length: 90 [edges], generated: 93,481
[00:00:00:04:493] Path of length 90 found: [168, 155, 142, 141, 140, 139, 152, 165, 164, 163, 162, 161, 160, 159, 158, 157, 156, 143, 130, 131, 132, 133, 134, 135, 122, 109, 108, 107, 106, 105, 92, 79, 80, 81, 82, 83, 84, 85, 86, 99, 112, 113, 114, 115, 116, 103, 90, 89, 88, 87, 74, 61, 62, 63, 64, 51, 38, 25, 12, 11, 10, 9, 8, 7, 6, 19, 32, 45, 58, 57, 56, 43, 30, 17, 4, 3, 2, 15, 16, 29, 28, 41, 42, 55, 54, 53, 52, 39, 26, 13, 0]
[00:00:00:04:494] ! Unidirectional t-s. expansions: 2,434, time: 4,494 [ms], path length: 90 [edges], generated: 3,758
[00:00:00:00:001] Expansions: 0. Checks - state_vs_state: 0, state_vs_prefix: 0, prefix_vs_prefix: 1
[00:00:01:01:481] Path of length 90 found: [0, 13, 26, 39, 52, 53, 54, 41, 28, 15, 2, 3, 4, 17, 16, 29, 30, 43, 42, 55, 56, 57, 58, 45, 32, 19, 6, 7, 8, 9, 10, 11, 12, 25, 38, 37, 36, 49, 62, 61, 74, 87, 88, 89, 90, 103, 116, 115, 114, 113, 112, 99, 86, 85, 84, 83, 82, 81, 80, 79, 92, 105, 106, 107, 108, 109, 122, 135, 134, 133, 132, 131, 130, 143, 156, 157, 158, 159, 160, 161, 162, 163, 164, 165, 152, 139, 140, 141, 142, 155, 168]
[00:00:01:01:482] ! Bidirectional. expansions: 22,543, time: 61,481 [ms], path length: 90 [edges], g_F: 45, g_B: 45, generated: {'F': 33,297, 'B': 26,679}, MM: 0, MMPER: -1.0%
[00:00:01:01:482] 
---------- mazes/13x13_maze_with_1_open_diamonds_2 ----------
[00:00:01:21:153] Path of length 92 found: [0, 1, 2, 3, 4, 17, 30, 43, 56, 55, 54, 41, 28, 27, 26, 39, 52, 65, 78, 79, 80, 81, 82, 83, 70, 57, 58, 45, 32, 19, 6, 7, 8, 9, 10, 11, 12, 25, 38, 37, 36, 49, 62, 61, 60, 59, 72, 71, 84, 85, 98, 99, 86, 87, 88, 89, 90, 103, 116, 115, 114, 113, 112, 111, 110, 97, 96, 109, 122, 135, 134, 133, 132, 131, 130, 143, 156, 157, 158, 159, 160, 161, 162, 163, 164, 165, 152, 139, 140, 141, 142, 155, 168]
[00:00:01:21:153] ! Unidirectional s-t. expansions: 39,302, time: 81,153 [ms], path length: 92 [edges], generated: 58,867
[00:00:01:45:877] Path of length 92 found: [168, 155, 142, 141, 140, 139, 152, 165, 164, 163, 162, 161, 160, 159, 158, 157, 156, 143, 130, 131, 132, 133, 134, 135, 122, 109, 108, 107, 106, 105, 92, 79, 78, 65, 52, 39, 26, 27, 28, 41, 54, 55, 56, 57, 70, 83, 96, 97, 110, 111, 98, 99, 112, 113, 114, 115, 116, 103, 90, 89, 88, 87, 86, 85, 84, 71, 72, 59, 60, 61, 62, 63, 64, 51, 38, 25, 12, 11, 10, 9, 8, 7, 6, 19, 32, 31, 30, 17, 4, 3, 2, 1, 0]
[00:00:01:45:877] ! Unidirectional t-s. expansions: 56,097, time: 105,877 [ms], path length: 92 [edges], generated: 79,449
[00:00:00:00:001] Expansions: 0. Checks - state_vs_state: 0, state_vs_prefix: 0, prefix_vs_prefix: 1
[00:00:00:10:157] Path of length 92 found: [0, 1, 2, 3, 4, 17, 30, 43, 56, 55, 54, 41, 28, 27, 26, 39, 52, 65, 78, 79, 80, 81, 82, 83, 70, 57, 58, 45, 32, 19, 6, 7, 8, 9, 10, 11, 12, 25, 38, 37, 36, 49, 62, 61, 60, 59, 72, 71, 84, 85, 86, 87, 88, 89, 90, 103, 116, 115, 114, 113, 112, 99, 98, 111, 110, 97, 96, 109, 122, 135, 134, 133, 132, 131, 130, 143, 156, 157, 158, 159, 160, 161, 162, 163, 164, 165, 152, 139, 140, 141, 142, 155, 168]
[00:00:00:10:158] ! Bidirectional. expansions: 3,393, time: 10,157 [ms], path length: 92 [edges], g_F: 46, g_B: 46, generated: {'F': 5,669, 'B': 5,121}, MM: 0, MMPER: -1.0%
[00:00:00:10:158] 
---------- mazes/13x13_maze_with_1_open_diamonds_3 ----------
[00:00:00:51:051] Path of length 90 found: [0, 1, 2, 3, 4, 17, 30, 43, 56, 55, 54, 41, 28, 27, 26, 39, 52, 65, 78, 79, 80, 81, 82, 83, 84, 71, 58, 45, 32, 19, 6, 7, 8, 9, 10, 11, 12, 25, 38, 37, 36, 49, 62, 61, 74, 87, 86, 85, 98, 99, 100, 101, 88, 89, 90, 103, 102, 115, 116, 129, 142, 141, 140, 139, 126, 113, 112, 111, 110, 109, 122, 135, 134, 133, 132, 131, 130, 143, 156, 157, 158, 159, 160, 161, 162, 163, 164, 165, 166, 167, 168]
[00:00:00:51:052] ! Unidirectional s-t. expansions: 24,145, time: 51,051 [ms], path length: 90 [edges], generated: 37,036
[00:00:02:33:336] Path of length 90 found: [168, 167, 166, 165, 164, 163, 162, 161, 160, 159, 158, 157, 156, 143, 130, 131, 132, 133, 134, 135, 122, 109, 108, 107, 106, 105, 92, 79, 78, 65, 52, 39, 26, 27, 28, 41, 54, 55, 56, 57, 58, 71, 84, 85, 98, 111, 112, 99, 100, 113, 126, 139, 140, 141, 142, 129, 116, 103, 90, 89, 102, 115, 114, 101, 88, 87, 74, 61, 62, 63, 64, 51, 38, 25, 12, 11, 10, 9, 8, 7, 6, 19, 32, 31, 30, 17, 4, 3, 2, 1, 0]
[00:00:02:33:336] ! Unidirectional t-s. expansions: 73,436, time: 153,336 [ms], path length: 90 [edges], generated: 105,050
[00:00:00:00:001] Expansions: 0. Checks - state_vs_state: 0, state_vs_prefix: 0, prefix_vs_prefix: 1
[00:00:00:46:167] Path of length 90 found: [0, 1, 2, 3, 4, 17, 30, 43, 56, 55, 54, 41, 28, 27, 26, 39, 52, 65, 78, 79, 80, 81, 82, 83, 84, 71, 58, 45, 32, 19, 6, 7, 8, 9, 10, 11, 12, 25, 38, 37, 36, 49, 62, 61, 74, 87, 88, 101, 114, 115, 102, 89, 90, 103, 116, 129, 142, 141, 140, 139, 126, 113, 112, 99, 86, 85, 98, 111, 110, 109, 122, 135, 134, 133, 132, 131, 130, 143, 156, 157, 158, 159, 160, 161, 162, 163, 164, 165, 166, 167, 168]
[00:00:00:46:167] ! Bidirectional. expansions: 14,235, time: 46,167 [ms], path length: 90 [edges], g_F: 45, g_B: 45, generated: {'F': 20,668, 'B': 21,092}, MM: 0, MMPER: -1.0%
[00:00:00:46:168] 
---------- mazes/13x13_maze_with_1_open_diamonds_4 ----------
[00:00:01:31:509] Path of length 92 found: [0, 1, 2, 3, 4, 17, 30, 43, 56, 55, 54, 41, 28, 27, 26, 39, 52, 65, 78, 79, 80, 81, 82, 95, 108, 107, 106, 119, 132, 131, 130, 143, 156, 157, 158, 159, 160, 161, 162, 163, 150, 137, 136, 135, 134, 133, 120, 121, 122, 109, 110, 111, 112, 99, 86, 85, 84, 71, 58, 45, 32, 19, 6, 7, 8, 9, 10, 11, 12, 25, 38, 37, 36, 49, 62, 61, 74, 87, 88, 89, 90, 103, 116, 129, 142, 141, 140, 139, 152, 165, 166, 167, 168]
[00:00:01:31:510] ! Unidirectional s-t. expansions: 45,373, time: 91,509 [ms], path length: 92 [edges], generated: 69,076
[00:00:03:53:570] Path of length 92 found: [168, 167, 166, 165, 152, 139, 140, 141, 142, 129, 116, 103, 90, 89, 88, 87, 74, 61, 62, 63, 64, 51, 38, 25, 12, 11, 10, 9, 8, 7, 6, 19, 32, 45, 58, 71, 84, 85, 86, 99, 112, 111, 110, 109, 122, 123, 136, 137, 150, 163, 162, 161, 160, 159, 158, 157, 156, 143, 130, 131, 132, 119, 106, 107, 120, 133, 134, 121, 108, 95, 82, 81, 80, 79, 78, 65, 52, 39, 26, 27, 28, 41, 54, 55, 56, 43, 30, 17, 4, 3, 2, 1, 0]
[00:00:03:53:571] ! Unidirectional t-s. expansions: 114,951, time: 233,570 [ms], path length: 92 [edges], generated: 164,889
[00:00:00:00:001] Expansions: 0. Checks - state_vs_state: 0, state_vs_prefix: 0, prefix_vs_prefix: 1
[00:00:00:43:931] Path of length 92 found: [0, 1, 2, 3, 4, 17, 30, 43, 56, 55, 54, 41, 28, 27, 26, 39, 52, 65, 78, 79, 80, 81, 82, 95, 108, 107, 106, 119, 132, 131, 130, 143, 156, 157, 158, 159, 160, 161, 162, 163, 150, 137, 136, 135, 134, 133, 120, 121, 122, 109, 110, 111, 112, 99, 86, 85, 84, 71, 58, 45, 32, 19, 6, 7, 8, 9, 10, 11, 12, 25, 38, 51, 64, 63, 62, 61, 74, 87, 88, 89, 90, 103, 116, 129, 142, 141, 140, 139, 152, 165, 166, 167, 168]
[00:00:00:43:931] ! Bidirectional. expansions: 13,212, time: 43,931 [ms], path length: 92 [edges], g_F: 46, g_B: 46, generated: {'F': 19,870, 'B': 20,892}, MM: 0, MMPER: -1.0%
[00:00:00:43:931] 
---------- mazes/13x13_maze_with_1_open_diamonds_5 ----------
[00:00:01:40:964] Path of length 92 found: [0, 1, 2, 3, 4, 17, 30, 43, 56, 55, 54, 41, 28, 27, 26, 39, 52, 65, 78, 79, 80, 81, 94, 107, 106, 105, 118, 131, 130, 143, 156, 157, 158, 159, 160, 161, 162, 163, 150, 137, 136, 135, 134, 133, 132, 119, 120, 121, 108, 109, 110, 111, 112, 99, 86, 85, 84, 71, 58, 45, 32, 19, 6, 7, 8, 9, 10, 11, 12, 25, 38, 37, 36, 49, 62, 61, 74, 87, 88, 89, 90, 103, 116, 129, 142, 141, 140, 139, 152, 165, 166, 167, 168]
[00:00:01:40:964] ! Unidirectional s-t. expansions: 50,102, time: 100,964 [ms], path length: 92 [edges], generated: 74,949
[00:00:03:42:357] Path of length 92 found: [168, 167, 166, 165, 152, 139, 140, 141, 142, 129, 116, 103, 90, 89, 88, 87, 74, 61, 62, 63, 64, 51, 38, 25, 12, 11, 10, 9, 8, 7, 6, 19, 32, 45, 58, 71, 84, 85, 86, 99, 112, 111, 110, 109, 108, 121, 122, 135, 136, 137, 150, 163, 162, 161, 160, 159, 158, 157, 156, 143, 130, 131, 118, 105, 106, 119, 132, 133, 120, 107, 94, 81, 80, 79, 78, 65, 52, 39, 26, 27, 28, 41, 54, 55, 56, 43, 30, 17, 4, 3, 2, 1, 0]
[00:00:03:42:358] ! Unidirectional t-s. expansions: 108,340, time: 222,357 [ms], path length: 92 [edges], generated: 156,539
[00:00:00:00:001] Expansions: 0. Checks - state_vs_state: 0, state_vs_prefix: 0, prefix_vs_prefix: 1
[00:00:00:41:635] Path of length 92 found: [0, 1, 2, 3, 4, 17, 30, 43, 56, 55, 54, 41, 28, 27, 26, 39, 52, 65, 78, 79, 80, 81, 94, 107, 106, 105, 118, 131, 130, 143, 156, 157, 158, 159, 160, 161, 162, 163, 150, 137, 136, 135, 134, 133, 132, 119, 120, 121, 108, 109, 110, 111, 112, 99, 86, 85, 84, 71, 58, 45, 32, 19, 6, 7, 8, 9, 10, 11, 12, 25, 38, 51, 64, 63, 62, 61, 74, 87, 88, 89, 90, 103, 116, 129, 142, 141, 140, 139, 152, 165, 166, 167, 168]
[00:00:00:41:636] ! Bidirectional. expansions: 12,717, time: 41,635 [ms], path length: 92 [edges], g_F: 46, g_B: 46, generated: {'F': 19,782, 'B': 20,023}, MM: 0, MMPER: -1.0%
[00:00:00:41:636] 
---------- mazes/13x13_maze_with_1_open_diamonds_6 ----------
[00:00:00:47:674] Path of length 92 found: [0, 1, 2, 3, 4, 17, 30, 43, 56, 55, 54, 41, 28, 27, 26, 39, 52, 65, 78, 79, 80, 81, 82, 83, 84, 71, 58, 45, 32, 19, 6, 7, 8, 9, 10, 11, 12, 25, 38, 51, 64, 63, 62, 49, 36, 35, 34, 47, 60, 59, 72, 85, 86, 73, 74, 87, 88, 89, 90, 103, 116, 115, 114, 113, 112, 111, 110, 109, 122, 135, 134, 133, 132, 131, 130, 143, 156, 157, 158, 159, 160, 161, 162, 163, 164, 165, 152, 139, 140, 141, 142, 155, 168]
[00:00:00:47:675] ! Unidirectional s-t. expansions: 23,577, time: 47,674 [ms], path length: 92 [edges], generated: 34,727
[00:00:00:31:064] Path of length 92 found: [168, 155, 142, 141, 140, 139, 152, 165, 164, 163, 162, 161, 160, 159, 158, 157, 156, 143, 130, 131, 132, 133, 134, 135, 122, 109, 108, 107, 106, 105, 92, 79, 78, 65, 52, 39, 26, 27, 28, 41, 54, 55, 56, 57, 58, 71, 84, 85, 72, 73, 86, 99, 112, 113, 114, 115, 116, 103, 90, 89, 88, 87, 74, 61, 60, 47, 34, 35, 36, 49, 62, 63, 64, 51, 38, 25, 12, 11, 10, 9, 8, 7, 6, 19, 32, 31, 30, 17, 4, 3, 2, 1, 0]
[00:00:00:31:065] ! Unidirectional t-s. expansions: 18,269, time: 31,065 [ms], path length: 92 [edges], generated: 26,498
[00:00:00:00:001] Expansions: 0. Checks - state_vs_state: 0, state_vs_prefix: 0, prefix_vs_prefix: 1
[00:00:00:04:383] Path of length 92 found: [0, 1, 2, 3, 4, 17, 30, 43, 56, 55, 54, 41, 28, 27, 26, 39, 52, 65, 78, 79, 80, 81, 82, 83, 84, 71, 58, 45, 32, 19, 6, 7, 8, 9, 10, 11, 12, 25, 38, 51, 64, 63, 62, 49, 36, 35, 34, 47, 60, 59, 72, 85, 86, 87, 74, 75, 88, 89, 90, 103, 116, 115, 114, 113, 112, 111, 110, 109, 122, 135, 134, 133, 132, 131, 130, 143, 156, 157, 158, 159, 160, 161, 162, 163, 164, 165, 152, 139, 140, 141, 142, 155, 168]
[00:00:00:04:384] ! Bidirectional. expansions: 1,644, time: 4,383 [ms], path length: 92 [edges], g_F: 46, g_B: 46, generated: {'F': 2,737, 'B': 2,542}, MM: 0, MMPER: -1.0%
[00:00:00:04:384] 
---------- mazes/13x13_maze_with_1_open_diamonds_7 ----------
[00:00:01:03:876] Path of length 94 found: [0, 1, 2, 3, 4, 17, 30, 31, 32, 19, 6, 7, 20, 21, 8, 9, 10, 11, 12, 25, 38, 51, 64, 63, 62, 49, 36, 35, 34, 33, 46, 47, 60, 61, 74, 87, 88, 89, 90, 103, 116, 115, 114, 113, 112, 99, 86, 85, 84, 71, 58, 57, 56, 55, 54, 41, 28, 27, 26, 39, 52, 65, 78, 79, 92, 105, 106, 107, 108, 109, 122, 135, 134, 133, 132, 131, 130, 143, 156, 157, 158, 159, 160, 161, 162, 163, 164, 165, 152, 139, 140, 141, 142, 155, 168]
[00:00:01:03:876] ! Unidirectional s-t. expansions: 30,641, time: 63,876 [ms], path length: 94 [edges], generated: 42,644
[00:00:00:09:780] Path of length 94 found: [168, 155, 142, 141, 140, 139, 152, 165, 164, 163, 162, 161, 160, 159, 158, 157, 156, 143, 130, 131, 132, 133, 134, 135, 122, 109, 108, 107, 106, 105, 92, 79, 78, 65, 52, 39, 26, 27, 28, 41, 54, 55, 56, 57, 58, 71, 84, 85, 86, 99, 112, 113, 114, 115, 116, 103, 90, 89, 88, 87, 74, 61, 60, 59, 46, 47, 34, 35, 36, 49, 62, 63, 64, 51, 38, 25, 12, 11, 10, 9, 8, 21, 20, 7, 6, 19, 32, 31, 30, 17, 4, 3, 2, 1, 0]
[00:00:00:09:780] ! Unidirectional t-s. expansions: 6,524, time: 9,780 [ms], path length: 94 [edges], generated: 10,756
[00:00:00:00:001] Expansions: 0. Checks - state_vs_state: 0, state_vs_prefix: 0, prefix_vs_prefix: 1
[00:00:00:08:307] Path of length 94 found: [0, 1, 2, 3, 4, 17, 30, 31, 32, 19, 6, 7, 20, 21, 8, 9, 10, 11, 12, 25, 38, 51, 64, 63, 62, 49, 36, 35, 34, 33, 46, 47, 60, 61, 74, 87, 88, 89, 90, 103, 116, 115, 114, 113, 112, 99, 86, 85, 84, 71, 58, 57, 56, 55, 54, 41, 28, 27, 26, 39, 52, 65, 78, 79, 92, 105, 106, 107, 108, 109, 122, 135, 134, 133, 132, 131, 130, 143, 156, 157, 158, 159, 160, 161, 162, 163, 164, 165, 152, 139, 140, 141, 142, 155, 168]
[00:00:00:08:308] ! Bidirectional. expansions: 3,140, time: 8,307 [ms], path length: 94 [edges], g_F: 47, g_B: 47, generated: {'F': 4,765, 'B': 3,963}, MM: 0, MMPER: -1.0%
[00:00:00:08:308] 
---------- mazes/13x13_maze_with_1_open_diamonds_8 ----------
[00:00:01:04:031] Path of length 94 found: [0, 1, 2, 3, 4, 17, 30, 31, 32, 19, 6, 7, 20, 21, 8, 9, 10, 11, 12, 25, 38, 51, 64, 63, 62, 49, 36, 35, 34, 33, 46, 47, 60, 61, 74, 87, 88, 89, 90, 103, 116, 115, 114, 113, 112, 99, 86, 85, 84, 71, 58, 57, 56, 55, 54, 41, 28, 27, 26, 39, 52, 65, 78, 79, 92, 105, 106, 107, 108, 109, 122, 135, 134, 133, 132, 131, 130, 143, 156, 157, 158, 159, 160, 161, 162, 163, 164, 165, 152, 139, 140, 141, 142, 155, 168]
[00:00:01:04:031] ! Unidirectional s-t. expansions: 30,641, time: 64,031 [ms], path length: 94 [edges], generated: 42,644
[00:00:00:09:811] Path of length 94 found: [168, 155, 142, 141, 140, 139, 152, 165, 164, 163, 162, 161, 160, 159, 158, 157, 156, 143, 130, 131, 132, 133, 134, 135, 122, 109, 108, 107, 106, 105, 92, 79, 78, 65, 52, 39, 26, 27, 28, 41, 54, 55, 56, 57, 58, 71, 84, 85, 86, 99, 112, 113, 114, 115, 116, 103, 90, 89, 88, 87, 74, 61, 60, 59, 46, 47, 34, 35, 36, 49, 62, 63, 64, 51, 38, 25, 12, 11, 10, 9, 8, 21, 20, 7, 6, 19, 32, 31, 30, 17, 4, 3, 2, 1, 0]
[00:00:00:09:811] ! Unidirectional t-s. expansions: 6,524, time: 9,811 [ms], path length: 94 [edges], generated: 10,756
[00:00:00:00:001] Expansions: 0. Checks - state_vs_state: 0, state_vs_prefix: 0, prefix_vs_prefix: 1
[00:00:00:08:295] Path of length 94 found: [0, 1, 2, 3, 4, 17, 30, 31, 32, 19, 6, 7, 20, 21, 8, 9, 10, 11, 12, 25, 38, 51, 64, 63, 62, 49, 36, 35, 34, 33, 46, 47, 60, 61, 74, 87, 88, 89, 90, 103, 116, 115, 114, 113, 112, 99, 86, 85, 84, 71, 58, 57, 56, 55, 54, 41, 28, 27, 26, 39, 52, 65, 78, 79, 92, 105, 106, 107, 108, 109, 122, 135, 134, 133, 132, 131, 130, 143, 156, 157, 158, 159, 160, 161, 162, 163, 164, 165, 152, 139, 140, 141, 142, 155, 168]
[00:00:00:08:296] ! Bidirectional. expansions: 3,140, time: 8,295 [ms], path length: 94 [edges], g_F: 47, g_B: 47, generated: {'F': 4,765, 'B': 3,963}, MM: 0, MMPER: -1.0%
[00:00:00:08:296] 
---------- mazes/13x13_maze_with_1_open_diamonds_9 ----------
[00:00:01:41:181] Path of length 92 found: [0, 1, 2, 3, 4, 17, 30, 43, 56, 55, 54, 41, 28, 27, 26, 39, 52, 65, 78, 79, 92, 105, 106, 107, 108, 109, 122, 135, 134, 133, 132, 131, 130, 143, 156, 157, 158, 159, 160, 161, 162, 163, 150, 137, 136, 123, 110, 111, 124, 125, 126, 113, 112, 99, 98, 85, 84, 71, 58, 45, 32, 19, 6, 7, 8, 9, 10, 11, 12, 25, 38, 37, 36, 49, 62, 61, 74, 87, 88, 89, 90, 103, 116, 129, 142, 141, 140, 139, 152, 165, 166, 167, 168]
[00:00:01:41:181] ! Unidirectional s-t. expansions: 52,358, time: 101,181 [ms], path length: 92 [edges], generated: 78,891
[00:00:06:26:728] Valid states checked so far: 200,000, Expansions: 199,999, Global best: 93
[00:00:09:11:292] Path of length 92 found: [168, 167, 166, 165, 152, 139, 140, 141, 142, 129, 116, 103, 90, 89, 88, 87, 74, 61, 62, 63, 64, 51, 38, 25, 12, 11, 10, 9, 8, 7, 6, 19, 32, 45, 58, 71, 84, 85, 86, 99, 98, 111, 112, 113, 126, 125, 138, 137, 150, 163, 162, 161, 160, 159, 158, 157, 156, 143, 130, 131, 132, 133, 134, 135, 136, 123, 110, 109, 108, 107, 106, 105, 92, 79, 78, 65, 52, 39, 26, 27, 28, 41, 54, 55, 56, 43, 30, 17, 4, 3, 2, 1, 0]
[00:00:09:11:293] ! Unidirectional t-s. expansions: 283,437, time: 551,292 [ms], path length: 92 [edges], generated: 394,442
[00:00:00:00:001] Expansions: 0. Checks - state_vs_state: 0, state_vs_prefix: 0, prefix_vs_prefix: 1
[00:00:01:35:425] Path of length 92 found: [0, 1, 2, 3, 4, 17, 30, 43, 56, 55, 54, 41, 28, 27, 26, 39, 52, 65, 78, 79, 92, 105, 106, 107, 108, 109, 122, 135, 134, 133, 132, 131, 130, 143, 156, 157, 158, 159, 160, 161, 162, 163, 150, 137, 136, 123, 124, 125, 126, 113, 112, 111, 98, 99, 86, 85, 84, 71, 58, 45, 32, 19, 6, 7, 8, 9, 10, 11, 12, 25, 38, 51, 64, 63, 62, 61, 74, 87, 88, 89, 90, 103, 116, 129, 142, 141, 140, 139, 152, 165, 166, 167, 168]
[00:00:01:35:426] ! Bidirectional. expansions: 29,887, time: 95,425 [ms], path length: 92 [edges], g_F: 46, g_B: 46, generated: {'F': 48,171, 'B': 47,145}, MM: 0, MMPER: -1.0%
[00:00:01:35:426] 
---------- mazes/13x13_maze_with_2_open_diamonds_1 ----------
[00:00:07:33:752] Valid states checked so far: 200,000, Expansions: 199,999, Global best: 101
[00:00:15:07:213] Valid states checked so far: 400,000, Expansions: 399,999, Global best: 101
[00:00:22:39:267] Valid states checked so far: 600,000, Expansions: 599,999, Global best: 101
[00:00:30:23:542] Valid states checked so far: 800,000, Expansions: 799,999, Global best: 101
[00:00:38:31:342] Valid states checked so far: 1,000,000, Expansions: 999,999, Global best: 101
[00:00:46:16:842] Valid states checked so far: 1,200,000, Expansions: 1,199,999, Global best: 101
[00:00:53:22:434] Valid states checked so far: 1,400,000, Expansions: 1,399,999, Global best: 101
[00:01:01:16:993] Valid states checked so far: 1,600,000, Expansions: 1,599,999, Global best: 101
[00:01:08:34:770] Valid states checked so far: 1,800,000, Expansions: 1,799,999, Global best: 101
[00:01:15:54:248] Valid states checked so far: 2,000,000, Expansions: 1,999,999, Global best: 101
[00:01:23:10:799] Valid states checked so far: 2,200,000, Expansions: 2,199,999, Global best: 101
[00:01:30:37:871] Valid states checked so far: 2,400,000, Expansions: 2,399,999, Global best: 101
[00:01:37:58:610] Valid states checked so far: 2,600,000, Expansions: 2,599,999, Global best: 101
[00:01:44:48:306] Valid states checked so far: 2,800,000, Expansions: 2,799,999, Global best: 101
[00:01:51:37:466] Valid states checked so far: 3,000,000, Expansions: 2,999,999, Global best: 101
[00:01:58:24:189] Valid states checked so far: 3,200,000, Expansions: 3,199,999, Global best: 101
[00:02:05:24:029] Valid states checked so far: 3,400,000, Expansions: 3,399,999, Global best: 101
[00:02:11:49:547] Valid states checked so far: 3,600,000, Expansions: 3,599,999, Global best: 101
[00:02:19:15:098] Valid states checked so far: 3,800,000, Expansions: 3,799,999, Global best: 101
[00:02:27:27:720] Valid states checked so far: 4,000,000, Expansions: 3,999,999, Global best: 101
[00:02:35:15:054] Valid states checked so far: 4,200,000, Expansions: 4,199,999, Global best: 101
[00:02:43:32:579] Valid states checked so far: 4,400,000, Expansions: 4,399,999, Global best: 101
[00:02:51:27:407] Valid states checked so far: 4,600,000, Expansions: 4,599,999, Global best: 101
[00:02:58:58:810] Valid states checked so far: 4,800,000, Expansions: 4,799,999, Global best: 101
[00:03:06:23:269] Valid states checked so far: 5,000,000, Expansions: 4,999,999, Global best: 101
[00:03:14:26:772] Valid states checked so far: 5,200,000, Expansions: 5,199,999, Global best: 101
[00:03:22:40:233] Valid states checked so far: 5,400,000, Expansions: 5,399,999, Global best: 101
[00:03:31:01:125] Valid states checked so far: 5,600,000, Expansions: 5,599,999, Global best: 101
[00:03:37:41:664] Path of length 100 found: [0, 1, 2, 3, 4, 17, 30, 43, 56, 55, 54, 41, 28, 27, 26, 39, 52, 65, 78, 79, 92, 105, 118, 131, 130, 143, 156, 157, 144, 145, 158, 159, 160, 161, 162, 163, 150, 137, 136, 135, 134, 133, 132, 119, 106, 107, 94, 81, 68, 69, 82, 83, 96, 95, 108, 109, 110, 111, 112, 99, 86, 85, 84, 71, 70, 57, 58, 45, 32, 19, 6, 7, 8, 9, 10, 11, 12, 25, 38, 37, 36, 49, 62, 61, 74, 87, 88, 89, 90, 103, 116, 129, 142, 141, 140, 139, 152, 165, 166, 167, 168]
[00:03:37:41:664] ! Unidirectional s-t. expansions: 5,778,151, time: 13,061,664 [ms], path length: 100 [edges], generated: 9,561,695
[00:00:05:49:460] Valid states checked so far: 200,000, Expansions: 199,999, Global best: 101
[00:00:12:54:993] Valid states checked so far: 400,000, Expansions: 399,999, Global best: 101
[00:00:19:11:689] Valid states checked so far: 600,000, Expansions: 599,999, Global best: 101
[00:00:25:37:488] Valid states checked so far: 800,000, Expansions: 799,999, Global best: 101
[00:00:31:39:071] Valid states checked so far: 1,000,000, Expansions: 999,999, Global best: 101
[00:00:38:10:122] Valid states checked so far: 1,200,000, Expansions: 1,199,999, Global best: 101
[00:00:44:49:267] Valid states checked so far: 1,400,000, Expansions: 1,399,999, Global best: 101
[00:00:51:35:320] Valid states checked so far: 1,600,000, Expansions: 1,599,999, Global best: 101
[00:00:58:58:746] Valid states checked so far: 1,800,000, Expansions: 1,799,999, Global best: 101
[00:01:06:05:335] Valid states checked so far: 2,000,000, Expansions: 1,999,999, Global best: 101
[00:01:12:48:281] Valid states checked so far: 2,200,000, Expansions: 2,199,999, Global best: 101
[00:01:19:36:720] Valid states checked so far: 2,400,000, Expansions: 2,399,999, Global best: 101
[00:01:26:08:440] Valid states checked so far: 2,600,000, Expansions: 2,599,999, Global best: 101
[00:01:33:01:378] Valid states checked so far: 2,800,000, Expansions: 2,799,999, Global best: 101
[00:01:40:22:001] Valid states checked so far: 3,000,000, Expansions: 2,999,999, Global best: 101
[00:01:48:01:951] Valid states checked so far: 3,200,000, Expansions: 3,199,999, Global best: 101
[00:01:55:31:030] Valid states checked so far: 3,400,000, Expansions: 3,399,999, Global best: 101
[00:02:02:49:931] Valid states checked so far: 3,600,000, Expansions: 3,599,999, Global best: 101
[00:02:10:17:128] Valid states checked so far: 3,800,000, Expansions: 3,799,999, Global best: 101
[00:02:17:42:003] Valid states checked so far: 4,000,000, Expansions: 3,999,999, Global best: 101
[00:02:24:04:315] Valid states checked so far: 4,200,000, Expansions: 4,199,999, Global best: 101
[00:02:30:33:564] Valid states checked so far: 4,400,000, Expansions: 4,399,999, Global best: 101
[00:02:37:04:375] Valid states checked so far: 4,600,000, Expansions: 4,599,999, Global best: 101
[00:02:43:34:773] Valid states checked so far: 4,800,000, Expansions: 4,799,999, Global best: 101
[00:02:50:01:616] Valid states checked so far: 5,000,000, Expansions: 4,999,999, Global best: 101
[00:02:56:32:180] Valid states checked so far: 5,200,000, Expansions: 5,199,999, Global best: 101
[00:03:03:14:759] Valid states checked so far: 5,400,000, Expansions: 5,399,999, Global best: 101
[00:03:09:41:108] Valid states checked so far: 5,600,000, Expansions: 5,599,999, Global best: 101
[00:03:16:24:672] Valid states checked so far: 5,800,000, Expansions: 5,799,999, Global best: 101
[00:03:23:03:435] Valid states checked so far: 6,000,000, Expansions: 5,999,999, Global best: 101
[00:03:29:49:297] Valid states checked so far: 6,200,000, Expansions: 6,199,999, Global best: 101
[00:03:36:23:764] Valid states checked so far: 6,400,000, Expansions: 6,399,999, Global best: 101
[00:03:43:02:483] Valid states checked so far: 6,600,000, Expansions: 6,599,999, Global best: 101
[00:03:49:51:564] Valid states checked so far: 6,800,000, Expansions: 6,799,999, Global best: 101
[00:03:56:26:277] Valid states checked so far: 7,000,000, Expansions: 6,999,999, Global best: 101
[00:04:02:57:740] Valid states checked so far: 7,200,000, Expansions: 7,199,999, Global best: 101
[00:04:09:32:217] Valid states checked so far: 7,400,000, Expansions: 7,399,999, Global best: 101
[00:04:15:53:505] Valid states checked so far: 7,600,000, Expansions: 7,599,999, Global best: 101
[00:04:22:36:240] Valid states checked so far: 7,800,000, Expansions: 7,799,999, Global best: 101
[00:04:29:03:424] Valid states checked so far: 8,000,000, Expansions: 7,999,999, Global best: 101
[00:04:35:46:224] Valid states checked so far: 8,200,000, Expansions: 8,199,999, Global best: 101
[00:04:42:31:408] Valid states checked so far: 8,400,000, Expansions: 8,399,999, Global best: 101
[00:04:49:09:619] Valid states checked so far: 8,600,000, Expansions: 8,599,999, Global best: 101
[00:04:55:53:150] Valid states checked so far: 8,800,000, Expansions: 8,799,999, Global best: 101
[00:05:02:50:584] Valid states checked so far: 9,000,000, Expansions: 8,999,999, Global best: 101
[00:05:09:36:109] Valid states checked so far: 9,200,000, Expansions: 9,199,999, Global best: 101
[00:05:16:10:393] Valid states checked so far: 9,400,000, Expansions: 9,399,999, Global best: 101
[00:05:22:38:903] Valid states checked so far: 9,600,000, Expansions: 9,599,999, Global best: 101
[00:05:29:29:956] Valid states checked so far: 9,800,000, Expansions: 9,799,999, Global best: 101
[00:05:36:02:951] Valid states checked so far: 10,000,000, Expansions: 9,999,999, Global best: 101
[00:05:42:49:770] Valid states checked so far: 10,200,000, Expansions: 10,199,999, Global best: 101
[00:05:49:33:021] Valid states checked so far: 10,400,000, Expansions: 10,399,999, Global best: 101
[00:05:57:08:103] Valid states checked so far: 10,600,000, Expansions: 10,599,999, Global best: 101
[00:05:57:59:973] Path of length 100 found: [168, 167, 166, 165, 152, 139, 140, 141, 142, 129, 116, 103, 90, 89, 88, 87, 74, 61, 62, 63, 64, 51, 38, 25, 12, 11, 10, 9, 8, 7, 6, 19, 32, 45, 58, 57, 70, 71, 84, 85, 86, 99, 112, 111, 110, 109, 122, 135, 136, 137, 150, 163, 162, 161, 160, 159, 146, 133, 120, 107, 106, 119, 132, 145, 158, 157, 156, 143, 130, 131, 118, 105, 92, 79, 78, 65, 52, 39, 26, 27, 28, 41, 54, 55, 68, 81, 94, 95, 96, 83, 82, 69, 56, 43, 30, 17, 4, 3, 2, 1, 0]
[00:05:57:59:974] ! Unidirectional t-s. expansions: 10,621,718, time: 21,479,973 [ms], path length: 100 [edges], generated: 16,657,022
[00:00:00:00:001] Expansions: 0. Checks - state_vs_state: 0, state_vs_prefix: 0, prefix_vs_prefix: 1
[00:00:06:03:735] Expansions: 100,000. Checks - state_vs_state: 4,213, state_vs_prefix: 0, prefix_vs_prefix: 321,791
[00:00:06:03:736] Expansions: 100,000. Checks - state_vs_state: 4,213, state_vs_prefix: 0, prefix_vs_prefix: 321,792
[00:00:06:03:737] Expansions: 100,000. Checks - state_vs_state: 4,213, state_vs_prefix: 0, prefix_vs_prefix: 321,793
[00:00:06:03:738] Expansions: 100,000. Checks - state_vs_state: 4,213, state_vs_prefix: 0, prefix_vs_prefix: 321,794
[00:00:06:03:739] Expansions: 100,000. Checks - state_vs_state: 4,213, state_vs_prefix: 0, prefix_vs_prefix: 321,795
[00:00:06:03:740] Expansions: 100,000. Checks - state_vs_state: 4,213, state_vs_prefix: 0, prefix_vs_prefix: 321,796
[00:00:13:16:320] Expansions: 200,000. Checks - state_vs_state: 9,907, state_vs_prefix: 0, prefix_vs_prefix: 662,817
[00:00:18:50:596] Expansions: 300,000. Checks - state_vs_state: 15,617, state_vs_prefix: 0, prefix_vs_prefix: 948,068
[00:00:25:28:134] Expansions: 400,000. Checks - state_vs_state: 16,744, state_vs_prefix: 0, prefix_vs_prefix: 1,265,060
[00:00:25:28:134] Expansions: 400,000. Checks - state_vs_state: 16,744, state_vs_prefix: 0, prefix_vs_prefix: 1,265,061
[00:00:25:28:135] Expansions: 400,000. Checks - state_vs_state: 16,744, state_vs_prefix: 0, prefix_vs_prefix: 1,265,062
[00:00:27:35:225] Path of length 100 found: [0, 1, 2, 3, 4, 17, 30, 43, 56, 55, 54, 41, 28, 27, 26, 39, 52, 65, 78, 79, 92, 105, 118, 131, 130, 143, 156, 157, 144, 145, 158, 159, 160, 161, 162, 163, 150, 137, 136, 135, 134, 133, 132, 119, 106, 107, 94, 81, 68, 69, 82, 83, 96, 95, 108, 109, 110, 111, 112, 99, 86, 85, 84, 71, 70, 57, 58, 45, 32, 19, 6, 7, 8, 9, 10, 11, 12, 25, 38, 51, 64, 63, 62, 61, 74, 87, 88, 89, 90, 103, 116, 129, 142, 141, 140, 139, 152, 165, 166, 167, 168]
[00:00:27:35:229] ! Bidirectional. expansions: 427,602, time: 1,655,225 [ms], path length: 100 [edges], g_F: 50, g_B: 50, generated: {'F': 821,370, 'B': 727,956}, MM: 0, MMPER: -1.0%
[00:00:27:35:229] 
---------- mazes/13x13_maze_with_2_open_diamonds_2 ----------
[00:00:01:49:794] Path of length 106 found: [0, 1, 2, 3, 4, 17, 30, 43, 56, 55, 54, 41, 28, 27, 26, 39, 52, 65, 78, 79, 80, 81, 82, 83, 70, 57, 58, 45, 32, 19, 6, 7, 8, 9, 10, 11, 12, 25, 38, 51, 64, 63, 62, 49, 36, 35, 34, 33, 46, 59, 72, 71, 84, 85, 98, 99, 86, 73, 60, 61, 74, 87, 88, 89, 90, 103, 116, 115, 114, 113, 112, 111, 110, 109, 108, 107, 120, 133, 132, 131, 130, 143, 156, 157, 158, 159, 160, 161, 148, 147, 134, 121, 122, 135, 136, 137, 150, 163, 164, 165, 152, 139, 140, 141, 142, 155, 168]
[00:00:01:49:795] ! Unidirectional s-t. expansions: 64,898, time: 109,795 [ms], path length: 106 [edges], generated: 102,957
[00:00:05:36:595] Valid states checked so far: 200,000, Expansions: 199,999, Global best: 105
[00:00:11:20:246] Valid states checked so far: 400,000, Expansions: 399,999, Global best: 105
[00:00:16:12:112] Path of length 106 found: [168, 155, 142, 141, 140, 139, 152, 165, 164, 163, 150, 137, 136, 135, 122, 121, 134, 147, 148, 161, 160, 159, 158, 157, 156, 143, 130, 131, 132, 133, 120, 107, 108, 109, 110, 111, 98, 85, 72, 73, 86, 99, 112, 113, 114, 115, 116, 103, 90, 89, 88, 87, 74, 61, 60, 59, 46, 33, 34, 35, 36, 49, 62, 63, 64, 51, 38, 25, 12, 11, 10, 9, 8, 7, 6, 19, 32, 45, 58, 57, 70, 71, 84, 83, 82, 81, 80, 79, 78, 65, 52, 39, 26, 27, 28, 41, 54, 55, 56, 43, 30, 17, 4, 3, 2, 1, 0]
[00:00:16:12:113] ! Unidirectional t-s. expansions: 561,759, time: 972,112 [ms], path length: 106 [edges], generated: 811,550
[00:00:00:00:001] Expansions: 0. Checks - state_vs_state: 0, state_vs_prefix: 0, prefix_vs_prefix: 1
[00:00:00:55:701] Path of length 106 found: [0, 1, 2, 3, 4, 17, 30, 43, 56, 55, 54, 41, 28, 27, 26, 39, 52, 65, 78, 79, 80, 81, 82, 83, 70, 57, 58, 45, 32, 19, 6, 7, 8, 9, 10, 11, 12, 25, 38, 51, 64, 63, 62, 49, 36, 35, 34, 33, 46, 59, 60, 61, 74, 87, 88, 89, 90, 103, 116, 115, 114, 113, 112, 99, 86, 73, 72, 71, 84, 85, 98, 111, 110, 109, 108, 107, 120, 133, 132, 131, 130, 143, 156, 157, 158, 159, 160, 161, 148, 147, 134, 121, 122, 135, 136, 137, 150, 163, 164, 165, 152, 139, 140, 141, 142, 155, 168]
[00:00:00:55:703] ! Bidirectional. expansions: 19,129, time: 55,701 [ms], path length: 106 [edges], g_F: 53, g_B: 53, generated: {'F': 35,880, 'B': 28,044}, MM: 0, MMPER: -1.0%
[00:00:00:55:703] 
---------- mazes/13x13_maze_with_2_open_diamonds_3 ----------
[00:00:06:06:246] Valid states checked so far: 200,000, Expansions: 199,996, Global best: 97
[00:00:12:13:491] Valid states checked so far: 400,000, Expansions: 399,995, Global best: 99
[00:00:18:50:214] Valid states checked so far: 600,000, Expansions: 599,995, Global best: 99
[00:00:25:25:874] Valid states checked so far: 800,000, Expansions: 799,995, Global best: 99
[00:00:32:08:084] Valid states checked so far: 1,000,000, Expansions: 999,995, Global best: 99
[00:00:39:01:838] Valid states checked so far: 1,200,000, Expansions: 1,199,995, Global best: 99
[00:00:45:42:362] Valid states checked so far: 1,400,000, Expansions: 1,399,995, Global best: 99
[00:00:52:14:679] Valid states checked so far: 1,600,000, Expansions: 1,599,995, Global best: 99
[00:00:58:54:842] Valid states checked so far: 1,800,000, Expansions: 1,799,995, Global best: 99
[00:01:05:40:986] Valid states checked so far: 2,000,000, Expansions: 1,999,995, Global best: 99
[00:01:12:48:950] Valid states checked so far: 2,200,000, Expansions: 2,199,995, Global best: 99
[00:01:20:01:090] Path of length 98 found: [0, 1, 2, 3, 4, 17, 30, 43, 56, 55, 54, 41, 28, 27, 26, 39, 52, 65, 78, 79, 80, 81, 82, 83, 84, 85, 86, 87, 74, 61, 48, 35, 34, 21, 20, 33, 46, 47, 60, 59, 58, 45, 32, 19, 6, 7, 8, 9, 10, 11, 12, 25, 38, 37, 36, 49, 50, 51, 64, 63, 62, 75, 88, 89, 90, 103, 116, 115, 114, 113, 112, 111, 110, 109, 122, 135, 134, 133, 132, 131, 130, 143, 156, 157, 158, 159, 160, 161, 162, 163, 164, 165, 152, 139, 140, 141, 142, 155, 168]
[00:01:20:01:091] ! Unidirectional s-t. expansions: 2,395,732, time: 4,801,090 [ms], path length: 98 [edges], generated: 3,467,613
[00:00:04:49:802] Valid states checked so far: 200,000, Expansions: 199,999, Global best: 91
[00:00:09:48:823] Valid states checked so far: 400,000, Expansions: 399,999, Global best: 95
[00:00:14:19:569] Valid states checked so far: 600,000, Expansions: 599,999, Global best: 95
[00:00:19:06:670] Path of length 98 found: [168, 155, 142, 141, 140, 139, 152, 165, 164, 163, 162, 161, 160, 159, 158, 157, 156, 143, 130, 131, 132, 133, 134, 135, 122, 109, 108, 107, 106, 105, 92, 79, 78, 65, 52, 39, 26, 27, 28, 41, 54, 55, 56, 57, 58, 71, 84, 85, 86, 99, 112, 113, 114, 115, 116, 103, 90, 89, 88, 87, 74, 75, 62, 49, 36, 37, 50, 63, 64, 51, 38, 25, 12, 11, 10, 9, 8, 7, 6, 19, 20, 21, 34, 35, 48, 61, 60, 47, 46, 33, 32, 31, 30, 17, 4, 3, 2, 1, 0]
[00:00:19:06:671] ! Unidirectional t-s. expansions: 797,129, time: 1,146,670 [ms], path length: 98 [edges], generated: 1,340,548
[00:00:00:00:001] Expansions: 0. Checks - state_vs_state: 0, state_vs_prefix: 0, prefix_vs_prefix: 1
[00:00:03:14:737] Path of length 98 found: [0, 1, 2, 3, 4, 17, 30, 43, 56, 55, 54, 41, 28, 27, 26, 39, 52, 65, 78, 79, 80, 81, 82, 83, 84, 85, 86, 87, 74, 61, 48, 35, 34, 21, 20, 33, 46, 47, 60, 59, 58, 45, 32, 19, 6, 7, 8, 9, 10, 11, 12, 25, 38, 51, 64, 63, 50, 37, 36, 49, 62, 75, 88, 89, 90, 103, 116, 115, 114, 113, 112, 111, 110, 109, 122, 135, 134, 133, 132, 131, 130, 143, 156, 157, 158, 159, 160, 161, 162, 163, 164, 165, 152, 139, 140, 141, 142, 155, 168]
[00:00:03:14:738] ! Bidirectional. expansions: 65,144, time: 194,737 [ms], path length: 98 [edges], g_F: 49, g_B: 49, generated: {'F': 115,548, 'B': 89,174}, MM: 0, MMPER: -1.0%
[00:00:03:14:738] 
---------- mazes/13x13_maze_with_2_open_diamonds_4 ----------
[00:00:02:48:051] Path of length 106 found: [0, 1, 2, 3, 4, 17, 30, 43, 56, 55, 54, 41, 28, 27, 26, 39, 52, 65, 78, 79, 92, 105, 106, 107, 108, 109, 122, 135, 134, 133, 132, 131, 130, 143, 156, 157, 158, 159, 160, 161, 162, 163, 150, 137, 124, 111, 112, 99, 98, 85, 72, 71, 84, 83, 70, 57, 58, 45, 32, 19, 6, 7, 8, 9, 10, 11, 12, 25, 38, 51, 64, 63, 62, 49, 36, 35, 34, 33, 46, 59, 60, 61, 74, 73, 86, 87, 88, 89, 90, 103, 116, 115, 114, 113, 126, 125, 138, 151, 164, 165, 152, 139, 140, 141, 142, 155, 168]
[00:00:02:48:051] ! Unidirectional s-t. expansions: 94,085, time: 168,051 [ms], path length: 106 [edges], generated: 151,702
[00:00:06:18:476] Valid states checked so far: 200,000, Expansions: 199,999, Global best: 107
[00:00:12:33:721] Valid states checked so far: 400,000, Expansions: 399,999, Global best: 107
[00:00:19:00:460] Valid states checked so far: 600,000, Expansions: 599,999, Global best: 107
[00:00:25:13:144] Valid states checked so far: 800,000, Expansions: 799,999, Global best: 107
[00:00:31:28:221] Valid states checked so far: 1,000,000, Expansions: 999,999, Global best: 107
[00:00:37:21:732] Valid states checked so far: 1,200,000, Expansions: 1,199,999, Global best: 107
[00:00:43:08:466] Path of length 106 found: [168, 167, 166, 165, 152, 139, 140, 141, 142, 129, 116, 103, 90, 89, 88, 87, 74, 61, 60, 59, 46, 33, 34, 35, 36, 49, 62, 63, 64, 51, 38, 25, 12, 11, 10, 9, 8, 7, 6, 19, 32, 45, 58, 57, 70, 83, 84, 71, 72, 73, 86, 85, 98, 99, 112, 113, 126, 125, 138, 151, 164, 163, 162, 161, 160, 159, 158, 157, 156, 143, 130, 131, 132, 133, 134, 135, 136, 137, 124, 111, 110, 109, 108, 107, 106, 105, 92, 79, 78, 65, 52, 39, 26, 27, 28, 41, 54, 55, 56, 43, 30, 17, 4, 3, 2, 1, 0]
[00:00:43:08:466] ! Unidirectional t-s. expansions: 1,377,195, time: 2,588,466 [ms], path length: 106 [edges], generated: 1,980,259
[00:00:00:00:001] Expansions: 0. Checks - state_vs_state: 0, state_vs_prefix: 0, prefix_vs_prefix: 1
[00:00:03:31:656] Path of length 106 found: [0, 1, 2, 3, 4, 17, 30, 43, 56, 55, 54, 41, 28, 27, 26, 39, 52, 65, 78, 79, 92, 105, 106, 107, 108, 109, 110, 111, 124, 137, 136, 135, 134, 133, 132, 131, 130, 143, 156, 157, 158, 159, 160, 161, 162, 163, 150, 151, 138, 125, 126, 113, 112, 99, 98, 85, 86, 73, 72, 71, 84, 83, 70, 57, 58, 45, 32, 19, 6, 7, 8, 9, 10, 11, 12, 25, 38, 51, 64, 63, 62, 49, 36, 35, 34, 33, 46, 59, 60, 61, 74, 87, 88, 89, 90, 103, 116, 129, 142, 141, 140, 139, 152, 165, 166, 167, 168]
[00:00:03:31:658] ! Bidirectional. expansions: 67,974, time: 211,656 [ms], path length: 106 [edges], g_F: 53, g_B: 53, generated: {'F': 119,502, 'B': 107,384}, MM: 0, MMPER: -1.0%
[00:00:03:31:658] 
---------- mazes/13x13_maze_with_2_open_diamonds_5 ----------
[00:00:05:15:730] Path of length 102 found: [0, 1, 2, 3, 4, 17, 30, 43, 56, 55, 54, 41, 28, 27, 26, 39, 52, 65, 78, 79, 92, 105, 106, 107, 108, 109, 122, 135, 134, 133, 132, 131, 130, 143, 156, 157, 158, 159, 160, 161, 162, 163, 150, 137, 136, 123, 110, 97, 98, 111, 124, 125, 112, 99, 86, 85, 84, 71, 58, 45, 32, 19, 6, 7, 8, 21, 34, 35, 36, 23, 22, 9, 10, 11, 12, 25, 38, 51, 64, 63, 62, 49, 48, 47, 60, 61, 74, 87, 88, 89, 90, 103, 116, 129, 142, 141, 140, 139, 152, 165, 166, 167, 168]
[00:00:05:15:731] ! Unidirectional s-t. expansions: 163,343, time: 315,730 [ms], path length: 102 [edges], generated: 262,156
[00:00:05:59:445] Valid states checked so far: 200,000, Expansions: 199,999, Global best: 103
[00:00:09:01:053] Path of length 102 found: [168, 167, 166, 165, 152, 139, 140, 141, 142, 129, 116, 103, 90, 89, 88, 87, 74, 61, 48, 35, 22, 23, 36, 49, 62, 63, 64, 51, 38, 25, 12, 11, 10, 9, 8, 7, 6, 19, 32, 33, 34, 47, 60, 59, 58, 71, 84, 97, 110, 111, 98, 85, 86, 99, 112, 125, 124, 123, 136, 137, 150, 163, 162, 161, 160, 159, 158, 157, 156, 143, 130, 131, 132, 133, 134, 135, 122, 109, 108, 107, 106, 105, 92, 79, 78, 65, 52, 39, 26, 27, 28, 41, 54, 55, 56, 43, 30, 17, 4, 3, 2, 1, 0]
[00:00:09:01:053] ! Unidirectional t-s. expansions: 304,550, time: 541,053 [ms], path length: 102 [edges], generated: 490,639
[00:00:00:00:001] Expansions: 0. Checks - state_vs_state: 0, state_vs_prefix: 0, prefix_vs_prefix: 1
[00:00:03:52:038] Path of length 102 found: [0, 1, 2, 3, 4, 17, 30, 43, 56, 55, 54, 41, 28, 27, 26, 39, 52, 65, 78, 79, 92, 105, 106, 107, 108, 109, 122, 135, 134, 133, 132, 131, 130, 143, 156, 157, 158, 159, 160, 161, 162, 163, 150, 137, 136, 123, 110, 97, 98, 111, 124, 125, 112, 99, 86, 85, 84, 71, 58, 59, 60, 47, 34, 33, 32, 19, 6, 7, 8, 9, 10, 11, 12, 25, 38, 51, 64, 63, 62, 49, 36, 23, 22, 35, 48, 61, 74, 87, 88, 89, 90, 103, 116, 129, 142, 141, 140, 139, 152, 165, 166, 167, 168]
[00:00:03:52:039] ! Bidirectional. expansions: 84,493, time: 232,038 [ms], path length: 102 [edges], g_F: 51, g_B: 51, generated: {'F': 135,028, 'B': 119,172}, MM: 0, MMPER: -1.0%
[00:00:03:52:039] 
---------- mazes/13x13_maze_with_2_open_diamonds_6 ----------
[00:00:06:17:587] Valid states checked so far: 200,000, Expansions: 199,996, Global best: 101
[00:00:12:36:204] Valid states checked so far: 400,000, Expansions: 399,996, Global best: 101
[00:00:17:41:737] Path of length 100 found: [0, 1, 2, 3, 4, 17, 30, 43, 56, 55, 54, 41, 28, 27, 26, 39, 52, 65, 78, 79, 92, 105, 106, 107, 108, 95, 82, 81, 80, 67, 68, 69, 70, 83, 84, 85, 86, 99, 112, 111, 110, 109, 122, 135, 134, 133, 132, 131, 130, 143, 156, 157, 158, 159, 160, 161, 162, 163, 164, 165, 152, 139, 140, 127, 114, 113, 100, 87, 74, 61, 60, 59, 58, 45, 32, 19, 6, 7, 8, 9, 10, 11, 12, 25, 38, 37, 36, 49, 62, 75, 88, 101, 102, 89, 90, 103, 116, 129, 142, 155, 168]
[00:00:17:41:738] ! Unidirectional s-t. expansions: 552,256, time: 1,061,737 [ms], path length: 100 [edges], generated: 844,973
[00:00:06:01:149] Valid states checked so far: 200,000, Expansions: 199,999, Global best: 101
[00:00:12:15:459] Valid states checked so far: 400,000, Expansions: 399,999, Global best: 101
[00:00:18:13:694] Valid states checked so far: 600,000, Expansions: 599,999, Global best: 101
[00:00:18:33:997] Path of length 100 found: [168, 167, 166, 165, 164, 163, 162, 161, 160, 159, 158, 157, 156, 143, 130, 131, 132, 133, 134, 135, 122, 109, 110, 111, 112, 99, 86, 85, 84, 71, 70, 83, 82, 95, 108, 107, 106, 105, 92, 79, 78, 65, 52, 39, 26, 27, 28, 41, 54, 67, 80, 81, 68, 55, 56, 57, 58, 59, 60, 61, 74, 87, 100, 113, 114, 127, 140, 141, 142, 129, 116, 115, 102, 103, 90, 89, 88, 75, 62, 63, 64, 51, 38, 25, 12, 11, 10, 9, 8, 7, 6, 19, 32, 31, 30, 17, 4, 3, 2, 1, 0]
[00:00:18:33:998] ! Unidirectional t-s. expansions: 608,792, time: 1,113,997 [ms], path length: 100 [edges], generated: 991,124
[00:00:00:00:001] Expansions: 0. Checks - state_vs_state: 0, state_vs_prefix: 0, prefix_vs_prefix: 1
[00:00:05:30:781] Expansions: 100,000. Checks - state_vs_state: 2,658, state_vs_prefix: 0, prefix_vs_prefix: 267,122
[00:00:06:09:901] Path of length 100 found: [0, 1, 2, 3, 4, 17, 30, 43, 56, 55, 54, 41, 28, 27, 26, 39, 52, 65, 78, 79, 92, 105, 106, 107, 108, 95, 82, 81, 80, 67, 68, 69, 70, 83, 84, 85, 86, 87, 74, 61, 60, 59, 58, 45, 32, 19, 6, 7, 8, 9, 10, 11, 12, 25, 38, 51, 64, 63, 62, 75, 88, 89, 90, 103, 102, 115, 116, 129, 142, 141, 140, 127, 114, 113, 100, 99, 112, 111, 110, 109, 122, 135, 134, 133, 132, 131, 130, 143, 156, 157, 158, 159, 160, 161, 162, 163, 164, 165, 166, 167, 168]
[00:00:06:09:903] ! Bidirectional. expansions: 107,604, time: 369,901 [ms], path length: 100 [edges], g_F: 50, g_B: 50, generated: {'F': 185,090, 'B': 166,053}, MM: 0, MMPER: -1.0%
[00:00:06:09:903] 
---------- mazes/13x13_maze_with_2_open_diamonds_7 ----------
[00:00:06:22:202] Valid states checked so far: 200,000, Expansions: 199,999, Global best: 99
[00:00:12:42:129] Valid states checked so far: 400,000, Expansions: 399,999, Global best: 99
[00:00:19:17:680] Valid states checked so far: 600,000, Expansions: 599,999, Global best: 99
[00:00:25:43:159] Valid states checked so far: 800,000, Expansions: 799,999, Global best: 99
[00:00:32:22:848] Valid states checked so far: 1,000,000, Expansions: 999,999, Global best: 99
[00:00:39:30:622] Valid states checked so far: 1,200,000, Expansions: 1,199,999, Global best: 99
[00:00:46:36:044] Valid states checked so far: 1,400,000, Expansions: 1,399,999, Global best: 99
[00:00:52:58:861] Valid states checked so far: 1,600,000, Expansions: 1,599,999, Global best: 99
[00:00:59:00:542] Valid states checked so far: 1,800,000, Expansions: 1,799,999, Global best: 99
[00:01:04:49:020] Valid states checked so far: 2,000,000, Expansions: 1,999,999, Global best: 99
[00:01:11:54:049] Valid states checked so far: 2,200,000, Expansions: 2,199,999, Global best: 99
[00:01:19:18:604] Valid states checked so far: 2,400,000, Expansions: 2,399,999, Global best: 99
[00:01:26:48:334] Valid states checked so far: 2,600,000, Expansions: 2,599,999, Global best: 99
[00:01:34:35:931] Valid states checked so far: 2,800,000, Expansions: 2,799,999, Global best: 99
[00:01:37:33:426] Path of length 98 found: [0, 1, 2, 3, 4, 17, 30, 43, 56, 55, 54, 41, 28, 27, 26, 39, 52, 65, 78, 79, 92, 105, 118, 117, 130, 143, 156, 157, 158, 159, 160, 161, 162, 163, 150, 137, 136, 123, 122, 135, 134, 121, 108, 107, 120, 133, 132, 119, 106, 93, 80, 81, 82, 95, 96, 109, 110, 111, 112, 99, 86, 85, 84, 71, 58, 45, 32, 19, 6, 7, 8, 9, 10, 11, 12, 25, 38, 37, 36, 49, 62, 61, 74, 87, 88, 89, 90, 103, 116, 129, 142, 141, 140, 139, 152, 165, 166, 167, 168]
[00:01:37:33:427] ! Unidirectional s-t. expansions: 2,877,134, time: 5,853,426 [ms], path length: 98 [edges], generated: 4,829,544
[00:00:05:44:328] Valid states checked so far: 200,000, Expansions: 199,999, Global best: 99
[00:00:11:47:056] Valid states checked so far: 400,000, Expansions: 399,999, Global best: 99
[00:00:18:00:201] Valid states checked so far: 600,000, Expansions: 599,999, Global best: 99
[00:00:23:59:394] Valid states checked so far: 800,000, Expansions: 799,999, Global best: 99
[00:00:30:05:924] Valid states checked so far: 1,000,000, Expansions: 999,999, Global best: 99
[00:00:36:07:887] Valid states checked so far: 1,200,000, Expansions: 1,199,999, Global best: 99
[00:00:41:58:875] Valid states checked so far: 1,400,000, Expansions: 1,399,999, Global best: 99
[00:00:48:12:278] Valid states checked so far: 1,600,000, Expansions: 1,599,999, Global best: 99
[00:00:54:27:517] Valid states checked so far: 1,800,000, Expansions: 1,799,999, Global best: 99
[00:01:00:45:139] Valid states checked so far: 2,000,000, Expansions: 1,999,999, Global best: 99
[00:01:07:25:572] Valid states checked so far: 2,200,000, Expansions: 2,199,999, Global best: 99
[00:01:14:17:493] Valid states checked so far: 2,400,000, Expansions: 2,399,999, Global best: 99
[00:01:20:55:896] Valid states checked so far: 2,600,000, Expansions: 2,599,999, Global best: 99
[00:01:27:48:738] Valid states checked so far: 2,800,000, Expansions: 2,799,999, Global best: 99
[00:01:34:51:428] Valid states checked so far: 3,000,000, Expansions: 2,999,999, Global best: 99
[00:01:41:58:565] Valid states checked so far: 3,200,000, Expansions: 3,199,999, Global best: 99
[00:01:49:09:488] Valid states checked so far: 3,400,000, Expansions: 3,399,999, Global best: 99
[00:01:57:03:332] Valid states checked so far: 3,600,000, Expansions: 3,599,999, Global best: 99
[00:02:04:40:053] Valid states checked so far: 3,800,000, Expansions: 3,799,999, Global best: 99
[00:02:11:59:066] Valid states checked so far: 4,000,000, Expansions: 3,999,999, Global best: 99
[00:02:18:37:611] Valid states checked so far: 4,200,000, Expansions: 4,199,999, Global best: 99
[00:02:25:17:709] Valid states checked so far: 4,400,000, Expansions: 4,399,999, Global best: 99
[00:02:31:42:129] Valid states checked so far: 4,600,000, Expansions: 4,599,999, Global best: 99
[00:02:38:12:118] Valid states checked so far: 4,800,000, Expansions: 4,799,999, Global best: 99
[00:02:44:44:948] Valid states checked so far: 5,000,000, Expansions: 4,999,999, Global best: 99
[00:02:51:11:504] Valid states checked so far: 5,200,000, Expansions: 5,199,999, Global best: 99
[00:02:57:47:858] Valid states checked so far: 5,400,000, Expansions: 5,399,999, Global best: 99
[00:03:04:23:388] Valid states checked so far: 5,600,000, Expansions: 5,599,999, Global best: 99
[00:03:10:56:439] Valid states checked so far: 5,800,000, Expansions: 5,799,999, Global best: 99
[00:03:17:35:269] Valid states checked so far: 6,000,000, Expansions: 5,999,999, Global best: 99
[00:03:24:30:070] Valid states checked so far: 6,200,000, Expansions: 6,199,999, Global best: 99
[00:03:31:14:834] Valid states checked so far: 6,400,000, Expansions: 6,399,999, Global best: 99
[00:03:38:04:911] Valid states checked so far: 6,600,000, Expansions: 6,599,999, Global best: 99
[00:03:44:37:451] Valid states checked so far: 6,800,000, Expansions: 6,799,999, Global best: 99
[00:03:51:21:779] Valid states checked so far: 7,000,000, Expansions: 6,999,999, Global best: 99
[00:03:58:07:555] Valid states checked so far: 7,200,000, Expansions: 7,199,999, Global best: 99
[00:04:04:52:550] Valid states checked so far: 7,400,000, Expansions: 7,399,999, Global best: 99
[00:04:11:44:356] Valid states checked so far: 7,600,000, Expansions: 7,599,999, Global best: 99
[00:04:17:23:723] Path of length 98 found: [168, 167, 166, 165, 152, 139, 140, 141, 142, 129, 116, 103, 90, 89, 88, 87, 74, 61, 62, 63, 64, 51, 38, 25, 12, 11, 10, 9, 8, 7, 6, 19, 32, 45, 58, 71, 84, 85, 86, 99, 112, 111, 110, 97, 96, 83, 82, 81, 80, 93, 106, 119, 132, 133, 120, 107, 108, 109, 122, 121, 134, 135, 136, 137, 150, 163, 162, 161, 160, 159, 158, 157, 156, 143, 130, 117, 118, 105, 92, 79, 78, 65, 52, 39, 26, 27, 28, 41, 54, 55, 56, 43, 30, 17, 4, 3, 2, 1, 0]
[00:04:17:23:724] ! Unidirectional t-s. expansions: 7,751,257, time: 15,443,723 [ms], path length: 98 [edges], generated: 11,479,927
[00:00:00:00:001] Expansions: 0. Checks - state_vs_state: 0, state_vs_prefix: 0, prefix_vs_prefix: 1
[00:00:07:06:460] Expansions: 100,000. Checks - state_vs_state: 11,329, state_vs_prefix: 0, prefix_vs_prefix: 370,171
[00:00:07:06:461] Expansions: 100,000. Checks - state_vs_state: 11,329, state_vs_prefix: 0, prefix_vs_prefix: 370,172
[00:00:07:06:462] Expansions: 100,000. Checks - state_vs_state: 11,329, state_vs_prefix: 0, prefix_vs_prefix: 370,173
[00:00:07:06:464] Expansions: 100,000. Checks - state_vs_state: 11,329, state_vs_prefix: 0, prefix_vs_prefix: 370,174
[00:00:13:01:371] Expansions: 200,000. Checks - state_vs_state: 18,587, state_vs_prefix: 0, prefix_vs_prefix: 705,160
[00:00:13:01:372] Expansions: 200,000. Checks - state_vs_state: 18,587, state_vs_prefix: 0, prefix_vs_prefix: 705,161
[00:00:15:38:141] Path of length 98 found: [0, 1, 2, 3, 4, 17, 30, 43, 56, 55, 54, 41, 28, 27, 26, 39, 52, 65, 78, 79, 92, 105, 118, 117, 130, 143, 156, 157, 158, 159, 160, 161, 162, 163, 150, 137, 136, 123, 122, 135, 134, 121, 108, 107, 120, 133, 132, 119, 106, 93, 80, 81, 82, 83, 96, 97, 110, 111, 112, 99, 86, 85, 84, 71, 58, 45, 32, 19, 6, 7, 8, 9, 10, 11, 12, 25, 38, 51, 64, 63, 62, 61, 74, 87, 88, 89, 90, 103, 116, 129, 142, 141, 140, 139, 152, 165, 166, 167, 168]
[00:00:15:38:142] ! Bidirectional. expansions: 233,762, time: 938,141 [ms], path length: 98 [edges], g_F: 49, g_B: 49, generated: {'F': 442,286, 'B': 429,540}, MM: 0, MMPER: -1.0%
[00:00:15:38:143] 
---------- mazes/13x13_maze_with_2_open_diamonds_8 ----------
[00:00:06:06:368] Valid states checked so far: 200,000, Expansions: 199,999, Global best: 101
[00:00:12:33:889] Valid states checked so far: 400,000, Expansions: 399,999, Global best: 101
[00:00:19:12:620] Valid states checked so far: 600,000, Expansions: 599,999, Global best: 101
[00:00:25:45:319] Valid states checked so far: 800,000, Expansions: 799,999, Global best: 101
[00:00:32:09:594] Valid states checked so far: 1,000,000, Expansions: 999,999, Global best: 101
[00:00:38:56:679] Valid states checked so far: 1,200,000, Expansions: 1,199,999, Global best: 101
[00:00:45:49:271] Valid states checked so far: 1,400,000, Expansions: 1,399,999, Global best: 101
[00:00:52:22:915] Valid states checked so far: 1,600,000, Expansions: 1,599,999, Global best: 101
[00:00:58:51:983] Valid states checked so far: 1,800,000, Expansions: 1,799,999, Global best: 101
[00:01:05:26:163] Valid states checked so far: 2,000,000, Expansions: 1,999,999, Global best: 101
[00:01:12:04:418] Valid states checked so far: 2,200,000, Expansions: 2,199,999, Global best: 101
[00:01:18:36:931] Valid states checked so far: 2,400,000, Expansions: 2,399,999, Global best: 101
[00:01:25:08:873] Valid states checked so far: 2,600,000, Expansions: 2,599,999, Global best: 101
[00:01:31:45:106] Valid states checked so far: 2,800,000, Expansions: 2,799,999, Global best: 101
[00:01:38:15:013] Valid states checked so far: 3,000,000, Expansions: 2,999,999, Global best: 101
[00:01:44:53:277] Valid states checked so far: 3,200,000, Expansions: 3,199,999, Global best: 101
[00:01:51:06:257] Valid states checked so far: 3,400,000, Expansions: 3,399,999, Global best: 101
[00:01:57:12:991] Valid states checked so far: 3,600,000, Expansions: 3,599,999, Global best: 101
[00:02:03:37:545] Valid states checked so far: 3,800,000, Expansions: 3,799,999, Global best: 103
[00:02:10:09:240] Valid states checked so far: 4,000,000, Expansions: 3,999,999, Global best: 103
[00:02:16:57:941] Valid states checked so far: 4,200,000, Expansions: 4,199,999, Global best: 103
[00:02:23:34:362] Valid states checked so far: 4,400,000, Expansions: 4,399,999, Global best: 103
[00:02:30:18:877] Valid states checked so far: 4,600,000, Expansions: 4,599,999, Global best: 103
[00:02:37:09:426] Valid states checked so far: 4,800,000, Expansions: 4,799,999, Global best: 103
[00:02:43:32:633] Valid states checked so far: 5,000,000, Expansions: 4,999,999, Global best: 103
[00:02:50:22:904] Valid states checked so far: 5,200,000, Expansions: 5,199,999, Global best: 103
[00:02:57:14:350] Valid states checked so far: 5,400,000, Expansions: 5,399,999, Global best: 103
[00:03:04:17:820] Valid states checked so far: 5,600,000, Expansions: 5,599,999, Global best: 103
[00:03:11:23:606] Valid states checked so far: 5,800,000, Expansions: 5,799,999, Global best: 103
[00:03:18:44:059] Valid states checked so far: 6,000,000, Expansions: 5,999,999, Global best: 103
[00:03:25:53:372] Valid states checked so far: 6,200,000, Expansions: 6,199,999, Global best: 103
[00:03:32:43:406] Valid states checked so far: 6,400,000, Expansions: 6,399,999, Global best: 103
[00:03:39:14:426] Valid states checked so far: 6,600,000, Expansions: 6,599,999, Global best: 103
[00:03:46:11:382] Valid states checked so far: 6,800,000, Expansions: 6,799,999, Global best: 103
[00:03:53:09:719] Valid states checked so far: 7,000,000, Expansions: 6,999,999, Global best: 103
[00:04:00:09:211] Valid states checked so far: 7,200,000, Expansions: 7,199,999, Global best: 103
[00:04:07:16:709] Valid states checked so far: 7,400,000, Expansions: 7,399,999, Global best: 103
[00:04:14:28:554] Valid states checked so far: 7,600,000, Expansions: 7,599,999, Global best: 103
[00:04:21:43:927] Valid states checked so far: 7,800,000, Expansions: 7,799,999, Global best: 103
[00:04:28:29:356] Valid states checked so far: 8,000,000, Expansions: 7,999,999, Global best: 103
[00:04:35:39:038] Valid states checked so far: 8,200,000, Expansions: 8,199,999, Global best: 103
[00:04:42:42:255] Valid states checked so far: 8,400,000, Expansions: 8,399,999, Global best: 103
[00:04:50:01:107] Valid states checked so far: 8,600,000, Expansions: 8,599,999, Global best: 103
[00:04:57:22:019] Valid states checked so far: 8,800,000, Expansions: 8,799,999, Global best: 103
[00:05:04:36:896] Valid states checked so far: 9,000,000, Expansions: 8,999,999, Global best: 103
[00:05:12:11:160] Valid states checked so far: 9,200,000, Expansions: 9,199,999, Global best: 103
[00:05:19:30:014] Valid states checked so far: 9,400,000, Expansions: 9,399,999, Global best: 103
[00:05:25:58:390] Valid states checked so far: 9,600,000, Expansions: 9,599,999, Global best: 103
[00:05:32:58:912] Valid states checked so far: 9,800,000, Expansions: 9,799,999, Global best: 103
[00:05:39:45:247] Valid states checked so far: 10,000,000, Expansions: 9,999,999, Global best: 103
[00:05:46:54:271] Valid states checked so far: 10,200,000, Expansions: 10,199,999, Global best: 103
[00:05:54:00:226] Valid states checked so far: 10,400,000, Expansions: 10,399,999, Global best: 103
[00:06:01:30:759] Valid states checked so far: 10,600,000, Expansions: 10,599,999, Global best: 103
[00:06:08:14:777] Valid states checked so far: 10,800,000, Expansions: 10,799,999, Global best: 103
[00:06:15:07:841] Valid states checked so far: 11,000,000, Expansions: 10,999,999, Global best: 103
[00:06:22:10:292] Valid states checked so far: 11,200,000, Expansions: 11,199,999, Global best: 103
[00:06:28:53:039] Valid states checked so far: 11,400,000, Expansions: 11,399,999, Global best: 103
[00:06:35:44:764] Valid states checked so far: 11,600,000, Expansions: 11,599,999, Global best: 103
[00:06:42:14:054] Valid states checked so far: 11,800,000, Expansions: 11,799,999, Global best: 103
[00:06:49:02:016] Valid states checked so far: 12,000,000, Expansions: 11,999,999, Global best: 103
[00:06:56:10:415] Valid states checked so far: 12,200,000, Expansions: 12,199,999, Global best: 103
[00:07:02:49:788] Valid states checked so far: 12,400,000, Expansions: 12,399,999, Global best: 103
[00:07:10:01:526] Valid states checked so far: 12,600,000, Expansions: 12,599,999, Global best: 103
[00:07:16:40:462] Valid states checked so far: 12,800,000, Expansions: 12,799,999, Global best: 103
[00:07:23:37:013] Valid states checked so far: 13,000,000, Expansions: 12,999,999, Global best: 103
[00:07:30:59:537] Valid states checked so far: 13,200,000, Expansions: 13,199,999, Global best: 103
[00:07:37:45:647] Valid states checked so far: 13,400,000, Expansions: 13,399,999, Global best: 103
[00:07:45:05:188] Valid states checked so far: 13,600,000, Expansions: 13,599,999, Global best: 103
[00:07:52:25:332] Valid states checked so far: 13,800,000, Expansions: 13,799,999, Global best: 103
[00:07:59:26:224] Valid states checked so far: 14,000,000, Expansions: 13,999,999, Global best: 103
[00:08:06:20:118] Valid states checked so far: 14,200,000, Expansions: 14,199,999, Global best: 103
[00:08:13:01:244] Valid states checked so far: 14,400,000, Expansions: 14,399,999, Global best: 103
[00:08:19:47:290] Valid states checked so far: 14,600,000, Expansions: 14,599,999, Global best: 103
[00:08:27:08:883] Valid states checked so far: 14,800,000, Expansions: 14,799,999, Global best: 103
[00:08:33:48:628] Valid states checked so far: 15,000,000, Expansions: 14,999,999, Global best: 103
[00:08:40:21:342] Valid states checked so far: 15,200,000, Expansions: 15,199,999, Global best: 103
[00:08:47:34:154] Valid states checked so far: 15,400,000, Expansions: 15,399,999, Global best: 103
[00:08:54:14:111] Valid states checked so far: 15,600,000, Expansions: 15,599,999, Global best: 103
[00:09:01:18:706] Valid states checked so far: 15,800,000, Expansions: 15,799,999, Global best: 103
[00:09:08:56:932] Valid states checked so far: 16,000,000, Expansions: 15,999,999, Global best: 103
[00:09:15:53:431] Valid states checked so far: 16,200,000, Expansions: 16,199,999, Global best: 103
[00:09:22:41:080] Valid states checked so far: 16,400,000, Expansions: 16,399,999, Global best: 103
[00:09:30:09:981] Valid states checked so far: 16,600,000, Expansions: 16,599,999, Global best: 103
[00:09:37:08:051] Valid states checked so far: 16,800,000, Expansions: 16,799,999, Global best: 103
[00:09:44:00:790] Valid states checked so far: 17,000,000, Expansions: 16,999,999, Global best: 103
[00:09:51:43:147] Valid states checked so far: 17,200,000, Expansions: 17,199,999, Global best: 103
[00:09:58:52:116] Valid states checked so far: 17,400,000, Expansions: 17,399,999, Global best: 103
[00:10:06:00:512] Valid states checked so far: 17,600,000, Expansions: 17,599,999, Global best: 103
[00:10:13:40:186] Valid states checked so far: 17,800,000, Expansions: 17,799,999, Global best: 103
[00:10:20:43:693] Valid states checked so far: 18,000,000, Expansions: 17,999,999, Global best: 103
[00:10:27:21:434] Valid states checked so far: 18,200,000, Expansions: 18,199,999, Global best: 103
[00:10:34:33:063] Valid states checked so far: 18,400,000, Expansions: 18,399,999, Global best: 103
[00:10:41:13:808] Valid states checked so far: 18,600,000, Expansions: 18,599,999, Global best: 103
[00:10:47:27:103] Valid states checked so far: 18,800,000, Expansions: 18,799,999, Global best: 103
[00:10:54:24:283] Valid states checked so far: 19,000,000, Expansions: 18,999,999, Global best: 103
[00:11:01:47:327] Valid states checked so far: 19,200,000, Expansions: 19,199,999, Global best: 103
[00:11:08:28:780] Valid states checked so far: 19,400,000, Expansions: 19,399,999, Global best: 103
[00:11:15:26:078] Valid states checked so far: 19,600,000, Expansions: 19,599,999, Global best: 103
[00:11:22:19:211] Valid states checked so far: 19,800,000, Expansions: 19,799,999, Global best: 103
[00:11:29:29:463] Valid states checked so far: 20,000,000, Expansions: 19,999,999, Global best: 103
[00:11:36:25:886] Valid states checked so far: 20,200,000, Expansions: 20,199,999, Global best: 103
[00:11:43:31:769] Valid states checked so far: 20,400,000, Expansions: 20,399,999, Global best: 103
[00:11:50:31:600] Valid states checked so far: 20,600,000, Expansions: 20,599,999, Global best: 103
[00:11:58:01:531] Valid states checked so far: 20,800,000, Expansions: 20,799,999, Global best: 103
[00:12:04:59:452] Valid states checked so far: 21,000,000, Expansions: 20,999,999, Global best: 103
[00:12:11:59:037] Valid states checked so far: 21,200,000, Expansions: 21,199,999, Global best: 103
[00:12:18:49:954] Valid states checked so far: 21,400,000, Expansions: 21,399,999, Global best: 103
[00:12:26:23:097] Valid states checked so far: 21,600,000, Expansions: 21,599,999, Global best: 103
[00:12:33:30:106] Valid states checked so far: 21,800,000, Expansions: 21,799,999, Global best: 103
[00:12:40:35:959] Valid states checked so far: 22,000,000, Expansions: 21,999,999, Global best: 103
[00:12:47:36:773] Valid states checked so far: 22,200,000, Expansions: 22,199,999, Global best: 103
[00:12:55:18:679] Valid states checked so far: 22,400,000, Expansions: 22,399,999, Global best: 103
[00:13:02:19:925] Valid states checked so far: 22,600,000, Expansions: 22,599,999, Global best: 103
[00:13:09:05:103] Valid states checked so far: 22,800,000, Expansions: 22,799,999, Global best: 103
[00:13:16:00:267] Valid states checked so far: 23,000,000, Expansions: 22,999,999, Global best: 103
[00:13:23:34:017] Valid states checked so far: 23,200,000, Expansions: 23,199,999, Global best: 103
[00:13:30:29:893] Valid states checked so far: 23,400,000, Expansions: 23,399,999, Global best: 103
[00:13:37:41:893] Valid states checked so far: 23,600,000, Expansions: 23,599,999, Global best: 103
[00:13:44:41:058] Valid states checked so far: 23,800,000, Expansions: 23,799,999, Global best: 103
[00:13:52:28:559] Valid states checked so far: 24,000,000, Expansions: 23,999,999, Global best: 103
[00:13:59:41:535] Valid states checked so far: 24,200,000, Expansions: 24,199,999, Global best: 103
[00:14:06:47:056] Valid states checked so far: 24,400,000, Expansions: 24,399,999, Global best: 103
[00:14:13:54:080] Valid states checked so far: 24,600,000, Expansions: 24,599,999, Global best: 103
[00:14:21:53:813] Valid states checked so far: 24,800,000, Expansions: 24,799,999, Global best: 103
[00:14:29:03:597] Valid states checked so far: 25,000,000, Expansions: 24,999,999, Global best: 103
[00:14:36:04:169] Valid states checked so far: 25,200,000, Expansions: 25,199,999, Global best: 103
[00:14:43:17:888] Valid states checked so far: 25,400,000, Expansions: 25,399,999, Global best: 103
[00:14:50:47:823] Valid states checked so far: 25,600,000, Expansions: 25,599,999, Global best: 103
[00:14:58:39:551] Valid states checked so far: 25,800,000, Expansions: 25,799,999, Global best: 103
[00:15:05:52:255] Valid states checked so far: 26,000,000, Expansions: 25,999,999, Global best: 103
[00:15:13:15:451] Valid states checked so far: 26,200,000, Expansions: 26,199,999, Global best: 103
[00:15:20:42:717] Valid states checked so far: 26,400,000, Expansions: 26,399,999, Global best: 103
[00:15:28:48:594] Valid states checked so far: 26,600,000, Expansions: 26,599,999, Global best: 103
[00:15:35:38:517] Valid states checked so far: 26,800,000, Expansions: 26,799,999, Global best: 103
[00:15:42:14:254] Valid states checked so far: 27,000,000, Expansions: 26,999,999, Global best: 103
[00:15:48:50:691] Valid states checked so far: 27,200,000, Expansions: 27,199,999, Global best: 103
[00:15:55:29:194] Valid states checked so far: 27,400,000, Expansions: 27,399,999, Global best: 103
[00:16:02:10:826] Valid states checked so far: 27,600,000, Expansions: 27,599,999, Global best: 103
[00:16:09:49:438] Valid states checked so far: 27,800,000, Expansions: 27,799,999, Global best: 103
[00:16:16:59:171] Valid states checked so far: 28,000,000, Expansions: 27,999,999, Global best: 103
[00:16:24:00:976] Valid states checked so far: 28,200,000, Expansions: 28,199,999, Global best: 103
[00:16:30:56:519] Valid states checked so far: 28,400,000, Expansions: 28,399,999, Global best: 103
[00:16:37:55:832] Valid states checked so far: 28,600,000, Expansions: 28,599,999, Global best: 103
[00:16:45:20:607] Valid states checked so far: 28,800,000, Expansions: 28,799,999, Global best: 103
[00:16:51:37:821] Valid states checked so far: 29,000,000, Expansions: 28,999,999, Global best: 103
[00:16:58:32:150] Valid states checked so far: 29,200,000, Expansions: 29,199,999, Global best: 103
[00:17:05:19:770] Valid states checked so far: 29,400,000, Expansions: 29,399,999, Global best: 103
[00:17:12:19:125] Valid states checked so far: 29,600,000, Expansions: 29,599,999, Global best: 103
[00:17:19:20:065] Valid states checked so far: 29,800,000, Expansions: 29,799,999, Global best: 103
[00:17:27:03:576] Valid states checked so far: 30,000,000, Expansions: 29,999,999, Global best: 103
[00:17:34:03:569] Valid states checked so far: 30,200,000, Expansions: 30,199,999, Global best: 103
[00:17:41:05:631] Valid states checked so far: 30,400,000, Expansions: 30,399,999, Global best: 103
[00:17:48:00:241] Valid states checked so far: 30,600,000, Expansions: 30,599,999, Global best: 103
[00:17:55:04:775] Valid states checked so far: 30,800,000, Expansions: 30,799,999, Global best: 103
[00:18:02:03:098] Valid states checked so far: 31,000,000, Expansions: 30,999,999, Global best: 103
[00:18:09:49:382] Valid states checked so far: 31,200,000, Expansions: 31,199,999, Global best: 103
[00:18:16:59:043] Valid states checked so far: 31,400,000, Expansions: 31,399,999, Global best: 103
[00:18:24:10:669] Valid states checked so far: 31,600,000, Expansions: 31,599,999, Global best: 103
[00:18:31:24:802] Valid states checked so far: 31,800,000, Expansions: 31,799,999, Global best: 103
[00:18:38:35:441] Valid states checked so far: 32,000,000, Expansions: 31,999,999, Global best: 103
[00:18:46:45:085] Valid states checked so far: 32,200,000, Expansions: 32,199,999, Global best: 103
[00:18:54:02:575] Valid states checked so far: 32,400,000, Expansions: 32,399,999, Global best: 103
[00:19:01:31:512] Valid states checked so far: 32,600,000, Expansions: 32,599,999, Global best: 103
[00:19:08:40:505] Valid states checked so far: 32,800,000, Expansions: 32,799,999, Global best: 103
[00:19:15:28:493] Valid states checked so far: 33,000,000, Expansions: 32,999,999, Global best: 103
[00:19:22:06:959] Valid states checked so far: 33,200,000, Expansions: 33,199,999, Global best: 103
[00:19:29:39:133] Valid states checked so far: 33,400,000, Expansions: 33,399,999, Global best: 103
[00:19:36:26:306] Valid states checked so far: 33,600,000, Expansions: 33,599,999, Global best: 103
[00:19:43:23:413] Valid states checked so far: 33,800,000, Expansions: 33,799,999, Global best: 103
[00:19:50:37:437] Valid states checked so far: 34,000,000, Expansions: 33,999,999, Global best: 103
[00:19:58:11:091] Valid states checked so far: 34,200,000, Expansions: 34,199,999, Global best: 103
[00:20:04:55:730] Valid states checked so far: 34,400,000, Expansions: 34,399,999, Global best: 103
[00:20:12:45:068] Valid states checked so far: 34,600,000, Expansions: 34,599,999, Global best: 103
[00:20:19:47:510] Valid states checked so far: 34,800,000, Expansions: 34,799,999, Global best: 103
[00:20:26:40:529] Valid states checked so far: 35,000,000, Expansions: 34,999,999, Global best: 103
[00:20:33:53:844] Valid states checked so far: 35,200,000, Expansions: 35,199,999, Global best: 103
[00:20:41:21:763] Valid states checked so far: 35,400,000, Expansions: 35,399,999, Global best: 103
[00:20:49:19:099] Valid states checked so far: 35,600,000, Expansions: 35,599,999, Global best: 103
[00:20:57:08:725] Valid states checked so far: 35,800,000, Expansions: 35,799,999, Global best: 103
[00:21:06:19:675] Valid states checked so far: 36,000,000, Expansions: 35,999,999, Global best: 103
[00:21:14:42:090] Valid states checked so far: 36,200,000, Expansions: 36,199,999, Global best: 103
[00:21:23:08:113] Valid states checked so far: 36,400,000, Expansions: 36,399,999, Global best: 103
[00:21:30:14:158] Valid states checked so far: 36,600,000, Expansions: 36,599,999, Global best: 103
[00:21:37:39:310] Valid states checked so far: 36,800,000, Expansions: 36,799,999, Global best: 103
[00:21:45:42:561] Valid states checked so far: 37,000,000, Expansions: 36,999,999, Global best: 103
[00:21:53:28:477] Valid states checked so far: 37,200,000, Expansions: 37,199,999, Global best: 103
[00:22:02:50:474] Valid states checked so far: 37,400,000, Expansions: 37,399,999, Global best: 103
[00:22:11:05:480] Valid states checked so far: 37,600,000, Expansions: 37,599,999, Global best: 103
[00:22:19:26:829] Valid states checked so far: 37,800,000, Expansions: 37,799,999, Global best: 103
[00:22:27:29:378] Valid states checked so far: 38,000,000, Expansions: 37,999,999, Global best: 103
[00:22:35:32:719] Valid states checked so far: 38,200,000, Expansions: 38,199,999, Global best: 103
[00:22:42:28:555] Valid states checked so far: 38,400,000, Expansions: 38,399,999, Global best: 103
[00:22:49:20:515] Valid states checked so far: 38,600,000, Expansions: 38,599,999, Global best: 103
[00:22:57:24:883] Valid states checked so far: 38,800,000, Expansions: 38,799,999, Global best: 103
[00:23:04:23:114] Valid states checked so far: 39,000,000, Expansions: 38,999,999, Global best: 103
[00:23:11:43:386] Valid states checked so far: 39,200,000, Expansions: 39,199,999, Global best: 103
[00:23:19:09:265] Valid states checked so far: 39,400,000, Expansions: 39,399,999, Global best: 103
[00:23:26:19:099] Valid states checked so far: 39,600,000, Expansions: 39,599,999, Global best: 103
[00:23:33:30:638] Valid states checked so far: 39,800,000, Expansions: 39,799,999, Global best: 103
[00:23:40:35:296] Valid states checked so far: 40,000,000, Expansions: 39,999,999, Global best: 103
[00:23:48:55:367] Valid states checked so far: 40,200,000, Expansions: 40,199,999, Global best: 103
[00:23:56:10:571] Valid states checked so far: 40,400,000, Expansions: 40,399,999, Global best: 103
[01:00:03:17:760] Valid states checked so far: 40,600,000, Expansions: 40,599,999, Global best: 103
[01:00:10:20:381] Valid states checked so far: 40,800,000, Expansions: 40,799,999, Global best: 103
[01:00:17:42:393] Valid states checked so far: 41,000,000, Expansions: 40,999,999, Global best: 103
[01:00:24:41:803] Valid states checked so far: 41,200,000, Expansions: 41,199,999, Global best: 103
[01:00:31:17:144] Valid states checked so far: 41,400,000, Expansions: 41,399,999, Global best: 103
[01:00:39:10:637] Valid states checked so far: 41,600,000, Expansions: 41,599,999, Global best: 103
[01:00:45:58:489] Valid states checked so far: 41,800,000, Expansions: 41,799,999, Global best: 103
[01:00:52:46:588] Valid states checked so far: 42,000,000, Expansions: 41,999,999, Global best: 103
[01:00:59:33:780] Valid states checked so far: 42,200,000, Expansions: 42,199,999, Global best: 103
[01:01:06:30:255] Valid states checked so far: 42,400,000, Expansions: 42,399,999, Global best: 103
[01:01:13:11:461] Valid states checked so far: 42,600,000, Expansions: 42,599,999, Global best: 103
[01:01:19:43:690] Valid states checked so far: 42,800,000, Expansions: 42,799,999, Global best: 103
[01:01:26:47:352] Valid states checked so far: 43,000,000, Expansions: 42,999,999, Global best: 103
[01:01:34:56:818] Valid states checked so far: 43,200,000, Expansions: 43,199,999, Global best: 103
[01:01:41:36:815] Valid states checked so far: 43,400,000, Expansions: 43,399,999, Global best: 103
[01:01:48:36:322] Valid states checked so far: 43,600,000, Expansions: 43,599,999, Global best: 103
[01:01:55:31:489] Valid states checked so far: 43,800,000, Expansions: 43,799,999, Global best: 103
[01:02:02:30:954] Valid states checked so far: 44,000,000, Expansions: 43,999,999, Global best: 103
[01:02:09:36:821] Valid states checked so far: 44,200,000, Expansions: 44,199,999, Global best: 103
[01:02:16:22:905] Valid states checked so far: 44,400,000, Expansions: 44,399,999, Global best: 103
[01:02:23:15:909] Valid states checked so far: 44,600,000, Expansions: 44,599,999, Global best: 103
[01:02:30:10:246] Valid states checked so far: 44,800,000, Expansions: 44,799,999, Global best: 103
[01:02:38:31:222] Valid states checked so far: 45,000,000, Expansions: 44,999,999, Global best: 103
[01:02:45:35:780] Valid states checked so far: 45,200,000, Expansions: 45,199,999, Global best: 103
[01:02:52:00:682] Valid states checked so far: 45,400,000, Expansions: 45,399,999, Global best: 103
[01:02:59:31:887] Valid states checked so far: 45,600,000, Expansions: 45,599,999, Global best: 103
[01:03:07:40:382] Valid states checked so far: 45,800,000, Expansions: 45,799,999, Global best: 103
[01:03:15:52:825] Valid states checked so far: 46,000,000, Expansions: 45,999,999, Global best: 103
[01:03:23:21:130] Valid states checked so far: 46,200,000, Expansions: 46,199,999, Global best: 103
[01:03:31:40:666] Valid states checked so far: 46,400,000, Expansions: 46,399,999, Global best: 103
[01:03:44:26:183] Valid states checked so far: 46,600,000, Expansions: 46,599,999, Global best: 103
[01:03:54:46:762] Valid states checked so far: 46,800,000, Expansions: 46,799,999, Global best: 103
[01:04:04:37:418] Valid states checked so far: 47,000,000, Expansions: 46,999,999, Global best: 103
[01:04:14:31:561] Valid states checked so far: 47,200,000, Expansions: 47,199,999, Global best: 103
[01:04:24:09:187] Valid states checked so far: 47,400,000, Expansions: 47,399,999, Global best: 103
[01:04:33:53:309] Valid states checked so far: 47,600,000, Expansions: 47,599,999, Global best: 103
[01:04:43:46:344] Valid states checked so far: 47,800,000, Expansions: 47,799,999, Global best: 103
[01:04:53:47:574] Valid states checked so far: 48,000,000, Expansions: 47,999,999, Global best: 103
[01:05:03:39:689] Valid states checked so far: 48,200,000, Expansions: 48,199,999, Global best: 103
[01:05:15:31:699] Valid states checked so far: 48,400,000, Expansions: 48,399,999, Global best: 103
[01:05:25:13:867] Valid states checked so far: 48,600,000, Expansions: 48,599,999, Global best: 103
[01:05:34:50:749] Valid states checked so far: 48,800,000, Expansions: 48,799,999, Global best: 103
