--------------------------
date: SM_Grids
number_of_graphs: 10
graph_type: grid
size_of_graphs: [9, 9]
heuristic: bcc_heuristic
snake: True
run_uni: True
run_bi: True
run_multi: False
solution_vertices: []
algorithms: ['DFBnB']
bsd: False
cube_first_dims: 4
cube_buffer_dim: None
backward_sym_generation: False
sym_coil: False
prefix_set: None

---------- SM_Grids/9x9_grid_with_random_blocks_8per_0 ----------
[00:00:00:01:188] Expansion 483: New longest path found with length 30: [0, 1, 10, 19, 18, 27, 36, 45, 54, 63, 72, 73, 74, 75, 66, 57, 56, 47, 38, 29, 30, 31, 40, 49, 50, 59, 60, 61, 62, 71, 80]
[00:00:00:01:238] Expansion 500: New longest path found with length 42: [0, 1, 10, 19, 18, 27, 36, 45, 54, 63, 72, 73, 74, 75, 66, 57, 56, 47, 38, 29, 30, 31, 40, 49, 50, 51, 42, 33, 24, 23, 14, 5, 6, 7, 16, 17, 26, 35, 44, 53, 62, 71, 80]
[00:00:00:01:345] Expansion 531: New longest path found with length 46: [0, 1, 10, 19, 18, 27, 36, 45, 54, 63, 72, 73, 74, 75, 66, 57, 56, 47, 38, 29, 30, 31, 40, 41, 42, 33, 24, 23, 14, 5, 6, 7, 16, 17, 26, 35, 44, 53, 52, 61, 60, 59, 68, 77, 78, 79, 80]
[00:00:00:12:407] Expansion 2,677: New longest path found with length 48: [0, 1, 10, 19, 18, 27, 36, 37, 38, 29, 30, 31, 22, 13, 4, 5, 6, 7, 8, 17, 26, 25, 24, 33, 42, 43, 44, 53, 62, 61, 60, 59, 50, 49, 48, 57, 56, 55, 54, 63, 72, 73, 74, 75, 76, 77, 78, 79, 80]
[00:00:02:12:868] Path of length 48 found: [0, 1, 10, 19, 18, 27, 36, 37, 38, 29, 30, 31, 22, 13, 4, 5, 6, 7, 8, 17, 26, 25, 24, 33, 42, 43, 44, 53, 62, 61, 60, 59, 50, 49, 48, 57, 56, 55, 54, 63, 72, 73, 74, 75, 76, 77, 78, 79, 80]
[00:00:02:12:869] ! Unidirectional s-t. expansions: 23,999, time: 132,868 [ms], path length: 48 [edges], generated: 41,523
[00:00:00:00:229] Expansion 39: New longest path found with length 40: [80, 71, 62, 53, 44, 35, 34, 25, 16, 7, 6, 5, 4, 3, 2, 11, 20, 29, 30, 31, 32, 41, 42, 51, 60, 59, 68, 77, 76, 75, 66, 57, 48, 47, 46, 37, 36, 27, 18, 9, 0]
[00:00:00:00:265] Expansion 53: New longest path found with length 42: [80, 71, 62, 53, 44, 35, 34, 25, 16, 7, 6, 5, 4, 3, 2, 11, 20, 29, 30, 31, 32, 41, 42, 51, 60, 59, 68, 77, 76, 75, 74, 73, 72, 63, 54, 55, 46, 37, 36, 27, 18, 9, 0]
[00:00:00:11:676] Expansion 3,225: New longest path found with length 44: [80, 71, 62, 53, 44, 35, 34, 25, 16, 7, 6, 5, 4, 13, 22, 23, 32, 41, 50, 51, 60, 69, 78, 77, 76, 75, 74, 73, 64, 55, 56, 57, 48, 39, 38, 37, 36, 27, 18, 19, 20, 11, 2, 1, 0]
[00:00:00:11:762] Expansion 3,253: New longest path found with length 46: [80, 71, 62, 53, 44, 35, 34, 25, 16, 7, 6, 5, 4, 13, 22, 23, 32, 41, 50, 51, 60, 69, 78, 77, 76, 75, 74, 73, 72, 63, 54, 55, 56, 57, 48, 39, 38, 37, 36, 27, 18, 19, 20, 11, 2, 1, 0]
[00:00:00:36:335] Expansion 8,546: New longest path found with length 48: [80, 71, 62, 53, 44, 35, 26, 17, 8, 7, 6, 5, 4, 13, 22, 23, 24, 33, 42, 41, 50, 59, 60, 69, 78, 77, 76, 75, 74, 73, 72, 63, 54, 55, 56, 57, 48, 39, 38, 37, 36, 27, 18, 19, 20, 11, 2, 1, 0]
[00:00:03:17:365] Path of length 48 found: [80, 71, 62, 53, 44, 35, 26, 17, 8, 7, 6, 5, 4, 13, 22, 23, 24, 33, 42, 41, 50, 59, 60, 69, 78, 77, 76, 75, 74, 73, 72, 63, 54, 55, 56, 57, 48, 39, 38, 37, 36, 27, 18, 19, 20, 11, 2, 1, 0]
[00:00:03:17:365] ! Unidirectional t-s. expansions: 38,477, time: 197,365 [ms], path length: 48 [edges], generated: 64,449
[00:00:00:00:252] Expansion 45: New longest path found with length 46: [0, 1, 10, 19, 18, 27, 36, 37, 38, 29, 30, 31, 40, 49, 48, 57, 56, 55, 54, 63, 72, 73, 74, 75, 76, 67, 68, 59, 60, 51, 42, 33, 24, 23, 14, 5, 6, 7, 8, 17, 26, 35, 44, 53, 62, 71, 80]
[00:00:00:50:628] Expansion 9,936: New longest path found with length 48: [0, 1, 2, 11, 20, 19, 18, 27, 36, 37, 38, 39, 48, 57, 56, 55, 54, 63, 72, 73, 74, 75, 76, 77, 78, 69, 60, 59, 50, 41, 32, 31, 22, 13, 4, 5, 6, 7, 8, 17, 26, 25, 34, 43, 44, 53, 62, 71, 80]
[00:00:02:49:038] Path of length 48 found: [0, 1, 2, 11, 20, 19, 18, 27, 36, 37, 38, 39, 48, 57, 56, 55, 54, 63, 72, 73, 74, 75, 76, 77, 78, 69, 60, 59, 50, 41, 32, 31, 22, 13, 4, 5, 6, 7, 8, 17, 26, 25, 34, 43, 44, 53, 62, 71, 80]
[00:00:02:49:592] ! Bidirectional. expansions: 30,417, time: 169,038 [ms], path length: 48 [edges], g_F: 25, g_B: 23, generated: {'F': 26,503, 'B': 25,025}, MM: 2, MMPER: 3.0816326530612246%
[00:00:02:49:592] 
---------- SM_Grids/9x9_grid_with_random_blocks_8per_1 ----------
[00:00:00:00:327] Expansion 63: New longest path found with length 30: [0, 9, 18, 27, 36, 45, 46, 47, 48, 39, 30, 29, 20, 11, 2, 3, 4, 13, 22, 23, 32, 41, 42, 43, 44, 53, 62, 61, 70, 79, 80]
[00:00:00:00:359] Expansion 74: New longest path found with length 36: [0, 9, 18, 27, 36, 45, 46, 47, 48, 39, 30, 29, 20, 11, 2, 3, 4, 13, 22, 23, 32, 41, 42, 43, 44, 53, 62, 61, 60, 59, 58, 67, 76, 77, 78, 79, 80]
[00:00:00:00:600] Expansion 129: New longest path found with length 38: [0, 9, 18, 27, 36, 45, 46, 47, 48, 39, 30, 29, 20, 11, 2, 3, 4, 13, 22, 23, 32, 33, 34, 35, 44, 53, 52, 51, 50, 59, 58, 67, 76, 77, 78, 69, 70, 71, 80]
[00:00:00:00:937] Expansion 212: New longest path found with length 42: [0, 9, 18, 27, 36, 45, 46, 47, 48, 39, 30, 29, 20, 11, 2, 3, 4, 13, 22, 23, 24, 15, 6, 7, 8, 17, 26, 35, 34, 43, 42, 41, 50, 59, 58, 67, 76, 77, 78, 69, 70, 71, 80]
[00:00:00:16:844] Expansion 3,694: New longest path found with length 44: [0, 9, 18, 27, 36, 45, 46, 47, 48, 57, 66, 75, 76, 77, 78, 69, 60, 59, 50, 41, 40, 31, 30, 29, 20, 11, 2, 3, 4, 13, 14, 15, 6, 7, 8, 17, 26, 25, 34, 43, 52, 53, 62, 71, 80]
[00:00:02:21:165] Path of length 44 found: [0, 9, 18, 27, 36, 45, 46, 47, 48, 57, 66, 75, 76, 77, 78, 69, 60, 59, 50, 41, 40, 31, 30, 29, 20, 11, 2, 3, 4, 13, 14, 15, 6, 7, 8, 17, 26, 25, 34, 43, 52, 53, 62, 71, 80]
[00:00:02:21:166] ! Unidirectional s-t. expansions: 28,666, time: 141,165 [ms], path length: 44 [edges], generated: 49,248
[00:00:00:00:413] Expansion 39: New longest path found with length 40: [80, 71, 62, 53, 44, 35, 34, 25, 16, 7, 6, 5, 4, 3, 2, 11, 20, 29, 30, 31, 40, 41, 50, 51, 60, 69, 78, 77, 76, 75, 66, 57, 48, 47, 46, 37, 36, 27, 18, 9, 0]
[00:00:00:34:244] Expansion 8,108: New longest path found with length 42: [80, 71, 62, 53, 44, 35, 26, 17, 8, 7, 6, 15, 14, 13, 4, 3, 2, 11, 20, 29, 30, 31, 40, 41, 50, 51, 60, 69, 78, 77, 76, 75, 66, 57, 48, 47, 46, 37, 36, 27, 18, 9, 0]
[00:00:00:39:683] Expansion 9,253: New longest path found with length 44: [80, 71, 62, 53, 44, 35, 26, 17, 8, 7, 6, 15, 24, 33, 42, 41, 50, 59, 60, 69, 78, 77, 76, 75, 66, 57, 48, 47, 46, 37, 36, 27, 18, 19, 20, 29, 30, 31, 22, 13, 4, 3, 2, 1, 0]
[00:00:04:06:502] Path of length 44 found: [80, 71, 62, 53, 44, 35, 26, 17, 8, 7, 6, 15, 24, 33, 42, 41, 50, 59, 60, 69, 78, 77, 76, 75, 66, 57, 48, 47, 46, 37, 36, 27, 18, 19, 20, 29, 30, 31, 22, 13, 4, 3, 2, 1, 0]
[00:00:04:06:503] ! Unidirectional t-s. expansions: 45,822, time: 246,502 [ms], path length: 44 [edges], generated: 80,935
[00:00:00:00:241] Expansion 39: New longest path found with length 40: [0, 9, 18, 27, 36, 45, 46, 47, 48, 57, 66, 75, 76, 77, 78, 69, 60, 51, 42, 41, 32, 31, 30, 29, 20, 11, 2, 3, 4, 5, 6, 7, 16, 25, 34, 35, 44, 53, 62, 71, 80]
[00:00:00:02:234] Expansion 578: New longest path found with length 42: [0, 9, 18, 27, 36, 45, 46, 47, 48, 57, 66, 75, 76, 77, 78, 69, 60, 59, 50, 41, 32, 31, 30, 29, 20, 11, 2, 3, 4, 13, 14, 15, 6, 7, 8, 17, 26, 35, 44, 53, 62, 71, 80]
[00:00:00:02:372] Expansion 616: New longest path found with length 44: [0, 9, 18, 27, 36, 45, 46, 47, 48, 57, 66, 75, 76, 77, 78, 69, 60, 59, 50, 41, 42, 33, 24, 23, 22, 31, 30, 29, 20, 11, 2, 3, 4, 5, 6, 7, 8, 17, 26, 35, 44, 53, 62, 71, 80]
[00:00:01:25:508] Path of length 44 found: [0, 9, 18, 27, 36, 45, 46, 47, 48, 57, 66, 75, 76, 77, 78, 69, 60, 59, 50, 41, 42, 33, 24, 23, 22, 31, 30, 29, 20, 11, 2, 3, 4, 5, 6, 7, 8, 17, 26, 35, 44, 53, 62, 71, 80]
[00:00:01:26:041] ! Bidirectional. expansions: 13,639, time: 85,508 [ms], path length: 44 [edges], g_F: 23, g_B: 21, generated: {'F': 12,788, 'B': 13,131}, MM: 2, MMPER: 3.4444444444444446%
[00:00:01:26:042] 
---------- SM_Grids/9x9_grid_with_random_blocks_8per_2 ----------
[00:00:00:00:235] Expansion 41: New longest path found with length 42: [0, 9, 18, 27, 36, 45, 54, 63, 72, 73, 74, 65, 56, 47, 38, 39, 30, 31, 22, 13, 4, 5, 6, 7, 16, 25, 34, 35, 44, 53, 52, 51, 50, 49, 58, 67, 76, 77, 78, 69, 70, 71, 80]
[00:00:00:00:899] Expansion 234: New longest path found with length 44: [0, 9, 18, 27, 36, 45, 54, 63, 72, 73, 74, 65, 56, 47, 38, 39, 30, 21, 20, 11, 2, 3, 4, 5, 6, 7, 16, 25, 26, 35, 44, 53, 52, 51, 50, 49, 58, 67, 76, 77, 78, 69, 70, 71, 80]
[00:00:02:39:048] Expansion 35,642: New longest path found with length 48: [0, 9, 18, 27, 36, 37, 38, 39, 48, 57, 56, 55, 54, 63, 72, 73, 74, 75, 76, 67, 68, 59, 50, 51, 42, 33, 32, 31, 22, 21, 20, 11, 2, 3, 4, 5, 6, 7, 16, 25, 26, 35, 44, 53, 62, 61, 70, 79, 80]
[00:00:03:41:911] Path of length 48 found: [0, 9, 18, 27, 36, 37, 38, 39, 48, 57, 56, 55, 54, 63, 72, 73, 74, 75, 76, 67, 68, 59, 50, 51, 42, 33, 32, 31, 22, 21, 20, 11, 2, 3, 4, 5, 6, 7, 16, 25, 26, 35, 44, 53, 62, 61, 70, 79, 80]
[00:00:03:41:912] ! Unidirectional s-t. expansions: 46,020, time: 221,912 [ms], path length: 48 [edges], generated: 76,412
[00:00:01:18:578] Expansion 28,318: New longest path found with length 18: [80, 71, 62, 53, 44, 35, 26, 25, 16, 7, 6, 5, 4, 13, 12, 11, 10, 9, 0]
[00:00:01:41:702] Expansion 36,658: New longest path found with length 20: [80, 71, 62, 53, 44, 35, 26, 25, 16, 7, 6, 5, 4, 13, 12, 11, 20, 19, 18, 9, 0]
[00:00:02:16:346] Expansion 48,710: New longest path found with length 40: [80, 71, 62, 53, 44, 35, 26, 25, 16, 7, 6, 5, 4, 13, 12, 11, 20, 29, 30, 31, 32, 33, 42, 51, 50, 49, 48, 47, 56, 65, 74, 73, 72, 63, 54, 45, 36, 27, 18, 9, 0]
[00:00:02:16:394] Expansion 48,726: New longest path found with length 42: [80, 71, 62, 53, 44, 35, 26, 25, 16, 7, 6, 5, 4, 13, 12, 11, 20, 29, 30, 31, 32, 33, 42, 51, 50, 49, 48, 57, 66, 65, 74, 73, 72, 63, 54, 55, 46, 37, 36, 27, 18, 9, 0]
[00:00:02:32:312] Expansion 52,567: New longest path found with length 44: [80, 71, 62, 53, 44, 35, 26, 25, 16, 7, 6, 5, 4, 3, 12, 21, 22, 31, 32, 33, 42, 51, 50, 59, 68, 77, 76, 75, 74, 73, 72, 63, 54, 55, 56, 57, 48, 39, 38, 29, 28, 19, 10, 9, 0]
[00:00:02:35:330] Expansion 53,267: New longest path found with length 46: [80, 71, 62, 53, 44, 35, 26, 25, 16, 7, 6, 5, 4, 3, 2, 11, 20, 21, 22, 31, 32, 33, 42, 51, 50, 59, 68, 67, 76, 75, 74, 73, 72, 63, 54, 55, 56, 57, 48, 39, 38, 37, 28, 27, 18, 9, 0]
[00:00:03:44:801] Expansion 64,776: New longest path found with length 48: [80, 71, 70, 69, 78, 77, 76, 67, 58, 49, 48, 47, 56, 65, 74, 73, 72, 63, 54, 45, 36, 37, 28, 29, 30, 21, 22, 23, 32, 41, 42, 51, 52, 53, 44, 35, 26, 25, 16, 7, 6, 5, 4, 3, 2, 11, 10, 9, 0]
[00:00:05:11:711] Path of length 48 found: [80, 71, 70, 69, 78, 77, 76, 67, 58, 49, 48, 47, 56, 65, 74, 73, 72, 63, 54, 45, 36, 37, 28, 29, 30, 21, 22, 23, 32, 41, 42, 51, 52, 53, 44, 35, 26, 25, 16, 7, 6, 5, 4, 3, 2, 11, 10, 9, 0]
[00:00:05:11:712] ! Unidirectional t-s. expansions: 78,927, time: 311,711 [ms], path length: 48 [edges], generated: 124,653
[00:00:00:00:243] Expansion 39: New longest path found with length 40: [0, 9, 10, 11, 2, 3, 4, 5, 6, 7, 16, 25, 34, 33, 32, 23, 22, 21, 30, 29, 28, 37, 46, 55, 54, 63, 72, 73, 74, 75, 66, 67, 58, 49, 50, 51, 52, 53, 62, 71, 80]
[00:00:00:22:307] Expansion 5,138: New longest path found with length 42: [0, 9, 10, 11, 20, 29, 30, 39, 48, 47, 46, 45, 54, 63, 72, 73, 74, 65, 66, 67, 58, 59, 50, 51, 42, 33, 32, 23, 22, 13, 4, 5, 6, 7, 16, 25, 26, 35, 44, 53, 62, 71, 80]
[00:00:01:00:941] Expansion 13,520: New longest path found with length 44: [0, 9, 10, 19, 28, 27, 36, 45, 54, 63, 72, 73, 74, 75, 76, 77, 68, 59, 58, 57, 56, 47, 38, 39, 30, 21, 12, 3, 4, 5, 6, 7, 16, 25, 24, 23, 32, 41, 42, 51, 52, 53, 62, 71, 80]
[00:00:01:23:276] Expansion 17,617: New longest path found with length 46: [0, 9, 10, 11, 2, 3, 4, 5, 6, 7, 16, 25, 26, 35, 44, 53, 52, 51, 42, 33, 32, 23, 22, 21, 30, 29, 28, 27, 36, 45, 54, 63, 72, 73, 74, 65, 56, 57, 58, 67, 76, 77, 78, 69, 70, 71, 80]
[00:00:01:23:518] Expansion 17,674: New longest path found with length 48: [0, 9, 10, 11, 2, 3, 4, 5, 6, 7, 16, 25, 34, 35, 44, 53, 52, 51, 42, 41, 32, 23, 22, 21, 30, 29, 28, 27, 36, 45, 54, 63, 72, 73, 74, 65, 56, 47, 48, 49, 58, 67, 76, 77, 78, 69, 70, 71, 80]
[00:00:02:16:619] Path of length 48 found: [0, 9, 10, 11, 2, 3, 4, 5, 6, 7, 16, 25, 34, 35, 44, 53, 52, 51, 42, 41, 32, 23, 22, 21, 30, 29, 28, 27, 36, 45, 54, 63, 72, 73, 74, 65, 56, 47, 48, 49, 58, 67, 76, 77, 78, 69, 70, 71, 80]
[00:00:02:17:184] ! Bidirectional. expansions: 25,515, time: 136,619 [ms], path length: 48 [edges], g_F: 25, g_B: 23, generated: {'F': 22,857, 'B': 23,422}, MM: 2, MMPER: 3.0816326530612246%
[00:00:02:17:184] 
---------- SM_Grids/9x9_grid_with_random_blocks_8per_3 ----------
[00:00:00:00:227] Expansion 35: New longest path found with length 36: [0, 9, 10, 19, 28, 27, 36, 45, 54, 63, 72, 73, 74, 65, 56, 47, 38, 39, 30, 21, 12, 3, 4, 5, 6, 15, 24, 33, 32, 41, 50, 51, 52, 53, 62, 71, 80]
[00:00:00:00:281] Expansion 55: New longest path found with length 40: [0, 9, 10, 19, 28, 27, 36, 45, 54, 63, 72, 73, 74, 65, 56, 47, 38, 39, 30, 21, 12, 3, 4, 5, 6, 15, 24, 33, 32, 41, 50, 49, 58, 67, 76, 77, 78, 69, 70, 71, 80]
[00:00:00:00:326] Expansion 71: New longest path found with length 44: [0, 9, 10, 19, 28, 27, 36, 45, 54, 63, 72, 73, 74, 65, 56, 47, 38, 39, 30, 21, 12, 3, 4, 5, 6, 15, 24, 33, 34, 35, 44, 53, 52, 51, 50, 49, 58, 67, 76, 77, 78, 69, 70, 71, 80]
[00:00:05:24:825] Expansion 71,256: New longest path found with length 46: [0, 9, 18, 27, 28, 37, 46, 45, 54, 63, 72, 73, 74, 65, 56, 57, 58, 67, 76, 77, 78, 69, 60, 51, 50, 41, 40, 31, 30, 21, 20, 11, 2, 3, 4, 13, 14, 15, 24, 33, 34, 43, 44, 53, 62, 71, 80]
[00:00:09:12:156] Path of length 46 found: [0, 9, 18, 27, 28, 37, 46, 45, 54, 63, 72, 73, 74, 65, 56, 57, 58, 67, 76, 77, 78, 69, 60, 51, 50, 41, 40, 31, 30, 21, 20, 11, 2, 3, 4, 13, 14, 15, 24, 33, 34, 43, 44, 53, 62, 71, 80]
[00:00:09:12:156] ! Unidirectional s-t. expansions: 113,542, time: 552,156 [ms], path length: 46 [edges], generated: 189,725
[00:00:00:00:137] Expansion 17: New longest path found with length 18: [80, 71, 62, 53, 44, 35, 34, 25, 16, 7, 6, 5, 14, 13, 12, 3, 2, 1, 0]
[00:00:01:23:163] Expansion 32,061: New longest path found with length 22: [80, 71, 62, 53, 44, 35, 34, 25, 16, 7, 6, 5, 14, 13, 12, 11, 20, 29, 28, 27, 18, 9, 0]
[00:00:01:30:920] Expansion 34,684: New longest path found with length 44: [80, 71, 62, 53, 44, 35, 34, 25, 16, 7, 6, 5, 14, 13, 12, 11, 20, 29, 30, 39, 40, 41, 50, 51, 60, 69, 78, 77, 76, 67, 58, 57, 56, 65, 74, 73, 72, 63, 54, 45, 36, 27, 18, 9, 0]
[00:00:01:33:877] Expansion 35,372: New longest path found with length 46: [80, 71, 62, 53, 44, 35, 34, 25, 16, 7, 6, 5, 4, 3, 2, 11, 20, 21, 30, 31, 40, 41, 50, 51, 60, 69, 78, 77, 76, 67, 58, 57, 56, 65, 74, 73, 72, 63, 54, 45, 46, 37, 28, 27, 18, 9, 0]
[00:00:07:18:570] Path of length 46 found: [80, 71, 62, 53, 44, 35, 34, 25, 16, 7, 6, 5, 4, 3, 2, 11, 20, 21, 30, 31, 40, 41, 50, 51, 60, 69, 78, 77, 76, 67, 58, 57, 56, 65, 74, 73, 72, 63, 54, 45, 46, 37, 28, 27, 18, 9, 0]
[00:00:07:18:571] ! Unidirectional t-s. expansions: 102,596, time: 438,570 [ms], path length: 46 [edges], generated: 166,051
[00:00:00:00:224] Expansion 33: New longest path found with length 34: [0, 9, 10, 19, 28, 27, 36, 45, 54, 63, 72, 73, 74, 65, 56, 47, 38, 39, 30, 21, 12, 3, 4, 5, 6, 7, 16, 25, 34, 35, 44, 53, 62, 71, 80]
[00:00:00:00:267] Expansion 51: New longest path found with length 38: [0, 9, 10, 19, 28, 27, 36, 45, 54, 63, 72, 73, 74, 65, 56, 47, 48, 49, 50, 41, 32, 31, 30, 21, 12, 3, 4, 5, 6, 7, 16, 25, 34, 35, 44, 53, 62, 71, 80]
[00:00:00:00:311] Expansion 65: New longest path found with length 44: [0, 9, 10, 19, 28, 27, 36, 45, 54, 63, 72, 73, 74, 65, 56, 57, 58, 67, 76, 77, 78, 69, 60, 51, 50, 41, 40, 39, 30, 21, 12, 3, 4, 5, 6, 7, 16, 25, 34, 35, 44, 53, 62, 71, 80]
[00:00:01:59:259] Expansion 24,679: New longest path found with length 46: [0, 9, 18, 27, 28, 37, 46, 45, 54, 63, 72, 73, 74, 65, 56, 57, 58, 67, 76, 77, 78, 69, 60, 51, 50, 41, 40, 39, 30, 21, 20, 11, 2, 3, 4, 5, 6, 15, 24, 33, 34, 35, 44, 53, 62, 71, 80]
[00:00:05:04:762] Path of length 46 found: [0, 9, 18, 27, 28, 37, 46, 45, 54, 63, 72, 73, 74, 65, 56, 57, 58, 67, 76, 77, 78, 69, 60, 51, 50, 41, 40, 39, 30, 21, 20, 11, 2, 3, 4, 5, 6, 15, 24, 33, 34, 35, 44, 53, 62, 71, 80]
[00:00:05:05:288] ! Bidirectional. expansions: 55,901, time: 304,762 [ms], path length: 46 [edges], g_F: 24, g_B: 22, generated: {'F': 49,404, 'B': 49,455}, MM: 2, MMPER: 3.25531914893617%
[00:00:05:05:289] 
---------- SM_Grids/9x9_grid_with_random_blocks_8per_4 ----------
[00:00:00:00:138] Expansion 17: New longest path found with length 18: [0, 9, 18, 19, 20, 11, 12, 13, 22, 23, 32, 41, 42, 43, 44, 53, 62, 71, 80]
[00:00:00:00:220] Expansion 38: New longest path found with length 34: [0, 9, 18, 19, 20, 11, 12, 13, 22, 23, 32, 41, 42, 51, 60, 59, 58, 49, 48, 39, 38, 37, 36, 45, 54, 63, 72, 73, 74, 75, 76, 77, 78, 79, 80]
[00:00:00:02:144] Expansion 573: New longest path found with length 36: [0, 9, 18, 19, 20, 11, 12, 13, 22, 23, 32, 33, 42, 51, 50, 49, 58, 57, 56, 47, 38, 37, 36, 45, 54, 63, 72, 73, 74, 75, 76, 77, 68, 69, 70, 79, 80]
[00:00:00:02:466] Expansion 639: New longest path found with length 38: [0, 9, 18, 19, 20, 11, 12, 13, 22, 23, 24, 25, 26, 35, 44, 43, 42, 41, 40, 39, 48, 47, 46, 45, 54, 63, 72, 73, 74, 75, 76, 67, 58, 59, 60, 69, 78, 79, 80]
[00:00:00:02:636] Expansion 689: New longest path found with length 40: [0, 9, 18, 19, 20, 11, 12, 13, 22, 23, 24, 25, 26, 35, 44, 43, 42, 41, 40, 39, 38, 37, 36, 45, 54, 63, 72, 73, 74, 65, 56, 57, 58, 67, 76, 77, 78, 69, 70, 71, 80]
[00:00:00:04:714] Expansion 1,138: New longest path found with length 42: [0, 9, 18, 19, 20, 11, 12, 13, 14, 5, 6, 7, 16, 25, 26, 35, 44, 43, 42, 41, 40, 39, 38, 37, 36, 45, 54, 63, 72, 73, 74, 65, 56, 57, 58, 67, 76, 77, 78, 69, 70, 71, 80]
[00:00:00:13:463] Expansion 2,984: New longest path found with length 44: [0, 9, 18, 19, 20, 29, 30, 39, 40, 49, 58, 57, 56, 47, 46, 45, 54, 63, 72, 73, 74, 75, 76, 77, 68, 69, 60, 51, 42, 33, 24, 23, 14, 5, 6, 7, 16, 17, 26, 35, 44, 53, 62, 71, 80]
[00:00:00:20:125] Expansion 4,150: New longest path found with length 46: [0, 9, 18, 19, 20, 21, 30, 39, 38, 37, 36, 45, 54, 63, 72, 73, 74, 65, 56, 57, 58, 67, 76, 77, 78, 69, 60, 51, 50, 41, 32, 23, 14, 5, 6, 7, 8, 17, 26, 25, 34, 43, 44, 53, 62, 71, 80]
