--------------------------
date: SM_Grids
number_of_graphs: 10
graph_type: grid
size_of_graphs: [8, 9]
heuristic: bcc_heuristic
snake: True
run_uni: True
run_bi: True
run_multi: False
solution_vertices: []
algorithms: ['DFBnB']
bsd: False
cube_first_dims: 4
cube_buffer_dim: None
backward_sym_generation: False
sym_coil: False
prefix_set: None

---------- SM_Grids/8x9_grid_with_random_blocks_16per_0 ----------
[00:00:00:00:124] Expansion 38: New longest path found with length 39: [0, 9, 10, 19, 28, 27, 36, 45, 54, 63, 64, 65, 56, 47, 38, 39, 30, 21, 12, 3, 4, 5, 6, 15, 16, 25, 34, 33, 32, 41, 50, 49, 58, 67, 68, 69, 60, 61, 62, 71]
[00:00:00:03:336] Path of length 39 found: [0, 9, 10, 19, 28, 27, 36, 45, 54, 63, 64, 65, 56, 47, 38, 39, 30, 21, 12, 3, 4, 5, 6, 15, 16, 25, 34, 33, 32, 41, 50, 49, 58, 67, 68, 69, 60, 61, 62, 71]
[00:00:00:03:336] ! Unidirectional s-t. expansions: 790, time: 3,336 [ms], path length: 39 [edges], generated: 1,389
[00:00:00:00:525] Expansion 250: New longest path found with length 19: [71, 62, 61, 52, 51, 42, 33, 24, 25, 16, 7, 6, 5, 4, 3, 2, 11, 10, 9, 0]
[00:00:00:01:560] Expansion 696: New longest path found with length 21: [71, 62, 61, 52, 51, 42, 33, 24, 25, 16, 7, 6, 5, 4, 3, 12, 21, 20, 19, 10, 1, 0]
[00:00:00:01:913] Expansion 836: New longest path found with length 35: [71, 62, 61, 52, 51, 42, 33, 24, 25, 16, 7, 6, 5, 4, 3, 12, 21, 30, 31, 40, 49, 58, 67, 66, 65, 56, 55, 54, 45, 36, 27, 28, 19, 10, 1, 0]
[00:00:00:02:715] Expansion 1,034: New longest path found with length 37: [71, 62, 61, 52, 51, 50, 59, 58, 67, 66, 65, 56, 55, 54, 45, 36, 27, 28, 29, 38, 39, 40, 31, 32, 33, 24, 25, 16, 7, 6, 5, 4, 3, 2, 11, 10, 9, 0]
[00:00:00:04:441] Expansion 1,457: New longest path found with length 39: [71, 62, 61, 60, 69, 68, 67, 58, 49, 50, 41, 42, 33, 24, 25, 16, 7, 6, 5, 4, 3, 12, 21, 30, 39, 38, 47, 56, 65, 64, 63, 54, 45, 36, 27, 28, 19, 10, 1, 0]
[00:00:00:08:460] Path of length 39 found: [71, 62, 61, 60, 69, 68, 67, 58, 49, 50, 41, 42, 33, 24, 25, 16, 7, 6, 5, 4, 3, 12, 21, 30, 39, 38, 47, 56, 65, 64, 63, 54, 45, 36, 27, 28, 19, 10, 1, 0]
[00:00:00:08:461] ! Unidirectional t-s. expansions: 2,310, time: 8,460 [ms], path length: 39 [edges], generated: 3,762
[00:00:00:00:151] Expansion 34: New longest path found with length 35: [0, 9, 10, 19, 28, 27, 36, 45, 54, 63, 64, 65, 66, 67, 58, 49, 40, 31, 30, 21, 12, 3, 4, 5, 6, 7, 16, 25, 34, 33, 42, 51, 52, 61, 62, 71]
[00:00:00:00:664] Expansion 166: New longest path found with length 37: [0, 9, 10, 19, 20, 21, 12, 3, 4, 5, 6, 7, 16, 25, 24, 23, 32, 31, 40, 39, 38, 37, 36, 45, 54, 55, 56, 65, 66, 67, 58, 59, 50, 51, 52, 61, 62, 71]
[00:00:00:00:805] Expansion 207: New longest path found with length 39: [0, 9, 10, 19, 28, 27, 36, 45, 54, 63, 64, 65, 56, 47, 38, 39, 30, 21, 12, 3, 4, 5, 6, 7, 16, 25, 34, 33, 42, 41, 50, 49, 58, 67, 68, 69, 60, 61, 62, 71]
[00:00:00:03:269] Path of length 39 found: [0, 9, 10, 19, 28, 27, 36, 45, 54, 63, 64, 65, 56, 47, 38, 39, 30, 21, 12, 3, 4, 5, 6, 7, 16, 25, 34, 33, 42, 41, 50, 49, 58, 67, 68, 69, 60, 61, 62, 71]
[00:00:00:03:778] ! Bidirectional. expansions: 654, time: 3,269 [ms], path length: 39 [edges], g_F: 20, g_B: 19, generated: {'F': 511, 'B': 603}, MM: 1, MMPER: 1.5%
[00:00:00:03:778] 
---------- SM_Grids/8x9_grid_with_random_blocks_16per_1 ----------
[00:00:00:00:138] Expansion 28: New longest path found with length 29: [0, 1, 10, 19, 28, 29, 38, 47, 56, 57, 58, 49, 40, 41, 32, 23, 14, 15, 16, 17, 26, 35, 34, 43, 52, 51, 60, 69, 70, 71]
[00:00:00:36:106] Path of length 29 found: [0, 1, 10, 19, 28, 29, 38, 47, 56, 57, 58, 49, 40, 41, 32, 23, 14, 15, 16, 17, 26, 35, 34, 43, 52, 51, 60, 69, 70, 71]
[00:00:00:36:106] ! Unidirectional s-t. expansions: 9,254, time: 36,106 [ms], path length: 29 [edges], generated: 17,073
[00:00:00:00:119] Expansion 23: New longest path found with length 21: [71, 70, 69, 68, 59, 50, 49, 48, 47, 38, 29, 30, 31, 32, 23, 14, 13, 12, 11, 10, 1, 0]
[00:00:00:00:323] Expansion 73: New longest path found with length 25: [71, 70, 69, 68, 59, 50, 51, 52, 53, 44, 35, 26, 17, 16, 15, 24, 23, 22, 31, 30, 29, 28, 27, 18, 9, 0]
[00:00:00:00:359] Expansion 86: New longest path found with length 27: [71, 70, 69, 68, 59, 50, 51, 52, 53, 44, 35, 26, 17, 16, 15, 24, 23, 22, 31, 40, 39, 38, 29, 28, 27, 18, 9, 0]
[00:00:00:03:249] Expansion 893: New longest path found with length 29: [71, 70, 69, 60, 51, 52, 53, 44, 35, 26, 17, 16, 15, 24, 23, 22, 31, 40, 49, 58, 57, 56, 47, 38, 29, 28, 27, 18, 9, 0]
[00:00:00:28:818] Path of length 29 found: [71, 70, 69, 60, 51, 52, 53, 44, 35, 26, 17, 16, 15, 24, 23, 22, 31, 40, 49, 58, 57, 56, 47, 38, 29, 28, 27, 18, 9, 0]
[00:00:00:28:818] ! Unidirectional t-s. expansions: 7,974, time: 28,818 [ms], path length: 29 [edges], generated: 14,840
[00:00:00:00:092] Expansion 14: New longest path found with length 15: [0, 1, 10, 19, 28, 29, 30, 31, 32, 41, 50, 51, 60, 61, 62, 71]
[00:00:00:00:382] Expansion 161: New longest path found with length 17: [0, 1, 10, 19, 28, 29, 38, 47, 56, 57, 58, 49, 50, 51, 60, 61, 62, 71]
[00:00:00:00:696] Expansion 233: New longest path found with length 29: [0, 1, 10, 19, 28, 29, 38, 47, 56, 57, 58, 59, 50, 41, 32, 31, 22, 13, 14, 15, 16, 17, 26, 35, 44, 43, 52, 61, 62, 71]
[00:00:00:29:861] Path of length 29 found: [0, 1, 10, 19, 28, 29, 38, 47, 56, 57, 58, 59, 50, 41, 32, 31, 22, 13, 14, 15, 16, 17, 26, 35, 44, 43, 52, 61, 62, 71]
[00:00:00:30:341] ! Bidirectional. expansions: 6,224, time: 29,861 [ms], path length: 29 [edges], g_F: 15, g_B: 14, generated: {'F': 6,928, 'B': 5,450}, MM: 1, MMPER: 2.3333333333333335%
[00:00:00:30:342] 
---------- SM_Grids/8x9_grid_with_random_blocks_16per_2 ----------
[00:00:00:00:138] Expansion 32: New longest path found with length 33: [0, 9, 18, 27, 36, 45, 46, 55, 64, 65, 66, 57, 58, 49, 40, 39, 38, 29, 20, 11, 2, 3, 4, 13, 22, 23, 32, 33, 34, 43, 52, 61, 70, 71]
[00:00:00:00:178] Expansion 49: New longest path found with length 37: [0, 9, 18, 27, 36, 45, 46, 55, 64, 65, 66, 57, 58, 49, 40, 39, 38, 29, 20, 11, 2, 3, 4, 13, 14, 15, 16, 17, 26, 35, 34, 33, 42, 51, 52, 61, 70, 71]
[00:00:00:04:835] Expansion 1,200: New longest path found with length 39: [0, 9, 10, 11, 2, 3, 4, 13, 14, 15, 16, 17, 26, 35, 44, 43, 42, 33, 32, 31, 40, 39, 38, 29, 28, 27, 36, 45, 46, 55, 64, 65, 66, 57, 58, 59, 68, 69, 70, 71]
[00:00:00:06:091] Path of length 39 found: [0, 9, 10, 11, 2, 3, 4, 13, 14, 15, 16, 17, 26, 35, 44, 43, 42, 33, 32, 31, 40, 39, 38, 29, 28, 27, 36, 45, 46, 55, 64, 65, 66, 57, 58, 59, 68, 69, 70, 71]
[00:00:00:06:091] ! Unidirectional s-t. expansions: 1,441, time: 6,091 [ms], path length: 39 [edges], generated: 2,484
[00:00:00:00:145] Expansion 38: New longest path found with length 39: [71, 70, 69, 68, 59, 58, 57, 66, 65, 64, 55, 46, 45, 36, 27, 28, 29, 38, 39, 40, 31, 32, 33, 42, 43, 44, 35, 26, 17, 16, 15, 14, 5, 4, 3, 2, 11, 10, 9, 0]
[00:00:00:01:592] Path of length 39 found: [71, 70, 69, 68, 59, 58, 57, 66, 65, 64, 55, 46, 45, 36, 27, 28, 29, 38, 39, 40, 31, 32, 33, 42, 43, 44, 35, 26, 17, 16, 15, 14, 5, 4, 3, 2, 11, 10, 9, 0]
[00:00:00:01:593] ! Unidirectional t-s. expansions: 348, time: 1,592 [ms], path length: 39 [edges], generated: 606
[00:00:00:00:143] Expansion 35: New longest path found with length 35: [0, 9, 18, 27, 36, 45, 46, 47, 38, 29, 20, 11, 2, 3, 4, 13, 14, 15, 16, 17, 26, 35, 44, 43, 42, 33, 32, 31, 40, 49, 58, 59, 68, 69, 70, 71]
[00:00:00:01:665] Expansion 413: New longest path found with length 37: [0, 9, 18, 27, 36, 45, 46, 55, 64, 65, 66, 57, 58, 49, 40, 39, 38, 29, 20, 11, 2, 3, 4, 5, 14, 15, 16, 17, 26, 35, 34, 33, 42, 51, 52, 61, 70, 71]
[00:00:00:02:592] Expansion 606: New longest path found with length 39: [0, 9, 10, 11, 2, 3, 4, 13, 14, 15, 16, 17, 26, 35, 44, 43, 42, 33, 32, 31, 40, 39, 38, 29, 28, 27, 36, 45, 46, 55, 64, 65, 66, 57, 58, 59, 68, 69, 70, 71]
[00:00:00:03:352] Path of length 39 found: [0, 9, 10, 11, 2, 3, 4, 13, 14, 15, 16, 17, 26, 35, 44, 43, 42, 33, 32, 31, 40, 39, 38, 29, 28, 27, 36, 45, 46, 55, 64, 65, 66, 57, 58, 59, 68, 69, 70, 71]
[00:00:00:03:828] ! Bidirectional. expansions: 761, time: 3,352 [ms], path length: 39 [edges], g_F: 20, g_B: 19, generated: {'F': 689, 'B': 680}, MM: 1, MMPER: 1.5%
[00:00:00:03:829] 
---------- SM_Grids/8x9_grid_with_random_blocks_16per_3 ----------
[00:00:00:00:142] Expansion 32: New longest path found with length 31: [0, 1, 2, 3, 4, 5, 14, 23, 22, 21, 20, 19, 28, 37, 46, 55, 64, 65, 66, 57, 48, 39, 40, 41, 42, 33, 34, 35, 44, 53, 62, 71]
[00:00:00:01:612] Expansion 465: New longest path found with length 37: [0, 1, 2, 3, 4, 5, 14, 23, 24, 25, 34, 35, 44, 53, 52, 51, 42, 41, 40, 31, 30, 21, 20, 19, 28, 37, 46, 55, 64, 65, 66, 57, 58, 59, 68, 69, 70, 71]
[00:00:00:02:158] Path of length 37 found: [0, 1, 2, 3, 4, 5, 14, 23, 24, 25, 34, 35, 44, 53, 52, 51, 42, 41, 40, 31, 30, 21, 20, 19, 28, 37, 46, 55, 64, 65, 66, 57, 58, 59, 68, 69, 70, 71]
[00:00:00:02:158] ! Unidirectional s-t. expansions: 580, time: 2,158 [ms], path length: 37 [edges], generated: 1,045
[00:00:00:00:140] Expansion 36: New longest path found with length 37: [71, 70, 69, 68, 59, 58, 57, 66, 65, 64, 55, 46, 37, 28, 19, 20, 21, 30, 39, 40, 41, 42, 51, 52, 53, 44, 35, 26, 25, 24, 23, 14, 5, 4, 3, 2, 1, 0]
[00:00:00:02:533] Path of length 37 found: [71, 70, 69, 68, 59, 58, 57, 66, 65, 64, 55, 46, 37, 28, 19, 20, 21, 30, 39, 40, 41, 42, 51, 52, 53, 44, 35, 26, 25, 24, 23, 14, 5, 4, 3, 2, 1, 0]
[00:00:00:02:533] ! Unidirectional t-s. expansions: 508, time: 2,533 [ms], path length: 37 [edges], generated: 931
[00:00:00:00:088] Expansion 17: New longest path found with length 15: [0, 1, 2, 3, 4, 5, 14, 23, 24, 25, 26, 35, 44, 53, 62, 71]
[00:00:00:00:164] Expansion 38: New longest path found with length 29: [0, 1, 2, 3, 4, 5, 14, 23, 22, 21, 20, 19, 28, 37, 46, 47, 48, 49, 58, 59, 60, 51, 42, 33, 34, 35, 44, 53, 62, 71]
[00:00:00:00:181] Expansion 46: New longest path found with length 31: [0, 1, 2, 3, 4, 5, 14, 23, 22, 21, 20, 19, 28, 37, 46, 55, 64, 65, 66, 57, 58, 59, 60, 51, 42, 33, 34, 35, 44, 53, 62, 71]
[00:00:00:03:440] Expansion 770: New longest path found with length 37: [0, 1, 2, 3, 4, 5, 14, 23, 24, 25, 34, 35, 44, 53, 52, 51, 42, 41, 40, 39, 30, 21, 20, 19, 28, 37, 46, 55, 64, 65, 66, 57, 58, 59, 68, 69, 70, 71]
[00:00:00:04:008] Path of length 37 found: [0, 1, 2, 3, 4, 5, 14, 23, 24, 25, 34, 35, 44, 53, 52, 51, 42, 41, 40, 39, 30, 21, 20, 19, 28, 37, 46, 55, 64, 65, 66, 57, 58, 59, 68, 69, 70, 71]
[00:00:00:04:484] ! Bidirectional. expansions: 869, time: 4,008 [ms], path length: 37 [edges], g_F: 19, g_B: 18, generated: {'F': 813, 'B': 862}, MM: 1, MMPER: 1.6315789473684212%
[00:00:00:04:484] 
---------- SM_Grids/8x9_grid_with_random_blocks_16per_4 ----------
[00:00:00:00:136] Expansion 31: New longest path found with length 31: [0, 1, 10, 19, 18, 27, 36, 37, 38, 47, 48, 49, 40, 31, 30, 21, 12, 3, 4, 5, 6, 7, 16, 25, 24, 33, 42, 51, 60, 69, 70, 71]
[00:00:00:00:198] Expansion 58: New longest path found with length 33: [0, 1, 10, 19, 18, 27, 36, 37, 38, 47, 48, 49, 40, 31, 30, 21, 12, 3, 4, 5, 6, 7, 16, 25, 34, 35, 44, 53, 52, 51, 60, 69, 70, 71]
[00:00:00:05:000] Path of length 33 found: [0, 1, 10, 19, 18, 27, 36, 37, 38, 47, 48, 49, 40, 31, 30, 21, 12, 3, 4, 5, 6, 7, 16, 25, 34, 35, 44, 53, 52, 51, 60, 69, 70, 71]
[00:00:00:05:001] ! Unidirectional s-t. expansions: 1,120, time: 5,000 [ms], path length: 33 [edges], generated: 2,010
[00:00:00:00:546] Expansion 203: New longest path found with length 17: [71, 62, 61, 60, 59, 50, 49, 48, 47, 38, 37, 36, 27, 18, 19, 10, 1, 0]
[00:00:00:01:382] Expansion 518: New longest path found with length 27: [71, 62, 61, 60, 59, 50, 49, 48, 47, 38, 29, 30, 31, 32, 33, 24, 25, 16, 7, 6, 5, 4, 3, 12, 11, 10, 1, 0]
[00:00:00:01:668] Expansion 610: New longest path found with length 29: [71, 62, 61, 60, 59, 50, 49, 40, 31, 32, 33, 24, 25, 16, 7, 6, 5, 4, 3, 12, 21, 20, 29, 38, 37, 36, 27, 18, 9, 0]
[00:00:00:02:080] Expansion 742: New longest path found with length 31: [71, 62, 61, 60, 51, 42, 43, 34, 25, 16, 7, 6, 5, 4, 3, 12, 21, 30, 31, 40, 49, 48, 47, 38, 37, 36, 27, 18, 19, 10, 1, 0]
[00:00:00:11:958] Expansion 3,037: New longest path found with length 33: [71, 70, 69, 60, 51, 52, 53, 44, 35, 34, 25, 16, 7, 6, 5, 4, 3, 12, 21, 30, 31, 40, 49, 48, 47, 38, 37, 36, 27, 18, 19, 10, 1, 0]
[00:00:00:17:742] Path of length 33 found: [71, 70, 69, 60, 51, 52, 53, 44, 35, 34, 25, 16, 7, 6, 5, 4, 3, 12, 21, 30, 31, 40, 49, 48, 47, 38, 37, 36, 27, 18, 19, 10, 1, 0]
[00:00:00:17:742] ! Unidirectional t-s. expansions: 4,439, time: 17,742 [ms], path length: 33 [edges], generated: 7,777
[00:00:00:00:097] Expansion 19: New longest path found with length 19: [0, 1, 10, 19, 18, 27, 36, 37, 38, 29, 30, 31, 40, 49, 50, 59, 68, 69, 70, 71]
[00:00:00:00:168] Expansion 41: New longest path found with length 31: [0, 1, 10, 19, 18, 27, 36, 37, 38, 29, 30, 21, 12, 3, 4, 5, 6, 7, 16, 25, 34, 35, 44, 53, 52, 51, 50, 59, 68, 69, 70, 71]
[00:00:00:00:699] Expansion 192: New longest path found with length 33: [0, 1, 10, 19, 18, 27, 36, 37, 38, 47, 48, 49, 40, 31, 30, 21, 12, 3, 4, 5, 6, 7, 16, 25, 34, 35, 44, 53, 52, 51, 60, 69, 70, 71]
[00:00:00:10:224] Path of length 33 found: [0, 1, 10, 19, 18, 27, 36, 37, 38, 47, 48, 49, 40, 31, 30, 21, 12, 3, 4, 5, 6, 7, 16, 25, 34, 35, 44, 53, 52, 51, 60, 69, 70, 71]
[00:00:00:10:695] ! Bidirectional. expansions: 2,092, time: 10,225 [ms], path length: 33 [edges], g_F: 17, g_B: 16, generated: {'F': 1,883, 'B': 1,997}, MM: 1, MMPER: 1.9411764705882355%
[00:00:00:10:695] 
---------- SM_Grids/8x9_grid_with_random_blocks_16per_5 ----------
[00:00:00:00:129] Expansion 30: New longest path found with length 31: [0, 9, 18, 19, 28, 37, 38, 39, 30, 21, 22, 23, 24, 15, 6, 7, 8, 17, 26, 35, 34, 43, 42, 41, 50, 49, 58, 67, 68, 69, 70, 71]
[00:00:00:03:281] Path of length 31 found: [0, 9, 18, 19, 28, 37, 38, 39, 30, 21, 22, 23, 24, 15, 6, 7, 8, 17, 26, 35, 34, 43, 42, 41, 50, 49, 58, 67, 68, 69, 70, 71]
[00:00:00:03:281] ! Unidirectional s-t. expansions: 830, time: 3,281 [ms], path length: 31 [edges], generated: 1,320
[00:00:00:00:100] Expansion 18: New longest path found with length 19: [71, 70, 69, 60, 59, 58, 57, 48, 39, 40, 31, 22, 13, 12, 11, 20, 19, 18, 9, 0]
[00:00:00:00:207] Expansion 55: New longest path found with length 31: [71, 70, 69, 60, 59, 58, 57, 48, 39, 40, 41, 42, 43, 34, 35, 26, 17, 8, 7, 6, 15, 24, 23, 22, 13, 12, 11, 20, 19, 18, 9, 0]
[00:00:00:02:576] Path of length 31 found: [71, 70, 69, 60, 59, 58, 57, 48, 39, 40, 41, 42, 43, 34, 35, 26, 17, 8, 7, 6, 15, 24, 23, 22, 13, 12, 11, 20, 19, 18, 9, 0]
[00:00:00:02:576] ! Unidirectional t-s. expansions: 630, time: 2,576 [ms], path length: 31 [edges], generated: 1,119
[00:00:00:00:418] Expansion 226: New longest path found with length 19: [0, 9, 18, 19, 20, 11, 12, 13, 22, 31, 30, 39, 48, 57, 58, 59, 60, 69, 70, 71]
[00:00:00:00:453] Expansion 239: New longest path found with length 31: [0, 9, 18, 19, 20, 11, 12, 13, 22, 23, 24, 15, 6, 7, 8, 17, 26, 35, 34, 43, 42, 41, 40, 39, 48, 57, 58, 59, 60, 69, 70, 71]
[00:00:00:02:329] Path of length 31 found: [0, 9, 18, 19, 20, 11, 12, 13, 22, 23, 24, 15, 6, 7, 8, 17, 26, 35, 34, 43, 42, 41, 40, 39, 48, 57, 58, 59, 60, 69, 70, 71]
[00:00:00:02:827] ! Bidirectional. expansions: 602, time: 2,330 [ms], path length: 31 [edges], g_F: 16, g_B: 15, generated: {'F': 538, 'B': 472}, MM: 1, MMPER: 2.125%
[00:00:00:02:827] 
---------- SM_Grids/8x9_grid_with_random_blocks_16per_6 ----------
[00:00:00:00:117] Expansion 25: New longest path found with length 25: [0, 1, 2, 11, 20, 19, 18, 27, 36, 37, 46, 55, 64, 65, 66, 57, 58, 49, 40, 41, 42, 51, 60, 61, 62, 71]
[00:00:00:04:879] Path of length 25 found: [0, 1, 2, 11, 20, 19, 18, 27, 36, 37, 46, 55, 64, 65, 66, 57, 58, 49, 40, 41, 42, 51, 60, 61, 62, 71]
[00:00:00:04:879] ! Unidirectional s-t. expansions: 911, time: 4,879 [ms], path length: 25 [edges], generated: 1,875
[00:00:00:00:109] Expansion 24: New longest path found with length 25: [71, 62, 53, 52, 51, 42, 41, 40, 49, 58, 67, 66, 65, 56, 47, 46, 37, 36, 27, 18, 19, 20, 11, 2, 1, 0]
[00:00:00:02:322] Path of length 25 found: [71, 62, 53, 52, 51, 42, 41, 40, 49, 58, 67, 66, 65, 56, 47, 46, 37, 36, 27, 18, 19, 20, 11, 2, 1, 0]
[00:00:00:02:322] ! Unidirectional t-s. expansions: 601, time: 2,322 [ms], path length: 25 [edges], generated: 984
[00:00:00:00:118] Expansion 24: New longest path found with length 25: [0, 1, 2, 11, 20, 19, 18, 27, 36, 45, 54, 63, 64, 65, 66, 67, 58, 49, 40, 41, 42, 51, 52, 53, 62, 71]
[00:00:00:03:384] Path of length 25 found: [0, 1, 2, 11, 20, 19, 18, 27, 36, 45, 54, 63, 64, 65, 66, 67, 58, 49, 40, 41, 42, 51, 52, 53, 62, 71]
[00:00:00:03:872] ! Bidirectional. expansions: 697, time: 3,385 [ms], path length: 25 [edges], g_F: 13, g_B: 12, generated: {'F': 506, 'B': 748}, MM: 1, MMPER: 2.8461538461538463%
[00:00:00:03:872] 
---------- SM_Grids/8x9_grid_with_random_blocks_16per_7 ----------
[00:00:00:00:140] Expansion 35: New longest path found with length 33: [0, 1, 10, 19, 18, 27, 36, 45, 46, 47, 38, 29, 30, 21, 12, 3, 4, 5, 14, 15, 24, 33, 32, 41, 50, 49, 58, 67, 68, 69, 60, 61, 62, 71]
[00:00:00:01:918] Expansion 646: New longest path found with length 37: [0, 1, 10, 19, 18, 27, 36, 45, 46, 47, 56, 57, 58, 67, 68, 69, 60, 51, 50, 41, 32, 31, 22, 21, 12, 3, 4, 5, 14, 15, 24, 25, 34, 43, 44, 53, 62, 71]
[00:00:00:03:218] Path of length 37 found: [0, 1, 10, 19, 18, 27, 36, 45, 46, 47, 56, 57, 58, 67, 68, 69, 60, 51, 50, 41, 32, 31, 22, 21, 12, 3, 4, 5, 14, 15, 24, 25, 34, 43, 44, 53, 62, 71]
[00:00:00:03:218] ! Unidirectional s-t. expansions: 907, time: 3,218 [ms], path length: 37 [edges], generated: 1,524
[00:00:00:00:137] Expansion 32: New longest path found with length 33: [71, 70, 61, 52, 43, 34, 25, 24, 15, 6, 5, 4, 3, 12, 21, 22, 31, 32, 41, 50, 59, 58, 57, 48, 39, 38, 37, 36, 27, 18, 19, 10, 1, 0]
[00:00:00:02:198] Expansion 474: New longest path found with length 37: [71, 62, 53, 44, 43, 34, 25, 24, 15, 6, 5, 4, 3, 12, 21, 30, 31, 32, 41, 50, 51, 60, 69, 68, 67, 58, 57, 48, 47, 38, 37, 36, 27, 18, 19, 10, 1, 0]
[00:00:00:03:024] Path of length 37 found: [71, 62, 53, 44, 43, 34, 25, 24, 15, 6, 5, 4, 3, 12, 21, 30, 31, 32, 41, 50, 51, 60, 69, 68, 67, 58, 57, 48, 47, 38, 37, 36, 27, 18, 19, 10, 1, 0]
[00:00:00:03:024] ! Unidirectional t-s. expansions: 665, time: 3,024 [ms], path length: 37 [edges], generated: 1,177
[00:00:00:00:147] Expansion 34: New longest path found with length 33: [0, 1, 10, 19, 18, 27, 36, 45, 46, 47, 56, 57, 58, 49, 50, 41, 32, 31, 30, 21, 12, 3, 4, 5, 6, 15, 24, 25, 34, 43, 52, 61, 70, 71]
[00:00:00:01:482] Expansion 328: New longest path found with length 37: [0, 1, 10, 19, 18, 27, 36, 45, 46, 47, 56, 57, 58, 67, 68, 69, 60, 51, 50, 41, 32, 31, 30, 21, 12, 3, 4, 5, 6, 15, 24, 25, 34, 43, 44, 53, 62, 71]
[00:00:00:02:580] Path of length 37 found: [0, 1, 10, 19, 18, 27, 36, 45, 46, 47, 56, 57, 58, 67, 68, 69, 60, 51, 50, 41, 32, 31, 30, 21, 12, 3, 4, 5, 6, 15, 24, 25, 34, 43, 44, 53, 62, 71]
[00:00:00:03:058] ! Bidirectional. expansions: 534, time: 2,581 [ms], path length: 37 [edges], g_F: 19, g_B: 18, generated: {'F': 478, 'B': 475}, MM: 1, MMPER: 1.6315789473684212%
[00:00:00:03:059] 
---------- SM_Grids/8x9_grid_with_random_blocks_16per_8 ----------
[00:00:00:00:123] Expansion 25: New longest path found with length 25: [0, 9, 18, 27, 36, 45, 54, 63, 64, 65, 56, 57, 58, 49, 50, 41, 32, 23, 24, 25, 34, 35, 44, 53, 62, 71]
[00:00:00:00:141] Expansion 33: New longest path found with length 27: [0, 9, 18, 27, 36, 45, 54, 63, 64, 65, 56, 57, 58, 49, 50, 41, 32, 23, 24, 25, 26, 35, 44, 43, 52, 61, 62, 71]
[00:00:00:00:244] Expansion 69: New longest path found with length 29: [0, 9, 18, 27, 36, 45, 54, 63, 64, 65, 56, 57, 48, 39, 38, 29, 20, 11, 12, 13, 22, 31, 32, 41, 50, 51, 52, 61, 62, 71]
[00:00:00:00:367] Expansion 129: New longest path found with length 31: [0, 9, 18, 27, 36, 45, 54, 63, 64, 65, 56, 57, 48, 39, 38, 29, 20, 11, 12, 13, 22, 23, 24, 25, 26, 35, 44, 43, 52, 61, 62, 71]
[00:00:00:00:873] Expansion 267: New longest path found with length 33: [0, 9, 18, 27, 36, 45, 54, 63, 64, 65, 66, 67, 68, 59, 50, 49, 48, 39, 38, 29, 20, 11, 12, 13, 22, 23, 24, 25, 34, 35, 44, 53, 62, 71]
[00:00:00:00:888] Expansion 275: New longest path found with length 35: [0, 9, 18, 27, 36, 45, 54, 63, 64, 65, 66, 67, 68, 59, 50, 49, 48, 39, 38, 29, 20, 11, 12, 13, 22, 23, 24, 25, 26, 35, 44, 43, 52, 61, 62, 71]
[00:00:00:05:219] Path of length 35 found: [0, 9, 18, 27, 36, 45, 54, 63, 64, 65, 66, 67, 68, 59, 50, 49, 48, 39, 38, 29, 20, 11, 12, 13, 22, 23, 24, 25, 26, 35, 44, 43, 52, 61, 62, 71]
[00:00:00:05:219] ! Unidirectional s-t. expansions: 1,301, time: 5,219 [ms], path length: 35 [edges], generated: 2,192
[00:00:00:01:087] Expansion 517: New longest path found with length 19: [71, 62, 61, 52, 43, 44, 35, 26, 25, 24, 23, 32, 31, 30, 21, 12, 11, 10, 9, 0]
[00:00:00:02:222] Expansion 1,040: New longest path found with length 27: [71, 62, 61, 52, 43, 44, 35, 26, 25, 24, 23, 32, 31, 30, 39, 38, 47, 56, 65, 64, 63, 54, 45, 36, 27, 18, 9, 0]
[00:00:00:02:238] Expansion 1,047: New longest path found with length 29: [71, 62, 61, 52, 43, 44, 35, 26, 25, 24, 23, 32, 31, 30, 39, 38, 47, 56, 65, 64, 63, 54, 45, 36, 27, 28, 19, 10, 9, 0]
[00:00:00:02:317] Expansion 1,077: New longest path found with length 31: [71, 62, 61, 52, 43, 44, 35, 26, 25, 24, 23, 32, 31, 30, 39, 48, 49, 50, 59, 68, 67, 66, 65, 56, 55, 54, 45, 36, 27, 18, 9, 0]
[00:00:00:02:330] Expansion 1,084: New longest path found with length 33: [71, 62, 61, 52, 43, 44, 35, 26, 25, 24, 23, 32, 31, 30, 39, 48, 49, 50, 59, 68, 67, 66, 65, 56, 55, 54, 45, 36, 27, 28, 19, 10, 9, 0]
[00:00:00:05:174] Expansion 2,067: New longest path found with length 35: [71, 62, 61, 52, 43, 44, 35, 26, 25, 24, 23, 22, 13, 12, 11, 20, 29, 38, 39, 48, 49, 50, 59, 68, 67, 66, 65, 56, 55, 54, 45, 36, 27, 18, 9, 0]
[00:00:00:10:038] Path of length 35 found: [71, 62, 61, 52, 43, 44, 35, 26, 25, 24, 23, 22, 13, 12, 11, 20, 29, 38, 39, 48, 49, 50, 59, 68, 67, 66, 65, 56, 55, 54, 45, 36, 27, 18, 9, 0]
[00:00:00:10:038] ! Unidirectional t-s. expansions: 3,220, time: 10,038 [ms], path length: 35 [edges], generated: 5,243
[00:00:00:00:128] Expansion 26: New longest path found with length 27: [0, 9, 18, 27, 36, 45, 54, 63, 64, 65, 56, 47, 38, 29, 30, 31, 32, 23, 24, 25, 26, 35, 44, 43, 52, 61, 62, 71]
[00:00:00:00:167] Expansion 42: New longest path found with length 31: [0, 9, 18, 27, 36, 45, 54, 63, 64, 65, 56, 47, 48, 39, 30, 29, 20, 11, 12, 13, 22, 23, 24, 25, 26, 35, 44, 43, 52, 61, 62, 71]
[00:00:00:00:251] Expansion 70: New longest path found with length 33: [0, 9, 18, 27, 36, 45, 54, 63, 64, 65, 66, 67, 68, 59, 50, 49, 48, 47, 38, 29, 30, 31, 32, 23, 24, 25, 26, 35, 44, 43, 52, 61, 62, 71]
[00:00:00:00:302] Expansion 87: New longest path found with length 35: [0, 9, 18, 27, 36, 45, 54, 63, 64, 65, 66, 67, 68, 59, 50, 49, 48, 39, 38, 29, 20, 11, 12, 13, 22, 23, 24, 25, 26, 35, 44, 43, 52, 61, 62, 71]
[00:00:00:03:660] Path of length 35 found: [0, 9, 18, 27, 36, 45, 54, 63, 64, 65, 66, 67, 68, 59, 50, 49, 48, 39, 38, 29, 20, 11, 12, 13, 22, 23, 24, 25, 26, 35, 44, 43, 52, 61, 62, 71]
[00:00:00:04:140] ! Bidirectional. expansions: 742, time: 3,660 [ms], path length: 35 [edges], g_F: 18, g_B: 17, generated: {'F': 665, 'B': 666}, MM: 1, MMPER: 1.7777777777777777%
[00:00:00:04:140] 
---------- SM_Grids/8x9_grid_with_random_blocks_16per_9 ----------
[00:00:00:01:464] Expansion 588: New longest path found with length 17: [0, 1, 2, 3, 12, 21, 22, 23, 32, 33, 34, 35, 44, 53, 52, 61, 70, 71]
[00:00:00:01:566] Expansion 619: New longest path found with length 21: [0, 1, 2, 3, 12, 21, 22, 23, 32, 41, 40, 39, 48, 57, 58, 59, 60, 51, 52, 53, 62, 71]
[00:00:00:02:164] Expansion 747: New longest path found with length 23: [0, 1, 2, 3, 12, 13, 14, 15, 24, 33, 32, 31, 40, 39, 48, 57, 58, 59, 50, 51, 52, 61, 70, 71]
[00:00:00:05:784] Expansion 1,681: New longest path found with length 31: [0, 1, 10, 19, 18, 27, 36, 45, 46, 47, 38, 39, 40, 31, 22, 21, 12, 3, 4, 5, 14, 15, 24, 33, 34, 35, 44, 53, 52, 61, 70, 71]
[00:00:00:06:261] Expansion 1,865: New longest path found with length 35: [0, 1, 10, 19, 18, 27, 36, 45, 46, 47, 48, 57, 58, 59, 50, 41, 40, 31, 22, 21, 12, 3, 4, 5, 14, 15, 24, 33, 34, 35, 44, 53, 52, 61, 70, 71]
[00:00:00:08:070] Path of length 35 found: [0, 1, 10, 19, 18, 27, 36, 45, 46, 47, 48, 57, 58, 59, 50, 41, 40, 31, 22, 21, 12, 3, 4, 5, 14, 15, 24, 33, 34, 35, 44, 53, 52, 61, 70, 71]
[00:00:00:08:070] ! Unidirectional s-t. expansions: 2,235, time: 8,070 [ms], path length: 35 [edges], generated: 3,810
[00:00:00:00:092] Expansion 16: New longest path found with length 17: [71, 62, 53, 44, 35, 26, 25, 24, 33, 32, 31, 22, 13, 4, 3, 2, 1, 0]
[00:00:00:00:161] Expansion 37: New longest path found with length 23: [71, 62, 53, 44, 35, 26, 25, 24, 33, 32, 31, 40, 49, 48, 47, 46, 37, 36, 27, 18, 19, 10, 1, 0]
[00:00:00:00:254] Expansion 60: New longest path found with length 25: [71, 62, 53, 44, 35, 26, 25, 24, 33, 32, 41, 50, 59, 58, 57, 48, 39, 38, 37, 36, 27, 18, 19, 10, 1, 0]
[00:00:00:00:400] Expansion 98: New longest path found with length 33: [71, 62, 53, 44, 35, 26, 25, 24, 15, 6, 5, 4, 3, 12, 21, 22, 31, 32, 41, 50, 59, 58, 57, 48, 39, 38, 37, 36, 27, 18, 19, 10, 1, 0]
[00:00:00:04:104] Expansion 1,057: New longest path found with length 35: [71, 62, 61, 52, 43, 44, 35, 26, 25, 24, 15, 6, 5, 4, 3, 12, 21, 22, 31, 32, 41, 50, 59, 58, 57, 48, 39, 38, 37, 36, 27, 18, 19, 10, 1, 0]
[00:00:00:07:825] Path of length 35 found: [71, 62, 61, 52, 43, 44, 35, 26, 25, 24, 15, 6, 5, 4, 3, 12, 21, 22, 31, 32, 41, 50, 59, 58, 57, 48, 39, 38, 37, 36, 27, 18, 19, 10, 1, 0]
[00:00:00:07:826] ! Unidirectional t-s. expansions: 2,008, time: 7,825 [ms], path length: 35 [edges], generated: 3,388
[00:00:00:01:689] Expansion 885: New longest path found with length 15: [0, 1, 2, 3, 12, 21, 22, 31, 40, 49, 50, 51, 60, 61, 70, 71]
[00:00:00:02:805] Expansion 1,425: New longest path found with length 19: [0, 1, 2, 3, 12, 13, 14, 15, 24, 33, 32, 31, 40, 49, 50, 51, 60, 61, 70, 71]
[00:00:00:03:267] Expansion 1,602: New longest path found with length 21: [0, 1, 2, 3, 12, 13, 14, 15, 24, 33, 32, 31, 40, 39, 48, 57, 58, 59, 60, 61, 70, 71]
[00:00:00:04:471] Expansion 1,850: New longest path found with length 23: [0, 1, 2, 3, 12, 13, 14, 15, 24, 33, 32, 31, 40, 39, 48, 57, 58, 59, 50, 51, 52, 61, 70, 71]
[00:00:00:05:499] Expansion 2,069: New longest path found with length 31: [0, 1, 10, 19, 18, 27, 36, 45, 46, 47, 38, 39, 40, 31, 22, 21, 12, 3, 4, 5, 6, 15, 24, 25, 26, 35, 44, 43, 52, 61, 70, 71]
[00:00:00:05:561] Expansion 2,090: New longest path found with length 35: [0, 1, 10, 19, 18, 27, 36, 45, 46, 47, 48, 57, 58, 59, 50, 41, 32, 31, 22, 21, 12, 3, 4, 5, 6, 15, 24, 25, 26, 35, 44, 43, 52, 61, 70, 71]
[00:00:00:10:043] Path of length 35 found: [0, 1, 10, 19, 18, 27, 36, 45, 46, 47, 48, 57, 58, 59, 50, 41, 32, 31, 22, 21, 12, 3, 4, 5, 6, 15, 24, 25, 26, 35, 44, 43, 52, 61, 70, 71]
[00:00:00:10:543] ! Bidirectional. expansions: 2,936, time: 10,043 [ms], path length: 35 [edges], g_F: 18, g_B: 17, generated: {'F': 2,346, 'B': 2,269}, MM: 1, MMPER: 1.7777777777777777%
[00:00:00:10:543] average expansions: (1,937, 2,270, 1,611, 0)
[00:00:00:10:543] average time: (7,736, 8,493, 7,271, 0)
[00:00:00:10:543] X-DFBnB: 1,937 , 7,736 (expansions , time[ms])
[00:00:00:10:543] BiX-DFBnB: 1,611 , 7,271 (expansions , time[ms])

