--------------------------
date: SM_Grids
number_of_graphs: 10
graph_type: grid
size_of_graphs: [7, 9]
heuristic: bcc_heuristic
snake: True
run_uni: True
run_bi: True
run_multi: False
solution_vertices: []
algorithms: ['DFBnB']
bsd: False
cube_first_dims: 4
cube_buffer_dim: None
backward_sym_generation: False
sym_coil: False
prefix_set: None

---------- SM_Grids/7x9_grid_with_random_blocks_12per_0 ----------
[00:00:00:00:095] Expansion 27: New longest path found with length 28: [0, 1, 10, 19, 28, 29, 38, 47, 56, 57, 58, 49, 40, 31, 22, 13, 14, 5, 6, 7, 16, 25, 24, 33, 42, 51, 60, 61, 62]
[00:00:00:00:104] Expansion 35: New longest path found with length 30: [0, 1, 10, 19, 28, 29, 38, 47, 56, 57, 58, 49, 40, 31, 22, 13, 14, 5, 6, 7, 16, 25, 26, 35, 44, 43, 42, 51, 60, 61, 62]
[00:00:00:09:636] Expansion 2,649: New longest path found with length 32: [0, 9, 18, 19, 20, 11, 2, 3, 4, 13, 14, 15, 16, 25, 26, 35, 44, 43, 42, 33, 32, 31, 30, 39, 38, 47, 56, 57, 58, 59, 60, 61, 62]
[00:00:00:14:224] Path of length 32 found: [0, 9, 18, 19, 20, 11, 2, 3, 4, 13, 14, 15, 16, 25, 26, 35, 44, 43, 42, 33, 32, 31, 30, 39, 38, 47, 56, 57, 58, 59, 60, 61, 62]
[00:00:00:14:224] ! Unidirectional s-t. expansions: 3,772, time: 14,224 [ms], path length: 32 [edges], generated: 6,973
[00:00:00:01:083] Expansion 505: New longest path found with length 16: [62, 61, 60, 51, 50, 49, 58, 57, 56, 47, 38, 29, 28, 19, 10, 1, 0]
[00:00:00:01:119] Expansion 517: New longest path found with length 22: [62, 61, 60, 51, 50, 49, 58, 57, 56, 47, 38, 29, 30, 31, 22, 13, 4, 3, 2, 11, 10, 9, 0]
[00:00:00:01:163] Expansion 534: New longest path found with length 28: [62, 61, 60, 51, 50, 49, 58, 57, 56, 47, 38, 29, 30, 31, 22, 23, 24, 25, 16, 7, 6, 5, 4, 3, 2, 11, 10, 9, 0]
[00:00:00:01:537] Expansion 699: New longest path found with length 30: [62, 61, 60, 51, 50, 49, 58, 57, 56, 47, 38, 39, 30, 31, 22, 23, 24, 25, 16, 7, 6, 5, 4, 3, 2, 11, 20, 19, 18, 9, 0]
[00:00:00:09:065] Expansion 3,268: New longest path found with length 32: [62, 61, 60, 59, 58, 57, 56, 47, 38, 39, 30, 31, 32, 41, 42, 43, 44, 35, 26, 25, 16, 7, 6, 5, 14, 13, 12, 11, 20, 19, 18, 9, 0]
[00:00:00:15:865] Path of length 32 found: [62, 61, 60, 59, 58, 57, 56, 47, 38, 39, 30, 31, 32, 41, 42, 43, 44, 35, 26, 25, 16, 7, 6, 5, 14, 13, 12, 11, 20, 19, 18, 9, 0]
[00:00:00:15:866] ! Unidirectional t-s. expansions: 5,358, time: 15,865 [ms], path length: 32 [edges], generated: 8,653
[00:00:00:00:132] Expansion 29: New longest path found with length 30: [0, 1, 10, 19, 28, 29, 30, 39, 48, 57, 58, 59, 50, 51, 42, 33, 32, 23, 22, 13, 4, 5, 6, 7, 16, 25, 26, 35, 44, 53, 62]
[00:00:00:07:598] Expansion 1,897: New longest path found with length 32: [0, 9, 18, 19, 20, 11, 2, 3, 4, 5, 14, 15, 16, 25, 26, 35, 44, 43, 42, 41, 32, 31, 30, 39, 38, 47, 56, 57, 58, 59, 60, 61, 62]
[00:00:00:10:865] Path of length 32 found: [0, 9, 18, 19, 20, 11, 2, 3, 4, 5, 14, 15, 16, 25, 26, 35, 44, 43, 42, 41, 32, 31, 30, 39, 38, 47, 56, 57, 58, 59, 60, 61, 62]
[00:00:00:11:318] ! Bidirectional. expansions: 2,621, time: 10,865 [ms], path length: 32 [edges], g_F: 17, g_B: 15, generated: {'F': 2,404, 'B': 2,448}, MM: 2, MMPER: 5.0606060606060606%
[00:00:00:11:318] 
---------- SM_Grids/7x9_grid_with_random_blocks_12per_1 ----------
[00:00:00:00:117] Expansion 31: New longest path found with length 32: [0, 9, 18, 19, 20, 11, 12, 13, 14, 5, 6, 7, 16, 17, 26, 35, 34, 43, 42, 41, 32, 31, 30, 39, 38, 47, 56, 57, 58, 59, 60, 61, 62]
[00:00:00:04:523] Path of length 32 found: [0, 9, 18, 19, 20, 11, 12, 13, 14, 5, 6, 7, 16, 17, 26, 35, 34, 43, 42, 41, 32, 31, 30, 39, 38, 47, 56, 57, 58, 59, 60, 61, 62]
[00:00:00:04:523] ! Unidirectional s-t. expansions: 1,086, time: 4,523 [ms], path length: 32 [edges], generated: 1,882
[00:00:00:00:093] Expansion 19: New longest path found with length 20: [62, 53, 52, 43, 34, 35, 26, 17, 16, 7, 6, 5, 14, 13, 12, 21, 20, 19, 10, 1, 0]
[00:00:00:00:162] Expansion 41: New longest path found with length 30: [62, 53, 52, 43, 34, 35, 26, 17, 16, 7, 6, 5, 14, 13, 22, 31, 32, 41, 50, 59, 58, 57, 56, 47, 38, 29, 20, 11, 2, 1, 0]
[00:00:00:13:145] Expansion 3,992: New longest path found with length 32: [62, 61, 60, 59, 58, 57, 56, 47, 38, 39, 30, 31, 32, 41, 42, 43, 34, 35, 26, 17, 16, 7, 6, 5, 14, 13, 12, 11, 20, 19, 18, 9, 0]
[00:00:00:13:875] Path of length 32 found: [62, 61, 60, 59, 58, 57, 56, 47, 38, 39, 30, 31, 32, 41, 42, 43, 34, 35, 26, 17, 16, 7, 6, 5, 14, 13, 12, 11, 20, 19, 18, 9, 0]
[00:00:00:13:876] ! Unidirectional t-s. expansions: 4,218, time: 13,875 [ms], path length: 32 [edges], generated: 7,163
[00:00:00:00:131] Expansion 34: New longest path found with length 20: [0, 9, 18, 19, 20, 11, 12, 13, 22, 23, 24, 15, 16, 17, 26, 35, 34, 43, 52, 53, 62]
[00:00:00:00:244] Expansion 66: New longest path found with length 30: [0, 9, 18, 19, 20, 29, 38, 47, 56, 57, 58, 59, 50, 41, 32, 31, 22, 13, 14, 5, 6, 7, 16, 17, 26, 35, 34, 43, 52, 53, 62]
[00:00:00:02:712] Expansion 557: New longest path found with length 32: [0, 9, 18, 19, 20, 11, 12, 13, 14, 5, 6, 7, 16, 25, 26, 35, 44, 43, 42, 41, 32, 31, 30, 39, 38, 47, 56, 57, 58, 59, 60, 61, 62]
[00:00:00:05:638] Path of length 32 found: [0, 9, 18, 19, 20, 11, 12, 13, 14, 5, 6, 7, 16, 25, 26, 35, 44, 43, 42, 41, 32, 31, 30, 39, 38, 47, 56, 57, 58, 59, 60, 61, 62]
[00:00:00:06:125] ! Bidirectional. expansions: 1,126, time: 5,638 [ms], path length: 32 [edges], g_F: 17, g_B: 15, generated: {'F': 1,181, 'B': 989}, MM: 2, MMPER: 5.0606060606060606%
[00:00:00:06:125] 
---------- SM_Grids/7x9_grid_with_random_blocks_12per_2 ----------
[00:00:00:00:120] Expansion 31: New longest path found with length 32: [0, 9, 18, 19, 28, 37, 36, 45, 54, 55, 56, 47, 48, 49, 50, 41, 32, 31, 30, 21, 12, 3, 4, 5, 14, 15, 24, 25, 34, 43, 52, 61, 62]
[00:00:00:09:061] Path of length 32 found: [0, 9, 18, 19, 28, 37, 36, 45, 54, 55, 56, 47, 48, 49, 50, 41, 32, 31, 30, 21, 12, 3, 4, 5, 14, 15, 24, 25, 34, 43, 52, 61, 62]
[00:00:00:09:061] ! Unidirectional s-t. expansions: 2,204, time: 9,061 [ms], path length: 32 [edges], generated: 4,013
[00:00:00:00:533] Expansion 224: New longest path found with length 16: [62, 53, 44, 43, 34, 33, 24, 15, 6, 5, 4, 3, 2, 11, 10, 9, 0]
[00:00:00:00:573] Expansion 240: New longest path found with length 30: [62, 53, 44, 43, 34, 33, 24, 15, 6, 5, 4, 3, 2, 11, 20, 21, 30, 31, 40, 49, 48, 47, 56, 55, 54, 45, 36, 27, 18, 9, 0]
[00:00:00:02:971] Expansion 909: New longest path found with length 32: [62, 53, 44, 43, 34, 25, 16, 7, 6, 5, 14, 23, 32, 41, 50, 49, 48, 47, 56, 55, 54, 45, 36, 27, 18, 19, 20, 21, 12, 3, 2, 1, 0]
[00:00:00:18:837] Path of length 32 found: [62, 53, 44, 43, 34, 25, 16, 7, 6, 5, 14, 23, 32, 41, 50, 49, 48, 47, 56, 55, 54, 45, 36, 27, 18, 19, 20, 21, 12, 3, 2, 1, 0]
[00:00:00:18:837] ! Unidirectional t-s. expansions: 5,384, time: 18,837 [ms], path length: 32 [edges], generated: 9,598
[00:00:00:00:128] Expansion 31: New longest path found with length 32: [0, 9, 18, 19, 28, 37, 36, 45, 54, 55, 56, 47, 48, 49, 50, 41, 32, 31, 30, 21, 12, 3, 4, 5, 6, 7, 16, 25, 34, 43, 44, 53, 62]
[00:00:00:16:862] Path of length 32 found: [0, 9, 18, 19, 28, 37, 36, 45, 54, 55, 56, 47, 48, 49, 50, 41, 32, 31, 30, 21, 12, 3, 4, 5, 6, 7, 16, 25, 34, 43, 44, 53, 62]
[00:00:00:17:296] ! Bidirectional. expansions: 4,803, time: 16,863 [ms], path length: 32 [edges], g_F: 17, g_B: 15, generated: {'F': 3,707, 'B': 4,376}, MM: 2, MMPER: 5.0606060606060606%
[00:00:00:17:297] 
---------- SM_Grids/7x9_grid_with_random_blocks_12per_3 ----------
[00:00:00:00:123] Expansion 33: New longest path found with length 34: [0, 9, 10, 11, 2, 3, 4, 5, 6, 7, 8, 17, 26, 25, 24, 23, 22, 21, 30, 29, 28, 27, 36, 45, 46, 47, 48, 49, 50, 41, 42, 43, 44, 53, 62]
[00:00:00:00:305] Expansion 91: New longest path found with length 36: [0, 9, 10, 11, 2, 3, 4, 5, 6, 7, 8, 17, 26, 25, 34, 43, 42, 41, 32, 23, 22, 21, 30, 29, 28, 27, 36, 45, 46, 47, 48, 49, 58, 59, 60, 61, 62]
[00:00:00:05:494] Path of length 36 found: [0, 9, 10, 11, 2, 3, 4, 5, 6, 7, 8, 17, 26, 25, 34, 43, 42, 41, 32, 23, 22, 21, 30, 29, 28, 27, 36, 45, 46, 47, 48, 49, 58, 59, 60, 61, 62]
[00:00:00:05:494] ! Unidirectional s-t. expansions: 1,411, time: 5,494 [ms], path length: 36 [edges], generated: 2,375
[00:00:00:00:124] Expansion 33: New longest path found with length 34: [62, 61, 60, 59, 50, 41, 40, 39, 48, 47, 46, 45, 36, 27, 28, 29, 20, 21, 22, 23, 24, 33, 34, 35, 26, 17, 8, 7, 6, 5, 4, 3, 2, 1, 0]
[00:00:00:02:994] Expansion 849: New longest path found with length 36: [62, 61, 60, 59, 50, 49, 40, 39, 38, 47, 46, 45, 36, 27, 28, 19, 20, 21, 22, 23, 32, 33, 42, 43, 44, 35, 26, 17, 8, 7, 6, 5, 4, 3, 2, 1, 0]
[00:00:00:05:877] Path of length 36 found: [62, 61, 60, 59, 50, 49, 40, 39, 38, 47, 46, 45, 36, 27, 28, 19, 20, 21, 22, 23, 32, 33, 42, 43, 44, 35, 26, 17, 8, 7, 6, 5, 4, 3, 2, 1, 0]
[00:00:00:05:877] ! Unidirectional t-s. expansions: 1,517, time: 5,877 [ms], path length: 36 [edges], generated: 2,717
[00:00:00:00:137] Expansion 35: New longest path found with length 36: [0, 9, 10, 11, 2, 3, 4, 5, 6, 7, 8, 17, 26, 35, 34, 43, 42, 41, 32, 23, 22, 21, 30, 29, 28, 27, 36, 45, 46, 47, 48, 49, 58, 59, 60, 61, 62]
[00:00:00:03:623] Path of length 36 found: [0, 9, 10, 11, 2, 3, 4, 5, 6, 7, 8, 17, 26, 35, 34, 43, 42, 41, 32, 23, 22, 21, 30, 29, 28, 27, 36, 45, 46, 47, 48, 49, 58, 59, 60, 61, 62]
[00:00:00:04:063] ! Bidirectional. expansions: 702, time: 3,623 [ms], path length: 36 [edges], g_F: 19, g_B: 17, generated: {'F': 601, 'B': 720}, MM: 2, MMPER: 4.405405405405405%
[00:00:00:04:063] 
---------- SM_Grids/7x9_grid_with_random_blocks_12per_4 ----------
[00:00:00:00:153] Expansion 47: New longest path found with length 22: [0, 1, 10, 11, 20, 21, 30, 39, 38, 47, 56, 57, 58, 49, 50, 41, 32, 33, 34, 43, 52, 61, 62]
[00:00:00:00:184] Expansion 61: New longest path found with length 30: [0, 1, 10, 11, 20, 21, 30, 39, 38, 47, 56, 57, 58, 49, 50, 41, 32, 23, 14, 5, 6, 7, 8, 17, 26, 25, 34, 43, 52, 61, 62]
[00:00:00:00:350] Expansion 108: New longest path found with length 32: [0, 1, 10, 11, 20, 21, 22, 13, 4, 5, 6, 7, 8, 17, 26, 25, 24, 33, 32, 41, 40, 39, 38, 47, 56, 57, 58, 59, 60, 51, 52, 53, 62]
[00:00:00:01:255] Expansion 340: New longest path found with length 34: [0, 1, 10, 11, 20, 29, 28, 27, 36, 45, 46, 47, 56, 57, 58, 49, 40, 41, 32, 23, 22, 13, 4, 5, 6, 7, 8, 17, 26, 25, 34, 43, 52, 61, 62]
[00:00:00:01:614] Expansion 435: New longest path found with length 36: [0, 1, 10, 11, 12, 13, 4, 5, 6, 7, 8, 17, 26, 25, 24, 23, 32, 41, 40, 39, 30, 29, 28, 27, 36, 45, 46, 47, 56, 57, 58, 59, 60, 51, 52, 53, 62]
[00:00:00:04:440] Path of length 36 found: [0, 1, 10, 11, 12, 13, 4, 5, 6, 7, 8, 17, 26, 25, 24, 23, 32, 41, 40, 39, 30, 29, 28, 27, 36, 45, 46, 47, 56, 57, 58, 59, 60, 51, 52, 53, 62]
[00:00:00:04:440] ! Unidirectional s-t. expansions: 1,170, time: 4,440 [ms], path length: 36 [edges], generated: 1,974
[00:00:00:00:129] Expansion 34: New longest path found with length 34: [62, 53, 44, 43, 34, 25, 26, 17, 8, 7, 6, 5, 4, 13, 22, 21, 30, 39, 40, 41, 50, 59, 58, 57, 56, 47, 46, 45, 36, 27, 28, 19, 10, 1, 0]
[00:00:00:02:085] Expansion 543: New longest path found with length 36: [62, 53, 52, 51, 60, 59, 58, 57, 56, 47, 46, 45, 36, 27, 28, 29, 30, 39, 40, 41, 32, 33, 34, 25, 26, 17, 8, 7, 6, 5, 4, 13, 12, 11, 2, 1, 0]
[00:00:00:04:383] Path of length 36 found: [62, 53, 52, 51, 60, 59, 58, 57, 56, 47, 46, 45, 36, 27, 28, 29, 30, 39, 40, 41, 32, 33, 34, 25, 26, 17, 8, 7, 6, 5, 4, 13, 12, 11, 2, 1, 0]
[00:00:00:04:383] ! Unidirectional t-s. expansions: 1,067, time: 4,383 [ms], path length: 36 [edges], generated: 1,870
[00:00:00:00:124] Expansion 30: New longest path found with length 30: [0, 1, 10, 11, 20, 21, 30, 39, 38, 47, 56, 57, 58, 59, 50, 41, 32, 23, 14, 5, 6, 7, 8, 17, 26, 25, 34, 43, 44, 53, 62]
[00:00:00:00:272] Expansion 73: New longest path found with length 34: [0, 1, 10, 11, 20, 29, 28, 27, 36, 45, 46, 47, 56, 57, 58, 59, 50, 41, 32, 23, 22, 13, 4, 5, 6, 7, 8, 17, 26, 25, 34, 43, 44, 53, 62]
[00:00:00:01:874] Expansion 464: New longest path found with length 36: [0, 1, 10, 11, 12, 13, 4, 5, 6, 7, 8, 17, 26, 25, 24, 23, 32, 41, 40, 39, 30, 29, 28, 27, 36, 45, 46, 47, 56, 57, 58, 59, 60, 51, 52, 53, 62]
[00:00:00:02:939] Path of length 36 found: [0, 1, 10, 11, 12, 13, 4, 5, 6, 7, 8, 17, 26, 25, 24, 23, 32, 41, 40, 39, 30, 29, 28, 27, 36, 45, 46, 47, 56, 57, 58, 59, 60, 51, 52, 53, 62]
[00:00:00:03:363] ! Bidirectional. expansions: 677, time: 2,939 [ms], path length: 36 [edges], g_F: 19, g_B: 17, generated: {'F': 617, 'B': 578}, MM: 2, MMPER: 4.405405405405405%
[00:00:00:03:364] 
---------- SM_Grids/7x9_grid_with_random_blocks_12per_5 ----------
[00:00:00:00:114] Expansion 29: New longest path found with length 30: [0, 1, 10, 19, 28, 29, 38, 39, 48, 49, 50, 41, 32, 31, 22, 21, 12, 3, 4, 5, 14, 15, 24, 25, 26, 35, 44, 43, 52, 61, 62]
[00:00:00:01:944] Path of length 30 found: [0, 1, 10, 19, 28, 29, 38, 39, 48, 49, 50, 41, 32, 31, 22, 21, 12, 3, 4, 5, 14, 15, 24, 25, 26, 35, 44, 43, 52, 61, 62]
[00:00:00:01:945] ! Unidirectional s-t. expansions: 398, time: 1,944 [ms], path length: 30 [edges], generated: 776
[00:00:00:00:903] Expansion 353: New longest path found with length 14: [62, 53, 44, 35, 26, 17, 16, 15, 6, 5, 4, 3, 2, 1, 0]
[00:00:00:00:953] Expansion 371: New longest path found with length 30: [62, 53, 44, 35, 26, 17, 16, 15, 6, 5, 4, 3, 12, 21, 22, 31, 32, 33, 42, 51, 50, 49, 48, 39, 38, 29, 28, 19, 10, 1, 0]
[00:00:00:08:404] Path of length 30 found: [62, 53, 44, 35, 26, 17, 16, 15, 6, 5, 4, 3, 12, 21, 22, 31, 32, 33, 42, 51, 50, 49, 48, 39, 38, 29, 28, 19, 10, 1, 0]
[00:00:00:08:404] ! Unidirectional t-s. expansions: 2,131, time: 8,404 [ms], path length: 30 [edges], generated: 3,777
[00:00:00:00:112] Expansion 27: New longest path found with length 14: [0, 1, 10, 19, 20, 29, 38, 39, 40, 41, 50, 51, 60, 61, 62]
[00:00:00:00:186] Expansion 49: New longest path found with length 20: [0, 1, 10, 19, 20, 21, 12, 3, 4, 5, 6, 15, 24, 23, 32, 41, 50, 51, 60, 61, 62]
[00:00:00:00:210] Expansion 58: New longest path found with length 24: [0, 1, 10, 19, 20, 21, 12, 3, 4, 5, 14, 15, 16, 17, 26, 35, 34, 33, 32, 41, 50, 51, 60, 61, 62]
[00:00:00:00:315] Expansion 89: New longest path found with length 26: [0, 1, 10, 19, 20, 21, 12, 3, 4, 5, 14, 15, 16, 17, 26, 35, 34, 33, 32, 31, 40, 49, 50, 51, 60, 61, 62]
[00:00:00:00:807] Expansion 218: New longest path found with length 28: [0, 1, 10, 19, 28, 29, 38, 39, 40, 31, 22, 21, 12, 3, 4, 5, 6, 15, 16, 17, 26, 35, 44, 43, 42, 51, 60, 61, 62]
[00:00:00:01:218] Expansion 309: New longest path found with length 30: [0, 1, 10, 19, 28, 29, 38, 39, 48, 49, 50, 41, 32, 23, 22, 21, 12, 3, 4, 5, 6, 15, 16, 17, 26, 35, 44, 43, 52, 61, 62]
[00:00:00:03:103] Path of length 30 found: [0, 1, 10, 19, 28, 29, 38, 39, 48, 49, 50, 41, 32, 23, 22, 21, 12, 3, 4, 5, 6, 15, 16, 17, 26, 35, 44, 43, 52, 61, 62]
[00:00:00:03:535] ! Bidirectional. expansions: 646, time: 3,103 [ms], path length: 30 [edges], g_F: 16, g_B: 14, generated: {'F': 681, 'B': 619}, MM: 2, MMPER: 5.451612903225806%
[00:00:00:03:535] 
---------- SM_Grids/7x9_grid_with_random_blocks_12per_6 ----------
[00:00:00:00:121] Expansion 33: New longest path found with length 34: [0, 9, 18, 19, 28, 37, 36, 45, 54, 55, 56, 57, 48, 39, 40, 41, 42, 33, 24, 23, 22, 21, 12, 3, 4, 5, 6, 7, 16, 17, 26, 35, 44, 53, 62]
[00:00:00:01:263] Expansion 355: New longest path found with length 36: [0, 9, 18, 19, 20, 11, 12, 3, 4, 5, 6, 7, 16, 25, 24, 23, 22, 31, 40, 39, 38, 37, 36, 45, 54, 55, 56, 57, 58, 59, 50, 51, 42, 43, 44, 53, 62]
[00:00:00:06:314] Path of length 36 found: [0, 9, 18, 19, 20, 11, 12, 3, 4, 5, 6, 7, 16, 25, 24, 23, 22, 31, 40, 39, 38, 37, 36, 45, 54, 55, 56, 57, 58, 59, 50, 51, 42, 43, 44, 53, 62]
[00:00:00:06:314] ! Unidirectional s-t. expansions: 1,533, time: 6,314 [ms], path length: 36 [edges], generated: 2,626
[00:00:00:02:110] Expansion 1,149: New longest path found with length 16: [62, 53, 44, 35, 26, 17, 16, 7, 6, 5, 4, 3, 2, 11, 10, 9, 0]
[00:00:00:02:162] Expansion 1,169: New longest path found with length 34: [62, 53, 44, 35, 26, 17, 16, 7, 6, 5, 4, 3, 2, 11, 20, 21, 22, 23, 24, 33, 42, 41, 50, 59, 58, 57, 48, 39, 38, 37, 28, 27, 18, 9, 0]
[00:00:00:04:397] Expansion 1,971: New longest path found with length 36: [62, 53, 44, 35, 26, 17, 16, 15, 24, 33, 42, 51, 60, 59, 58, 57, 56, 55, 54, 45, 36, 37, 38, 39, 40, 31, 22, 13, 4, 3, 2, 11, 20, 19, 18, 9, 0]
[00:00:00:07:772] Path of length 36 found: [62, 53, 44, 35, 26, 17, 16, 15, 24, 33, 42, 51, 60, 59, 58, 57, 56, 55, 54, 45, 36, 37, 38, 39, 40, 31, 22, 13, 4, 3, 2, 11, 20, 19, 18, 9, 0]
[00:00:00:07:772] ! Unidirectional t-s. expansions: 2,763, time: 7,772 [ms], path length: 36 [edges], generated: 4,099
[00:00:00:00:140] Expansion 42: New longest path found with length 34: [0, 9, 18, 19, 28, 37, 36, 45, 54, 55, 56, 57, 48, 39, 40, 41, 42, 33, 24, 23, 22, 21, 12, 3, 4, 5, 6, 7, 16, 17, 26, 35, 44, 53, 62]
[00:00:00:01:024] Expansion 304: New longest path found with length 36: [0, 9, 18, 19, 20, 11, 2, 3, 4, 13, 22, 31, 40, 39, 38, 37, 36, 45, 54, 55, 56, 57, 58, 59, 50, 51, 42, 33, 24, 15, 16, 17, 26, 35, 44, 53, 62]
[00:00:00:04:521] Path of length 36 found: [0, 9, 18, 19, 20, 11, 2, 3, 4, 13, 22, 31, 40, 39, 38, 37, 36, 45, 54, 55, 56, 57, 58, 59, 50, 51, 42, 33, 24, 15, 16, 17, 26, 35, 44, 53, 62]
[00:00:00:04:989] ! Bidirectional. expansions: 1,062, time: 4,521 [ms], path length: 36 [edges], g_F: 19, g_B: 17, generated: {'F': 803, 'B': 985}, MM: 2, MMPER: 4.405405405405405%
[00:00:00:04:989] 
---------- SM_Grids/7x9_grid_with_random_blocks_12per_7 ----------
[00:00:00:00:084] Expansion 17: New longest path found with length 18: [0, 9, 18, 19, 20, 21, 12, 3, 4, 5, 14, 23, 24, 25, 34, 35, 44, 53, 62]
[00:00:00:00:394] Expansion 193: New longest path found with length 32: [0, 9, 18, 19, 20, 21, 12, 3, 4, 5, 14, 23, 24, 25, 34, 43, 42, 41, 40, 39, 38, 37, 36, 45, 54, 55, 56, 57, 58, 59, 60, 61, 62]
[00:00:00:02:035] Expansion 804: New longest path found with length 34: [0, 9, 18, 19, 28, 37, 36, 45, 54, 55, 56, 57, 58, 59, 60, 51, 42, 41, 32, 31, 22, 21, 12, 3, 4, 5, 14, 15, 24, 25, 34, 35, 44, 53, 62]
[00:00:00:07:878] Path of length 34 found: [0, 9, 18, 19, 28, 37, 36, 45, 54, 55, 56, 57, 58, 59, 60, 51, 42, 41, 32, 31, 22, 21, 12, 3, 4, 5, 14, 15, 24, 25, 34, 35, 44, 53, 62]
[00:00:00:07:878] ! Unidirectional s-t. expansions: 2,246, time: 7,878 [ms], path length: 34 [edges], generated: 3,776
[00:00:00:00:078] Expansion 15: New longest path found with length 16: [62, 61, 60, 51, 42, 43, 34, 25, 24, 15, 14, 5, 4, 3, 2, 1, 0]
[00:00:00:00:097] Expansion 21: New longest path found with length 20: [62, 61, 60, 51, 42, 43, 34, 25, 24, 15, 14, 5, 4, 3, 12, 21, 20, 19, 10, 1, 0]
[00:00:00:00:403] Expansion 189: New longest path found with length 32: [62, 61, 60, 51, 42, 43, 34, 25, 24, 15, 14, 5, 4, 3, 12, 21, 22, 31, 40, 39, 48, 57, 56, 55, 54, 45, 36, 37, 28, 19, 10, 1, 0]
[00:00:00:05:445] Expansion 1,489: New longest path found with length 34: [62, 53, 44, 35, 34, 25, 24, 15, 14, 5, 4, 3, 12, 21, 30, 31, 32, 41, 42, 51, 60, 59, 58, 57, 56, 55, 54, 45, 36, 37, 28, 19, 10, 1, 0]
[00:00:00:07:932] Path of length 34 found: [62, 53, 44, 35, 34, 25, 24, 15, 14, 5, 4, 3, 12, 21, 30, 31, 32, 41, 42, 51, 60, 59, 58, 57, 56, 55, 54, 45, 36, 37, 28, 19, 10, 1, 0]
[00:00:00:07:932] ! Unidirectional t-s. expansions: 2,105, time: 7,932 [ms], path length: 34 [edges], generated: 3,461
[00:00:00:00:082] Expansion 16: New longest path found with length 16: [0, 9, 10, 19, 20, 21, 22, 13, 14, 15, 24, 25, 34, 35, 44, 53, 62]
[00:00:00:00:133] Expansion 34: New longest path found with length 30: [0, 9, 10, 19, 20, 21, 30, 39, 38, 37, 36, 45, 54, 55, 56, 57, 58, 59, 60, 51, 42, 41, 32, 23, 24, 25, 34, 35, 44, 53, 62]
[00:00:00:00:243] Expansion 64: New longest path found with length 32: [0, 9, 10, 19, 28, 27, 36, 45, 54, 55, 56, 57, 48, 49, 50, 41, 32, 31, 30, 21, 12, 3, 4, 5, 14, 15, 24, 25, 34, 35, 44, 53, 62]
[00:00:00:00:281] Expansion 80: New longest path found with length 34: [0, 9, 10, 19, 28, 27, 36, 45, 54, 55, 56, 57, 58, 59, 60, 51, 42, 41, 40, 39, 30, 21, 12, 3, 4, 5, 14, 15, 24, 25, 34, 35, 44, 53, 62]
[00:00:00:03:972] Path of length 34 found: [0, 9, 10, 19, 28, 27, 36, 45, 54, 55, 56, 57, 58, 59, 60, 51, 42, 41, 40, 39, 30, 21, 12, 3, 4, 5, 14, 15, 24, 25, 34, 35, 44, 53, 62]
[00:00:00:04:402] ! Bidirectional. expansions: 913, time: 3,972 [ms], path length: 34 [edges], g_F: 18, g_B: 16, generated: {'F': 770, 'B': 809}, MM: 2, MMPER: 4.714285714285714%
[00:00:00:04:402] 
---------- SM_Grids/7x9_grid_with_random_blocks_12per_8 ----------
[00:00:00:00:144] Expansion 44: New longest path found with length 22: [0, 9, 18, 27, 36, 37, 38, 29, 30, 21, 12, 3, 4, 5, 14, 23, 32, 41, 50, 51, 52, 61, 62]
[00:00:00:00:305] Expansion 102: New longest path found with length 26: [0, 9, 18, 27, 36, 37, 38, 29, 30, 21, 12, 3, 4, 5, 14, 23, 24, 25, 26, 35, 44, 43, 42, 51, 60, 61, 62]
[00:00:00:00:369] Expansion 124: New longest path found with length 28: [0, 9, 18, 27, 36, 37, 38, 29, 30, 21, 12, 3, 4, 5, 14, 15, 16, 17, 26, 35, 34, 33, 32, 41, 50, 51, 60, 61, 62]
[00:00:00:02:881] Expansion 908: New longest path found with length 32: [0, 9, 18, 27, 36, 37, 38, 29, 20, 11, 2, 3, 4, 13, 22, 31, 40, 49, 50, 51, 42, 33, 24, 15, 6, 7, 8, 17, 26, 35, 44, 53, 62]
[00:00:00:10:360] Path of length 32 found: [0, 9, 18, 27, 36, 37, 38, 29, 20, 11, 2, 3, 4, 13, 22, 31, 40, 49, 50, 51, 42, 33, 24, 15, 6, 7, 8, 17, 26, 35, 44, 53, 62]
[00:00:00:10:360] ! Unidirectional s-t. expansions: 2,658, time: 10,360 [ms], path length: 32 [edges], generated: 5,044
[00:00:00:00:124] Expansion 29: New longest path found with length 30: [62, 61, 52, 51, 50, 49, 40, 31, 32, 23, 24, 25, 26, 17, 8, 7, 6, 5, 4, 13, 12, 11, 20, 29, 38, 37, 36, 27, 18, 9, 0]
[00:00:00:00:327] Expansion 96: New longest path found with length 32: [62, 61, 52, 51, 50, 49, 40, 31, 32, 33, 34, 35, 26, 17, 8, 7, 6, 15, 14, 13, 4, 3, 2, 11, 20, 29, 38, 37, 36, 27, 18, 9, 0]
[00:00:00:09:477] Path of length 32 found: [62, 61, 52, 51, 50, 49, 40, 31, 32, 33, 34, 35, 26, 17, 8, 7, 6, 15, 14, 13, 4, 3, 2, 11, 20, 29, 38, 37, 36, 27, 18, 9, 0]
[00:00:00:09:477] ! Unidirectional t-s. expansions: 2,256, time: 9,477 [ms], path length: 32 [edges], generated: 3,938
[00:00:00:00:103] Expansion 21: New longest path found with length 22: [0, 9, 18, 27, 36, 37, 38, 29, 20, 11, 2, 3, 4, 13, 22, 31, 40, 49, 50, 51, 60, 61, 62]
[00:00:00:00:117] Expansion 26: New longest path found with length 24: [0, 9, 18, 27, 36, 37, 38, 29, 20, 11, 2, 3, 4, 5, 14, 23, 22, 31, 40, 49, 50, 51, 60, 61, 62]
[00:00:00:00:139] Expansion 37: New longest path found with length 32: [0, 9, 18, 27, 36, 37, 38, 29, 20, 11, 2, 3, 4, 5, 6, 7, 16, 17, 26, 35, 34, 33, 24, 23, 22, 31, 40, 49, 50, 51, 60, 61, 62]
[00:00:00:06:243] Path of length 32 found: [0, 9, 18, 27, 36, 37, 38, 29, 20, 11, 2, 3, 4, 5, 6, 7, 16, 17, 26, 35, 34, 33, 24, 23, 22, 31, 40, 49, 50, 51, 60, 61, 62]
[00:00:00:06:679] ! Bidirectional. expansions: 1,272, time: 6,243 [ms], path length: 32 [edges], g_F: 17, g_B: 15, generated: {'F': 1,269, 'B': 1,237}, MM: 2, MMPER: 5.0606060606060606%
[00:00:00:06:679] 
---------- SM_Grids/7x9_grid_with_random_blocks_12per_9 ----------
[00:00:00:00:123] Expansion 35: New longest path found with length 36: [0, 1, 10, 19, 18, 27, 36, 45, 54, 55, 56, 47, 48, 49, 58, 59, 60, 51, 42, 41, 32, 23, 22, 21, 12, 3, 4, 5, 6, 15, 16, 25, 34, 35, 44, 53, 62]
[00:00:00:06:657] Path of length 36 found: [0, 1, 10, 19, 18, 27, 36, 45, 54, 55, 56, 47, 48, 49, 58, 59, 60, 51, 42, 41, 32, 23, 22, 21, 12, 3, 4, 5, 6, 15, 16, 25, 34, 35, 44, 53, 62]
[00:00:00:06:658] ! Unidirectional s-t. expansions: 1,698, time: 6,657 [ms], path length: 36 [edges], generated: 2,999
[00:00:00:00:621] Expansion 257: New longest path found with length 18: [62, 61, 52, 43, 44, 35, 26, 17, 16, 7, 6, 5, 4, 13, 12, 11, 10, 1, 0]
[00:00:00:00:665] Expansion 277: New longest path found with length 34: [62, 61, 52, 43, 44, 35, 26, 17, 16, 7, 6, 5, 4, 13, 12, 21, 30, 31, 40, 41, 50, 59, 58, 57, 56, 47, 38, 37, 36, 27, 18, 19, 10, 1, 0]
[00:00:00:08:349] Expansion 2,536: New longest path found with length 36: [62, 53, 44, 35, 26, 17, 16, 7, 6, 5, 4, 3, 12, 21, 30, 31, 32, 33, 42, 51, 60, 59, 58, 49, 48, 47, 56, 55, 54, 45, 36, 37, 28, 19, 10, 1, 0]
[00:00:00:10:655] Path of length 36 found: [62, 53, 44, 35, 26, 17, 16, 7, 6, 5, 4, 3, 12, 21, 30, 31, 32, 33, 42, 51, 60, 59, 58, 49, 48, 47, 56, 55, 54, 45, 36, 37, 28, 19, 10, 1, 0]
[00:00:00:10:655] ! Unidirectional t-s. expansions: 3,109, time: 10,655 [ms], path length: 36 [edges], generated: 5,068
[00:00:00:00:138] Expansion 37: New longest path found with length 34: [0, 1, 10, 19, 18, 27, 36, 45, 54, 55, 56, 47, 48, 49, 40, 41, 32, 23, 22, 21, 12, 3, 4, 5, 6, 7, 16, 17, 26, 35, 44, 43, 52, 61, 62]
[00:00:00:02:809] Expansion 966: New longest path found with length 36: [0, 1, 10, 19, 18, 27, 36, 45, 54, 55, 56, 47, 48, 49, 58, 59, 60, 51, 42, 41, 32, 31, 30, 21, 12, 3, 4, 5, 6, 7, 16, 17, 26, 35, 44, 53, 62]
[00:00:00:06:856] Path of length 36 found: [0, 1, 10, 19, 18, 27, 36, 45, 54, 55, 56, 47, 48, 49, 58, 59, 60, 51, 42, 41, 32, 31, 30, 21, 12, 3, 4, 5, 6, 7, 16, 17, 26, 35, 44, 53, 62]
[00:00:00:07:292] ! Bidirectional. expansions: 1,967, time: 6,856 [ms], path length: 36 [edges], g_F: 19, g_B: 17, generated: {'F': 1,496, 'B': 1,452}, MM: 2, MMPER: 4.405405405405405%
[00:00:00:07:292] average expansions: (1,818, 2,991, 1,579, 0)
[00:00:00:07:292] average time: (7,090, 10,308, 6,462, 0)
[00:00:00:07:292] X-DFBnB: 1,818 , 7,090 (expansions , time[ms])
[00:00:00:07:292] BiX-DFBnB: 1,579 , 6,462 (expansions , time[ms])

