--------------------------
date: SM_Grids
number_of_graphs: 10
graph_type: grid
size_of_graphs: [8, 8]
heuristic: bcc_heuristic
snake: False
run_uni: True
run_bi: True
run_multi: False
solution_vertices: []
algorithms: ['DFBnB']
bsd: False
cube_first_dims: 4
cube_buffer_dim: None
backward_sym_generation: False
sym_coil: False
prefix_set: None

---------- SM_Grids/8x8_grid_with_random_blocks_8per_0 ----------
[00:00:00:00:053] Expansion 53: New longest path found with length 54: [0, 8, 16, 24, 32, 40, 41, 49, 57, 58, 59, 51, 43, 42, 34, 33, 25, 17, 9, 10, 2, 3, 11, 19, 18, 26, 27, 35, 36, 44, 45, 37, 29, 28, 20, 21, 13, 5, 6, 7, 15, 14, 22, 23, 31, 30, 38, 39, 47, 46, 54, 53, 61, 62, 63]
[00:00:03:00:541] Valid states checked so far: 200,000, Expansions: 199,998, Global best: 55
[00:00:05:25:670] Expansion 351,815: New longest path found with length 56: [0, 8, 9, 17, 16, 24, 32, 40, 41, 49, 57, 58, 59, 51, 43, 42, 34, 33, 25, 26, 18, 19, 11, 10, 2, 3, 4, 5, 13, 21, 20, 28, 27, 35, 36, 44, 45, 37, 29, 30, 22, 14, 6, 7, 15, 23, 31, 39, 38, 46, 47, 55, 54, 53, 61, 62, 63]
[00:00:05:26:577] Path of length 56 found: [0, 8, 9, 17, 16, 24, 32, 40, 41, 49, 57, 58, 59, 51, 43, 42, 34, 33, 25, 26, 18, 19, 11, 10, 2, 3, 4, 5, 13, 21, 20, 28, 27, 35, 36, 44, 45, 37, 29, 30, 22, 14, 6, 7, 15, 23, 31, 39, 38, 46, 47, 55, 54, 53, 61, 62, 63]
[00:00:05:26:577] ! Unidirectional s-t. expansions: 352,557, time: 326,577 [ms], path length: 56 [edges], generated: 626,224
[00:00:00:00:063] Expansion 53: New longest path found with length 54: [63, 55, 47, 39, 31, 23, 15, 7, 6, 5, 4, 3, 2, 10, 11, 19, 18, 17, 25, 33, 34, 26, 27, 35, 43, 44, 36, 28, 20, 21, 13, 14, 22, 30, 29, 37, 38, 46, 45, 53, 54, 62, 61, 60, 59, 58, 57, 49, 41, 40, 32, 24, 16, 8, 0]
[00:00:00:00:809] Expansion 834: New longest path found with length 56: [63, 55, 47, 39, 31, 23, 15, 7, 6, 5, 4, 3, 2, 10, 11, 19, 18, 26, 25, 33, 34, 42, 43, 44, 36, 35, 27, 28, 20, 21, 13, 14, 22, 30, 29, 37, 38, 46, 45, 53, 54, 62, 61, 60, 59, 58, 57, 49, 41, 40, 32, 24, 16, 17, 9, 8, 0]
[00:00:00:10:403] Path of length 56 found: [63, 55, 47, 39, 31, 23, 15, 7, 6, 5, 4, 3, 2, 10, 11, 19, 18, 26, 25, 33, 34, 42, 43, 44, 36, 35, 27, 28, 20, 21, 13, 14, 22, 30, 29, 37, 38, 46, 45, 53, 54, 62, 61, 60, 59, 58, 57, 49, 41, 40, 32, 24, 16, 17, 9, 8, 0]
[00:00:00:10:403] ! Unidirectional t-s. expansions: 8,438, time: 10,403 [ms], path length: 56 [edges], generated: 15,432
[00:00:00:00:046] Expansion 31: New longest path found with length 32: [0, 8, 16, 24, 32, 40, 41, 49, 57, 58, 59, 51, 43, 42, 34, 33, 25, 17, 9, 10, 2, 3, 4, 5, 6, 7, 15, 23, 31, 39, 47, 55, 63]
[00:00:00:00:048] Expansion 33: New longest path found with length 34: [0, 8, 16, 24, 32, 40, 41, 49, 57, 58, 59, 51, 43, 42, 34, 33, 25, 26, 18, 17, 9, 10, 2, 3, 4, 5, 6, 7, 15, 23, 31, 39, 47, 55, 63]
[00:00:00:00:050] Expansion 35: New longest path found with length 36: [0, 8, 16, 24, 32, 40, 41, 49, 57, 58, 59, 51, 43, 42, 34, 33, 25, 26, 27, 19, 18, 17, 9, 10, 2, 3, 4, 5, 6, 7, 15, 23, 31, 39, 47, 55, 63]
[00:00:00:00:054] Expansion 39: New longest path found with length 40: [0, 8, 16, 24, 32, 40, 41, 49, 57, 58, 59, 51, 43, 42, 34, 33, 25, 26, 27, 35, 36, 28, 20, 19, 18, 17, 9, 10, 2, 3, 4, 5, 6, 7, 15, 23, 31, 39, 47, 55, 63]
[00:00:00:00:063] Expansion 53: New longest path found with length 54: [0, 8, 16, 24, 32, 40, 41, 49, 57, 58, 59, 51, 43, 42, 34, 33, 25, 26, 27, 35, 36, 44, 45, 53, 61, 62, 54, 46, 38, 30, 22, 14, 13, 21, 29, 28, 20, 19, 18, 17, 9, 10, 2, 3, 4, 5, 6, 7, 15, 23, 31, 39, 47, 55, 63]
[00:00:03:16:510] Valid meeting checks so far: 200,000, state_vs_state: 231, state_vs_prefix: 0, prefix_vs_prefix: 199,769
[00:00:03:40:529] Expansion 222,790: New longest path found with length 56: [0, 8, 9, 17, 16, 24, 32, 40, 41, 49, 57, 58, 59, 60, 61, 62, 54, 53, 45, 46, 38, 37, 29, 30, 22, 14, 13, 21, 20, 28, 27, 35, 36, 44, 43, 42, 34, 33, 25, 26, 18, 19, 11, 10, 2, 3, 4, 5, 6, 7, 15, 23, 31, 39, 47, 55, 63]
[00:00:03:48:205] Path of length 56 found: [0, 8, 9, 17, 16, 24, 32, 40, 41, 49, 57, 58, 59, 60, 61, 62, 54, 53, 45, 46, 38, 37, 29, 30, 22, 14, 13, 21, 20, 28, 27, 35, 36, 44, 43, 42, 34, 33, 25, 26, 18, 19, 11, 10, 2, 3, 4, 5, 6, 7, 15, 23, 31, 39, 47, 55, 63]
[00:00:03:48:640] ! Bidirectional. expansions: 228,701, time: 228,205 [ms], path length: 56 [edges], g_F: 29, g_B: 27, generated: {'F': 219,081, 'B': 204,138}, MM: 2, MMPER: 2.508771929824561%
[00:00:03:48:641] 
---------- SM_Grids/8x8_grid_with_random_blocks_8per_1 ----------
[00:00:00:00:063] Expansion 55: New longest path found with length 56: [0, 8, 16, 24, 32, 40, 48, 56, 57, 49, 41, 42, 50, 51, 59, 60, 52, 44, 43, 35, 34, 26, 18, 17, 9, 1, 2, 10, 11, 3, 4, 12, 20, 28, 36, 37, 29, 21, 13, 5, 6, 7, 15, 14, 22, 23, 31, 30, 38, 39, 47, 46, 54, 53, 61, 62, 63]
[00:00:01:26:121] Path of length 56 found: [0, 8, 16, 24, 32, 40, 48, 56, 57, 49, 41, 42, 50, 51, 59, 60, 52, 44, 43, 35, 34, 26, 18, 17, 9, 1, 2, 10, 11, 3, 4, 12, 20, 28, 36, 37, 29, 21, 13, 5, 6, 7, 15, 14, 22, 23, 31, 30, 38, 39, 47, 46, 54, 53, 61, 62, 63]
[00:00:01:26:122] ! Unidirectional s-t. expansions: 87,497, time: 86,121 [ms], path length: 56 [edges], generated: 150,127
[00:00:00:00:023] Expansion 13: New longest path found with length 14: [63, 55, 47, 39, 31, 23, 15, 7, 6, 5, 4, 3, 2, 1, 0]
[00:00:00:00:060] Expansion 53: New longest path found with length 54: [63, 55, 47, 39, 31, 23, 15, 7, 6, 5, 4, 3, 2, 1, 9, 17, 18, 10, 11, 19, 20, 12, 13, 14, 22, 21, 29, 28, 36, 37, 38, 46, 54, 62, 61, 53, 52, 60, 59, 51, 43, 35, 34, 42, 50, 49, 57, 56, 48, 40, 32, 24, 16, 8, 0]
[00:00:00:01:126] Expansion 1,316: New longest path found with length 56: [63, 55, 47, 39, 31, 23, 15, 7, 6, 5, 4, 3, 2, 1, 9, 17, 18, 26, 34, 35, 43, 44, 36, 28, 20, 19, 11, 12, 13, 14, 22, 21, 29, 37, 38, 46, 54, 62, 61, 53, 52, 60, 59, 51, 50, 42, 41, 49, 57, 56, 48, 40, 32, 24, 16, 8, 0]
[00:00:02:26:982] Path of length 56 found: [63, 55, 47, 39, 31, 23, 15, 7, 6, 5, 4, 3, 2, 1, 9, 17, 18, 26, 34, 35, 43, 44, 36, 28, 20, 19, 11, 12, 13, 14, 22, 21, 29, 37, 38, 46, 54, 62, 61, 53, 52, 60, 59, 51, 50, 42, 41, 49, 57, 56, 48, 40, 32, 24, 16, 8, 0]
[00:00:02:26:982] ! Unidirectional t-s. expansions: 149,029, time: 146,982 [ms], path length: 56 [edges], generated: 250,566
[00:00:00:00:061] Expansion 53: New longest path found with length 54: [0, 8, 16, 24, 32, 40, 48, 56, 57, 49, 41, 42, 50, 51, 59, 60, 52, 53, 61, 62, 54, 46, 38, 30, 22, 14, 13, 12, 20, 28, 29, 37, 36, 44, 43, 35, 34, 26, 18, 17, 9, 1, 2, 3, 4, 5, 6, 7, 15, 23, 31, 39, 47, 55, 63]
[00:00:00:00:062] Expansion 55: New longest path found with length 56: [0, 8, 16, 24, 32, 40, 48, 56, 57, 49, 41, 42, 50, 51, 59, 60, 52, 53, 61, 62, 54, 46, 38, 30, 22, 14, 13, 12, 11, 19, 20, 28, 29, 37, 36, 44, 43, 35, 34, 26, 18, 17, 9, 1, 2, 3, 4, 5, 6, 7, 15, 23, 31, 39, 47, 55, 63]
[00:00:03:19:430] Path of length 56 found: [0, 8, 16, 24, 32, 40, 48, 56, 57, 49, 41, 42, 50, 51, 59, 60, 52, 53, 61, 62, 54, 46, 38, 30, 22, 14, 13, 12, 11, 19, 20, 28, 29, 37, 36, 44, 43, 35, 34, 26, 18, 17, 9, 1, 2, 3, 4, 5, 6, 7, 15, 23, 31, 39, 47, 55, 63]
[00:00:03:19:845] ! Bidirectional. expansions: 199,392, time: 199,430 [ms], path length: 56 [edges], g_F: 29, g_B: 27, generated: {'F': 188,218, 'B': 181,359}, MM: 2, MMPER: 2.508771929824561%
[00:00:03:19:845] 
---------- SM_Grids/8x8_grid_with_random_blocks_8per_2 ----------
[00:00:00:00:102] Expansion 55: New longest path found with length 56: [0, 8, 16, 24, 32, 40, 48, 56, 57, 49, 41, 42, 34, 26, 25, 17, 18, 10, 9, 1, 2, 3, 11, 12, 20, 21, 13, 5, 6, 7, 15, 14, 22, 23, 31, 30, 29, 37, 36, 35, 43, 51, 50, 58, 59, 60, 52, 44, 45, 53, 54, 46, 38, 39, 47, 55, 63]
[00:00:00:00:365] Expansion 436: New longest path found with length 58: [0, 8, 16, 24, 32, 40, 48, 56, 57, 49, 41, 42, 34, 35, 27, 26, 25, 17, 18, 10, 9, 1, 2, 3, 11, 12, 20, 21, 13, 5, 6, 7, 15, 14, 22, 23, 31, 30, 29, 37, 36, 44, 43, 51, 50, 58, 59, 60, 52, 53, 45, 46, 38, 39, 47, 55, 54, 62, 63]
[00:00:00:00:367] Path of length 58 found: [0, 8, 16, 24, 32, 40, 48, 56, 57, 49, 41, 42, 34, 35, 27, 26, 25, 17, 18, 10, 9, 1, 2, 3, 11, 12, 20, 21, 13, 5, 6, 7, 15, 14, 22, 23, 31, 30, 29, 37, 36, 44, 43, 51, 50, 58, 59, 60, 52, 53, 45, 46, 38, 39, 47, 55, 54, 62, 63]
[00:00:00:00:367] ! Unidirectional s-t. expansions: 437, time: 367 [ms], path length: 58 [edges], generated: 718
[00:00:00:00:032] Expansion 21: New longest path found with length 22: [63, 62, 54, 55, 47, 39, 31, 23, 15, 7, 6, 5, 13, 14, 22, 21, 20, 12, 11, 3, 2, 1, 0]
[00:00:00:00:059] Expansion 57: New longest path found with length 58: [63, 62, 54, 55, 47, 39, 31, 23, 15, 7, 6, 5, 13, 14, 22, 21, 20, 12, 11, 3, 2, 1, 9, 10, 18, 17, 25, 26, 27, 35, 34, 42, 41, 49, 50, 51, 43, 44, 36, 37, 29, 30, 38, 46, 45, 53, 52, 60, 59, 58, 57, 56, 48, 40, 32, 24, 16, 8, 0]
[00:00:00:00:061] Path of length 58 found: [63, 62, 54, 55, 47, 39, 31, 23, 15, 7, 6, 5, 13, 14, 22, 21, 20, 12, 11, 3, 2, 1, 9, 10, 18, 17, 25, 26, 27, 35, 34, 42, 41, 49, 50, 51, 43, 44, 36, 37, 29, 30, 38, 46, 45, 53, 52, 60, 59, 58, 57, 56, 48, 40, 32, 24, 16, 8, 0]
[00:00:00:00:061] ! Unidirectional t-s. expansions: 58, time: 61 [ms], path length: 58 [edges], generated: 94
[00:00:00:00:059] Expansion 55: New longest path found with length 56: [0, 8, 16, 24, 32, 40, 48, 56, 57, 49, 41, 42, 34, 26, 25, 17, 18, 10, 9, 1, 2, 3, 11, 12, 20, 21, 29, 37, 36, 35, 43, 51, 50, 58, 59, 60, 52, 53, 45, 46, 38, 30, 22, 14, 13, 5, 6, 7, 15, 23, 31, 39, 47, 55, 54, 62, 63]
[00:00:00:00:085] Expansion 92: New longest path found with length 58: [0, 8, 16, 24, 32, 40, 48, 56, 57, 49, 41, 42, 34, 35, 27, 26, 25, 17, 18, 10, 9, 1, 2, 3, 11, 12, 20, 21, 29, 37, 36, 44, 43, 51, 50, 58, 59, 60, 52, 53, 45, 46, 38, 30, 22, 14, 13, 5, 6, 7, 15, 23, 31, 39, 47, 55, 54, 62, 63]
[00:00:00:00:087] Path of length 58 found: [0, 8, 16, 24, 32, 40, 48, 56, 57, 49, 41, 42, 34, 35, 27, 26, 25, 17, 18, 10, 9, 1, 2, 3, 11, 12, 20, 21, 29, 37, 36, 44, 43, 51, 50, 58, 59, 60, 52, 53, 45, 46, 38, 30, 22, 14, 13, 5, 6, 7, 15, 23, 31, 39, 47, 55, 54, 62, 63]
[00:00:00:00:494] ! Bidirectional. expansions: 93, time: 87 [ms], path length: 58 [edges], g_F: 30, g_B: 28, generated: {'F': 84, 'B': 88}, MM: 2, MMPER: 2.389830508474576%
[00:00:00:00:494] 
---------- SM_Grids/8x8_grid_with_random_blocks_8per_3 ----------
[00:00:00:00:061] Expansion 53: New longest path found with length 54: [0, 8, 16, 17, 25, 33, 32, 40, 41, 49, 48, 56, 57, 58, 50, 51, 59, 60, 52, 44, 43, 35, 34, 26, 18, 10, 2, 3, 4, 12, 20, 19, 27, 28, 36, 37, 29, 21, 13, 5, 6, 7, 15, 14, 22, 30, 31, 39, 47, 46, 45, 53, 61, 62, 63]
[00:00:00:00:061] Expansion 55: New longest path found with length 56: [0, 8, 16, 17, 25, 33, 32, 40, 41, 49, 48, 56, 57, 58, 50, 51, 59, 60, 52, 44, 43, 35, 34, 26, 18, 10, 2, 3, 4, 12, 20, 19, 27, 28, 36, 37, 29, 21, 13, 5, 6, 7, 15, 14, 22, 30, 31, 39, 47, 46, 45, 53, 61, 62, 54, 55, 63]
[00:00:00:05:891] Path of length 56 found: [0, 8, 16, 17, 25, 33, 32, 40, 41, 49, 48, 56, 57, 58, 50, 51, 59, 60, 52, 44, 43, 35, 34, 26, 18, 10, 2, 3, 4, 12, 20, 19, 27, 28, 36, 37, 29, 21, 13, 5, 6, 7, 15, 14, 22, 30, 31, 39, 47, 46, 45, 53, 61, 62, 54, 55, 63]
[00:00:00:05:891] ! Unidirectional s-t. expansions: 6,257, time: 5,891 [ms], path length: 56 [edges], generated: 10,651
[00:00:00:00:058] Expansion 53: New longest path found with length 54: [63, 55, 47, 39, 31, 23, 15, 7, 6, 5, 4, 3, 2, 10, 18, 26, 34, 35, 27, 19, 20, 12, 13, 14, 22, 21, 29, 28, 36, 37, 45, 46, 54, 62, 61, 53, 52, 44, 43, 51, 59, 58, 50, 49, 57, 56, 48, 40, 32, 33, 25, 17, 16, 8, 0]
[00:00:00:00:669] Expansion 865: New longest path found with length 56: [63, 55, 47, 39, 31, 23, 15, 7, 6, 5, 4, 3, 2, 10, 18, 26, 34, 35, 43, 44, 36, 28, 27, 19, 20, 12, 13, 14, 22, 21, 29, 37, 45, 46, 54, 62, 61, 53, 52, 60, 59, 51, 50, 58, 57, 56, 48, 49, 41, 40, 32, 33, 25, 17, 16, 8, 0]
[00:00:01:12:384] Path of length 56 found: [63, 55, 47, 39, 31, 23, 15, 7, 6, 5, 4, 3, 2, 10, 18, 26, 34, 35, 43, 44, 36, 28, 27, 19, 20, 12, 13, 14, 22, 21, 29, 37, 45, 46, 54, 62, 61, 53, 52, 60, 59, 51, 50, 58, 57, 56, 48, 49, 41, 40, 32, 33, 25, 17, 16, 8, 0]
[00:00:01:12:384] ! Unidirectional t-s. expansions: 69,174, time: 72,384 [ms], path length: 56 [edges], generated: 117,071
[00:00:00:00:061] Expansion 55: New longest path found with length 56: [0, 8, 16, 17, 25, 33, 32, 40, 41, 49, 48, 56, 57, 58, 50, 51, 59, 60, 52, 53, 61, 62, 54, 46, 45, 37, 29, 30, 22, 21, 13, 12, 20, 19, 27, 28, 36, 44, 43, 35, 34, 26, 18, 10, 2, 3, 4, 5, 6, 7, 15, 23, 31, 39, 47, 55, 63]
[00:00:00:14:477] Path of length 56 found: [0, 8, 16, 17, 25, 33, 32, 40, 41, 49, 48, 56, 57, 58, 50, 51, 59, 60, 52, 53, 61, 62, 54, 46, 45, 37, 29, 30, 22, 21, 13, 12, 20, 19, 27, 28, 36, 44, 43, 35, 34, 26, 18, 10, 2, 3, 4, 5, 6, 7, 15, 23, 31, 39, 47, 55, 63]
[00:00:00:14:912] ! Bidirectional. expansions: 14,399, time: 14,477 [ms], path length: 56 [edges], g_F: 29, g_B: 27, generated: {'F': 12,766, 'B': 13,061}, MM: 2, MMPER: 2.508771929824561%
[00:00:00:14:913] 
---------- SM_Grids/8x8_grid_with_random_blocks_8per_4 ----------
[00:00:00:00:061] Expansion 49: New longest path found with length 50: [0, 8, 16, 24, 32, 40, 48, 56, 57, 49, 41, 33, 25, 17, 9, 1, 2, 10, 18, 26, 34, 42, 43, 51, 59, 60, 52, 44, 36, 35, 27, 19, 11, 3, 4, 12, 20, 28, 29, 21, 13, 14, 22, 30, 31, 39, 38, 46, 47, 55, 63]
[00:00:00:00:062] Expansion 51: New longest path found with length 52: [0, 8, 16, 24, 32, 40, 48, 56, 57, 49, 41, 33, 25, 17, 9, 1, 2, 10, 18, 26, 34, 42, 43, 51, 59, 60, 52, 44, 36, 35, 27, 19, 11, 3, 4, 12, 20, 28, 29, 21, 13, 14, 22, 30, 31, 39, 38, 46, 47, 55, 54, 62, 63]
[00:00:02:58:596] Valid states checked so far: 200,000, Expansions: 199,998, Global best: 53
[00:00:06:03:703] Valid states checked so far: 400,000, Expansions: 399,998, Global best: 53
[00:00:09:04:321] Valid states checked so far: 600,000, Expansions: 599,998, Global best: 53
[00:00:12:17:546] Valid states checked so far: 800,000, Expansions: 799,998, Global best: 53
[00:00:15:27:948] Valid states checked so far: 1,000,000, Expansions: 999,998, Global best: 53
[00:00:18:18:473] Valid states checked so far: 1,200,000, Expansions: 1,199,998, Global best: 53
[00:00:21:11:035] Valid states checked so far: 1,400,000, Expansions: 1,399,998, Global best: 53
[00:00:22:53:960] Path of length 52 found: [0, 8, 16, 24, 32, 40, 48, 56, 57, 49, 41, 33, 25, 17, 9, 1, 2, 10, 18, 26, 34, 42, 43, 51, 59, 60, 52, 44, 36, 35, 27, 19, 11, 3, 4, 12, 20, 28, 29, 21, 13, 14, 22, 30, 31, 39, 38, 46, 47, 55, 54, 62, 63]
[00:00:22:53:961] ! Unidirectional s-t. expansions: 1,509,255, time: 1,373,961 [ms], path length: 52 [edges], generated: 2,544,464
[00:00:00:00:045] Expansion 29: New longest path found with length 30: [63, 62, 54, 53, 52, 60, 59, 51, 43, 44, 36, 28, 20, 21, 29, 37, 38, 46, 47, 39, 31, 30, 22, 14, 13, 12, 4, 3, 2, 1, 0]
[00:00:00:00:061] Expansion 51: New longest path found with length 52: [63, 62, 54, 53, 52, 60, 59, 51, 43, 44, 36, 28, 20, 21, 29, 37, 38, 46, 47, 39, 31, 30, 22, 14, 13, 12, 4, 3, 2, 1, 9, 17, 25, 26, 18, 10, 11, 19, 27, 35, 34, 42, 41, 49, 57, 56, 48, 40, 32, 24, 16, 8, 0]
[00:00:01:51:787] Path of length 52 found: [63, 62, 54, 53, 52, 60, 59, 51, 43, 44, 36, 28, 20, 21, 29, 37, 38, 46, 47, 39, 31, 30, 22, 14, 13, 12, 4, 3, 2, 1, 9, 17, 25, 26, 18, 10, 11, 19, 27, 35, 34, 42, 41, 49, 57, 56, 48, 40, 32, 24, 16, 8, 0]
[00:00:01:51:787] ! Unidirectional t-s. expansions: 120,695, time: 111,787 [ms], path length: 52 [edges], generated: 210,727
[00:00:00:00:059] Expansion 51: New longest path found with length 52: [0, 8, 16, 24, 32, 40, 48, 56, 57, 49, 41, 42, 34, 33, 25, 17, 9, 1, 2, 10, 18, 26, 27, 19, 11, 3, 4, 12, 13, 14, 22, 30, 31, 39, 47, 46, 38, 37, 29, 21, 20, 28, 36, 44, 43, 51, 59, 60, 52, 53, 54, 62, 63]
[00:00:02:59:286] Valid meeting checks so far: 200,000, state_vs_state: 238, state_vs_prefix: 0, prefix_vs_prefix: 199,762
[00:00:04:56:009] Path of length 52 found: [0, 8, 16, 24, 32, 40, 48, 56, 57, 49, 41, 42, 34, 33, 25, 17, 9, 1, 2, 10, 18, 26, 27, 19, 11, 3, 4, 12, 13, 14, 22, 30, 31, 39, 47, 46, 38, 37, 29, 21, 20, 28, 36, 44, 43, 51, 59, 60, 52, 53, 54, 62, 63]
[00:00:04:56:431] ! Bidirectional. expansions: 332,491, time: 296,009 [ms], path length: 52 [edges], g_F: 27, g_B: 25, generated: {'F': 307,461, 'B': 323,806}, MM: 2, MMPER: 2.7735849056603774%
[00:00:04:56:431] 
---------- SM_Grids/8x8_grid_with_random_blocks_8per_5 ----------
[00:00:00:00:057] Expansion 53: New longest path found with length 54: [0, 1, 2, 3, 11, 12, 4, 5, 13, 21, 20, 28, 27, 26, 18, 17, 16, 24, 25, 33, 32, 40, 48, 56, 57, 49, 41, 42, 34, 35, 43, 51, 50, 58, 59, 60, 61, 53, 52, 44, 36, 37, 29, 30, 22, 14, 6, 7, 15, 23, 31, 39, 47, 55, 63]
[00:00:02:33:133] Valid states checked so far: 200,000, Expansions: 199,998, Global best: 55
[00:00:05:15:403] Valid states checked so far: 400,000, Expansions: 399,998, Global best: 55
[00:00:07:10:905] Path of length 54 found: [0, 1, 2, 3, 11, 12, 4, 5, 13, 21, 20, 28, 27, 26, 18, 17, 16, 24, 25, 33, 32, 40, 48, 56, 57, 49, 41, 42, 34, 35, 43, 51, 50, 58, 59, 60, 61, 53, 52, 44, 36, 37, 29, 30, 22, 14, 6, 7, 15, 23, 31, 39, 47, 55, 63]
[00:00:07:10:905] ! Unidirectional s-t. expansions: 540,981, time: 430,905 [ms], path length: 54 [edges], generated: 909,861
[00:00:00:00:056] Expansion 53: New longest path found with length 54: [63, 55, 47, 39, 31, 23, 15, 7, 6, 5, 4, 3, 11, 12, 20, 28, 29, 21, 13, 14, 22, 30, 38, 37, 36, 35, 27, 26, 18, 17, 25, 33, 34, 42, 41, 49, 50, 51, 43, 44, 45, 53, 52, 60, 59, 58, 57, 56, 48, 40, 32, 24, 16, 8, 0]
[00:00:02:38:777] Valid states checked so far: 200,000, Expansions: 199,999, Global best: 55
[00:00:05:31:398] Valid states checked so far: 400,000, Expansions: 399,999, Global best: 55
[00:00:08:21:796] Valid states checked so far: 600,000, Expansions: 599,999, Global best: 55
[00:00:10:22:297] Path of length 54 found: [63, 55, 47, 39, 31, 23, 15, 7, 6, 5, 4, 3, 11, 12, 20, 28, 29, 21, 13, 14, 22, 30, 38, 37, 36, 35, 27, 26, 18, 17, 25, 33, 34, 42, 41, 49, 50, 51, 43, 44, 45, 53, 52, 60, 59, 58, 57, 56, 48, 40, 32, 24, 16, 8, 0]
[00:00:10:22:298] ! Unidirectional t-s. expansions: 729,797, time: 622,297 [ms], path length: 54 [edges], generated: 1,333,905
[00:00:00:00:047] Expansion 35: New longest path found with length 36: [0, 1, 2, 3, 11, 12, 4, 5, 13, 21, 20, 28, 27, 26, 18, 17, 16, 24, 32, 33, 34, 35, 36, 37, 29, 30, 22, 14, 6, 7, 15, 23, 31, 39, 47, 55, 63]
[00:00:00:00:049] Expansion 37: New longest path found with length 38: [0, 1, 2, 3, 11, 12, 4, 5, 13, 21, 20, 28, 27, 26, 18, 17, 16, 24, 32, 40, 41, 33, 34, 35, 36, 37, 29, 30, 22, 14, 6, 7, 15, 23, 31, 39, 47, 55, 63]
[00:00:00:00:051] Expansion 39: New longest path found with length 40: [0, 1, 2, 3, 11, 12, 4, 5, 13, 21, 20, 28, 27, 26, 18, 17, 16, 24, 32, 40, 48, 49, 41, 33, 34, 35, 36, 37, 29, 30, 22, 14, 6, 7, 15, 23, 31, 39, 47, 55, 63]
[00:00:00:00:057] Expansion 47: New longest path found with length 48: [0, 1, 2, 3, 11, 12, 4, 5, 13, 21, 20, 28, 27, 26, 18, 17, 16, 24, 32, 40, 48, 56, 57, 58, 59, 51, 43, 42, 50, 49, 41, 33, 34, 35, 36, 37, 29, 30, 22, 14, 6, 7, 15, 23, 31, 39, 47, 55, 63]
[00:00:00:00:058] Expansion 49: New longest path found with length 50: [0, 1, 2, 3, 11, 12, 4, 5, 13, 21, 20, 28, 27, 26, 18, 17, 16, 24, 32, 40, 48, 56, 57, 58, 59, 60, 52, 51, 43, 42, 50, 49, 41, 33, 34, 35, 36, 37, 29, 30, 22, 14, 6, 7, 15, 23, 31, 39, 47, 55, 63]
[00:00:00:00:060] Expansion 53: New longest path found with length 54: [0, 1, 2, 3, 11, 12, 4, 5, 13, 21, 20, 28, 27, 26, 18, 17, 16, 24, 32, 40, 48, 56, 57, 58, 59, 60, 61, 53, 45, 44, 52, 51, 43, 42, 50, 49, 41, 33, 34, 35, 36, 37, 29, 30, 22, 14, 6, 7, 15, 23, 31, 39, 47, 55, 63]
[00:00:02:44:069] Valid meeting checks so far: 200,000, state_vs_state: 591, state_vs_prefix: 0, prefix_vs_prefix: 199,409
[00:00:03:12:056] Path of length 54 found: [0, 1, 2, 3, 11, 12, 4, 5, 13, 21, 20, 28, 27, 26, 18, 17, 16, 24, 32, 40, 48, 56, 57, 58, 59, 60, 61, 53, 45, 44, 52, 51, 43, 42, 50, 49, 41, 33, 34, 35, 36, 37, 29, 30, 22, 14, 6, 7, 15, 23, 31, 39, 47, 55, 63]
[00:00:03:12:477] ! Bidirectional. expansions: 233,084, time: 192,056 [ms], path length: 54 [edges], g_F: 28, g_B: 26, generated: {'F': 225,044, 'B': 210,408}, MM: 2, MMPER: 2.6363636363636362%
[00:00:03:12:477] 
---------- SM_Grids/8x8_grid_with_random_blocks_8per_6 ----------
[00:00:00:00:061] Expansion 55: New longest path found with length 56: [0, 8, 16, 24, 32, 40, 48, 49, 41, 33, 25, 17, 9, 1, 2, 10, 18, 26, 34, 42, 50, 58, 59, 51, 43, 35, 27, 19, 11, 3, 4, 12, 20, 28, 36, 44, 52, 53, 45, 37, 29, 21, 13, 5, 6, 14, 15, 23, 22, 30, 31, 39, 38, 46, 54, 62, 63]
[00:00:02:02:402] Valid states checked so far: 200,000, Expansions: 199,998, Global best: 57
[00:00:04:13:241] Valid states checked so far: 400,000, Expansions: 399,998, Global best: 57
[00:00:06:23:309] Valid states checked so far: 600,000, Expansions: 599,998, Global best: 57
[00:00:08:31:669] Valid states checked so far: 800,000, Expansions: 799,998, Global best: 57
[00:00:10:42:968] Valid states checked so far: 1,000,000, Expansions: 999,998, Global best: 57
[00:00:12:53:844] Valid states checked so far: 1,200,000, Expansions: 1,199,998, Global best: 57
[00:00:15:03:966] Valid states checked so far: 1,400,000, Expansions: 1,399,998, Global best: 57
[00:00:17:17:523] Valid states checked so far: 1,600,000, Expansions: 1,599,998, Global best: 57
[00:00:19:30:979] Valid states checked so far: 1,800,000, Expansions: 1,799,998, Global best: 57
[00:00:21:42:453] Valid states checked so far: 2,000,000, Expansions: 1,999,998, Global best: 57
[00:00:23:55:825] Valid states checked so far: 2,200,000, Expansions: 2,199,998, Global best: 57
[00:00:26:07:586] Valid states checked so far: 2,400,000, Expansions: 2,399,998, Global best: 57
[00:00:28:14:634] Valid states checked so far: 2,600,000, Expansions: 2,599,998, Global best: 57
[00:00:30:19:132] Valid states checked so far: 2,800,000, Expansions: 2,799,998, Global best: 57
[00:00:32:28:222] Valid states checked so far: 3,000,000, Expansions: 2,999,998, Global best: 57
[00:00:34:36:139] Valid states checked so far: 3,200,000, Expansions: 3,199,998, Global best: 57
[00:00:36:47:185] Valid states checked so far: 3,400,000, Expansions: 3,399,998, Global best: 57
[00:00:38:57:545] Valid states checked so far: 3,600,000, Expansions: 3,599,998, Global best: 57
[00:00:41:06:007] Valid states checked so far: 3,800,000, Expansions: 3,799,998, Global best: 57
[00:00:43:18:954] Valid states checked so far: 4,000,000, Expansions: 3,999,998, Global best: 57
[00:00:45:25:613] Valid states checked so far: 4,200,000, Expansions: 4,199,998, Global best: 57
[00:00:47:31:549] Valid states checked so far: 4,400,000, Expansions: 4,399,998, Global best: 57
[00:00:49:43:619] Valid states checked so far: 4,600,000, Expansions: 4,599,998, Global best: 57
[00:00:51:55:332] Valid states checked so far: 4,800,000, Expansions: 4,799,998, Global best: 57
[00:00:54:00:223] Valid states checked so far: 5,000,000, Expansions: 4,999,998, Global best: 57
[00:00:56:03:989] Valid states checked so far: 5,200,000, Expansions: 5,199,998, Global best: 57
[00:00:58:28:245] Valid states checked so far: 5,400,000, Expansions: 5,399,998, Global best: 57
[00:01:00:33:822] Valid states checked so far: 5,600,000, Expansions: 5,599,998, Global best: 57
[00:01:02:42:940] Valid states checked so far: 5,800,000, Expansions: 5,799,998, Global best: 57
[00:01:04:53:584] Valid states checked so far: 6,000,000, Expansions: 5,999,998, Global best: 57
[00:01:07:11:117] Valid states checked so far: 6,200,000, Expansions: 6,199,998, Global best: 57
[00:01:09:21:363] Valid states checked so far: 6,400,000, Expansions: 6,399,998, Global best: 57
[00:01:11:27:739] Valid states checked so far: 6,600,000, Expansions: 6,599,998, Global best: 57
[00:01:13:34:680] Valid states checked so far: 6,800,000, Expansions: 6,799,998, Global best: 57
[00:01:15:57:386] Valid states checked so far: 7,000,000, Expansions: 6,999,998, Global best: 57
[00:01:18:04:935] Valid states checked so far: 7,200,000, Expansions: 7,199,998, Global best: 57
[00:01:20:10:974] Valid states checked so far: 7,400,000, Expansions: 7,399,998, Global best: 57
[00:01:22:17:847] Valid states checked so far: 7,600,000, Expansions: 7,599,998, Global best: 57
[00:01:24:23:327] Valid states checked so far: 7,800,000, Expansions: 7,799,998, Global best: 57
[00:01:26:34:019] Valid states checked so far: 8,000,000, Expansions: 7,999,998, Global best: 57
[00:01:28:53:522] Valid states checked so far: 8,200,000, Expansions: 8,199,998, Global best: 57
[00:01:31:02:747] Valid states checked so far: 8,400,000, Expansions: 8,399,998, Global best: 57
[00:01:33:10:489] Valid states checked so far: 8,600,000, Expansions: 8,599,998, Global best: 57
[00:01:35:19:245] Valid states checked so far: 8,800,000, Expansions: 8,799,998, Global best: 57
[00:01:37:33:042] Valid states checked so far: 9,000,000, Expansions: 8,999,998, Global best: 57
[00:01:39:45:531] Valid states checked so far: 9,200,000, Expansions: 9,199,998, Global best: 57
[00:01:42:08:144] Valid states checked so far: 9,400,000, Expansions: 9,399,998, Global best: 57
[00:01:44:12:511] Valid states checked so far: 9,600,000, Expansions: 9,599,998, Global best: 57
[00:01:46:15:092] Valid states checked so far: 9,800,000, Expansions: 9,799,998, Global best: 57
[00:01:48:20:836] Valid states checked so far: 10,000,000, Expansions: 9,999,998, Global best: 57
[00:01:50:26:682] Valid states checked so far: 10,200,000, Expansions: 10,199,998, Global best: 57
[00:01:52:34:195] Valid states checked so far: 10,400,000, Expansions: 10,399,998, Global best: 57
[00:01:54:41:524] Valid states checked so far: 10,600,000, Expansions: 10,599,998, Global best: 57
[00:01:57:10:917] Valid states checked so far: 10,800,000, Expansions: 10,799,998, Global best: 57
[00:01:57:13:042] Path of length 56 found: [0, 8, 16, 24, 32, 40, 48, 49, 41, 33, 25, 17, 9, 1, 2, 10, 18, 26, 34, 42, 50, 58, 59, 51, 43, 35, 27, 19, 11, 3, 4, 12, 20, 28, 36, 44, 52, 53, 45, 37, 29, 21, 13, 5, 6, 14, 15, 23, 22, 30, 31, 39, 38, 46, 54, 62, 63]
[00:01:57:13:043] ! Unidirectional s-t. expansions: 10,803,333, time: 7,033,042 [ms], path length: 56 [edges], generated: 17,151,992
[00:00:00:00:029] Expansion 17: New longest path found with length 18: [63, 62, 61, 53, 54, 46, 47, 39, 31, 23, 15, 14, 6, 5, 4, 3, 2, 1, 0]
[00:00:00:00:062] Expansion 55: New longest path found with length 56: [63, 62, 61, 53, 54, 46, 47, 39, 31, 23, 15, 14, 6, 5, 4, 3, 2, 1, 9, 17, 25, 33, 41, 42, 34, 26, 18, 10, 11, 19, 27, 35, 36, 28, 20, 12, 13, 21, 22, 30, 29, 37, 45, 44, 43, 51, 59, 58, 50, 49, 48, 40, 32, 24, 16, 8, 0]
[00:00:02:51:160] Valid states checked so far: 200,000, Expansions: 199,999, Global best: 57
[00:00:05:38:340] Valid states checked so far: 400,000, Expansions: 399,999, Global best: 57
[00:00:08:27:504] Valid states checked so far: 600,000, Expansions: 599,999, Global best: 57
[00:00:11:14:123] Valid states checked so far: 800,000, Expansions: 799,999, Global best: 57
[00:00:13:57:324] Valid states checked so far: 1,000,000, Expansions: 999,999, Global best: 57
[00:00:16:40:613] Valid states checked so far: 1,200,000, Expansions: 1,199,999, Global best: 57
[00:00:19:27:742] Path of length 56 found: [63, 62, 61, 53, 54, 46, 47, 39, 31, 23, 15, 14, 6, 5, 4, 3, 2, 1, 9, 17, 25, 33, 41, 42, 34, 26, 18, 10, 11, 19, 27, 35, 36, 28, 20, 12, 13, 21, 22, 30, 29, 37, 45, 44, 43, 51, 59, 58, 50, 49, 48, 40, 32, 24, 16, 8, 0]
[00:00:19:27:744] ! Unidirectional t-s. expansions: 1,332,439, time: 1,167,742 [ms], path length: 56 [edges], generated: 2,364,591
[00:00:00:00:062] Expansion 55: New longest path found with length 56: [0, 8, 16, 24, 32, 40, 48, 49, 41, 33, 25, 17, 9, 1, 2, 10, 18, 26, 34, 42, 50, 58, 59, 51, 43, 44, 45, 37, 29, 30, 22, 21, 13, 12, 20, 28, 36, 35, 27, 19, 11, 3, 4, 5, 6, 14, 15, 23, 31, 39, 47, 46, 54, 53, 61, 62, 63]
[00:00:02:42:548] Valid meeting checks so far: 200,000, state_vs_state: 388, state_vs_prefix: 0, prefix_vs_prefix: 199,612
[00:00:05:18:168] Valid meeting checks so far: 400,000, state_vs_state: 717, state_vs_prefix: 0, prefix_vs_prefix: 399,283
[00:00:07:51:739] Valid meeting checks so far: 600,000, state_vs_state: 1,044, state_vs_prefix: 0, prefix_vs_prefix: 598,956
[00:00:10:30:424] Valid meeting checks so far: 800,000, state_vs_state: 1,303, state_vs_prefix: 0, prefix_vs_prefix: 798,697
[00:00:13:02:304] Valid meeting checks so far: 1,000,000, state_vs_state: 1,733, state_vs_prefix: 0, prefix_vs_prefix: 998,267
[00:00:15:38:375] Valid meeting checks so far: 1,200,000, state_vs_state: 2,110, state_vs_prefix: 0, prefix_vs_prefix: 1,197,890
[00:00:18:14:291] Valid meeting checks so far: 1,400,000, state_vs_state: 2,369, state_vs_prefix: 0, prefix_vs_prefix: 1,397,631
[00:00:20:54:791] Valid meeting checks so far: 1,600,000, state_vs_state: 2,664, state_vs_prefix: 0, prefix_vs_prefix: 1,597,336
[00:00:23:29:114] Valid meeting checks so far: 1,800,000, state_vs_state: 2,979, state_vs_prefix: 0, prefix_vs_prefix: 1,797,021
[00:00:26:07:952] Valid meeting checks so far: 2,000,000, state_vs_state: 3,311, state_vs_prefix: 0, prefix_vs_prefix: 1,996,689
[00:00:28:44:240] Valid meeting checks so far: 2,200,000, state_vs_state: 3,738, state_vs_prefix: 0, prefix_vs_prefix: 2,196,262
[00:00:31:17:933] Valid meeting checks so far: 2,400,000, state_vs_state: 3,986, state_vs_prefix: 0, prefix_vs_prefix: 2,396,014
[00:00:33:54:728] Valid meeting checks so far: 2,600,000, state_vs_state: 4,206, state_vs_prefix: 0, prefix_vs_prefix: 2,595,794
[00:00:36:41:318] Valid meeting checks so far: 2,800,000, state_vs_state: 4,414, state_vs_prefix: 0, prefix_vs_prefix: 2,795,586
[00:00:39:21:644] Valid meeting checks so far: 3,000,000, state_vs_state: 4,734, state_vs_prefix: 0, prefix_vs_prefix: 2,995,266
[00:00:42:00:170] Valid meeting checks so far: 3,200,000, state_vs_state: 5,052, state_vs_prefix: 0, prefix_vs_prefix: 3,194,948
[00:00:43:26:748] Path of length 56 found: [0, 8, 16, 24, 32, 40, 48, 49, 41, 33, 25, 17, 9, 1, 2, 10, 18, 26, 34, 42, 50, 58, 59, 51, 43, 44, 45, 37, 29, 30, 22, 21, 13, 12, 20, 28, 36, 35, 27, 19, 11, 3, 4, 5, 6, 14, 15, 23, 31, 39, 47, 46, 54, 53, 61, 62, 63]
[00:00:43:27:143] ! Bidirectional. expansions: 3,306,663, time: 2,606,749 [ms], path length: 56 [edges], g_F: 29, g_B: 27, generated: {'F': 3,117,113, 'B': 3,206,800}, MM: 2, MMPER: 2.508771929824561%
[00:00:43:27:144] 
---------- SM_Grids/8x8_grid_with_random_blocks_8per_7 ----------
[00:00:00:00:057] Expansion 49: New longest path found with length 50: [0, 8, 16, 24, 32, 40, 48, 56, 57, 49, 41, 33, 25, 17, 18, 10, 2, 3, 11, 12, 4, 5, 6, 14, 22, 23, 31, 30, 29, 21, 20, 28, 27, 26, 34, 35, 43, 51, 50, 58, 59, 60, 52, 44, 36, 37, 45, 53, 61, 62, 63]
[00:00:00:00:059] Expansion 55: New longest path found with length 56: [0, 8, 16, 24, 32, 40, 48, 56, 57, 49, 41, 33, 25, 17, 18, 10, 2, 3, 11, 12, 4, 5, 6, 14, 22, 23, 31, 30, 29, 21, 20, 28, 27, 26, 34, 35, 43, 51, 50, 58, 59, 60, 52, 44, 36, 37, 45, 53, 61, 62, 54, 46, 38, 39, 47, 55, 63]
[00:00:00:00:061] Path of length 56 found: [0, 8, 16, 24, 32, 40, 48, 56, 57, 49, 41, 33, 25, 17, 18, 10, 2, 3, 11, 12, 4, 5, 6, 14, 22, 23, 31, 30, 29, 21, 20, 28, 27, 26, 34, 35, 43, 51, 50, 58, 59, 60, 52, 44, 36, 37, 45, 53, 61, 62, 54, 46, 38, 39, 47, 55, 63]
[00:00:00:00:062] ! Unidirectional s-t. expansions: 56, time: 62 [ms], path length: 56 [edges], generated: 93
[00:00:00:00:056] Expansion 53: New longest path found with length 54: [63, 55, 47, 39, 31, 23, 22, 14, 6, 5, 4, 3, 2, 10, 11, 12, 20, 21, 29, 30, 38, 37, 36, 28, 27, 26, 18, 17, 25, 33, 34, 35, 43, 51, 52, 44, 45, 46, 54, 53, 61, 60, 59, 58, 50, 49, 57, 56, 48, 40, 32, 24, 16, 8, 0]
[00:00:00:00:085] Expansion 103: New longest path found with length 56: [63, 55, 47, 39, 31, 23, 22, 14, 6, 5, 4, 3, 2, 10, 11, 12, 20, 21, 29, 30, 38, 37, 36, 28, 27, 26, 18, 17, 25, 33, 34, 35, 43, 44, 52, 53, 45, 46, 54, 62, 61, 60, 59, 51, 50, 58, 57, 56, 48, 49, 41, 40, 32, 24, 16, 8, 0]
[00:00:01:13:701] Path of length 56 found: [63, 55, 47, 39, 31, 23, 22, 14, 6, 5, 4, 3, 2, 10, 11, 12, 20, 21, 29, 30, 38, 37, 36, 28, 27, 26, 18, 17, 25, 33, 34, 35, 43, 44, 52, 53, 45, 46, 54, 62, 61, 60, 59, 51, 50, 58, 57, 56, 48, 49, 41, 40, 32, 24, 16, 8, 0]
[00:00:01:13:701] ! Unidirectional t-s. expansions: 79,760, time: 73,701 [ms], path length: 56 [edges], generated: 128,797
[00:00:00:00:038] Expansion 27: New longest path found with length 28: [0, 8, 16, 24, 32, 40, 48, 56, 57, 49, 41, 33, 25, 17, 18, 10, 2, 3, 4, 5, 6, 14, 22, 23, 31, 39, 47, 55, 63]
[00:00:00:00:046] Expansion 37: New longest path found with length 38: [0, 8, 16, 24, 32, 40, 48, 56, 57, 49, 41, 33, 25, 17, 18, 26, 34, 35, 27, 28, 29, 21, 20, 12, 11, 10, 2, 3, 4, 5, 6, 14, 22, 23, 31, 39, 47, 55, 63]
[00:00:00:00:056] Expansion 53: New longest path found with length 54: [0, 8, 16, 24, 32, 40, 48, 56, 57, 49, 41, 33, 25, 17, 18, 26, 34, 35, 27, 28, 36, 44, 43, 51, 50, 58, 59, 60, 61, 62, 54, 46, 45, 37, 38, 30, 29, 21, 20, 12, 11, 10, 2, 3, 4, 5, 6, 14, 22, 23, 31, 39, 47, 55, 63]
[00:00:00:00:057] Expansion 55: New longest path found with length 56: [0, 8, 16, 24, 32, 40, 48, 56, 57, 49, 41, 33, 25, 17, 18, 26, 34, 35, 27, 28, 36, 44, 43, 51, 50, 58, 59, 60, 52, 53, 61, 62, 54, 46, 45, 37, 38, 30, 29, 21, 20, 12, 11, 10, 2, 3, 4, 5, 6, 14, 22, 23, 31, 39, 47, 55, 63]
[00:00:00:00:059] Path of length 56 found: [0, 8, 16, 24, 32, 40, 48, 56, 57, 49, 41, 33, 25, 17, 18, 26, 34, 35, 27, 28, 36, 44, 43, 51, 50, 58, 59, 60, 52, 53, 61, 62, 54, 46, 45, 37, 38, 30, 29, 21, 20, 12, 11, 10, 2, 3, 4, 5, 6, 14, 22, 23, 31, 39, 47, 55, 63]
[00:00:00:00:442] ! Bidirectional. expansions: 56, time: 59 [ms], path length: 56 [edges], g_F: 29, g_B: 27, generated: {'F': 50, 'B': 49}, MM: 2, MMPER: 2.508771929824561%
[00:00:00:00:442] 
---------- SM_Grids/8x8_grid_with_random_blocks_8per_8 ----------
[00:00:00:00:056] Expansion 49: New longest path found with length 50: [0, 1, 9, 17, 16, 24, 32, 33, 25, 26, 18, 10, 2, 3, 11, 19, 27, 35, 34, 42, 41, 49, 48, 56, 57, 58, 59, 51, 43, 44, 36, 28, 20, 12, 4, 5, 6, 7, 15, 23, 31, 30, 29, 37, 45, 53, 52, 60, 61, 62, 63]
[00:00:00:00:058] Expansion 55: New longest path found with length 56: [0, 1, 9, 17, 16, 24, 32, 33, 25, 26, 18, 10, 2, 3, 11, 19, 27, 35, 34, 42, 41, 49, 48, 56, 57, 58, 59, 51, 43, 44, 36, 28, 20, 12, 4, 5, 6, 7, 15, 23, 31, 30, 29, 37, 45, 53, 52, 60, 61, 62, 54, 46, 38, 39, 47, 55, 63]
[00:00:00:00:072] Expansion 81: New longest path found with length 58: [0, 1, 9, 17, 16, 24, 32, 33, 25, 26, 18, 10, 2, 3, 11, 19, 27, 35, 34, 42, 41, 49, 48, 56, 57, 58, 59, 51, 43, 44, 36, 28, 20, 21, 13, 12, 4, 5, 6, 7, 15, 23, 31, 30, 29, 37, 45, 53, 52, 60, 61, 62, 54, 46, 38, 39, 47, 55, 63]
[00:00:00:00:074] Path of length 58 found: [0, 1, 9, 17, 16, 24, 32, 33, 25, 26, 18, 10, 2, 3, 11, 19, 27, 35, 34, 42, 41, 49, 48, 56, 57, 58, 59, 51, 43, 44, 36, 28, 20, 21, 13, 12, 4, 5, 6, 7, 15, 23, 31, 30, 29, 37, 45, 53, 52, 60, 61, 62, 54, 46, 38, 39, 47, 55, 63]
[00:00:00:00:074] ! Unidirectional s-t. expansions: 82, time: 74 [ms], path length: 58 [edges], generated: 132
[00:00:00:00:056] Expansion 55: New longest path found with length 56: [63, 55, 47, 39, 31, 23, 15, 7, 6, 5, 4, 3, 2, 10, 18, 26, 34, 42, 43, 35, 27, 19, 11, 12, 13, 21, 20, 28, 36, 44, 52, 53, 45, 37, 29, 30, 38, 46, 54, 62, 61, 60, 59, 58, 57, 56, 48, 49, 41, 33, 32, 24, 16, 17, 9, 1, 0]
[00:00:00:05:190] Expansion 7,989: New longest path found with length 58: [63, 55, 47, 39, 31, 23, 15, 7, 6, 5, 4, 3, 2, 10, 18, 19, 11, 12, 13, 21, 20, 28, 27, 35, 43, 51, 52, 44, 36, 37, 29, 30, 38, 46, 45, 53, 54, 62, 61, 60, 59, 58, 57, 56, 48, 49, 41, 42, 34, 26, 25, 33, 32, 24, 16, 17, 9, 1, 0]
[00:00:00:05:192] Path of length 58 found: [63, 55, 47, 39, 31, 23, 15, 7, 6, 5, 4, 3, 2, 10, 18, 19, 11, 12, 13, 21, 20, 28, 27, 35, 43, 51, 52, 44, 36, 37, 29, 30, 38, 46, 45, 53, 54, 62, 61, 60, 59, 58, 57, 56, 48, 49, 41, 42, 34, 26, 25, 33, 32, 24, 16, 17, 9, 1, 0]
[00:00:00:05:193] ! Unidirectional t-s. expansions: 7,990, time: 5,192 [ms], path length: 58 [edges], generated: 11,800
[00:00:00:00:039] Expansion 29: New longest path found with length 30: [0, 1, 9, 17, 16, 24, 32, 33, 25, 26, 18, 10, 2, 3, 11, 19, 20, 21, 13, 12, 4, 5, 6, 7, 15, 23, 31, 39, 47, 55, 63]
[00:00:00:00:041] Expansion 31: New longest path found with length 32: [0, 1, 9, 17, 16, 24, 32, 33, 25, 26, 18, 10, 2, 3, 11, 19, 27, 28, 20, 21, 13, 12, 4, 5, 6, 7, 15, 23, 31, 39, 47, 55, 63]
[00:00:00:00:043] Expansion 33: New longest path found with length 34: [0, 1, 9, 17, 16, 24, 32, 33, 25, 26, 18, 10, 2, 3, 11, 19, 27, 35, 36, 28, 20, 21, 13, 12, 4, 5, 6, 7, 15, 23, 31, 39, 47, 55, 63]
[00:00:00:00:047] Expansion 37: New longest path found with length 38: [0, 1, 9, 17, 16, 24, 32, 33, 25, 26, 18, 10, 2, 3, 11, 19, 27, 35, 34, 42, 43, 44, 36, 28, 20, 21, 13, 12, 4, 5, 6, 7, 15, 23, 31, 39, 47, 55, 63]
[00:00:00:00:057] Expansion 57: New longest path found with length 58: [0, 1, 9, 17, 16, 24, 32, 33, 25, 26, 18, 10, 2, 3, 11, 19, 27, 35, 34, 42, 41, 49, 48, 56, 57, 58, 59, 60, 61, 62, 54, 46, 38, 30, 29, 37, 45, 53, 52, 51, 43, 44, 36, 28, 20, 21, 13, 12, 4, 5, 6, 7, 15, 23, 31, 39, 47, 55, 63]
[00:00:00:00:059] Path of length 58 found: [0, 1, 9, 17, 16, 24, 32, 33, 25, 26, 18, 10, 2, 3, 11, 19, 27, 35, 34, 42, 41, 49, 48, 56, 57, 58, 59, 60, 61, 62, 54, 46, 38, 30, 29, 37, 45, 53, 52, 51, 43, 44, 36, 28, 20, 21, 13, 12, 4, 5, 6, 7, 15, 23, 31, 39, 47, 55, 63]
[00:00:00:00:442] ! Bidirectional. expansions: 58, time: 59 [ms], path length: 58 [edges], g_F: 30, g_B: 28, generated: {'F': 51, 'B': 54}, MM: 2, MMPER: 2.389830508474576%
[00:00:00:00:442] 
---------- SM_Grids/8x8_grid_with_random_blocks_8per_9 ----------
[00:00:00:00:055] Expansion 49: New longest path found with length 50: [0, 8, 16, 24, 32, 40, 48, 56, 57, 49, 50, 58, 59, 51, 43, 42, 34, 33, 25, 26, 18, 10, 2, 3, 11, 19, 27, 35, 36, 28, 20, 12, 4, 5, 6, 7, 15, 14, 13, 21, 22, 30, 29, 37, 45, 53, 52, 60, 61, 62, 63]
[00:00:00:00:057] Expansion 55: New longest path found with length 56: [0, 8, 16, 24, 32, 40, 48, 56, 57, 49, 50, 58, 59, 51, 43, 42, 34, 33, 25, 26, 18, 10, 2, 3, 11, 19, 27, 35, 36, 28, 20, 12, 4, 5, 6, 7, 15, 14, 13, 21, 22, 30, 29, 37, 45, 53, 52, 60, 61, 62, 54, 46, 38, 39, 47, 55, 63]
[00:00:00:12:645] Path of length 56 found: [0, 8, 16, 24, 32, 40, 48, 56, 57, 49, 50, 58, 59, 51, 43, 42, 34, 33, 25, 26, 18, 10, 2, 3, 11, 19, 27, 35, 36, 28, 20, 12, 4, 5, 6, 7, 15, 14, 13, 21, 22, 30, 29, 37, 45, 53, 52, 60, 61, 62, 54, 46, 38, 39, 47, 55, 63]
[00:00:00:12:645] ! Unidirectional s-t. expansions: 14,774, time: 12,645 [ms], path length: 56 [edges], generated: 25,445
[00:00:00:00:054] Expansion 53: New longest path found with length 54: [63, 55, 47, 39, 31, 30, 22, 14, 15, 7, 6, 5, 4, 3, 2, 10, 18, 26, 25, 33, 34, 42, 50, 51, 43, 35, 27, 19, 11, 12, 13, 21, 20, 28, 36, 37, 38, 46, 45, 53, 54, 62, 61, 60, 59, 58, 57, 49, 48, 40, 32, 24, 16, 8, 0]
[00:00:00:00:299] Expansion 444: New longest path found with length 56: [63, 55, 47, 39, 31, 30, 22, 14, 15, 7, 6, 5, 4, 3, 2, 10, 18, 26, 25, 33, 34, 42, 43, 35, 27, 19, 11, 12, 13, 21, 20, 28, 36, 37, 38, 46, 45, 53, 54, 62, 61, 60, 52, 51, 59, 58, 50, 49, 57, 56, 48, 40, 32, 24, 16, 8, 0]
[00:00:02:45:396] Path of length 56 found: [63, 55, 47, 39, 31, 30, 22, 14, 15, 7, 6, 5, 4, 3, 2, 10, 18, 26, 25, 33, 34, 42, 43, 35, 27, 19, 11, 12, 13, 21, 20, 28, 36, 37, 38, 46, 45, 53, 54, 62, 61, 60, 52, 51, 59, 58, 50, 49, 57, 56, 48, 40, 32, 24, 16, 8, 0]
[00:00:02:45:396] ! Unidirectional t-s. expansions: 179,201, time: 165,396 [ms], path length: 56 [edges], generated: 308,984
[00:00:00:00:056] Expansion 55: New longest path found with length 56: [0, 8, 16, 24, 32, 40, 48, 56, 57, 49, 50, 58, 59, 51, 52, 60, 61, 62, 54, 53, 45, 46, 38, 37, 29, 21, 13, 12, 11, 19, 27, 28, 36, 35, 43, 42, 34, 33, 25, 26, 18, 10, 2, 3, 4, 5, 6, 7, 15, 14, 22, 30, 31, 39, 47, 55, 63]
[00:00:00:26:583] Path of length 56 found: [0, 8, 16, 24, 32, 40, 48, 56, 57, 49, 50, 58, 59, 51, 52, 60, 61, 62, 54, 53, 45, 46, 38, 37, 29, 21, 13, 12, 11, 19, 27, 28, 36, 35, 43, 42, 34, 33, 25, 26, 18, 10, 2, 3, 4, 5, 6, 7, 15, 14, 22, 30, 31, 39, 47, 55, 63]
[00:00:00:26:986] ! Bidirectional. expansions: 30,146, time: 26,583 [ms], path length: 56 [edges], g_F: 29, g_B: 27, generated: {'F': 29,195, 'B': 27,256}, MM: 2, MMPER: 2.508771929824561%
[00:00:00:26:986] average expansions: (1,331,523, 267,658, 434,508, 0)
[00:00:00:26:986] average time: (926,964, 237,594, 356,371, 0)
[00:00:00:26:986] X-DFBnB: 267,658 , 237,594 (expansions , time[ms])
[00:00:00:26:986] BiX-DFBnB: 434,508 , 356,371 (expansions , time[ms])

