--------------------------
date: SM_Grids
number_of_graphs: 10
graph_type: grid
size_of_graphs: [8, 9]
heuristic: bcc_heuristic
snake: True
run_uni: True
run_bi: True
run_multi: False
solution_vertices: []
algorithms: ['DFBnB']
bsd: False
cube_first_dims: 4
cube_buffer_dim: None
backward_sym_generation: False
sym_coil: False
prefix_set: None

---------- SM_Grids/8x9_grid_with_random_blocks_8per_0 ----------
[00:00:00:00:113] Expansion 22: New longest path found with length 23: [0, 9, 18, 27, 28, 37, 46, 45, 54, 63, 64, 65, 66, 67, 58, 49, 50, 41, 42, 43, 44, 53, 62, 71]
[00:00:00:00:183] Expansion 49: New longest path found with length 41: [0, 9, 18, 27, 28, 37, 46, 45, 54, 63, 64, 65, 66, 67, 58, 49, 50, 41, 32, 31, 30, 21, 20, 11, 2, 3, 4, 13, 14, 15, 6, 7, 8, 17, 26, 25, 34, 43, 44, 53, 62, 71]
[00:00:00:02:265] Expansion 619: New longest path found with length 43: [0, 9, 18, 27, 36, 45, 54, 63, 64, 65, 56, 47, 38, 39, 30, 21, 20, 11, 2, 3, 4, 13, 14, 15, 6, 7, 8, 17, 26, 25, 34, 33, 32, 41, 50, 49, 58, 67, 68, 69, 60, 61, 62, 71]
[00:00:00:25:123] Path of length 43 found: [0, 9, 18, 27, 36, 45, 54, 63, 64, 65, 56, 47, 38, 39, 30, 21, 20, 11, 2, 3, 4, 13, 14, 15, 6, 7, 8, 17, 26, 25, 34, 33, 32, 41, 50, 49, 58, 67, 68, 69, 60, 61, 62, 71]
[00:00:00:25:123] ! Unidirectional s-t. expansions: 5,603, time: 25,123 [ms], path length: 43 [edges], generated: 9,031
[00:00:00:00:174] Expansion 30: New longest path found with length 31: [71, 62, 53, 44, 43, 42, 41, 50, 59, 58, 67, 66, 65, 56, 55, 46, 45, 36, 27, 18, 19, 20, 29, 30, 31, 22, 13, 4, 3, 2, 1, 0]
[00:00:00:00:192] Expansion 37: New longest path found with length 33: [71, 62, 53, 44, 43, 42, 41, 50, 59, 58, 67, 66, 65, 56, 55, 46, 45, 36, 27, 18, 19, 20, 29, 30, 31, 22, 23, 14, 5, 4, 3, 2, 1, 0]
[00:00:00:00:216] Expansion 49: New longest path found with length 39: [71, 62, 53, 44, 43, 42, 41, 50, 59, 58, 67, 66, 65, 56, 55, 46, 45, 36, 27, 18, 19, 20, 29, 30, 31, 22, 23, 24, 25, 26, 17, 8, 7, 6, 5, 4, 3, 2, 1, 0]
[00:00:00:00:796] Expansion 196: New longest path found with length 41: [71, 62, 53, 44, 43, 42, 41, 50, 59, 58, 67, 66, 65, 56, 55, 54, 45, 36, 37, 38, 39, 30, 31, 22, 23, 24, 25, 26, 17, 8, 7, 6, 5, 4, 3, 2, 11, 20, 19, 18, 9, 0]
[00:00:00:21:537] Expansion 4,497: New longest path found with length 43: [71, 62, 61, 60, 69, 68, 67, 58, 49, 50, 41, 42, 43, 34, 25, 26, 17, 8, 7, 6, 5, 14, 23, 22, 31, 30, 39, 38, 47, 56, 65, 64, 63, 54, 45, 36, 27, 18, 19, 20, 11, 2, 1, 0]
[00:00:00:30:056] Path of length 43 found: [71, 62, 61, 60, 69, 68, 67, 58, 49, 50, 41, 42, 43, 34, 25, 26, 17, 8, 7, 6, 5, 14, 23, 22, 31, 30, 39, 38, 47, 56, 65, 64, 63, 54, 45, 36, 27, 18, 19, 20, 11, 2, 1, 0]
[00:00:00:30:056] ! Unidirectional t-s. expansions: 6,085, time: 30,056 [ms], path length: 43 [edges], generated: 10,670
[00:00:00:00:199] Expansion 37: New longest path found with length 37: [0, 9, 18, 19, 28, 37, 36, 45, 54, 63, 64, 65, 66, 67, 68, 59, 50, 41, 32, 31, 30, 21, 12, 13, 14, 15, 6, 7, 8, 17, 26, 25, 34, 43, 44, 53, 62, 71]
[00:00:00:01:758] Expansion 401: New longest path found with length 39: [0, 9, 18, 19, 28, 29, 38, 47, 46, 45, 54, 63, 64, 65, 66, 67, 68, 59, 50, 41, 32, 31, 22, 21, 12, 3, 4, 5, 6, 7, 8, 17, 26, 25, 34, 43, 44, 53, 62, 71]
[00:00:00:02:387] Expansion 529: New longest path found with length 41: [0, 9, 18, 19, 20, 11, 2, 3, 4, 5, 6, 7, 8, 17, 26, 25, 24, 23, 22, 31, 30, 39, 38, 37, 36, 45, 54, 63, 64, 65, 66, 67, 58, 59, 50, 41, 42, 43, 44, 53, 62, 71]
[00:00:00:07:888] Expansion 1,473: New longest path found with length 43: [0, 9, 18, 27, 36, 45, 54, 63, 64, 65, 56, 47, 38, 39, 30, 21, 20, 11, 2, 3, 4, 13, 14, 15, 6, 7, 8, 17, 26, 25, 34, 43, 42, 41, 50, 49, 58, 67, 68, 69, 60, 61, 62, 71]
[00:00:00:17:519] Path of length 43 found: [0, 9, 18, 27, 36, 45, 54, 63, 64, 65, 56, 47, 38, 39, 30, 21, 20, 11, 2, 3, 4, 13, 14, 15, 6, 7, 8, 17, 26, 25, 34, 43, 42, 41, 50, 49, 58, 67, 68, 69, 60, 61, 62, 71]
[00:00:00:18:016] ! Bidirectional. expansions: 2,944, time: 17,519 [ms], path length: 43 [edges], g_F: 22, g_B: 21, generated: {'F': 2,632, 'B': 2,654}, MM: 1, MMPER: 1.272727272727273%
[00:00:00:18:017] 
---------- SM_Grids/8x9_grid_with_random_blocks_8per_1 ----------
[00:00:00:00:314] Expansion 87: New longest path found with length 31: [0, 9, 18, 27, 36, 45, 54, 63, 64, 65, 56, 47, 48, 39, 30, 29, 20, 11, 2, 3, 4, 13, 22, 23, 32, 41, 50, 59, 60, 61, 62, 71]
[00:00:00:00:426] Expansion 125: New longest path found with length 41: [0, 9, 18, 27, 36, 45, 54, 63, 64, 65, 56, 47, 48, 39, 30, 29, 20, 11, 2, 3, 4, 13, 22, 23, 24, 15, 6, 7, 8, 17, 26, 35, 34, 43, 42, 41, 50, 59, 60, 61, 62, 71]
[00:00:00:03:870] Expansion 1,062: New longest path found with length 43: [0, 9, 18, 27, 36, 45, 54, 63, 64, 65, 56, 47, 38, 29, 20, 11, 2, 3, 4, 13, 22, 23, 24, 15, 6, 7, 8, 17, 26, 35, 34, 43, 42, 41, 40, 49, 58, 67, 68, 69, 60, 61, 62, 71]
[00:00:01:02:593] Path of length 43 found: [0, 9, 18, 27, 36, 45, 54, 63, 64, 65, 56, 47, 38, 29, 20, 11, 2, 3, 4, 13, 22, 23, 24, 15, 6, 7, 8, 17, 26, 35, 34, 43, 42, 41, 40, 49, 58, 67, 68, 69, 60, 61, 62, 71]
[00:00:01:02:593] ! Unidirectional s-t. expansions: 13,479, time: 62,593 [ms], path length: 43 [edges], generated: 22,267
[00:00:00:00:187] Expansion 34: New longest path found with length 35: [71, 62, 53, 44, 35, 26, 17, 8, 7, 6, 5, 4, 13, 12, 11, 20, 29, 30, 31, 32, 41, 50, 59, 68, 67, 66, 65, 64, 63, 54, 45, 36, 27, 18, 9, 0]
[00:00:00:01:523] Expansion 395: New longest path found with length 37: [71, 62, 53, 44, 35, 26, 17, 8, 7, 6, 5, 4, 13, 22, 23, 24, 33, 42, 41, 40, 39, 38, 47, 56, 65, 64, 63, 54, 45, 36, 27, 18, 19, 20, 11, 2, 1, 0]
[00:00:00:01:942] Expansion 536: New longest path found with length 39: [71, 62, 53, 44, 35, 26, 17, 8, 7, 6, 5, 4, 13, 22, 23, 24, 33, 42, 41, 50, 59, 68, 67, 66, 65, 64, 63, 54, 45, 46, 47, 48, 39, 30, 29, 20, 11, 2, 1, 0]
[00:00:00:08:534] Expansion 2,131: New longest path found with length 41: [71, 62, 53, 44, 35, 26, 17, 8, 7, 6, 15, 24, 33, 42, 41, 50, 59, 68, 67, 66, 65, 64, 63, 54, 45, 36, 37, 38, 39, 30, 31, 22, 13, 4, 3, 2, 11, 20, 19, 18, 9, 0]
[00:00:01:05:399] Expansion 13,535: New longest path found with length 43: [71, 62, 61, 60, 69, 68, 67, 58, 49, 48, 47, 56, 65, 64, 63, 54, 45, 36, 27, 18, 19, 20, 29, 30, 31, 22, 23, 24, 33, 42, 43, 44, 35, 26, 17, 8, 7, 6, 5, 4, 3, 2, 1, 0]
[00:00:01:25:227] Path of length 43 found: [71, 62, 61, 60, 69, 68, 67, 58, 49, 48, 47, 56, 65, 64, 63, 54, 45, 36, 27, 18, 19, 20, 29, 30, 31, 22, 23, 24, 33, 42, 43, 44, 35, 26, 17, 8, 7, 6, 5, 4, 3, 2, 1, 0]
[00:00:01:25:227] ! Unidirectional t-s. expansions: 17,436, time: 85,227 [ms], path length: 43 [edges], generated: 30,641
[00:00:00:00:192] Expansion 34: New longest path found with length 31: [0, 9, 18, 27, 36, 45, 54, 63, 64, 65, 56, 47, 38, 29, 30, 21, 12, 3, 4, 5, 6, 7, 8, 17, 26, 35, 34, 43, 52, 53, 62, 71]
[00:00:00:00:427] Expansion 114: New longest path found with length 37: [0, 9, 18, 27, 36, 45, 54, 63, 64, 65, 56, 47, 38, 39, 40, 41, 32, 23, 22, 21, 20, 11, 2, 3, 4, 5, 6, 7, 8, 17, 26, 35, 34, 43, 52, 53, 62, 71]
[00:00:00:00:670] Expansion 172: New longest path found with length 39: [0, 9, 18, 27, 36, 45, 54, 63, 64, 65, 56, 47, 48, 49, 50, 41, 32, 31, 30, 21, 20, 11, 2, 3, 4, 13, 14, 15, 6, 7, 8, 17, 26, 35, 34, 43, 52, 53, 62, 71]
[00:00:00:00:881] Expansion 228: New longest path found with length 41: [0, 9, 18, 27, 36, 45, 54, 63, 64, 65, 56, 57, 58, 59, 50, 41, 40, 39, 30, 29, 20, 11, 2, 3, 4, 13, 22, 23, 24, 15, 6, 7, 8, 17, 26, 35, 34, 43, 52, 53, 62, 71]
[00:00:00:21:209] Expansion 3,940: New longest path found with length 43: [0, 9, 18, 27, 36, 45, 54, 63, 64, 65, 66, 67, 68, 59, 50, 49, 48, 39, 38, 29, 20, 11, 2, 3, 4, 13, 22, 31, 32, 33, 24, 15, 6, 7, 8, 17, 26, 35, 44, 43, 52, 61, 62, 71]
[00:00:00:37:287] Path of length 43 found: [0, 9, 18, 27, 36, 45, 54, 63, 64, 65, 66, 67, 68, 59, 50, 49, 48, 39, 38, 29, 20, 11, 2, 3, 4, 13, 22, 31, 32, 33, 24, 15, 6, 7, 8, 17, 26, 35, 44, 43, 52, 61, 62, 71]
[00:00:00:37:757] ! Bidirectional. expansions: 6,778, time: 37,287 [ms], path length: 43 [edges], g_F: 22, g_B: 21, generated: {'F': 6,204, 'B': 6,090}, MM: 1, MMPER: 1.272727272727273%
[00:00:00:37:758] 
---------- SM_Grids/8x9_grid_with_random_blocks_8per_2 ----------
[00:00:00:00:174] Expansion 30: New longest path found with length 31: [0, 9, 10, 19, 28, 37, 38, 47, 56, 57, 58, 59, 50, 41, 40, 31, 22, 13, 4, 5, 6, 7, 16, 25, 34, 35, 44, 53, 52, 61, 70, 71]
[00:00:00:00:637] Expansion 173: New longest path found with length 33: [0, 9, 10, 19, 28, 37, 38, 47, 56, 57, 58, 59, 50, 41, 42, 33, 24, 23, 22, 13, 4, 5, 6, 7, 16, 17, 26, 35, 44, 53, 52, 61, 70, 71]
[00:00:00:16:320] Expansion 3,298: New longest path found with length 35: [0, 9, 10, 11, 2, 3, 4, 13, 22, 31, 30, 29, 38, 47, 56, 57, 58, 49, 50, 41, 42, 33, 24, 15, 6, 7, 8, 17, 26, 35, 44, 53, 52, 61, 70, 71]
[00:00:01:00:927] Expansion 11,416: New longest path found with length 37: [0, 9, 18, 19, 20, 11, 2, 3, 4, 13, 22, 31, 30, 39, 38, 47, 56, 57, 58, 49, 50, 41, 42, 33, 24, 15, 6, 7, 8, 17, 26, 35, 44, 53, 52, 61, 70, 71]
[00:00:01:25:262] Path of length 37 found: [0, 9, 18, 19, 20, 11, 2, 3, 4, 13, 22, 31, 30, 39, 38, 47, 56, 57, 58, 49, 50, 41, 42, 33, 24, 15, 6, 7, 8, 17, 26, 35, 44, 53, 52, 61, 70, 71]
[00:00:01:25:263] ! Unidirectional s-t. expansions: 15,486, time: 85,262 [ms], path length: 37 [edges], generated: 30,741
[00:00:00:00:180] Expansion 33: New longest path found with length 31: [71, 70, 69, 60, 59, 50, 41, 42, 43, 44, 35, 26, 17, 8, 7, 6, 5, 14, 23, 22, 31, 30, 39, 38, 37, 36, 27, 18, 19, 10, 1, 0]
[00:00:00:00:189] Expansion 37: New longest path found with length 33: [71, 70, 69, 60, 59, 50, 41, 42, 43, 44, 35, 26, 17, 8, 7, 6, 5, 14, 23, 22, 31, 30, 39, 38, 37, 36, 27, 18, 19, 20, 11, 2, 1, 0]
[00:00:00:10:561] Expansion 2,461: New longest path found with length 35: [71, 70, 69, 60, 59, 50, 49, 40, 31, 32, 33, 42, 43, 44, 35, 26, 17, 8, 7, 6, 15, 14, 13, 4, 3, 2, 11, 20, 29, 38, 37, 36, 27, 18, 9, 0]
[00:00:00:18:499] Expansion 4,356: New longest path found with length 37: [71, 70, 69, 60, 51, 52, 43, 44, 35, 26, 17, 8, 7, 6, 5, 4, 13, 22, 23, 32, 41, 40, 49, 58, 57, 56, 47, 38, 37, 36, 27, 18, 19, 20, 11, 2, 1, 0]
[00:00:01:12:590] Path of length 37 found: [71, 70, 69, 60, 51, 52, 43, 44, 35, 26, 17, 8, 7, 6, 5, 4, 13, 22, 23, 32, 41, 40, 49, 58, 57, 56, 47, 38, 37, 36, 27, 18, 19, 20, 11, 2, 1, 0]
[00:00:01:12:590] ! Unidirectional t-s. expansions: 14,345, time: 72,590 [ms], path length: 37 [edges], generated: 26,000
[00:00:00:00:125] Expansion 17: New longest path found with length 17: [0, 9, 18, 27, 36, 37, 38, 29, 30, 31, 40, 49, 58, 59, 60, 69, 70, 71]
[00:00:00:00:170] Expansion 27: New longest path found with length 25: [0, 9, 18, 27, 36, 37, 38, 29, 20, 11, 2, 3, 4, 5, 14, 23, 22, 31, 40, 49, 58, 59, 60, 69, 70, 71]
[00:00:00:00:207] Expansion 39: New longest path found with length 35: [0, 9, 18, 27, 36, 37, 38, 29, 20, 11, 2, 3, 4, 5, 6, 7, 16, 17, 26, 35, 44, 43, 42, 33, 24, 23, 22, 31, 40, 49, 58, 59, 60, 69, 70, 71]
[00:00:00:18:460] Expansion 3,689: New longest path found with length 37: [0, 9, 18, 19, 20, 11, 2, 3, 4, 13, 22, 31, 30, 39, 38, 47, 56, 57, 58, 49, 50, 41, 42, 33, 24, 15, 6, 7, 8, 17, 26, 35, 44, 53, 52, 61, 70, 71]
[00:00:00:54:305] Path of length 37 found: [0, 9, 18, 19, 20, 11, 2, 3, 4, 13, 22, 31, 30, 39, 38, 47, 56, 57, 58, 49, 50, 41, 42, 33, 24, 15, 6, 7, 8, 17, 26, 35, 44, 53, 52, 61, 70, 71]
[00:00:00:54:765] ! Bidirectional. expansions: 9,295, time: 54,305 [ms], path length: 37 [edges], g_F: 19, g_B: 18, generated: {'F': 8,984, 'B': 8,969}, MM: 1, MMPER: 1.6315789473684212%
[00:00:00:54:766] 
---------- SM_Grids/8x9_grid_with_random_blocks_8per_3 ----------
[00:00:00:00:188] Expansion 36: New longest path found with length 37: [0, 9, 18, 27, 36, 45, 54, 63, 64, 65, 66, 67, 68, 59, 50, 49, 48, 47, 38, 29, 20, 11, 2, 3, 4, 5, 6, 7, 16, 25, 24, 33, 42, 43, 52, 61, 70, 71]
[00:00:00:35:138] Expansion 8,627: New longest path found with length 39: [0, 9, 18, 27, 28, 37, 46, 45, 54, 63, 64, 65, 66, 67, 68, 59, 50, 49, 48, 39, 30, 21, 20, 11, 2, 3, 4, 5, 6, 7, 16, 25, 24, 33, 42, 43, 52, 61, 70, 71]
[00:00:01:42:159] Expansion 22,357: New longest path found with length 41: [0, 1, 2, 3, 12, 13, 14, 5, 6, 7, 16, 25, 24, 33, 32, 31, 40, 49, 48, 47, 38, 29, 20, 19, 18, 27, 36, 45, 54, 63, 64, 65, 66, 67, 68, 59, 60, 51, 52, 53, 62, 71]
[00:00:01:45:853] Path of length 41 found: [0, 1, 2, 3, 12, 13, 14, 5, 6, 7, 16, 25, 24, 33, 32, 31, 40, 49, 48, 47, 38, 29, 20, 19, 18, 27, 36, 45, 54, 63, 64, 65, 66, 67, 68, 59, 60, 51, 52, 53, 62, 71]
[00:00:01:45:853] ! Unidirectional s-t. expansions: 23,029, time: 105,853 [ms], path length: 41 [edges], generated: 40,003
[00:00:00:00:119] Expansion 18: New longest path found with length 19: [71, 62, 53, 52, 43, 42, 33, 24, 25, 16, 7, 6, 5, 14, 13, 12, 3, 2, 1, 0]
[00:00:00:00:152] Expansion 25: New longest path found with length 23: [71, 62, 53, 52, 43, 42, 33, 24, 25, 16, 7, 6, 5, 14, 13, 12, 21, 20, 29, 28, 27, 18, 9, 0]
[00:00:00:01:052] Expansion 299: New longest path found with length 37: [71, 62, 53, 52, 43, 42, 33, 24, 25, 16, 7, 6, 5, 14, 13, 12, 21, 20, 29, 38, 39, 40, 49, 50, 59, 68, 67, 66, 57, 56, 55, 46, 45, 36, 27, 18, 9, 0]
[00:00:00:01:538] Expansion 468: New longest path found with length 39: [71, 62, 53, 52, 43, 42, 33, 24, 25, 16, 7, 6, 5, 14, 13, 12, 21, 30, 29, 38, 47, 48, 49, 50, 59, 68, 67, 66, 65, 64, 55, 54, 45, 36, 27, 18, 19, 10, 1, 0]
[00:00:00:17:231] Expansion 3,765: New longest path found with length 41: [71, 62, 53, 52, 51, 60, 59, 68, 67, 66, 65, 64, 63, 54, 45, 36, 27, 18, 19, 20, 29, 38, 47, 48, 49, 40, 41, 32, 33, 24, 25, 16, 7, 6, 5, 14, 13, 12, 3, 2, 1, 0]
[00:00:00:46:500] Path of length 41 found: [71, 62, 53, 52, 51, 60, 59, 68, 67, 66, 65, 64, 63, 54, 45, 36, 27, 18, 19, 20, 29, 38, 47, 48, 49, 40, 41, 32, 33, 24, 25, 16, 7, 6, 5, 14, 13, 12, 3, 2, 1, 0]
[00:00:00:46:500] ! Unidirectional t-s. expansions: 9,117, time: 46,500 [ms], path length: 41 [edges], generated: 16,351
[00:00:00:00:213] Expansion 41: New longest path found with length 35: [0, 9, 18, 27, 36, 45, 54, 63, 64, 65, 56, 57, 58, 49, 40, 31, 30, 29, 20, 11, 12, 13, 14, 5, 6, 7, 16, 25, 24, 33, 42, 43, 52, 53, 62, 71]
[00:00:00:00:568] Expansion 137: New longest path found with length 37: [0, 9, 18, 27, 36, 45, 54, 63, 64, 65, 66, 67, 68, 59, 50, 49, 40, 31, 30, 29, 20, 11, 12, 13, 14, 5, 6, 7, 16, 25, 24, 33, 42, 43, 52, 53, 62, 71]
[00:00:00:06:723] Expansion 1,403: New longest path found with length 39: [0, 9, 18, 27, 28, 37, 46, 45, 54, 63, 64, 65, 66, 67, 68, 59, 50, 49, 48, 39, 30, 21, 20, 11, 2, 3, 4, 5, 6, 7, 16, 25, 24, 33, 42, 43, 52, 53, 62, 71]
[00:00:00:54:989] Expansion 9,983: New longest path found with length 41: [0, 1, 2, 3, 12, 13, 14, 5, 6, 7, 16, 25, 24, 33, 32, 41, 40, 49, 48, 47, 38, 29, 20, 19, 18, 27, 36, 45, 54, 55, 64, 65, 66, 67, 68, 59, 60, 51, 52, 53, 62, 71]
[00:00:01:00:225] Path of length 41 found: [0, 1, 2, 3, 12, 13, 14, 5, 6, 7, 16, 25, 24, 33, 32, 41, 40, 49, 48, 47, 38, 29, 20, 19, 18, 27, 36, 45, 54, 55, 64, 65, 66, 67, 68, 59, 60, 51, 52, 53, 62, 71]
[00:00:01:00:676] ! Bidirectional. expansions: 10,783, time: 60,225 [ms], path length: 41 [edges], g_F: 21, g_B: 20, generated: {'F': 9,571, 'B': 10,380}, MM: 1, MMPER: 1.380952380952381%
[00:00:01:00:677] 
---------- SM_Grids/8x9_grid_with_random_blocks_8per_4 ----------
[00:00:00:00:171] Expansion 32: New longest path found with length 33: [0, 9, 18, 19, 28, 29, 38, 39, 48, 57, 58, 59, 50, 41, 32, 31, 22, 21, 12, 3, 4, 5, 14, 15, 16, 17, 26, 35, 34, 43, 52, 61, 70, 71]
[00:00:00:00:598] Expansion 110: New longest path found with length 39: [0, 9, 18, 19, 28, 29, 38, 47, 46, 45, 54, 63, 64, 65, 66, 57, 58, 59, 50, 41, 40, 31, 22, 21, 12, 3, 4, 5, 14, 15, 16, 17, 26, 35, 34, 43, 52, 61, 70, 71]
[00:00:02:06:655] Path of length 39 found: [0, 9, 18, 19, 28, 29, 38, 47, 46, 45, 54, 63, 64, 65, 66, 57, 58, 59, 50, 41, 40, 31, 22, 21, 12, 3, 4, 5, 14, 15, 16, 17, 26, 35, 34, 43, 52, 61, 70, 71]
[00:00:02:06:656] ! Unidirectional s-t. expansions: 24,991, time: 126,655 [ms], path length: 39 [edges], generated: 47,014
[00:00:00:00:190] Expansion 36: New longest path found with length 37: [71, 70, 69, 60, 51, 52, 43, 34, 35, 26, 17, 16, 15, 24, 23, 32, 41, 40, 49, 58, 67, 66, 65, 64, 63, 54, 45, 36, 37, 28, 29, 30, 21, 12, 3, 2, 1, 0]
[00:00:00:07:361] Expansion 2,335: New longest path found with length 39: [71, 70, 69, 60, 51, 52, 43, 34, 35, 26, 17, 16, 15, 14, 5, 4, 3, 12, 21, 22, 31, 40, 49, 58, 67, 66, 65, 64, 63, 54, 45, 46, 47, 38, 29, 28, 19, 10, 1, 0]
[00:00:01:52:514] Path of length 39 found: [71, 70, 69, 60, 51, 52, 43, 34, 35, 26, 17, 16, 15, 14, 5, 4, 3, 12, 21, 22, 31, 40, 49, 58, 67, 66, 65, 64, 63, 54, 45, 46, 47, 38, 29, 28, 19, 10, 1, 0]
[00:00:01:52:514] ! Unidirectional t-s. expansions: 23,636, time: 112,514 [ms], path length: 39 [edges], generated: 43,962
[00:00:00:00:196] Expansion 36: New longest path found with length 37: [0, 9, 18, 19, 28, 37, 36, 45, 54, 63, 64, 65, 56, 47, 48, 39, 30, 21, 12, 3, 4, 5, 14, 15, 16, 17, 26, 35, 34, 43, 42, 41, 50, 59, 60, 69, 70, 71]
[00:00:00:02:254] Expansion 540: New longest path found with length 39: [0, 9, 18, 19, 28, 29, 38, 47, 46, 45, 54, 63, 64, 65, 66, 57, 58, 49, 40, 31, 22, 21, 12, 3, 4, 5, 14, 15, 16, 17, 26, 35, 34, 43, 52, 51, 60, 69, 70, 71]
[00:00:01:12:845] Path of length 39 found: [0, 9, 18, 19, 28, 29, 38, 47, 46, 45, 54, 63, 64, 65, 66, 57, 58, 49, 40, 31, 22, 21, 12, 3, 4, 5, 14, 15, 16, 17, 26, 35, 34, 43, 52, 51, 60, 69, 70, 71]
[00:00:01:13:327] ! Bidirectional. expansions: 12,460, time: 72,845 [ms], path length: 39 [edges], g_F: 20, g_B: 19, generated: {'F': 12,171, 'B': 11,827}, MM: 1, MMPER: 1.5%
[00:00:01:13:327] 
---------- SM_Grids/8x9_grid_with_random_blocks_8per_5 ----------
[00:00:00:02:909] Expansion 1,118: New longest path found with length 21: [0, 9, 18, 19, 20, 11, 2, 3, 4, 5, 14, 23, 24, 25, 34, 35, 44, 53, 52, 61, 70, 71]
[00:00:00:14:311] Expansion 5,480: New longest path found with length 31: [0, 9, 18, 19, 20, 11, 2, 3, 4, 5, 14, 23, 32, 31, 30, 39, 38, 37, 36, 45, 54, 63, 64, 65, 56, 57, 58, 67, 68, 69, 70, 71]
[00:00:00:15:321] Expansion 5,817: New longest path found with length 33: [0, 9, 18, 19, 20, 11, 2, 3, 4, 5, 14, 23, 32, 31, 40, 49, 48, 47, 38, 37, 36, 45, 54, 63, 64, 65, 66, 67, 68, 59, 60, 61, 70, 71]
[00:00:00:15:691] Expansion 5,903: New longest path found with length 39: [0, 9, 18, 19, 20, 11, 2, 3, 4, 5, 14, 15, 16, 17, 26, 35, 44, 43, 42, 33, 32, 31, 30, 39, 38, 37, 36, 45, 54, 63, 64, 65, 56, 57, 58, 67, 68, 69, 70, 71]
[00:00:00:16:149] Expansion 6,061: New longest path found with length 41: [0, 9, 18, 19, 20, 11, 2, 3, 4, 5, 14, 15, 16, 17, 26, 35, 44, 43, 42, 33, 32, 31, 40, 49, 48, 47, 38, 37, 36, 45, 54, 63, 64, 65, 66, 67, 68, 59, 60, 61, 70, 71]
[00:00:00:17:213] Expansion 6,366: New longest path found with length 43: [0, 9, 18, 19, 20, 11, 2, 3, 4, 5, 6, 7, 16, 17, 26, 35, 44, 43, 42, 33, 24, 23, 22, 31, 40, 49, 48, 47, 38, 37, 36, 45, 54, 63, 64, 65, 66, 67, 68, 59, 60, 61, 70, 71]
[00:00:00:41:640] Path of length 43 found: [0, 9, 18, 19, 20, 11, 2, 3, 4, 5, 6, 7, 16, 17, 26, 35, 44, 43, 42, 33, 24, 23, 22, 31, 40, 49, 48, 47, 38, 37, 36, 45, 54, 63, 64, 65, 66, 67, 68, 59, 60, 61, 70, 71]
[00:00:00:41:640] ! Unidirectional s-t. expansions: 10,748, time: 41,640 [ms], path length: 43 [edges], generated: 16,827
[00:00:00:00:156] Expansion 26: New longest path found with length 27: [71, 70, 61, 52, 53, 44, 35, 26, 17, 8, 7, 6, 15, 24, 33, 32, 31, 22, 13, 4, 3, 2, 11, 20, 19, 18, 9, 0]
[00:00:00:01:098] Expansion 418: New longest path found with length 37: [71, 70, 61, 52, 53, 44, 35, 26, 17, 8, 7, 6, 15, 24, 33, 32, 31, 30, 39, 48, 49, 50, 59, 68, 67, 66, 65, 56, 55, 54, 45, 36, 37, 28, 19, 10, 1, 0]
[00:00:00:01:108] Expansion 424: New longest path found with length 39: [71, 70, 61, 52, 53, 44, 35, 26, 17, 8, 7, 6, 15, 24, 33, 32, 31, 30, 39, 48, 49, 50, 59, 68, 67, 66, 65, 56, 55, 54, 45, 36, 37, 28, 19, 20, 11, 2, 1, 0]
[00:00:00:15:071] Expansion 3,615: New longest path found with length 41: [71, 70, 61, 52, 43, 42, 33, 24, 25, 26, 17, 8, 7, 6, 5, 4, 13, 22, 31, 30, 39, 48, 49, 50, 59, 68, 67, 66, 65, 56, 55, 54, 45, 36, 37, 28, 19, 20, 11, 2, 1, 0]
[00:00:00:24:234] Expansion 5,348: New longest path found with length 43: [71, 70, 61, 60, 59, 68, 67, 66, 65, 64, 63, 54, 45, 36, 37, 38, 47, 48, 49, 40, 31, 32, 33, 42, 43, 44, 35, 26, 17, 8, 7, 6, 15, 14, 13, 4, 3, 2, 11, 20, 19, 18, 9, 0]
[00:00:00:40:788] Path of length 43 found: [71, 70, 61, 60, 59, 68, 67, 66, 65, 64, 63, 54, 45, 36, 37, 38, 47, 48, 49, 40, 31, 32, 33, 42, 43, 44, 35, 26, 17, 8, 7, 6, 15, 14, 13, 4, 3, 2, 11, 20, 19, 18, 9, 0]
[00:00:00:40:789] ! Unidirectional t-s. expansions: 8,165, time: 40,788 [ms], path length: 43 [edges], generated: 14,435
[00:00:00:00:143] Expansion 22: New longest path found with length 23: [0, 9, 18, 19, 20, 21, 30, 31, 32, 33, 24, 15, 6, 7, 8, 17, 26, 35, 44, 53, 52, 61, 70, 71]
[00:00:00:00:580] Expansion 114: New longest path found with length 35: [0, 9, 18, 19, 20, 29, 38, 37, 36, 45, 54, 63, 64, 65, 56, 57, 58, 49, 40, 31, 22, 13, 4, 5, 6, 7, 8, 17, 26, 35, 44, 53, 52, 61, 70, 71]
[00:00:00:00:627] Expansion 128: New longest path found with length 37: [0, 9, 18, 19, 20, 29, 38, 37, 36, 45, 54, 63, 64, 65, 66, 67, 68, 59, 50, 49, 40, 31, 22, 13, 4, 5, 6, 7, 8, 17, 26, 35, 44, 53, 52, 61, 70, 71]
[00:00:00:03:886] Expansion 944: New longest path found with length 39: [0, 9, 18, 19, 20, 29, 38, 37, 36, 45, 54, 63, 64, 65, 66, 67, 68, 59, 50, 49, 40, 31, 22, 13, 4, 5, 6, 7, 8, 17, 26, 25, 24, 33, 42, 43, 52, 61, 70, 71]
[00:00:00:09:035] Expansion 1,985: New longest path found with length 41: [0, 9, 18, 19, 20, 11, 2, 3, 4, 13, 14, 15, 6, 7, 8, 17, 26, 35, 44, 43, 42, 33, 32, 31, 30, 39, 38, 37, 36, 45, 54, 55, 56, 57, 66, 67, 68, 59, 60, 61, 70, 71]
[00:00:00:09:340] Expansion 2,051: New longest path found with length 43: [0, 9, 18, 19, 20, 11, 2, 3, 4, 13, 14, 15, 6, 7, 8, 17, 26, 35, 44, 43, 42, 33, 32, 31, 40, 49, 48, 47, 38, 37, 36, 45, 54, 55, 64, 65, 66, 67, 68, 59, 60, 61, 70, 71]
[00:00:00:19:703] Path of length 43 found: [0, 9, 18, 19, 20, 11, 2, 3, 4, 13, 14, 15, 6, 7, 8, 17, 26, 35, 44, 43, 42, 33, 32, 31, 40, 49, 48, 47, 38, 37, 36, 45, 54, 55, 64, 65, 66, 67, 68, 59, 60, 61, 70, 71]
[00:00:00:20:165] ! Bidirectional. expansions: 3,658, time: 19,703 [ms], path length: 43 [edges], g_F: 22, g_B: 21, generated: {'F': 3,358, 'B': 3,068}, MM: 1, MMPER: 1.272727272727273%
[00:00:00:20:165] 
---------- SM_Grids/8x9_grid_with_random_blocks_8per_6 ----------
[00:00:00:00:180] Expansion 32: New longest path found with length 33: [0, 1, 2, 11, 12, 13, 4, 5, 6, 15, 16, 25, 34, 33, 32, 31, 40, 39, 38, 37, 46, 55, 64, 65, 66, 57, 58, 59, 50, 51, 52, 61, 70, 71]
[00:00:00:01:099] Expansion 316: New longest path found with length 35: [0, 1, 2, 11, 12, 13, 4, 5, 6, 15, 16, 25, 34, 33, 32, 41, 40, 39, 30, 29, 28, 37, 46, 55, 64, 65, 66, 57, 58, 59, 60, 51, 52, 53, 62, 71]
[00:00:00:09:367] Expansion 2,298: New longest path found with length 37: [0, 1, 2, 11, 20, 19, 18, 27, 36, 37, 46, 55, 64, 65, 66, 57, 48, 39, 30, 31, 22, 13, 4, 5, 6, 7, 16, 25, 34, 35, 44, 53, 52, 51, 60, 69, 70, 71]
[00:00:00:10:023] Expansion 2,486: New longest path found with length 39: [0, 1, 2, 11, 20, 19, 18, 27, 36, 37, 46, 55, 64, 65, 66, 57, 48, 39, 40, 41, 32, 23, 22, 13, 4, 5, 6, 7, 16, 25, 34, 35, 44, 53, 52, 51, 60, 69, 70, 71]
[00:00:01:14:731] Path of length 39 found: [0, 1, 2, 11, 20, 19, 18, 27, 36, 37, 46, 55, 64, 65, 66, 57, 48, 39, 40, 41, 32, 23, 22, 13, 4, 5, 6, 7, 16, 25, 34, 35, 44, 53, 52, 51, 60, 69, 70, 71]
[00:00:01:14:731] ! Unidirectional s-t. expansions: 14,531, time: 74,731 [ms], path length: 39 [edges], generated: 26,838
[00:00:00:03:793] Expansion 1,297: New longest path found with length 17: [71, 62, 53, 44, 35, 34, 33, 24, 15, 6, 5, 4, 13, 12, 11, 10, 1, 0]
[00:00:00:03:866] Expansion 1,317: New longest path found with length 35: [71, 62, 53, 44, 35, 34, 33, 24, 15, 6, 5, 4, 13, 12, 11, 20, 29, 30, 31, 40, 41, 50, 59, 58, 67, 66, 65, 64, 55, 46, 37, 36, 27, 18, 9, 0]
[00:00:01:08:471] Expansion 15,797: New longest path found with length 37: [71, 62, 53, 52, 51, 60, 59, 58, 67, 66, 65, 64, 55, 46, 47, 48, 39, 40, 41, 32, 33, 34, 25, 16, 7, 6, 5, 14, 13, 12, 11, 20, 29, 28, 27, 18, 9, 0]
[00:00:01:09:865] Expansion 16,148: New longest path found with length 39: [71, 62, 53, 52, 51, 60, 59, 58, 67, 66, 65, 64, 55, 46, 37, 36, 27, 18, 19, 20, 29, 30, 39, 40, 41, 32, 33, 34, 25, 16, 7, 6, 5, 14, 13, 12, 3, 2, 1, 0]
[00:00:02:06:119] Path of length 39 found: [71, 62, 53, 52, 51, 60, 59, 58, 67, 66, 65, 64, 55, 46, 37, 36, 27, 18, 19, 20, 29, 30, 39, 40, 41, 32, 33, 34, 25, 16, 7, 6, 5, 14, 13, 12, 3, 2, 1, 0]
[00:00:02:06:119] ! Unidirectional t-s. expansions: 26,781, time: 126,119 [ms], path length: 39 [edges], generated: 49,874
[00:00:00:00:204] Expansion 41: New longest path found with length 39: [0, 1, 2, 11, 20, 19, 18, 27, 36, 37, 46, 55, 64, 65, 66, 57, 58, 49, 40, 41, 32, 23, 22, 13, 4, 5, 6, 7, 16, 25, 34, 35, 44, 53, 52, 51, 60, 69, 70, 71]
[00:00:01:13:386] Path of length 39 found: [0, 1, 2, 11, 20, 19, 18, 27, 36, 37, 46, 55, 64, 65, 66, 57, 58, 49, 40, 41, 32, 23, 22, 13, 4, 5, 6, 7, 16, 25, 34, 35, 44, 53, 52, 51, 60, 69, 70, 71]
[00:00:01:13:845] ! Bidirectional. expansions: 11,691, time: 73,386 [ms], path length: 39 [edges], g_F: 20, g_B: 19, generated: {'F': 11,479, 'B': 11,667}, MM: 1, MMPER: 1.5%
[00:00:01:13:845] 
---------- SM_Grids/8x9_grid_with_random_blocks_8per_7 ----------
[00:00:00:01:130] Expansion 389: New longest path found with length 23: [0, 9, 18, 27, 28, 29, 20, 11, 2, 3, 4, 5, 14, 23, 24, 25, 26, 35, 44, 43, 52, 61, 70, 71]
[00:00:00:02:421] Expansion 869: New longest path found with length 33: [0, 9, 18, 27, 28, 29, 20, 11, 2, 3, 4, 5, 14, 23, 22, 31, 40, 39, 48, 47, 46, 45, 54, 63, 64, 65, 66, 67, 58, 59, 60, 61, 70, 71]
[00:00:00:04:033] Expansion 1,491: New longest path found with length 35: [0, 9, 18, 27, 28, 29, 20, 11, 2, 3, 4, 5, 14, 15, 24, 33, 32, 31, 40, 39, 48, 47, 46, 45, 54, 63, 64, 65, 66, 67, 58, 59, 60, 61, 70, 71]
[00:00:00:04:876] Expansion 1,818: New longest path found with length 39: [0, 9, 18, 27, 28, 29, 20, 11, 2, 3, 4, 5, 6, 7, 8, 17, 26, 25, 24, 23, 22, 31, 40, 39, 48, 47, 46, 45, 54, 63, 64, 65, 66, 67, 58, 59, 60, 61, 70, 71]
[00:00:02:13:051] Path of length 39 found: [0, 9, 18, 27, 28, 29, 20, 11, 2, 3, 4, 5, 6, 7, 8, 17, 26, 25, 24, 23, 22, 31, 40, 39, 48, 47, 46, 45, 54, 63, 64, 65, 66, 67, 58, 59, 60, 61, 70, 71]
[00:00:02:13:051] ! Unidirectional s-t. expansions: 33,217, time: 133,051 [ms], path length: 39 [edges], generated: 56,099
[00:00:00:00:185] Expansion 32: New longest path found with length 33: [71, 62, 53, 44, 35, 26, 17, 8, 7, 6, 5, 14, 23, 22, 31, 40, 41, 50, 59, 68, 67, 66, 57, 56, 55, 46, 37, 38, 29, 20, 11, 2, 1, 0]
[00:00:00:00:589] Expansion 177: New longest path found with length 35: [71, 62, 53, 44, 35, 26, 17, 8, 7, 6, 5, 14, 23, 22, 31, 40, 41, 50, 59, 68, 67, 66, 65, 64, 63, 54, 45, 46, 47, 38, 29, 20, 11, 2, 1, 0]
[00:00:00:02:229] Expansion 688: New longest path found with length 37: [71, 62, 53, 44, 35, 26, 17, 8, 7, 6, 5, 14, 23, 22, 31, 30, 39, 48, 49, 50, 59, 68, 67, 66, 65, 64, 63, 54, 45, 46, 37, 28, 19, 20, 11, 2, 1, 0]
[00:00:00:46:092] Expansion 11,603: New longest path found with length 39: [71, 62, 61, 52, 43, 44, 35, 26, 17, 8, 7, 6, 5, 14, 13, 22, 31, 30, 39, 48, 49, 50, 59, 68, 67, 66, 65, 64, 63, 54, 45, 46, 37, 28, 19, 20, 11, 2, 1, 0]
[00:00:03:17:986] Path of length 39 found: [71, 62, 61, 52, 43, 44, 35, 26, 17, 8, 7, 6, 5, 14, 13, 22, 31, 30, 39, 48, 49, 50, 59, 68, 67, 66, 65, 64, 63, 54, 45, 46, 37, 28, 19, 20, 11, 2, 1, 0]
[00:00:03:17:986] ! Unidirectional t-s. expansions: 49,715, time: 197,986 [ms], path length: 39 [edges], generated: 83,435
[00:00:00:00:155] Expansion 26: New longest path found with length 27: [0, 9, 18, 27, 28, 29, 20, 11, 2, 3, 4, 13, 22, 31, 32, 33, 24, 15, 6, 7, 8, 17, 26, 35, 44, 53, 62, 71]
[00:00:00:00:893] Expansion 119: New longest path found with length 31: [0, 9, 18, 27, 28, 29, 38, 39, 48, 57, 66, 67, 68, 59, 50, 41, 32, 23, 22, 13, 4, 5, 6, 7, 8, 17, 26, 35, 44, 53, 62, 71]
[00:00:00:01:291] Expansion 204: New longest path found with length 35: [0, 9, 18, 27, 28, 29, 38, 47, 46, 45, 54, 63, 64, 65, 66, 67, 68, 59, 50, 41, 32, 23, 22, 13, 4, 5, 6, 7, 8, 17, 26, 35, 44, 53, 62, 71]
[00:00:00:03:424] Expansion 694: New longest path found with length 37: [0, 9, 18, 27, 28, 29, 30, 39, 48, 47, 46, 45, 54, 63, 64, 65, 66, 67, 68, 59, 50, 41, 32, 23, 22, 13, 4, 5, 6, 7, 8, 17, 26, 35, 44, 53, 62, 71]
[00:00:00:16:674] Expansion 3,427: New longest path found with length 39: [0, 9, 18, 27, 28, 29, 30, 39, 48, 47, 46, 45, 54, 63, 64, 65, 66, 67, 58, 59, 50, 41, 32, 23, 22, 13, 4, 5, 6, 7, 8, 17, 26, 35, 44, 43, 52, 61, 62, 71]
[00:00:01:40:814] Path of length 39 found: [0, 9, 18, 27, 28, 29, 30, 39, 48, 47, 46, 45, 54, 63, 64, 65, 66, 67, 58, 59, 50, 41, 32, 23, 22, 13, 4, 5, 6, 7, 8, 17, 26, 35, 44, 43, 52, 61, 62, 71]
[00:00:01:41:268] ! Bidirectional. expansions: 20,225, time: 100,814 [ms], path length: 39 [edges], g_F: 20, g_B: 19, generated: {'F': 17,842, 'B': 17,666}, MM: 1, MMPER: 1.5%
[00:00:01:41:268] 
---------- SM_Grids/8x9_grid_with_random_blocks_8per_8 ----------
[00:00:00:00:223] Expansion 55: New longest path found with length 33: [0, 9, 18, 19, 20, 11, 2, 3, 4, 5, 14, 23, 22, 31, 30, 39, 38, 37, 36, 45, 54, 63, 64, 65, 56, 57, 58, 49, 50, 51, 52, 61, 70, 71]
[00:00:00:00:353] Expansion 115: New longest path found with length 35: [0, 9, 18, 19, 20, 11, 2, 3, 4, 5, 14, 23, 22, 31, 30, 39, 38, 37, 36, 45, 54, 63, 64, 65, 56, 57, 58, 67, 68, 69, 60, 51, 52, 53, 62, 71]
[00:00:00:01:230] Expansion 387: New longest path found with length 39: [0, 9, 18, 19, 20, 11, 2, 3, 4, 5, 14, 23, 24, 25, 26, 35, 44, 43, 52, 51, 50, 41, 40, 39, 38, 37, 36, 45, 54, 63, 64, 65, 56, 57, 58, 67, 68, 69, 70, 71]
[00:00:00:02:250] Expansion 650: New longest path found with length 41: [0, 9, 18, 19, 20, 11, 2, 3, 4, 5, 14, 15, 16, 17, 26, 35, 34, 33, 32, 31, 30, 39, 38, 37, 36, 45, 54, 63, 64, 65, 56, 57, 58, 67, 68, 69, 60, 51, 52, 53, 62, 71]
[00:00:00:05:009] Expansion 1,420: New longest path found with length 43: [0, 9, 18, 19, 20, 11, 2, 3, 4, 5, 6, 7, 8, 17, 26, 35, 34, 33, 24, 23, 22, 31, 30, 39, 38, 37, 36, 45, 54, 63, 64, 65, 56, 57, 58, 67, 68, 69, 60, 51, 52, 53, 62, 71]
[00:00:00:44:207] Path of length 43 found: [0, 9, 18, 19, 20, 11, 2, 3, 4, 5, 6, 7, 8, 17, 26, 35, 34, 33, 24, 23, 22, 31, 30, 39, 38, 37, 36, 45, 54, 63, 64, 65, 56, 57, 58, 67, 68, 69, 60, 51, 52, 53, 62, 71]
[00:00:00:44:207] ! Unidirectional s-t. expansions: 9,474, time: 44,207 [ms], path length: 43 [edges], generated: 15,452
[00:00:00:04:757] Expansion 2,107: New longest path found with length 21: [71, 62, 53, 44, 43, 34, 25, 26, 17, 8, 7, 6, 15, 14, 13, 4, 3, 2, 11, 10, 9, 0]
[00:00:00:04:832] Expansion 2,131: New longest path found with length 43: [71, 62, 53, 44, 43, 34, 25, 26, 17, 8, 7, 6, 15, 14, 13, 4, 3, 2, 11, 20, 21, 30, 31, 32, 41, 50, 51, 60, 69, 68, 67, 58, 57, 56, 65, 64, 63, 54, 45, 36, 27, 18, 9, 0]
[00:00:00:47:487] Path of length 43 found: [71, 62, 53, 44, 43, 34, 25, 26, 17, 8, 7, 6, 15, 14, 13, 4, 3, 2, 11, 20, 21, 30, 31, 32, 41, 50, 51, 60, 69, 68, 67, 58, 57, 56, 65, 64, 63, 54, 45, 36, 27, 18, 9, 0]
[00:00:00:47:487] ! Unidirectional t-s. expansions: 10,665, time: 47,487 [ms], path length: 43 [edges], generated: 17,074
[00:00:00:00:156] Expansion 27: New longest path found with length 19: [0, 9, 18, 19, 20, 11, 2, 3, 4, 5, 6, 7, 16, 25, 34, 43, 44, 53, 62, 71]
[00:00:00:00:212] Expansion 42: New longest path found with length 23: [0, 9, 18, 19, 20, 11, 2, 3, 4, 13, 14, 15, 6, 7, 8, 17, 26, 25, 34, 43, 44, 53, 62, 71]
[00:00:00:00:423] Expansion 91: New longest path found with length 41: [0, 9, 18, 19, 20, 21, 30, 39, 38, 37, 36, 45, 54, 63, 64, 65, 56, 57, 58, 67, 68, 69, 60, 51, 50, 41, 32, 23, 14, 5, 6, 7, 8, 17, 26, 25, 34, 43, 44, 53, 62, 71]
[00:00:00:01:892] Expansion 370: New longest path found with length 43: [0, 9, 18, 19, 20, 11, 2, 3, 4, 13, 14, 15, 6, 7, 8, 17, 26, 25, 34, 33, 32, 31, 30, 39, 38, 37, 36, 45, 54, 63, 64, 65, 56, 57, 58, 67, 68, 69, 60, 51, 52, 53, 62, 71]
[00:00:00:32:949] Path of length 43 found: [0, 9, 18, 19, 20, 11, 2, 3, 4, 13, 14, 15, 6, 7, 8, 17, 26, 25, 34, 33, 32, 31, 30, 39, 38, 37, 36, 45, 54, 63, 64, 65, 56, 57, 58, 67, 68, 69, 60, 51, 52, 53, 62, 71]
[00:00:00:33:430] ! Bidirectional. expansions: 6,056, time: 32,949 [ms], path length: 43 [edges], g_F: 22, g_B: 21, generated: {'F': 4,972, 'B': 5,235}, MM: 1, MMPER: 1.272727272727273%
[00:00:00:33:430] 
---------- SM_Grids/8x9_grid_with_random_blocks_8per_9 ----------
[00:00:00:05:425] Expansion 1,752: New longest path found with length 19: [0, 9, 10, 11, 2, 3, 4, 5, 6, 7, 16, 25, 34, 35, 44, 53, 52, 61, 70, 71]
[00:00:00:05:518] Expansion 1,776: New longest path found with length 37: [0, 9, 10, 11, 2, 3, 4, 5, 6, 7, 16, 25, 34, 33, 32, 31, 40, 49, 48, 47, 38, 37, 36, 45, 54, 63, 64, 65, 66, 67, 68, 59, 60, 51, 52, 53, 62, 71]
[00:00:00:08:851] Expansion 2,415: New longest path found with length 39: [0, 9, 10, 11, 20, 21, 22, 13, 4, 5, 6, 7, 16, 25, 34, 33, 32, 41, 40, 49, 48, 47, 38, 37, 36, 45, 54, 63, 64, 65, 66, 67, 68, 59, 60, 51, 52, 53, 62, 71]
[00:00:03:20:134] Path of length 39 found: [0, 9, 10, 11, 20, 21, 22, 13, 4, 5, 6, 7, 16, 25, 34, 33, 32, 41, 40, 49, 48, 47, 38, 37, 36, 45, 54, 63, 64, 65, 66, 67, 68, 59, 60, 51, 52, 53, 62, 71]
[00:00:03:20:134] ! Unidirectional s-t. expansions: 46,191, time: 200,134 [ms], path length: 39 [edges], generated: 79,979
[00:00:00:00:134] Expansion 20: New longest path found with length 21: [71, 70, 61, 52, 53, 44, 35, 34, 25, 16, 7, 6, 5, 14, 23, 22, 21, 12, 3, 2, 1, 0]
[00:00:00:06:798] Expansion 2,775: New longest path found with length 35: [71, 70, 61, 52, 53, 44, 35, 34, 25, 16, 7, 6, 5, 14, 23, 22, 31, 40, 41, 50, 59, 68, 67, 66, 57, 48, 47, 46, 45, 36, 27, 18, 19, 10, 1, 0]
[00:00:00:06:806] Expansion 2,779: New longest path found with length 37: [71, 70, 61, 52, 53, 44, 35, 34, 25, 16, 7, 6, 5, 14, 23, 22, 31, 40, 41, 50, 59, 68, 67, 66, 57, 48, 47, 46, 45, 36, 27, 18, 19, 20, 11, 2, 1, 0]
[00:00:00:09:679] Expansion 3,886: New longest path found with length 39: [71, 70, 61, 52, 53, 44, 35, 34, 25, 16, 7, 6, 5, 14, 23, 32, 31, 40, 49, 50, 59, 68, 67, 66, 57, 56, 55, 54, 45, 36, 27, 18, 19, 20, 21, 12, 3, 2, 1, 0]
[00:00:02:18:576] Path of length 39 found: [71, 70, 61, 52, 53, 44, 35, 34, 25, 16, 7, 6, 5, 14, 23, 32, 31, 40, 49, 50, 59, 68, 67, 66, 57, 56, 55, 54, 45, 36, 27, 18, 19, 20, 21, 12, 3, 2, 1, 0]
[00:00:02:18:576] ! Unidirectional t-s. expansions: 33,543, time: 138,576 [ms], path length: 39 [edges], generated: 59,088
[00:00:00:00:135] Expansion 22: New longest path found with length 21: [0, 9, 10, 19, 20, 21, 12, 3, 4, 5, 6, 15, 24, 33, 34, 35, 44, 53, 52, 61, 70, 71]
[00:00:00:00:294] Expansion 57: New longest path found with length 23: [0, 9, 10, 19, 20, 21, 30, 31, 32, 23, 14, 5, 6, 7, 16, 25, 34, 35, 44, 53, 52, 61, 70, 71]
[00:00:00:00:600] Expansion 133: New longest path found with length 25: [0, 9, 10, 19, 20, 21, 12, 3, 4, 5, 6, 7, 16, 25, 24, 23, 32, 31, 40, 49, 50, 51, 52, 61, 70, 71]
[00:00:00:00:814] Expansion 176: New longest path found with length 35: [0, 9, 10, 19, 28, 27, 36, 45, 54, 63, 64, 65, 56, 47, 48, 49, 40, 31, 30, 21, 12, 3, 4, 5, 6, 7, 16, 25, 34, 35, 44, 53, 52, 61, 70, 71]
[00:00:00:00:826] Expansion 182: New longest path found with length 37: [0, 9, 10, 19, 28, 27, 36, 45, 54, 63, 64, 65, 56, 47, 48, 49, 40, 41, 32, 23, 22, 21, 12, 3, 4, 5, 6, 7, 16, 25, 34, 35, 44, 53, 52, 61, 70, 71]
[00:00:00:18:928] Expansion 4,169: New longest path found with length 39: [0, 9, 18, 27, 28, 37, 46, 45, 54, 63, 64, 65, 56, 57, 58, 59, 50, 41, 32, 23, 22, 21, 20, 11, 2, 3, 4, 5, 6, 7, 16, 25, 34, 35, 44, 53, 52, 61, 70, 71]
[00:00:01:10:399] Path of length 39 found: [0, 9, 18, 27, 28, 37, 46, 45, 54, 63, 64, 65, 56, 57, 58, 59, 50, 41, 32, 23, 22, 21, 20, 11, 2, 3, 4, 5, 6, 7, 16, 25, 34, 35, 44, 53, 52, 61, 70, 71]
[00:00:01:10:836] ! Bidirectional. expansions: 13,910, time: 70,399 [ms], path length: 39 [edges], g_F: 20, g_B: 19, generated: {'F': 12,307, 'B': 13,928}, MM: 1, MMPER: 1.5%
[00:00:01:10:836] average expansions: (19,675, 19,949, 9,780, 0)
[00:00:01:10:836] average time: (89,925, 89,784, 53,943, 0)
[00:00:01:10:837] X-DFBnB: 19,675 , 89,784 (expansions , time[ms])
[00:00:01:10:837] BiX-DFBnB: 9,780 , 53,943 (expansions , time[ms])

