--------------------------
date: SM_Grids
number_of_graphs: 10
graph_type: grid
size_of_graphs: [7, 9]
heuristic: bcc_heuristic
snake: True
run_uni: True
run_bi: True
run_multi: False
solution_vertices: []
algorithms: ['DFBnB']
bsd: False
cube_first_dims: 4
cube_buffer_dim: None
backward_sym_generation: False
sym_coil: False
prefix_set: None

---------- SM_Grids/7x9_grid_with_random_blocks_8per_0 ----------
[00:00:00:00:109] Expansion 35: New longest path found with length 36: [0, 9, 18, 19, 28, 37, 36, 45, 54, 55, 56, 47, 48, 49, 58, 59, 60, 51, 42, 33, 32, 23, 22, 21, 12, 3, 4, 5, 6, 15, 16, 25, 26, 35, 44, 53, 62]
[00:00:00:02:137] Expansion 651: New longest path found with length 38: [0, 9, 18, 27, 36, 45, 54, 55, 56, 47, 38, 39, 40, 49, 58, 59, 60, 51, 42, 33, 32, 23, 22, 21, 20, 11, 2, 3, 4, 5, 6, 15, 16, 25, 26, 35, 44, 53, 62]
[00:00:00:05:433] Path of length 38 found: [0, 9, 18, 27, 36, 45, 54, 55, 56, 47, 38, 39, 40, 49, 58, 59, 60, 51, 42, 33, 32, 23, 22, 21, 20, 11, 2, 3, 4, 5, 6, 15, 16, 25, 26, 35, 44, 53, 62]
[00:00:00:05:433] ! Unidirectional s-t. expansions: 1,465, time: 5,433 [ms], path length: 38 [edges], generated: 2,462
[00:00:00:05:627] Expansion 3,293: New longest path found with length 16: [62, 53, 44, 35, 26, 25, 16, 7, 6, 5, 4, 3, 2, 11, 10, 9, 0]
[00:00:00:05:683] Expansion 3,313: New longest path found with length 34: [62, 53, 44, 35, 26, 25, 16, 7, 6, 5, 4, 3, 2, 11, 20, 21, 30, 31, 40, 41, 42, 51, 60, 59, 58, 57, 48, 47, 46, 37, 28, 27, 18, 9, 0]
[00:00:00:05:733] Expansion 3,337: New longest path found with length 36: [62, 53, 44, 35, 26, 25, 16, 7, 6, 5, 4, 3, 2, 11, 20, 21, 30, 31, 32, 41, 42, 51, 60, 59, 58, 49, 48, 47, 56, 55, 54, 45, 36, 27, 18, 9, 0]
[00:00:00:05:843] Expansion 3,384: New longest path found with length 38: [62, 53, 44, 35, 26, 25, 16, 7, 6, 5, 4, 3, 2, 11, 20, 21, 22, 23, 32, 33, 42, 51, 60, 59, 58, 49, 40, 39, 38, 47, 56, 55, 54, 45, 36, 27, 18, 9, 0]
[00:00:00:08:812] Path of length 38 found: [62, 53, 44, 35, 26, 25, 16, 7, 6, 5, 4, 3, 2, 11, 20, 21, 22, 23, 32, 33, 42, 51, 60, 59, 58, 49, 40, 39, 38, 47, 56, 55, 54, 45, 36, 27, 18, 9, 0]
[00:00:00:08:812] ! Unidirectional t-s. expansions: 4,056, time: 8,812 [ms], path length: 38 [edges], generated: 5,810
[00:00:00:00:134] Expansion 37: New longest path found with length 36: [0, 9, 18, 19, 28, 37, 36, 45, 54, 55, 56, 47, 48, 49, 58, 59, 60, 51, 42, 41, 32, 31, 30, 21, 12, 3, 4, 5, 6, 7, 16, 25, 26, 35, 44, 53, 62]
[00:00:00:00:843] Expansion 207: New longest path found with length 38: [0, 9, 18, 27, 36, 45, 54, 55, 56, 47, 38, 39, 40, 49, 58, 59, 60, 51, 42, 33, 32, 23, 22, 21, 20, 11, 2, 3, 4, 5, 6, 7, 16, 25, 26, 35, 44, 53, 62]
[00:00:00:03:323] Path of length 38 found: [0, 9, 18, 27, 36, 45, 54, 55, 56, 47, 38, 39, 40, 49, 58, 59, 60, 51, 42, 33, 32, 23, 22, 21, 20, 11, 2, 3, 4, 5, 6, 7, 16, 25, 26, 35, 44, 53, 62]
[00:00:00:03:773] ! Bidirectional. expansions: 714, time: 3,323 [ms], path length: 38 [edges], g_F: 20, g_B: 18, generated: {'F': 600, 'B': 604}, MM: 2, MMPER: 4.128205128205129%
[00:00:00:03:774] 
---------- SM_Grids/7x9_grid_with_random_blocks_8per_1 ----------
[00:00:00:00:253] Expansion 80: New longest path found with length 26: [0, 9, 18, 19, 20, 29, 30, 31, 22, 23, 14, 5, 6, 7, 16, 25, 26, 35, 44, 43, 42, 41, 50, 59, 60, 61, 62]
[00:00:00:00:659] Expansion 199: New longest path found with length 28: [0, 9, 18, 19, 20, 29, 30, 31, 40, 49, 58, 59, 60, 51, 42, 33, 24, 23, 14, 5, 6, 7, 16, 17, 26, 35, 44, 53, 62]
[00:00:00:00:922] Expansion 276: New longest path found with length 34: [0, 9, 18, 19, 20, 29, 38, 37, 36, 45, 54, 55, 56, 57, 48, 49, 40, 31, 22, 23, 14, 5, 6, 7, 16, 25, 26, 35, 44, 43, 42, 51, 60, 61, 62]
[00:00:00:06:132] Expansion 1,639: New longest path found with length 36: [0, 1, 2, 3, 12, 21, 22, 31, 40, 39, 38, 29, 28, 27, 36, 45, 54, 55, 56, 57, 58, 59, 50, 51, 42, 33, 24, 15, 6, 7, 8, 17, 26, 35, 44, 53, 62]
[00:00:00:07:511] Expansion 1,990: New longest path found with length 38: [0, 1, 2, 3, 12, 21, 20, 19, 18, 27, 36, 45, 54, 55, 56, 47, 38, 39, 40, 49, 58, 59, 60, 51, 42, 33, 24, 23, 14, 5, 6, 7, 16, 17, 26, 35, 44, 53, 62]
[00:00:00:09:551] Path of length 38 found: [0, 1, 2, 3, 12, 21, 20, 19, 18, 27, 36, 45, 54, 55, 56, 47, 38, 39, 40, 49, 58, 59, 60, 51, 42, 33, 24, 23, 14, 5, 6, 7, 16, 17, 26, 35, 44, 53, 62]
[00:00:00:09:551] ! Unidirectional s-t. expansions: 2,437, time: 9,551 [ms], path length: 38 [edges], generated: 4,142
[00:00:00:00:105] Expansion 21: New longest path found with length 22: [62, 61, 52, 43, 44, 35, 26, 17, 8, 7, 6, 5, 14, 23, 22, 31, 30, 29, 28, 19, 18, 9, 0]
[00:00:00:00:130] Expansion 31: New longest path found with length 28: [62, 61, 52, 43, 44, 35, 26, 17, 8, 7, 6, 5, 14, 23, 22, 31, 30, 29, 38, 47, 56, 55, 54, 45, 36, 27, 18, 9, 0]
[00:00:00:00:168] Expansion 46: New longest path found with length 32: [62, 61, 52, 43, 44, 35, 26, 17, 8, 7, 6, 5, 14, 23, 22, 31, 30, 39, 48, 47, 56, 55, 54, 45, 36, 37, 28, 19, 20, 11, 2, 1, 0]
[00:00:00:00:385] Expansion 149: New longest path found with length 34: [62, 61, 52, 43, 44, 35, 26, 17, 8, 7, 6, 5, 14, 23, 22, 31, 40, 41, 50, 59, 58, 57, 48, 47, 46, 37, 36, 27, 18, 19, 20, 11, 2, 1, 0]
[00:00:00:09:654] Expansion 4,066: New longest path found with length 36: [62, 61, 60, 59, 50, 41, 42, 43, 44, 35, 26, 17, 8, 7, 6, 5, 14, 23, 22, 31, 30, 39, 48, 47, 56, 55, 54, 45, 36, 37, 28, 19, 20, 11, 2, 1, 0]
[00:00:00:11:981] Expansion 4,914: New longest path found with length 38: [62, 53, 44, 35, 26, 17, 8, 7, 6, 5, 14, 23, 24, 33, 42, 51, 60, 59, 58, 49, 40, 39, 38, 47, 56, 55, 54, 45, 36, 27, 18, 19, 20, 21, 12, 3, 2, 1, 0]
[00:00:00:13:318] Path of length 38 found: [62, 53, 44, 35, 26, 17, 8, 7, 6, 5, 14, 23, 24, 33, 42, 51, 60, 59, 58, 49, 40, 39, 38, 47, 56, 55, 54, 45, 36, 27, 18, 19, 20, 21, 12, 3, 2, 1, 0]
[00:00:00:13:318] ! Unidirectional t-s. expansions: 5,238, time: 13,318 [ms], path length: 38 [edges], generated: 8,328
[00:00:00:00:140] Expansion 36: New longest path found with length 28: [0, 9, 18, 27, 36, 45, 54, 55, 56, 47, 48, 49, 40, 31, 22, 23, 14, 5, 6, 7, 8, 17, 26, 35, 44, 43, 52, 61, 62]
[00:00:00:00:264] Expansion 78: New longest path found with length 32: [0, 9, 18, 27, 36, 45, 54, 55, 56, 57, 58, 49, 40, 39, 38, 29, 20, 21, 22, 23, 14, 5, 6, 7, 8, 17, 26, 35, 44, 43, 52, 61, 62]
[00:00:00:00:358] Expansion 122: New longest path found with length 34: [0, 9, 18, 27, 36, 45, 54, 55, 56, 57, 58, 59, 50, 41, 40, 39, 38, 29, 20, 21, 22, 23, 14, 5, 6, 7, 8, 17, 26, 35, 44, 43, 52, 61, 62]
[00:00:00:09:757] Expansion 2,692: New longest path found with length 36: [0, 1, 2, 11, 12, 21, 30, 29, 28, 27, 36, 45, 54, 55, 56, 47, 48, 49, 58, 59, 60, 51, 42, 33, 24, 23, 14, 5, 6, 7, 8, 17, 26, 35, 44, 53, 62]
[00:00:00:11:410] Expansion 3,124: New longest path found with length 38: [0, 1, 2, 3, 12, 21, 20, 19, 18, 27, 36, 45, 54, 55, 56, 47, 38, 39, 40, 49, 58, 59, 60, 51, 42, 33, 24, 23, 14, 5, 6, 7, 8, 17, 26, 35, 44, 53, 62]
[00:00:00:12:026] Path of length 38 found: [0, 1, 2, 3, 12, 21, 20, 19, 18, 27, 36, 45, 54, 55, 56, 47, 38, 39, 40, 49, 58, 59, 60, 51, 42, 33, 24, 23, 14, 5, 6, 7, 8, 17, 26, 35, 44, 53, 62]
[00:00:00:12:468] ! Bidirectional. expansions: 3,225, time: 12,026 [ms], path length: 38 [edges], g_F: 20, g_B: 18, generated: {'F': 3,068, 'B': 2,588}, MM: 2, MMPER: 4.128205128205129%
[00:00:00:12:468] 
---------- SM_Grids/7x9_grid_with_random_blocks_8per_2 ----------
[00:00:00:00:165] Expansion 29: New longest path found with length 30: [0, 9, 18, 27, 28, 37, 46, 55, 56, 57, 58, 49, 40, 39, 30, 21, 22, 13, 14, 5, 6, 7, 16, 25, 24, 33, 42, 51, 60, 61, 62]
[00:00:00:00:179] Expansion 38: New longest path found with length 32: [0, 9, 18, 27, 28, 37, 46, 55, 56, 57, 58, 49, 40, 39, 30, 21, 22, 13, 14, 5, 6, 7, 16, 25, 26, 35, 44, 43, 42, 51, 60, 61, 62]
[00:00:00:01:934] Expansion 499: New longest path found with length 34: [0, 9, 18, 27, 36, 45, 54, 55, 56, 47, 38, 29, 20, 11, 12, 13, 14, 5, 6, 7, 16, 25, 26, 35, 44, 43, 42, 41, 40, 49, 58, 59, 60, 61, 62]
[00:00:00:10:914] Expansion 2,875: New longest path found with length 36: [0, 9, 10, 11, 12, 21, 22, 23, 14, 5, 6, 7, 16, 25, 26, 35, 44, 43, 42, 41, 40, 39, 38, 29, 28, 27, 36, 45, 54, 55, 56, 57, 58, 59, 60, 61, 62]
[00:00:00:20:178] Path of length 36 found: [0, 9, 10, 11, 12, 21, 22, 23, 14, 5, 6, 7, 16, 25, 26, 35, 44, 43, 42, 41, 40, 39, 38, 29, 28, 27, 36, 45, 54, 55, 56, 57, 58, 59, 60, 61, 62]
[00:00:00:20:178] ! Unidirectional s-t. expansions: 5,150, time: 20,178 [ms], path length: 36 [edges], generated: 8,964
[00:00:00:00:082] Expansion 13: New longest path found with length 14: [62, 53, 52, 43, 34, 33, 24, 15, 14, 13, 12, 3, 2, 1, 0]
[00:00:00:01:435] Expansion 646: New longest path found with length 16: [62, 53, 52, 43, 34, 33, 24, 15, 14, 13, 12, 11, 20, 19, 18, 9, 0]
[00:00:00:01:845] Expansion 827: New longest path found with length 30: [62, 53, 52, 43, 34, 33, 24, 15, 14, 13, 12, 11, 20, 29, 30, 39, 40, 41, 50, 59, 58, 57, 56, 47, 46, 37, 36, 27, 18, 9, 0]
[00:00:00:02:949] Expansion 1,196: New longest path found with length 32: [62, 53, 52, 43, 34, 25, 16, 7, 6, 5, 14, 23, 22, 31, 40, 41, 50, 59, 58, 57, 56, 55, 54, 45, 36, 37, 38, 29, 20, 11, 2, 1, 0]
[00:00:00:13:443] Expansion 4,258: New longest path found with length 34: [62, 53, 44, 35, 26, 25, 16, 7, 6, 5, 14, 23, 22, 31, 40, 41, 42, 51, 60, 59, 58, 57, 56, 55, 54, 45, 36, 37, 38, 29, 20, 11, 2, 1, 0]
[00:00:00:28:008] Expansion 8,474: New longest path found with length 36: [62, 61, 60, 59, 58, 49, 40, 41, 42, 43, 44, 35, 26, 25, 16, 7, 6, 5, 14, 23, 22, 21, 30, 29, 38, 47, 56, 55, 54, 45, 36, 27, 18, 19, 10, 1, 0]
[00:00:00:33:212] Path of length 36 found: [62, 61, 60, 59, 58, 49, 40, 41, 42, 43, 44, 35, 26, 25, 16, 7, 6, 5, 14, 23, 22, 21, 30, 29, 38, 47, 56, 55, 54, 45, 36, 27, 18, 19, 10, 1, 0]
[00:00:00:33:212] ! Unidirectional t-s. expansions: 9,754, time: 33,212 [ms], path length: 36 [edges], generated: 16,708
[00:00:00:00:138] Expansion 31: New longest path found with length 32: [0, 9, 18, 19, 20, 11, 12, 13, 22, 31, 30, 39, 38, 37, 36, 45, 54, 55, 56, 57, 58, 49, 50, 41, 42, 33, 24, 25, 26, 35, 44, 53, 62]
[00:00:00:00:236] Expansion 60: New longest path found with length 34: [0, 9, 18, 19, 20, 29, 38, 37, 36, 45, 54, 55, 56, 57, 58, 59, 60, 51, 42, 41, 40, 31, 22, 13, 14, 5, 6, 7, 16, 25, 26, 35, 44, 53, 62]
[00:00:00:12:540] Expansion 2,904: New longest path found with length 36: [0, 9, 10, 11, 12, 21, 22, 23, 14, 5, 6, 7, 16, 25, 26, 35, 44, 43, 42, 41, 40, 39, 38, 29, 28, 27, 36, 45, 46, 55, 56, 57, 58, 59, 60, 61, 62]
[00:00:00:16:060] Path of length 36 found: [0, 9, 10, 11, 12, 21, 22, 23, 14, 5, 6, 7, 16, 25, 26, 35, 44, 43, 42, 41, 40, 39, 38, 29, 28, 27, 36, 45, 46, 55, 56, 57, 58, 59, 60, 61, 62]
[00:00:00:16:485] ! Bidirectional. expansions: 3,540, time: 16,060 [ms], path length: 36 [edges], g_F: 19, g_B: 17, generated: {'F': 3,313, 'B': 3,182}, MM: 2, MMPER: 4.405405405405405%
[00:00:00:16:485] 
---------- SM_Grids/7x9_grid_with_random_blocks_8per_3 ----------
[00:00:00:00:127] Expansion 31: New longest path found with length 32: [0, 1, 10, 11, 12, 3, 4, 5, 14, 23, 24, 25, 34, 43, 42, 41, 40, 31, 30, 29, 28, 27, 36, 45, 54, 55, 56, 57, 58, 59, 60, 61, 62]
[00:00:00:00:380] Expansion 115: New longest path found with length 34: [0, 1, 10, 11, 12, 3, 4, 5, 14, 15, 16, 17, 26, 35, 34, 33, 42, 41, 40, 31, 30, 29, 28, 27, 36, 45, 54, 55, 56, 57, 58, 59, 60, 61, 62]
[00:00:00:00:580] Expansion 181: New longest path found with length 36: [0, 1, 10, 11, 12, 3, 4, 5, 6, 7, 16, 17, 26, 35, 34, 33, 24, 23, 22, 31, 30, 29, 28, 27, 36, 45, 54, 55, 56, 47, 48, 49, 58, 59, 60, 61, 62]
[00:00:00:13:481] Expansion 3,540: New longest path found with length 38: [0, 9, 10, 11, 2, 3, 4, 13, 22, 23, 24, 15, 6, 7, 8, 17, 26, 35, 34, 43, 42, 41, 40, 39, 30, 29, 28, 27, 36, 45, 54, 55, 56, 57, 58, 59, 60, 61, 62]
[00:00:00:14:906] Path of length 38 found: [0, 9, 10, 11, 2, 3, 4, 13, 22, 23, 24, 15, 6, 7, 8, 17, 26, 35, 34, 43, 42, 41, 40, 39, 30, 29, 28, 27, 36, 45, 54, 55, 56, 57, 58, 59, 60, 61, 62]
[00:00:00:14:906] ! Unidirectional s-t. expansions: 3,870, time: 14,906 [ms], path length: 38 [edges], generated: 6,550
[00:00:00:00:306] Expansion 132: New longest path found with length 24: [62, 61, 60, 59, 50, 41, 42, 43, 34, 35, 26, 17, 8, 7, 6, 15, 14, 13, 4, 3, 2, 11, 10, 9, 0]
[00:00:00:00:345] Expansion 150: New longest path found with length 34: [62, 61, 60, 59, 50, 41, 42, 43, 34, 35, 26, 17, 8, 7, 6, 15, 14, 13, 22, 21, 30, 29, 38, 47, 56, 55, 54, 45, 36, 27, 18, 19, 10, 1, 0]
[00:00:00:14:835] Expansion 6,858: New longest path found with length 36: [62, 61, 60, 59, 50, 49, 48, 57, 56, 55, 54, 45, 36, 37, 38, 29, 30, 21, 22, 23, 24, 33, 34, 35, 26, 17, 8, 7, 6, 5, 4, 3, 2, 11, 10, 9, 0]
[00:00:00:18:070] Expansion 7,998: New longest path found with length 38: [62, 61, 60, 59, 58, 57, 56, 55, 54, 45, 36, 27, 28, 29, 38, 39, 40, 41, 42, 43, 34, 35, 26, 17, 8, 7, 6, 15, 24, 23, 22, 13, 4, 3, 2, 11, 10, 9, 0]
[00:00:00:20:143] Path of length 38 found: [62, 61, 60, 59, 58, 57, 56, 55, 54, 45, 36, 27, 28, 29, 38, 39, 40, 41, 42, 43, 34, 35, 26, 17, 8, 7, 6, 15, 24, 23, 22, 13, 4, 3, 2, 11, 10, 9, 0]
[00:00:00:20:143] ! Unidirectional t-s. expansions: 8,472, time: 20,143 [ms], path length: 38 [edges], generated: 12,804
[00:00:00:00:083] Expansion 14: New longest path found with length 14: [0, 1, 2, 11, 12, 21, 30, 39, 40, 41, 50, 59, 60, 61, 62]
[00:00:00:00:121] Expansion 26: New longest path found with length 24: [0, 1, 2, 11, 12, 21, 22, 23, 14, 5, 6, 7, 16, 17, 26, 35, 34, 33, 42, 41, 50, 59, 60, 61, 62]
[00:00:00:00:273] Expansion 64: New longest path found with length 26: [0, 1, 2, 11, 12, 21, 22, 23, 14, 5, 6, 7, 8, 17, 26, 25, 34, 33, 42, 41, 40, 49, 58, 59, 60, 61, 62]
[00:00:00:00:347] Expansion 89: New longest path found with length 36: [0, 1, 2, 11, 12, 21, 22, 23, 14, 5, 6, 7, 8, 17, 26, 25, 34, 33, 42, 41, 40, 39, 38, 29, 28, 27, 36, 45, 54, 55, 56, 57, 58, 59, 60, 61, 62]
[00:00:00:08:398] Expansion 2,306: New longest path found with length 38: [0, 9, 10, 11, 2, 3, 4, 13, 22, 23, 24, 15, 6, 7, 8, 17, 26, 35, 34, 43, 42, 41, 40, 39, 38, 29, 28, 27, 36, 45, 54, 55, 56, 57, 58, 59, 60, 61, 62]
[00:00:00:08:790] Path of length 38 found: [0, 9, 10, 11, 2, 3, 4, 13, 22, 23, 24, 15, 6, 7, 8, 17, 26, 35, 34, 43, 42, 41, 40, 39, 38, 29, 28, 27, 36, 45, 54, 55, 56, 57, 58, 59, 60, 61, 62]
[00:00:00:09:217] ! Bidirectional. expansions: 2,387, time: 8,790 [ms], path length: 38 [edges], g_F: 20, g_B: 18, generated: {'F': 2,065, 'B': 1,935}, MM: 2, MMPER: 4.128205128205129%
[00:00:00:09:217] 
---------- SM_Grids/7x9_grid_with_random_blocks_8per_4 ----------
[00:00:00:00:128] Expansion 30: New longest path found with length 30: [0, 9, 18, 27, 36, 45, 54, 55, 56, 47, 38, 39, 30, 21, 20, 11, 2, 3, 4, 13, 14, 15, 24, 33, 32, 41, 50, 59, 60, 61, 62]
[00:00:00:00:536] Expansion 142: New longest path found with length 32: [0, 9, 18, 27, 36, 45, 54, 55, 56, 47, 38, 29, 20, 11, 2, 3, 4, 13, 22, 31, 40, 49, 58, 59, 60, 51, 42, 33, 34, 35, 44, 53, 62]
[00:00:00:00:827] Expansion 224: New longest path found with length 36: [0, 9, 18, 27, 36, 45, 54, 55, 56, 47, 48, 49, 58, 59, 60, 51, 42, 41, 32, 31, 30, 21, 20, 11, 2, 3, 4, 13, 14, 15, 24, 25, 34, 35, 44, 53, 62]
[00:00:00:02:640] Path of length 36 found: [0, 9, 18, 27, 36, 45, 54, 55, 56, 47, 48, 49, 58, 59, 60, 51, 42, 41, 32, 31, 30, 21, 20, 11, 2, 3, 4, 13, 14, 15, 24, 25, 34, 35, 44, 53, 62]
[00:00:00:02:640] ! Unidirectional s-t. expansions: 560, time: 2,640 [ms], path length: 36 [edges], generated: 1,031
[00:00:00:04:753] Expansion 2,213: New longest path found with length 16: [62, 53, 44, 35, 34, 25, 24, 15, 14, 13, 4, 3, 2, 11, 10, 9, 0]
[00:00:00:06:202] Expansion 2,911: New longest path found with length 18: [62, 53, 44, 35, 34, 25, 24, 15, 14, 13, 4, 3, 2, 11, 20, 19, 18, 9, 0]
[00:00:00:08:057] Expansion 3,755: New longest path found with length 36: [62, 53, 44, 35, 34, 25, 24, 15, 14, 13, 4, 3, 2, 11, 20, 29, 30, 31, 32, 41, 42, 51, 60, 59, 58, 49, 48, 47, 56, 55, 54, 45, 36, 27, 18, 9, 0]
[00:00:00:09:447] Path of length 36 found: [62, 53, 44, 35, 34, 25, 24, 15, 14, 13, 4, 3, 2, 11, 20, 29, 30, 31, 32, 41, 42, 51, 60, 59, 58, 49, 48, 47, 56, 55, 54, 45, 36, 27, 18, 9, 0]
[00:00:00:09:447] ! Unidirectional t-s. expansions: 4,049, time: 9,447 [ms], path length: 36 [edges], generated: 5,959
[00:00:00:00:127] Expansion 27: New longest path found with length 28: [0, 9, 18, 27, 36, 45, 54, 55, 56, 47, 38, 39, 30, 21, 20, 11, 2, 3, 4, 13, 14, 15, 24, 25, 34, 35, 44, 53, 62]
[00:00:00:00:187] Expansion 49: New longest path found with length 36: [0, 9, 18, 27, 36, 45, 54, 55, 56, 47, 48, 49, 58, 59, 60, 51, 42, 41, 32, 31, 30, 29, 20, 11, 2, 3, 4, 13, 14, 15, 24, 25, 34, 35, 44, 53, 62]
[00:00:00:01:078] Path of length 36 found: [0, 9, 18, 27, 36, 45, 54, 55, 56, 47, 48, 49, 58, 59, 60, 51, 42, 41, 32, 31, 30, 29, 20, 11, 2, 3, 4, 13, 14, 15, 24, 25, 34, 35, 44, 53, 62]
[00:00:00:01:511] ! Bidirectional. expansions: 224, time: 1,078 [ms], path length: 36 [edges], g_F: 19, g_B: 17, generated: {'F': 201, 'B': 178}, MM: 2, MMPER: 4.405405405405405%
[00:00:00:01:512] 
---------- SM_Grids/7x9_grid_with_random_blocks_8per_5 ----------
[00:00:00:00:134] Expansion 35: New longest path found with length 36: [0, 1, 10, 19, 20, 21, 12, 3, 4, 5, 6, 15, 16, 17, 26, 35, 34, 33, 32, 31, 40, 39, 38, 37, 36, 45, 54, 55, 56, 57, 58, 59, 50, 51, 52, 53, 62]
[00:00:00:03:420] Expansion 858: New longest path found with length 38: [0, 1, 10, 11, 12, 3, 4, 5, 6, 7, 16, 17, 26, 35, 34, 33, 24, 23, 22, 31, 40, 39, 38, 29, 28, 27, 36, 45, 54, 55, 56, 57, 58, 59, 50, 51, 52, 53, 62]
[00:00:00:09:692] Path of length 38 found: [0, 1, 10, 11, 12, 3, 4, 5, 6, 7, 16, 17, 26, 35, 34, 33, 24, 23, 22, 31, 40, 39, 38, 29, 28, 27, 36, 45, 54, 55, 56, 57, 58, 59, 50, 51, 52, 53, 62]
[00:00:00:09:692] ! Unidirectional s-t. expansions: 2,198, time: 9,692 [ms], path length: 38 [edges], generated: 3,767
[00:00:00:04:009] Expansion 2,059: New longest path found with length 16: [62, 53, 44, 35, 26, 17, 16, 7, 6, 5, 4, 3, 2, 11, 10, 9, 0]
[00:00:00:04:066] Expansion 2,079: New longest path found with length 34: [62, 53, 44, 35, 26, 17, 16, 7, 6, 5, 4, 3, 2, 11, 20, 21, 22, 23, 32, 33, 42, 51, 60, 59, 58, 49, 40, 39, 38, 37, 28, 27, 18, 9, 0]
[00:00:00:04:813] Expansion 2,396: New longest path found with length 38: [62, 53, 44, 35, 26, 17, 16, 7, 6, 5, 4, 3, 2, 11, 20, 29, 38, 39, 40, 31, 22, 23, 24, 33, 42, 51, 50, 59, 58, 57, 56, 55, 46, 45, 36, 27, 18, 9, 0]
[00:00:00:09:619] Path of length 38 found: [62, 53, 44, 35, 26, 17, 16, 7, 6, 5, 4, 3, 2, 11, 20, 29, 38, 39, 40, 31, 22, 23, 24, 33, 42, 51, 50, 59, 58, 57, 56, 55, 46, 45, 36, 27, 18, 9, 0]
[00:00:00:09:619] ! Unidirectional t-s. expansions: 3,464, time: 9,619 [ms], path length: 38 [edges], generated: 5,156
[00:00:00:00:136] Expansion 31: New longest path found with length 32: [0, 1, 10, 19, 18, 27, 36, 45, 54, 55, 56, 57, 58, 59, 50, 41, 32, 31, 22, 21, 12, 3, 4, 5, 6, 7, 16, 25, 34, 43, 44, 53, 62]
[00:00:00:02:438] Expansion 740: New longest path found with length 36: [0, 1, 10, 19, 20, 21, 12, 3, 4, 5, 6, 7, 16, 25, 24, 23, 32, 31, 40, 39, 38, 37, 36, 45, 54, 55, 56, 57, 58, 59, 50, 51, 42, 43, 44, 53, 62]
[00:00:00:04:031] Expansion 1,098: New longest path found with length 38: [0, 1, 10, 11, 12, 3, 4, 5, 6, 7, 16, 17, 26, 35, 34, 33, 24, 23, 22, 31, 40, 39, 38, 29, 28, 27, 36, 45, 46, 55, 56, 57, 58, 59, 60, 51, 52, 53, 62]
[00:00:00:06:007] Path of length 38 found: [0, 1, 10, 11, 12, 3, 4, 5, 6, 7, 16, 17, 26, 35, 34, 33, 24, 23, 22, 31, 40, 39, 38, 29, 28, 27, 36, 45, 46, 55, 56, 57, 58, 59, 60, 51, 52, 53, 62]
[00:00:00:06:483] ! Bidirectional. expansions: 1,455, time: 6,007 [ms], path length: 38 [edges], g_F: 20, g_B: 18, generated: {'F': 1,167, 'B': 1,267}, MM: 2, MMPER: 4.128205128205129%
[00:00:00:06:483] 
---------- SM_Grids/7x9_grid_with_random_blocks_8per_6 ----------
[00:00:00:00:130] Expansion 29: New longest path found with length 30: [0, 9, 18, 27, 36, 37, 46, 55, 56, 57, 58, 49, 40, 39, 30, 29, 20, 11, 12, 3, 4, 5, 14, 23, 32, 33, 34, 35, 44, 53, 62]
[00:00:00:00:173] Expansion 50: New longest path found with length 32: [0, 9, 18, 27, 36, 37, 46, 55, 56, 57, 58, 49, 40, 39, 30, 29, 20, 11, 12, 3, 4, 5, 14, 23, 24, 25, 26, 35, 44, 43, 52, 61, 62]
[00:00:00:00:200] Expansion 62: New longest path found with length 34: [0, 9, 18, 27, 36, 37, 46, 55, 56, 57, 58, 49, 40, 39, 30, 29, 20, 11, 12, 3, 4, 5, 14, 15, 16, 17, 26, 35, 34, 33, 42, 51, 52, 61, 62]
[00:00:00:11:751] Path of length 34 found: [0, 9, 18, 27, 36, 37, 46, 55, 56, 57, 58, 49, 40, 39, 30, 29, 20, 11, 12, 3, 4, 5, 14, 15, 16, 17, 26, 35, 34, 33, 42, 51, 52, 61, 62]
[00:00:00:11:751] ! Unidirectional s-t. expansions: 3,137, time: 11,751 [ms], path length: 34 [edges], generated: 5,586
[00:00:00:00:560] Expansion 252: New longest path found with length 20: [62, 53, 52, 51, 42, 41, 40, 49, 58, 57, 56, 55, 46, 37, 36, 27, 18, 19, 10, 1, 0]
[00:00:00:01:494] Expansion 708: New longest path found with length 22: [62, 53, 52, 51, 42, 41, 40, 49, 58, 57, 56, 55, 46, 37, 38, 29, 30, 21, 12, 11, 10, 1, 0]
[00:00:00:01:795] Expansion 804: New longest path found with length 24: [62, 53, 52, 51, 42, 41, 40, 31, 22, 23, 24, 25, 26, 17, 8, 7, 6, 5, 4, 3, 12, 11, 10, 1, 0]
[00:00:00:01:812] Expansion 812: New longest path found with length 30: [62, 53, 52, 51, 42, 41, 40, 31, 22, 23, 24, 25, 26, 17, 8, 7, 6, 5, 4, 3, 12, 11, 20, 29, 38, 37, 36, 27, 18, 9, 0]
[00:00:00:02:516] Expansion 967: New longest path found with length 34: [62, 53, 52, 51, 42, 33, 34, 25, 26, 17, 8, 7, 6, 15, 14, 13, 22, 21, 30, 39, 40, 49, 58, 57, 56, 47, 46, 37, 36, 27, 18, 19, 10, 1, 0]
[00:00:00:19:018] Path of length 34 found: [62, 53, 52, 51, 42, 33, 34, 25, 26, 17, 8, 7, 6, 15, 14, 13, 22, 21, 30, 39, 40, 49, 58, 57, 56, 47, 46, 37, 36, 27, 18, 19, 10, 1, 0]
[00:00:00:19:018] ! Unidirectional t-s. expansions: 4,969, time: 19,018 [ms], path length: 34 [edges], generated: 8,979
[00:00:00:00:146] Expansion 19: New longest path found with length 18: [0, 9, 18, 27, 36, 37, 46, 55, 56, 57, 58, 49, 40, 41, 42, 51, 52, 53, 62]
[00:00:00:00:178] Expansion 27: New longest path found with length 20: [0, 9, 18, 27, 36, 37, 38, 29, 20, 11, 12, 13, 22, 31, 40, 41, 42, 51, 52, 53, 62]
[00:00:00:00:204] Expansion 38: New longest path found with length 30: [0, 9, 18, 27, 36, 37, 38, 29, 20, 11, 12, 3, 4, 5, 6, 7, 8, 17, 26, 25, 24, 23, 22, 31, 40, 41, 42, 51, 52, 53, 62]
[00:00:00:00:388] Expansion 88: New longest path found with length 34: [0, 9, 18, 27, 36, 37, 46, 55, 56, 57, 58, 49, 40, 39, 30, 29, 20, 11, 12, 3, 4, 5, 6, 7, 8, 17, 26, 25, 34, 33, 42, 51, 52, 53, 62]
[00:00:00:17:484] Path of length 34 found: [0, 9, 18, 27, 36, 37, 46, 55, 56, 57, 58, 49, 40, 39, 30, 29, 20, 11, 12, 3, 4, 5, 6, 7, 8, 17, 26, 25, 34, 33, 42, 51, 52, 53, 62]
[00:00:00:17:946] ! Bidirectional. expansions: 4,332, time: 17,484 [ms], path length: 34 [edges], g_F: 18, g_B: 16, generated: {'F': 3,693, 'B': 3,783}, MM: 2, MMPER: 4.714285714285714%
[00:00:00:17:946] 
---------- SM_Grids/7x9_grid_with_random_blocks_8per_7 ----------
[00:00:00:00:130] Expansion 31: New longest path found with length 32: [0, 1, 10, 19, 18, 27, 36, 45, 54, 55, 56, 47, 38, 29, 30, 31, 22, 13, 4, 5, 6, 15, 16, 25, 34, 33, 42, 41, 50, 59, 60, 61, 62]
[00:00:00:00:275] Expansion 90: New longest path found with length 34: [0, 1, 10, 19, 18, 27, 36, 45, 54, 55, 56, 47, 38, 29, 30, 31, 22, 13, 4, 5, 6, 7, 8, 17, 26, 25, 24, 33, 42, 41, 50, 59, 60, 61, 62]
[00:00:00:04:097] Expansion 1,210: New longest path found with length 36: [0, 1, 10, 11, 12, 3, 4, 5, 6, 7, 8, 17, 26, 25, 24, 33, 32, 31, 30, 29, 28, 27, 36, 45, 54, 55, 56, 47, 48, 49, 58, 59, 60, 51, 52, 53, 62]
[00:00:00:08:353] Expansion 2,495: New longest path found with length 38: [0, 1, 2, 3, 12, 13, 14, 5, 6, 7, 8, 17, 26, 25, 24, 33, 32, 31, 30, 29, 20, 19, 18, 27, 36, 45, 54, 55, 56, 47, 48, 49, 58, 59, 60, 51, 52, 53, 62]
[00:00:00:11:203] Path of length 38 found: [0, 1, 2, 3, 12, 13, 14, 5, 6, 7, 8, 17, 26, 25, 24, 33, 32, 31, 30, 29, 20, 19, 18, 27, 36, 45, 54, 55, 56, 47, 48, 49, 58, 59, 60, 51, 52, 53, 62]
[00:00:00:11:203] ! Unidirectional s-t. expansions: 3,142, time: 11,203 [ms], path length: 38 [edges], generated: 5,250
[00:00:00:00:098] Expansion 17: New longest path found with length 18: [62, 53, 44, 43, 34, 33, 32, 41, 50, 49, 48, 39, 30, 29, 28, 27, 18, 9, 0]
[00:00:00:00:751] Expansion 291: New longest path found with length 20: [62, 53, 44, 43, 34, 33, 32, 41, 50, 49, 48, 39, 38, 37, 28, 19, 20, 11, 2, 1, 0]
[00:00:00:01:115] Expansion 448: New longest path found with length 22: [62, 53, 44, 43, 34, 33, 32, 41, 50, 49, 48, 39, 38, 37, 36, 27, 18, 19, 20, 11, 2, 1, 0]
[00:00:00:01:343] Expansion 542: New longest path found with length 24: [62, 53, 44, 43, 34, 33, 32, 41, 50, 49, 48, 47, 56, 55, 54, 45, 36, 37, 28, 29, 20, 11, 2, 1, 0]
[00:00:00:03:567] Expansion 1,487: New longest path found with length 26: [62, 53, 44, 43, 34, 33, 32, 31, 22, 13, 4, 3, 2, 11, 20, 29, 38, 47, 56, 55, 54, 45, 36, 27, 18, 9, 0]
[00:00:00:03:675] Expansion 1,516: New longest path found with length 28: [62, 53, 44, 43, 34, 33, 24, 15, 6, 5, 4, 13, 12, 11, 20, 29, 30, 39, 48, 47, 56, 55, 54, 45, 36, 27, 18, 9, 0]
[00:00:00:03:728] Expansion 1,536: New longest path found with length 30: [62, 53, 44, 43, 34, 33, 24, 15, 6, 5, 4, 13, 22, 31, 30, 39, 48, 47, 56, 55, 54, 45, 36, 37, 28, 19, 20, 11, 2, 1, 0]
[00:00:00:03:863] Expansion 1,573: New longest path found with length 34: [62, 53, 44, 43, 34, 25, 26, 17, 8, 7, 6, 5, 14, 13, 12, 11, 20, 29, 30, 31, 32, 41, 50, 49, 48, 47, 56, 55, 54, 45, 36, 27, 18, 9, 0]
[00:00:00:04:223] Expansion 1,678: New longest path found with length 36: [62, 53, 44, 43, 34, 25, 26, 17, 8, 7, 6, 15, 14, 13, 4, 3, 2, 11, 20, 29, 30, 31, 32, 41, 50, 49, 48, 47, 56, 55, 54, 45, 36, 27, 18, 9, 0]
[00:00:00:05:880] Expansion 2,082: New longest path found with length 38: [62, 53, 52, 51, 60, 59, 58, 49, 48, 47, 56, 55, 54, 45, 36, 37, 28, 29, 30, 31, 32, 33, 34, 25, 26, 17, 8, 7, 6, 15, 14, 13, 4, 3, 2, 11, 10, 9, 0]
[00:00:00:07:528] Path of length 38 found: [62, 53, 52, 51, 60, 59, 58, 49, 48, 47, 56, 55, 54, 45, 36, 37, 28, 29, 30, 31, 32, 33, 34, 25, 26, 17, 8, 7, 6, 15, 14, 13, 4, 3, 2, 11, 10, 9, 0]
[00:00:00:07:528] ! Unidirectional t-s. expansions: 2,455, time: 7,528 [ms], path length: 38 [edges], generated: 3,791
[00:00:00:00:137] Expansion 31: New longest path found with length 32: [0, 1, 10, 19, 18, 27, 36, 45, 54, 55, 56, 47, 48, 49, 50, 41, 32, 31, 22, 13, 4, 5, 6, 7, 8, 17, 26, 25, 34, 43, 44, 53, 62]
[00:00:00:01:753] Expansion 514: New longest path found with length 34: [0, 1, 10, 11, 20, 29, 28, 27, 36, 45, 54, 55, 56, 47, 48, 49, 50, 41, 32, 31, 22, 13, 4, 5, 6, 7, 8, 17, 26, 25, 34, 43, 44, 53, 62]
[00:00:00:02:707] Expansion 755: New longest path found with length 36: [0, 1, 10, 11, 12, 3, 4, 5, 6, 7, 8, 17, 26, 25, 24, 33, 32, 31, 30, 29, 28, 27, 36, 45, 54, 55, 56, 47, 48, 49, 58, 59, 60, 51, 52, 53, 62]
[00:00:00:03:852] Expansion 1,042: New longest path found with length 38: [0, 1, 2, 3, 12, 13, 14, 5, 6, 7, 8, 17, 26, 25, 24, 33, 32, 31, 30, 29, 20, 19, 18, 27, 36, 45, 54, 55, 56, 47, 48, 49, 58, 59, 60, 51, 52, 53, 62]
[00:00:00:05:822] Path of length 38 found: [0, 1, 2, 3, 12, 13, 14, 5, 6, 7, 8, 17, 26, 25, 24, 33, 32, 31, 30, 29, 20, 19, 18, 27, 36, 45, 54, 55, 56, 47, 48, 49, 58, 59, 60, 51, 52, 53, 62]
[00:00:00:06:254] ! Bidirectional. expansions: 1,388, time: 5,822 [ms], path length: 38 [edges], g_F: 20, g_B: 18, generated: {'F': 1,170, 'B': 1,227}, MM: 2, MMPER: 4.128205128205129%
[00:00:00:06:255] 
---------- SM_Grids/7x9_grid_with_random_blocks_8per_8 ----------
[00:00:00:00:135] Expansion 37: New longest path found with length 38: [0, 9, 18, 27, 36, 45, 54, 55, 56, 47, 38, 29, 20, 11, 2, 3, 4, 13, 22, 31, 40, 49, 58, 59, 60, 51, 42, 33, 24, 15, 6, 7, 8, 17, 26, 35, 44, 53, 62]
[00:00:00:05:383] Path of length 38 found: [0, 9, 18, 27, 36, 45, 54, 55, 56, 47, 38, 29, 20, 11, 2, 3, 4, 13, 22, 31, 40, 49, 58, 59, 60, 51, 42, 33, 24, 15, 6, 7, 8, 17, 26, 35, 44, 53, 62]
[00:00:00:05:383] ! Unidirectional s-t. expansions: 1,329, time: 5,383 [ms], path length: 38 [edges], generated: 2,092
[00:00:00:00:127] Expansion 29: New longest path found with length 30: [62, 53, 44, 35, 34, 33, 24, 15, 6, 5, 4, 3, 2, 11, 20, 21, 22, 31, 40, 49, 58, 57, 56, 47, 38, 37, 28, 27, 18, 9, 0]
[00:00:00:02:119] Expansion 583: New longest path found with length 32: [62, 53, 44, 35, 34, 33, 42, 51, 60, 59, 58, 49, 40, 31, 22, 13, 4, 3, 2, 11, 20, 29, 38, 47, 56, 55, 54, 45, 36, 27, 18, 9, 0]
[00:00:00:02:625] Expansion 717: New longest path found with length 36: [62, 53, 44, 35, 26, 17, 8, 7, 6, 5, 4, 13, 12, 21, 20, 29, 38, 39, 40, 31, 32, 33, 42, 51, 50, 59, 58, 57, 56, 55, 46, 45, 36, 27, 18, 9, 0]
[00:00:00:03:637] Expansion 1,049: New longest path found with length 38: [62, 53, 44, 35, 26, 17, 8, 7, 6, 5, 4, 3, 2, 11, 20, 21, 22, 23, 32, 33, 42, 51, 60, 59, 58, 49, 40, 39, 38, 47, 56, 55, 54, 45, 36, 27, 18, 9, 0]
[00:00:00:10:139] Path of length 38 found: [62, 53, 44, 35, 26, 17, 8, 7, 6, 5, 4, 3, 2, 11, 20, 21, 22, 23, 32, 33, 42, 51, 60, 59, 58, 49, 40, 39, 38, 47, 56, 55, 54, 45, 36, 27, 18, 9, 0]
[00:00:00:10:139] ! Unidirectional t-s. expansions: 2,602, time: 10,139 [ms], path length: 38 [edges], generated: 4,401
[00:00:00:00:137] Expansion 29: New longest path found with length 30: [0, 9, 18, 27, 28, 37, 46, 55, 56, 57, 58, 49, 40, 31, 22, 21, 20, 11, 2, 3, 4, 5, 6, 15, 24, 33, 34, 35, 44, 53, 62]
[00:00:00:00:613] Expansion 152: New longest path found with length 34: [0, 9, 18, 27, 28, 37, 46, 55, 56, 57, 48, 49, 50, 51, 42, 33, 24, 23, 22, 21, 20, 11, 2, 3, 4, 5, 6, 7, 8, 17, 26, 35, 44, 53, 62]
[00:00:00:02:743] Expansion 804: New longest path found with length 38: [0, 9, 18, 27, 36, 45, 54, 55, 56, 47, 38, 39, 40, 49, 58, 59, 60, 51, 42, 33, 32, 23, 22, 21, 20, 11, 2, 3, 4, 5, 6, 7, 8, 17, 26, 35, 44, 53, 62]
[00:00:00:05:729] Path of length 38 found: [0, 9, 18, 27, 36, 45, 54, 55, 56, 47, 38, 39, 40, 49, 58, 59, 60, 51, 42, 33, 32, 23, 22, 21, 20, 11, 2, 3, 4, 5, 6, 7, 8, 17, 26, 35, 44, 53, 62]
[00:00:00:06:181] ! Bidirectional. expansions: 1,395, time: 5,729 [ms], path length: 38 [edges], g_F: 20, g_B: 18, generated: {'F': 1,247, 'B': 1,175}, MM: 2, MMPER: 4.128205128205129%
[00:00:00:06:181] 
---------- SM_Grids/7x9_grid_with_random_blocks_8per_9 ----------
[00:00:00:00:087] Expansion 15: New longest path found with length 16: [0, 1, 2, 11, 20, 19, 28, 37, 38, 47, 56, 57, 58, 59, 60, 61, 62]
[00:00:00:00:139] Expansion 33: New longest path found with length 32: [0, 1, 2, 11, 20, 19, 28, 37, 38, 47, 56, 57, 58, 59, 50, 41, 40, 31, 22, 13, 4, 5, 6, 7, 8, 17, 26, 25, 34, 43, 52, 61, 62]
[00:00:00:02:290] Expansion 633: New longest path found with length 34: [0, 1, 2, 3, 4, 13, 14, 15, 6, 7, 8, 17, 26, 25, 34, 33, 42, 41, 40, 31, 30, 21, 20, 19, 28, 37, 38, 47, 56, 57, 58, 59, 60, 61, 62]
[00:00:00:05:717] Expansion 1,476: New longest path found with length 36: [0, 9, 18, 27, 28, 37, 38, 47, 56, 57, 58, 59, 50, 41, 40, 31, 30, 21, 20, 11, 2, 3, 4, 13, 14, 15, 6, 7, 8, 17, 26, 25, 34, 43, 52, 61, 62]
[00:00:00:07:457] Path of length 36 found: [0, 9, 18, 27, 28, 37, 38, 47, 56, 57, 58, 59, 50, 41, 40, 31, 30, 21, 20, 11, 2, 3, 4, 13, 14, 15, 6, 7, 8, 17, 26, 25, 34, 43, 52, 61, 62]
[00:00:00:07:457] ! Unidirectional s-t. expansions: 1,880, time: 7,457 [ms], path length: 36 [edges], generated: 3,128
[00:00:00:00:114] Expansion 25: New longest path found with length 26: [62, 53, 52, 43, 34, 35, 26, 17, 8, 7, 6, 15, 24, 23, 22, 13, 4, 3, 2, 11, 20, 29, 28, 27, 18, 9, 0]
[00:00:00:00:221] Expansion 60: New longest path found with length 30: [62, 53, 52, 43, 34, 35, 26, 17, 8, 7, 6, 15, 24, 23, 22, 31, 40, 41, 50, 59, 58, 57, 48, 47, 38, 37, 28, 19, 10, 1, 0]
[00:00:00:00:229] Expansion 65: New longest path found with length 32: [62, 53, 52, 43, 34, 35, 26, 17, 8, 7, 6, 15, 24, 23, 22, 31, 40, 41, 50, 59, 58, 57, 48, 47, 38, 37, 28, 19, 20, 11, 2, 1, 0]
[00:00:00:00:511] Expansion 180: New longest path found with length 36: [62, 53, 52, 43, 34, 35, 26, 17, 8, 7, 6, 15, 14, 13, 4, 3, 2, 11, 20, 21, 30, 31, 40, 41, 50, 59, 58, 57, 48, 47, 38, 37, 28, 27, 18, 9, 0]
[00:00:00:05:206] Path of length 36 found: [62, 53, 52, 43, 34, 35, 26, 17, 8, 7, 6, 15, 14, 13, 4, 3, 2, 11, 20, 21, 30, 31, 40, 41, 50, 59, 58, 57, 48, 47, 38, 37, 28, 27, 18, 9, 0]
[00:00:00:05:207] ! Unidirectional t-s. expansions: 1,233, time: 5,207 [ms], path length: 36 [edges], generated: 2,058
[00:00:00:00:134] Expansion 31: New longest path found with length 32: [0, 1, 2, 11, 20, 19, 28, 37, 38, 47, 56, 57, 58, 59, 50, 41, 40, 31, 22, 13, 4, 5, 6, 7, 8, 17, 26, 35, 44, 43, 52, 61, 62]
[00:00:00:01:183] Expansion 268: New longest path found with length 34: [0, 1, 2, 3, 4, 13, 14, 15, 6, 7, 8, 17, 26, 25, 34, 33, 42, 41, 40, 31, 30, 21, 20, 19, 28, 37, 38, 47, 56, 57, 58, 59, 60, 61, 62]
[00:00:00:03:703] Expansion 762: New longest path found with length 36: [0, 9, 18, 27, 28, 37, 38, 47, 56, 57, 58, 59, 50, 41, 40, 31, 30, 21, 20, 11, 2, 3, 4, 13, 14, 15, 6, 7, 8, 17, 26, 35, 34, 43, 52, 53, 62]
[00:00:00:04:538] Path of length 36 found: [0, 9, 18, 27, 28, 37, 38, 47, 56, 57, 58, 59, 50, 41, 40, 31, 30, 21, 20, 11, 2, 3, 4, 13, 14, 15, 6, 7, 8, 17, 26, 35, 34, 43, 52, 53, 62]
[00:00:00:04:967] ! Bidirectional. expansions: 935, time: 4,538 [ms], path length: 36 [edges], g_F: 19, g_B: 17, generated: {'F': 903, 'B': 797}, MM: 2, MMPER: 4.405405405405405%
[00:00:00:04:967] average expansions: (2,517, 4,629, 1,960, 0)
[00:00:00:04:967] average time: (9,819, 13,644, 8,086, 0)
[00:00:00:04:967] X-DFBnB: 2,517 , 9,819 (expansions , time[ms])
[00:00:00:04:967] BiX-DFBnB: 1,960 , 8,086 (expansions , time[ms])

