--------------------------
date: SM_Grids
number_of_graphs: 10
graph_type: grid
size_of_graphs: [7, 8]
heuristic: bcc_heuristic
snake: False
run_uni: True
run_bi: True
run_multi: False
solution_vertices: []
algorithms: ['DFBnB']
bsd: False
cube_first_dims: 4
cube_buffer_dim: None
backward_sym_generation: False
sym_coil: False
prefix_set: None

---------- SM_Grids/7x8_grid_with_random_blocks_8per_0 ----------
[00:00:00:00:040] Expansion 46: New longest path found with length 47: [0, 8, 16, 24, 32, 33, 25, 17, 9, 1, 2, 10, 18, 26, 34, 42, 50, 51, 52, 53, 45, 44, 36, 35, 27, 19, 11, 3, 4, 12, 20, 28, 29, 37, 38, 30, 22, 21, 13, 5, 6, 14, 15, 23, 31, 39, 47, 55]
[00:00:02:09:716] Valid states checked so far: 200,000, Expansions: 199,998, Global best: 48
[00:00:04:28:923] Valid states checked so far: 400,000, Expansions: 399,998, Global best: 48
[00:00:06:48:851] Valid states checked so far: 600,000, Expansions: 599,998, Global best: 48
[00:00:07:13:683] Path of length 47 found: [0, 8, 16, 24, 32, 33, 25, 17, 9, 1, 2, 10, 18, 26, 34, 42, 50, 51, 52, 53, 45, 44, 36, 35, 27, 19, 11, 3, 4, 12, 20, 28, 29, 37, 38, 30, 22, 21, 13, 5, 6, 14, 15, 23, 31, 39, 47, 55]
[00:00:07:13:684] ! Unidirectional s-t. expansions: 633,786, time: 433,683 [ms], path length: 47 [edges], generated: 1,027,931
[00:00:00:00:019] Expansion 12: New longest path found with length 13: [55, 47, 39, 31, 23, 15, 7, 6, 5, 4, 3, 2, 1, 0]
[00:00:00:00:049] Expansion 46: New longest path found with length 47: [55, 47, 39, 31, 23, 15, 7, 6, 5, 4, 3, 2, 1, 9, 17, 25, 26, 18, 10, 11, 19, 27, 35, 36, 28, 20, 12, 13, 14, 22, 21, 29, 30, 38, 37, 45, 44, 52, 51, 50, 42, 34, 33, 32, 24, 16, 8, 0]
[00:00:02:47:238] Valid states checked so far: 200,000, Expansions: 199,999, Global best: 48
[00:00:03:57:670] Path of length 47 found: [55, 47, 39, 31, 23, 15, 7, 6, 5, 4, 3, 2, 1, 9, 17, 25, 26, 18, 10, 11, 19, 27, 35, 36, 28, 20, 12, 13, 14, 22, 21, 29, 30, 38, 37, 45, 44, 52, 51, 50, 42, 34, 33, 32, 24, 16, 8, 0]
[00:00:03:57:670] ! Unidirectional t-s. expansions: 291,512, time: 237,670 [ms], path length: 47 [edges], generated: 515,779
[00:00:00:00:030] Expansion 20: New longest path found with length 21: [0, 8, 16, 24, 32, 33, 25, 17, 9, 1, 2, 3, 4, 5, 6, 7, 15, 23, 31, 39, 47, 55]
[00:00:00:00:032] Expansion 22: New longest path found with length 23: [0, 8, 16, 24, 32, 33, 25, 17, 9, 1, 2, 10, 11, 3, 4, 5, 6, 7, 15, 23, 31, 39, 47, 55]
[00:00:00:00:034] Expansion 24: New longest path found with length 25: [0, 8, 16, 24, 32, 33, 25, 17, 9, 1, 2, 10, 18, 19, 11, 3, 4, 5, 6, 7, 15, 23, 31, 39, 47, 55]
[00:00:00:00:036] Expansion 26: New longest path found with length 27: [0, 8, 16, 24, 32, 33, 25, 17, 9, 1, 2, 10, 18, 26, 27, 19, 11, 3, 4, 5, 6, 7, 15, 23, 31, 39, 47, 55]
[00:00:00:00:038] Expansion 28: New longest path found with length 29: [0, 8, 16, 24, 32, 33, 25, 17, 9, 1, 2, 10, 18, 26, 34, 35, 27, 19, 11, 3, 4, 5, 6, 7, 15, 23, 31, 39, 47, 55]
[00:00:00:00:049] Expansion 46: New longest path found with length 47: [0, 8, 16, 24, 32, 33, 25, 17, 9, 1, 2, 10, 18, 26, 34, 42, 50, 51, 52, 44, 45, 46, 38, 30, 29, 21, 22, 14, 13, 12, 20, 28, 36, 35, 27, 19, 11, 3, 4, 5, 6, 7, 15, 23, 31, 39, 47, 55]
[00:00:02:31:275] Valid meeting checks so far: 200,000, state_vs_state: 479, state_vs_prefix: 0, prefix_vs_prefix: 199,521
[00:00:05:05:880] Valid meeting checks so far: 400,000, state_vs_state: 800, state_vs_prefix: 0, prefix_vs_prefix: 399,200
[00:00:06:55:498] Path of length 47 found: [0, 8, 16, 24, 32, 33, 25, 17, 9, 1, 2, 10, 18, 26, 34, 42, 50, 51, 52, 44, 45, 46, 38, 30, 29, 21, 22, 14, 13, 12, 20, 28, 36, 35, 27, 19, 11, 3, 4, 5, 6, 7, 15, 23, 31, 39, 47, 55]
[00:00:06:55:911] ! Bidirectional. expansions: 542,847, time: 415,498 [ms], path length: 47 [edges], g_F: 24, g_B: 23, generated: {'F': 502,350, 'B': 526,791}, MM: 1, MMPER: 1.0833333333333335%
[00:00:06:55:911] 
---------- SM_Grids/7x8_grid_with_random_blocks_8per_1 ----------
[00:00:00:00:046] Expansion 44: New longest path found with length 45: [0, 1, 9, 17, 16, 24, 32, 40, 48, 49, 41, 33, 25, 26, 34, 42, 43, 51, 52, 44, 36, 28, 27, 19, 11, 3, 4, 12, 20, 21, 13, 5, 6, 7, 15, 14, 22, 23, 31, 30, 29, 37, 45, 53, 54, 55]
[00:00:00:00:048] Expansion 48: New longest path found with length 49: [0, 1, 9, 17, 16, 24, 32, 40, 48, 49, 41, 33, 25, 26, 34, 42, 43, 51, 52, 44, 36, 28, 27, 19, 11, 3, 4, 12, 20, 21, 13, 5, 6, 7, 15, 14, 22, 23, 31, 30, 29, 37, 45, 53, 54, 46, 38, 39, 47, 55]
[00:00:00:11:845] Path of length 49 found: [0, 1, 9, 17, 16, 24, 32, 40, 48, 49, 41, 33, 25, 26, 34, 42, 43, 51, 52, 44, 36, 28, 27, 19, 11, 3, 4, 12, 20, 21, 13, 5, 6, 7, 15, 14, 22, 23, 31, 30, 29, 37, 45, 53, 54, 46, 38, 39, 47, 55]
[00:00:00:11:846] ! Unidirectional s-t. expansions: 14,470, time: 11,845 [ms], path length: 49 [edges], generated: 25,674
[00:00:00:00:048] Expansion 48: New longest path found with length 49: [55, 47, 39, 31, 23, 15, 7, 6, 5, 4, 3, 11, 19, 18, 26, 27, 28, 20, 12, 13, 14, 22, 21, 29, 30, 38, 37, 36, 44, 45, 46, 54, 53, 52, 51, 43, 42, 34, 33, 41, 49, 48, 40, 32, 24, 16, 17, 9, 1, 0]
[00:00:01:10:881] Path of length 49 found: [55, 47, 39, 31, 23, 15, 7, 6, 5, 4, 3, 11, 19, 18, 26, 27, 28, 20, 12, 13, 14, 22, 21, 29, 30, 38, 37, 36, 44, 45, 46, 54, 53, 52, 51, 43, 42, 34, 33, 41, 49, 48, 40, 32, 24, 16, 17, 9, 1, 0]
[00:00:01:10:882] ! Unidirectional t-s. expansions: 88,817, time: 70,882 [ms], path length: 49 [edges], generated: 148,665
[00:00:00:00:033] Expansion 26: New longest path found with length 27: [0, 1, 9, 17, 16, 24, 32, 40, 48, 49, 41, 33, 25, 26, 27, 19, 11, 3, 4, 5, 6, 7, 15, 23, 31, 39, 47, 55]
[00:00:00:00:044] Expansion 42: New longest path found with length 43: [0, 1, 9, 17, 16, 24, 32, 40, 48, 49, 41, 33, 25, 26, 34, 42, 43, 51, 52, 44, 36, 37, 29, 21, 22, 14, 13, 12, 20, 28, 27, 19, 11, 3, 4, 5, 6, 7, 15, 23, 31, 39, 47, 55]
[00:00:00:00:047] Expansion 48: New longest path found with length 49: [0, 1, 9, 17, 16, 24, 32, 40, 48, 49, 41, 33, 25, 26, 34, 42, 43, 51, 52, 44, 36, 37, 45, 53, 54, 46, 38, 30, 29, 21, 22, 14, 13, 12, 20, 28, 27, 19, 11, 3, 4, 5, 6, 7, 15, 23, 31, 39, 47, 55]
[00:00:00:36:874] Path of length 49 found: [0, 1, 9, 17, 16, 24, 32, 40, 48, 49, 41, 33, 25, 26, 34, 42, 43, 51, 52, 44, 36, 37, 45, 53, 54, 46, 38, 30, 29, 21, 22, 14, 13, 12, 20, 28, 27, 19, 11, 3, 4, 5, 6, 7, 15, 23, 31, 39, 47, 55]
[00:00:00:37:275] ! Bidirectional. expansions: 44,755, time: 36,874 [ms], path length: 49 [edges], g_F: 25, g_B: 24, generated: {'F': 42,643, 'B': 39,197}, MM: 1, MMPER: 1.0%
[00:00:00:37:275] 
---------- SM_Grids/7x8_grid_with_random_blocks_8per_2 ----------
[00:00:00:00:049] Expansion 44: New longest path found with length 45: [0, 8, 16, 24, 32, 40, 41, 49, 50, 42, 34, 33, 25, 17, 9, 1, 2, 3, 11, 10, 18, 26, 27, 19, 20, 12, 13, 21, 29, 28, 36, 35, 43, 51, 52, 44, 45, 37, 38, 30, 22, 23, 31, 39, 47, 55]
[00:00:00:00:050] Expansion 46: New longest path found with length 47: [0, 8, 16, 24, 32, 40, 41, 49, 50, 42, 34, 33, 25, 17, 9, 1, 2, 3, 11, 10, 18, 26, 27, 19, 20, 12, 13, 21, 29, 28, 36, 35, 43, 51, 52, 44, 45, 37, 38, 30, 22, 23, 31, 39, 47, 46, 54, 55]
[00:00:00:37:056] Path of length 47 found: [0, 8, 16, 24, 32, 40, 41, 49, 50, 42, 34, 33, 25, 17, 9, 1, 2, 3, 11, 10, 18, 26, 27, 19, 20, 12, 13, 21, 29, 28, 36, 35, 43, 51, 52, 44, 45, 37, 38, 30, 22, 23, 31, 39, 47, 46, 54, 55]
[00:00:00:37:056] ! Unidirectional s-t. expansions: 42,092, time: 37,056 [ms], path length: 47 [edges], generated: 75,910
[00:00:00:00:019] Expansion 12: New longest path found with length 13: [55, 47, 39, 31, 23, 22, 21, 13, 12, 11, 3, 2, 1, 0]
[00:00:00:00:046] Expansion 46: New longest path found with length 47: [55, 47, 39, 31, 23, 22, 21, 13, 12, 11, 3, 2, 1, 9, 10, 18, 17, 25, 33, 34, 26, 27, 19, 20, 28, 36, 35, 43, 44, 45, 37, 29, 30, 38, 46, 54, 53, 52, 51, 50, 42, 41, 40, 32, 24, 16, 8, 0]
[00:00:01:59:467] Path of length 47 found: [55, 47, 39, 31, 23, 22, 21, 13, 12, 11, 3, 2, 1, 9, 10, 18, 17, 25, 33, 34, 26, 27, 19, 20, 28, 36, 35, 43, 44, 45, 37, 29, 30, 38, 46, 54, 53, 52, 51, 50, 42, 41, 40, 32, 24, 16, 8, 0]
[00:00:01:59:467] ! Unidirectional t-s. expansions: 179,470, time: 119,467 [ms], path length: 47 [edges], generated: 301,677
[00:00:00:00:043] Expansion 38: New longest path found with length 39: [0, 8, 16, 24, 32, 40, 41, 49, 50, 42, 34, 33, 25, 26, 27, 35, 43, 51, 52, 44, 36, 28, 20, 19, 18, 17, 9, 1, 2, 3, 11, 12, 13, 21, 22, 23, 31, 39, 47, 55]
[00:00:00:00:044] Expansion 40: New longest path found with length 41: [0, 8, 16, 24, 32, 40, 41, 49, 50, 42, 34, 33, 25, 26, 27, 35, 43, 51, 52, 44, 45, 37, 36, 28, 20, 19, 18, 17, 9, 1, 2, 3, 11, 12, 13, 21, 22, 23, 31, 39, 47, 55]
[00:00:00:00:047] Expansion 46: New longest path found with length 47: [0, 8, 16, 24, 32, 40, 41, 49, 50, 42, 34, 33, 25, 26, 27, 35, 43, 51, 52, 44, 45, 53, 54, 46, 38, 30, 29, 37, 36, 28, 20, 19, 18, 17, 9, 1, 2, 3, 11, 12, 13, 21, 22, 23, 31, 39, 47, 55]
[00:00:01:44:762] Path of length 47 found: [0, 8, 16, 24, 32, 40, 41, 49, 50, 42, 34, 33, 25, 26, 27, 35, 43, 51, 52, 44, 45, 53, 54, 46, 38, 30, 29, 37, 36, 28, 20, 19, 18, 17, 9, 1, 2, 3, 11, 12, 13, 21, 22, 23, 31, 39, 47, 55]
[00:00:01:45:122] ! Bidirectional. expansions: 137,143, time: 104,762 [ms], path length: 47 [edges], g_F: 24, g_B: 23, generated: {'F': 133,482, 'B': 133,781}, MM: 1, MMPER: 1.0833333333333335%
[00:00:01:45:122] 
---------- SM_Grids/7x8_grid_with_random_blocks_8per_3 ----------
[00:00:00:00:047] Expansion 48: New longest path found with length 49: [0, 8, 16, 24, 32, 40, 48, 49, 41, 33, 34, 42, 50, 51, 43, 35, 27, 26, 18, 17, 9, 1, 2, 10, 11, 3, 4, 12, 20, 28, 36, 44, 45, 37, 29, 21, 13, 5, 6, 7, 15, 14, 22, 23, 31, 39, 38, 46, 47, 55]
[00:00:00:07:668] Path of length 49 found: [0, 8, 16, 24, 32, 40, 48, 49, 41, 33, 34, 42, 50, 51, 43, 35, 27, 26, 18, 17, 9, 1, 2, 10, 11, 3, 4, 12, 20, 28, 36, 44, 45, 37, 29, 21, 13, 5, 6, 7, 15, 14, 22, 23, 31, 39, 38, 46, 47, 55]
[00:00:00:07:668] ! Unidirectional s-t. expansions: 8,693, time: 7,668 [ms], path length: 49 [edges], generated: 14,935
[00:00:00:00:016] Expansion 12: New longest path found with length 13: [55, 47, 39, 31, 23, 15, 7, 6, 5, 4, 3, 2, 1, 0]
[00:00:00:00:046] Expansion 48: New longest path found with length 49: [55, 47, 39, 31, 23, 15, 7, 6, 5, 4, 3, 2, 1, 9, 17, 18, 10, 11, 19, 27, 26, 34, 35, 36, 28, 20, 12, 13, 14, 22, 21, 29, 37, 38, 46, 45, 44, 43, 51, 50, 42, 41, 49, 48, 40, 32, 24, 16, 8, 0]
[00:00:00:37:956] Path of length 49 found: [55, 47, 39, 31, 23, 15, 7, 6, 5, 4, 3, 2, 1, 9, 17, 18, 10, 11, 19, 27, 26, 34, 35, 36, 28, 20, 12, 13, 14, 22, 21, 29, 37, 38, 46, 45, 44, 43, 51, 50, 42, 41, 49, 48, 40, 32, 24, 16, 8, 0]
[00:00:00:37:957] ! Unidirectional t-s. expansions: 55,881, time: 37,957 [ms], path length: 49 [edges], generated: 92,363
[00:00:00:00:038] Expansion 34: New longest path found with length 35: [0, 8, 16, 24, 32, 40, 48, 49, 41, 33, 34, 42, 50, 51, 43, 35, 27, 19, 11, 10, 18, 17, 9, 1, 2, 3, 4, 5, 6, 7, 15, 23, 31, 39, 47, 55]
[00:00:00:00:039] Expansion 36: New longest path found with length 37: [0, 8, 16, 24, 32, 40, 48, 49, 41, 33, 34, 42, 50, 51, 43, 35, 27, 19, 20, 12, 11, 10, 18, 17, 9, 1, 2, 3, 4, 5, 6, 7, 15, 23, 31, 39, 47, 55]
[00:00:00:00:045] Expansion 48: New longest path found with length 49: [0, 8, 16, 24, 32, 40, 48, 49, 41, 33, 34, 42, 50, 51, 43, 35, 27, 19, 20, 28, 36, 44, 45, 46, 38, 37, 29, 21, 22, 14, 13, 12, 11, 10, 18, 17, 9, 1, 2, 3, 4, 5, 6, 7, 15, 23, 31, 39, 47, 55]
[00:00:00:31:192] Path of length 49 found: [0, 8, 16, 24, 32, 40, 48, 49, 41, 33, 34, 42, 50, 51, 43, 35, 27, 19, 20, 28, 36, 44, 45, 46, 38, 37, 29, 21, 22, 14, 13, 12, 11, 10, 18, 17, 9, 1, 2, 3, 4, 5, 6, 7, 15, 23, 31, 39, 47, 55]
[00:00:00:31:548] ! Bidirectional. expansions: 42,904, time: 31,192 [ms], path length: 49 [edges], g_F: 25, g_B: 24, generated: {'F': 39,314, 'B': 40,548}, MM: 1, MMPER: 1.0%
[00:00:00:31:548] 
---------- SM_Grids/7x8_grid_with_random_blocks_8per_4 ----------
[00:00:00:00:046] Expansion 46: New longest path found with length 47: [0, 8, 16, 24, 32, 40, 48, 49, 41, 33, 25, 17, 9, 1, 2, 10, 11, 19, 27, 26, 34, 42, 50, 51, 43, 35, 36, 28, 20, 21, 13, 5, 6, 7, 15, 14, 22, 23, 31, 30, 29, 37, 45, 44, 52, 53, 54, 55]
[00:00:00:00:047] Expansion 48: New longest path found with length 49: [0, 8, 16, 24, 32, 40, 48, 49, 41, 33, 25, 17, 9, 1, 2, 10, 11, 19, 27, 26, 34, 42, 50, 51, 43, 35, 36, 28, 20, 21, 13, 5, 6, 7, 15, 14, 22, 23, 31, 30, 29, 37, 45, 44, 52, 53, 54, 46, 47, 55]
[00:00:00:18:787] Path of length 49 found: [0, 8, 16, 24, 32, 40, 48, 49, 41, 33, 25, 17, 9, 1, 2, 10, 11, 19, 27, 26, 34, 42, 50, 51, 43, 35, 36, 28, 20, 21, 13, 5, 6, 7, 15, 14, 22, 23, 31, 30, 29, 37, 45, 44, 52, 53, 54, 46, 47, 55]
[00:00:00:18:788] ! Unidirectional s-t. expansions: 26,420, time: 18,787 [ms], path length: 49 [edges], generated: 46,443
[00:00:00:00:025] Expansion 20: New longest path found with length 21: [55, 47, 39, 31, 23, 15, 7, 6, 5, 13, 14, 22, 30, 29, 21, 20, 19, 11, 10, 2, 1, 0]
[00:00:00:00:043] Expansion 48: New longest path found with length 49: [55, 47, 39, 31, 23, 15, 7, 6, 5, 13, 14, 22, 30, 29, 21, 20, 19, 11, 10, 2, 1, 9, 17, 25, 33, 41, 42, 34, 26, 27, 28, 36, 35, 43, 44, 45, 46, 54, 53, 52, 51, 50, 49, 48, 40, 32, 24, 16, 8, 0]
[00:00:00:05:609] Path of length 49 found: [55, 47, 39, 31, 23, 15, 7, 6, 5, 13, 14, 22, 30, 29, 21, 20, 19, 11, 10, 2, 1, 9, 17, 25, 33, 41, 42, 34, 26, 27, 28, 36, 35, 43, 44, 45, 46, 54, 53, 52, 51, 50, 49, 48, 40, 32, 24, 16, 8, 0]
[00:00:00:05:610] ! Unidirectional t-s. expansions: 6,158, time: 5,609 [ms], path length: 49 [edges], generated: 10,416
[00:00:00:00:046] Expansion 50: New longest path found with length 49: [0, 8, 16, 24, 32, 40, 48, 49, 41, 33, 25, 17, 9, 1, 2, 10, 11, 19, 27, 26, 34, 35, 43, 42, 50, 51, 52, 53, 54, 46, 45, 37, 36, 28, 20, 21, 29, 30, 22, 14, 13, 5, 6, 7, 15, 23, 31, 39, 47, 55]
[00:00:00:14:627] Path of length 49 found: [0, 8, 16, 24, 32, 40, 48, 49, 41, 33, 25, 17, 9, 1, 2, 10, 11, 19, 27, 26, 34, 35, 43, 42, 50, 51, 52, 53, 54, 46, 45, 37, 36, 28, 20, 21, 29, 30, 22, 14, 13, 5, 6, 7, 15, 23, 31, 39, 47, 55]
[00:00:00:14:998] ! Bidirectional. expansions: 18,389, time: 14,627 [ms], path length: 49 [edges], g_F: 25, g_B: 24, generated: {'F': 16,363, 'B': 17,231}, MM: 1, MMPER: 1.0%
[00:00:00:14:998] 
---------- SM_Grids/7x8_grid_with_random_blocks_8per_5 ----------
[00:00:00:00:044] Expansion 46: New longest path found with length 47: [0, 8, 16, 24, 32, 40, 48, 49, 41, 33, 34, 26, 25, 17, 9, 1, 2, 10, 18, 19, 27, 28, 36, 44, 43, 51, 52, 53, 45, 37, 38, 30, 22, 21, 13, 12, 11, 3, 4, 5, 6, 14, 15, 23, 31, 39, 47, 55]
[00:00:00:00:045] Expansion 48: New longest path found with length 49: [0, 8, 16, 24, 32, 40, 48, 49, 41, 33, 34, 26, 25, 17, 9, 1, 2, 10, 18, 19, 27, 28, 36, 44, 43, 51, 52, 53, 45, 37, 38, 30, 22, 21, 13, 12, 11, 3, 4, 5, 6, 14, 15, 23, 31, 39, 47, 46, 54, 55]
[00:00:00:10:187] Path of length 49 found: [0, 8, 16, 24, 32, 40, 48, 49, 41, 33, 34, 26, 25, 17, 9, 1, 2, 10, 18, 19, 27, 28, 36, 44, 43, 51, 52, 53, 45, 37, 38, 30, 22, 21, 13, 12, 11, 3, 4, 5, 6, 14, 15, 23, 31, 39, 47, 46, 54, 55]
[00:00:00:10:187] ! Unidirectional s-t. expansions: 11,419, time: 10,187 [ms], path length: 49 [edges], generated: 19,361
[00:00:00:00:017] Expansion 12: New longest path found with length 13: [55, 47, 39, 31, 23, 15, 7, 6, 5, 4, 3, 2, 1, 0]
[00:00:00:00:041] Expansion 44: New longest path found with length 45: [55, 47, 39, 31, 23, 15, 7, 6, 5, 4, 3, 2, 1, 9, 17, 25, 33, 34, 26, 18, 10, 11, 12, 13, 21, 22, 30, 38, 37, 36, 44, 45, 46, 54, 53, 52, 51, 50, 49, 41, 40, 32, 24, 16, 8, 0]
[00:00:00:00:155] Expansion 225: New longest path found with length 47: [55, 47, 39, 31, 23, 15, 7, 6, 5, 4, 3, 2, 1, 9, 17, 25, 33, 34, 26, 27, 19, 18, 10, 11, 12, 13, 21, 22, 30, 38, 37, 36, 44, 45, 46, 54, 53, 52, 51, 50, 49, 41, 40, 32, 24, 16, 8, 0]
[00:00:00:00:579] Expansion 716: New longest path found with length 49: [55, 47, 39, 31, 23, 15, 7, 6, 5, 4, 3, 2, 1, 9, 10, 18, 19, 11, 12, 13, 21, 22, 30, 38, 37, 45, 46, 54, 53, 52, 51, 43, 44, 36, 28, 27, 26, 34, 33, 41, 49, 48, 40, 32, 24, 25, 17, 16, 8, 0]
[00:00:00:07:824] Path of length 49 found: [55, 47, 39, 31, 23, 15, 7, 6, 5, 4, 3, 2, 1, 9, 10, 18, 19, 11, 12, 13, 21, 22, 30, 38, 37, 45, 46, 54, 53, 52, 51, 43, 44, 36, 28, 27, 26, 34, 33, 41, 49, 48, 40, 32, 24, 25, 17, 16, 8, 0]
[00:00:00:07:825] ! Unidirectional t-s. expansions: 9,257, time: 7,824 [ms], path length: 49 [edges], generated: 15,546
[00:00:00:00:033] Expansion 26: New longest path found with length 27: [0, 8, 16, 24, 32, 40, 48, 49, 41, 33, 34, 26, 25, 17, 9, 1, 2, 3, 4, 5, 6, 7, 15, 23, 31, 39, 47, 55]
[00:00:00:00:035] Expansion 28: New longest path found with length 29: [0, 8, 16, 24, 32, 40, 48, 49, 41, 33, 34, 26, 25, 17, 18, 10, 9, 1, 2, 3, 4, 5, 6, 7, 15, 23, 31, 39, 47, 55]
[00:00:00:00:037] Expansion 30: New longest path found with length 31: [0, 8, 16, 24, 32, 40, 48, 49, 41, 33, 34, 26, 25, 17, 18, 19, 11, 10, 9, 1, 2, 3, 4, 5, 6, 7, 15, 23, 31, 39, 47, 55]
[00:00:00:00:046] Expansion 46: New longest path found with length 47: [0, 8, 16, 24, 32, 40, 48, 49, 41, 33, 34, 26, 25, 17, 18, 19, 27, 28, 36, 44, 43, 51, 52, 53, 45, 37, 38, 30, 22, 21, 13, 12, 11, 10, 9, 1, 2, 3, 4, 5, 6, 7, 15, 23, 31, 39, 47, 55]
[00:00:00:00:046] Expansion 48: New longest path found with length 49: [0, 8, 16, 24, 32, 40, 48, 49, 41, 33, 34, 26, 25, 17, 18, 19, 27, 28, 36, 44, 43, 51, 52, 53, 54, 46, 45, 37, 38, 30, 22, 21, 13, 12, 11, 10, 9, 1, 2, 3, 4, 5, 6, 7, 15, 23, 31, 39, 47, 55]
[00:00:00:30:702] Path of length 49 found: [0, 8, 16, 24, 32, 40, 48, 49, 41, 33, 34, 26, 25, 17, 18, 19, 27, 28, 36, 44, 43, 51, 52, 53, 54, 46, 45, 37, 38, 30, 22, 21, 13, 12, 11, 10, 9, 1, 2, 3, 4, 5, 6, 7, 15, 23, 31, 39, 47, 55]
[00:00:00:31:060] ! Bidirectional. expansions: 31,989, time: 30,702 [ms], path length: 49 [edges], g_F: 25, g_B: 24, generated: {'F': 29,478, 'B': 29,687}, MM: 1, MMPER: 1.0%
[00:00:00:31:061] 
---------- SM_Grids/7x8_grid_with_random_blocks_8per_6 ----------
[00:00:00:00:066] Expansion 34: New longest path found with length 35: [0, 8, 16, 24, 32, 40, 48, 49, 41, 33, 25, 17, 9, 1, 2, 10, 18, 26, 34, 42, 50, 51, 43, 35, 27, 19, 11, 12, 20, 28, 36, 44, 45, 53, 54, 55]
[00:00:00:00:073] Expansion 48: New longest path found with length 49: [0, 8, 16, 24, 32, 40, 48, 49, 41, 33, 25, 17, 9, 1, 2, 10, 18, 26, 34, 42, 50, 51, 43, 35, 27, 19, 11, 12, 20, 28, 36, 44, 45, 53, 54, 46, 38, 37, 29, 21, 22, 14, 6, 7, 15, 23, 31, 39, 47, 55]
[00:00:00:23:631] Path of length 49 found: [0, 8, 16, 24, 32, 40, 48, 49, 41, 33, 25, 17, 9, 1, 2, 10, 18, 26, 34, 42, 50, 51, 43, 35, 27, 19, 11, 12, 20, 28, 36, 44, 45, 53, 54, 46, 38, 37, 29, 21, 22, 14, 6, 7, 15, 23, 31, 39, 47, 55]
[00:00:00:23:631] ! Unidirectional s-t. expansions: 30,827, time: 23,631 [ms], path length: 49 [edges], generated: 53,497
[00:00:00:00:022] Expansion 16: New longest path found with length 17: [55, 47, 39, 31, 23, 15, 7, 6, 14, 22, 21, 20, 12, 11, 10, 2, 1, 0]
[00:00:00:00:043] Expansion 48: New longest path found with length 49: [55, 47, 39, 31, 23, 15, 7, 6, 14, 22, 21, 20, 12, 11, 10, 2, 1, 9, 17, 25, 33, 41, 42, 34, 26, 18, 19, 27, 35, 36, 28, 29, 30, 38, 46, 54, 53, 45, 44, 43, 51, 50, 49, 48, 40, 32, 24, 16, 8, 0]
[00:00:00:11:007] Path of length 49 found: [55, 47, 39, 31, 23, 15, 7, 6, 14, 22, 21, 20, 12, 11, 10, 2, 1, 9, 17, 25, 33, 41, 42, 34, 26, 18, 19, 27, 35, 36, 28, 29, 30, 38, 46, 54, 53, 45, 44, 43, 51, 50, 49, 48, 40, 32, 24, 16, 8, 0]
[00:00:00:11:007] ! Unidirectional t-s. expansions: 13,155, time: 11,007 [ms], path length: 49 [edges], generated: 23,429
[00:00:00:00:050] Expansion 48: New longest path found with length 49: [0, 8, 16, 24, 32, 40, 48, 49, 41, 33, 25, 17, 9, 1, 2, 10, 18, 26, 34, 42, 50, 51, 43, 44, 45, 53, 54, 46, 38, 30, 29, 28, 36, 35, 27, 19, 11, 12, 20, 21, 22, 14, 6, 7, 15, 23, 31, 39, 47, 55]
[00:00:00:42:590] Path of length 49 found: [0, 8, 16, 24, 32, 40, 48, 49, 41, 33, 25, 17, 9, 1, 2, 10, 18, 26, 34, 42, 50, 51, 43, 44, 45, 53, 54, 46, 38, 30, 29, 28, 36, 35, 27, 19, 11, 12, 20, 21, 22, 14, 6, 7, 15, 23, 31, 39, 47, 55]
[00:00:00:42:962] ! Bidirectional. expansions: 56,949, time: 42,590 [ms], path length: 49 [edges], g_F: 25, g_B: 24, generated: {'F': 50,406, 'B': 53,446}, MM: 1, MMPER: 1.0%
[00:00:00:42:962] 
---------- SM_Grids/7x8_grid_with_random_blocks_8per_7 ----------
[00:00:00:00:080] Expansion 48: New longest path found with length 49: [0, 1, 9, 17, 16, 24, 32, 40, 48, 49, 41, 33, 25, 26, 18, 10, 2, 3, 11, 19, 20, 12, 4, 5, 13, 21, 29, 28, 36, 35, 34, 42, 43, 51, 52, 53, 45, 37, 38, 30, 22, 14, 6, 7, 15, 23, 31, 39, 47, 55]
[00:00:00:00:081] Expansion 50: New longest path found with length 51: [0, 1, 9, 17, 16, 24, 32, 40, 48, 49, 41, 33, 25, 26, 18, 10, 2, 3, 11, 19, 20, 12, 4, 5, 13, 21, 29, 28, 36, 35, 34, 42, 43, 51, 52, 53, 45, 37, 38, 30, 22, 14, 6, 7, 15, 23, 31, 39, 47, 46, 54, 55]
[00:00:00:00:083] Path of length 51 found: [0, 1, 9, 17, 16, 24, 32, 40, 48, 49, 41, 33, 25, 26, 18, 10, 2, 3, 11, 19, 20, 12, 4, 5, 13, 21, 29, 28, 36, 35, 34, 42, 43, 51, 52, 53, 45, 37, 38, 30, 22, 14, 6, 7, 15, 23, 31, 39, 47, 46, 54, 55]
[00:00:00:00:083] ! Unidirectional s-t. expansions: 51, time: 83 [ms], path length: 51 [edges], generated: 83
[00:00:00:00:046] Expansion 50: New longest path found with length 51: [55, 47, 39, 31, 23, 15, 7, 6, 5, 4, 3, 2, 10, 18, 26, 25, 33, 34, 35, 36, 28, 20, 19, 11, 12, 13, 14, 22, 21, 29, 30, 38, 37, 45, 46, 54, 53, 52, 51, 43, 42, 41, 49, 48, 40, 32, 24, 16, 17, 9, 1, 0]
[00:00:00:00:048] Path of length 51 found: [55, 47, 39, 31, 23, 15, 7, 6, 5, 4, 3, 2, 10, 18, 26, 25, 33, 34, 35, 36, 28, 20, 19, 11, 12, 13, 14, 22, 21, 29, 30, 38, 37, 45, 46, 54, 53, 52, 51, 43, 42, 41, 49, 48, 40, 32, 24, 16, 17, 9, 1, 0]
[00:00:00:00:048] ! Unidirectional t-s. expansions: 51, time: 48 [ms], path length: 51 [edges], generated: 83
[00:00:00:00:033] Expansion 26: New longest path found with length 27: [0, 1, 9, 17, 16, 24, 32, 40, 48, 49, 41, 33, 25, 26, 18, 10, 2, 3, 4, 5, 6, 7, 15, 23, 31, 39, 47, 55]
[00:00:00:00:046] Expansion 48: New longest path found with length 49: [0, 1, 9, 17, 16, 24, 32, 40, 48, 49, 41, 33, 25, 26, 34, 42, 43, 51, 52, 53, 54, 46, 38, 30, 22, 14, 13, 21, 29, 37, 36, 28, 20, 12, 11, 19, 18, 10, 2, 3, 4, 5, 6, 7, 15, 23, 31, 39, 47, 55]
[00:00:00:00:099] Expansion 139: New longest path found with length 51: [0, 1, 9, 17, 16, 24, 32, 40, 48, 49, 41, 33, 25, 26, 18, 19, 20, 28, 36, 35, 34, 42, 43, 51, 52, 53, 54, 46, 45, 37, 38, 30, 29, 21, 22, 14, 13, 12, 11, 10, 2, 3, 4, 5, 6, 7, 15, 23, 31, 39, 47, 55]
[00:00:00:00:101] Path of length 51 found: [0, 1, 9, 17, 16, 24, 32, 40, 48, 49, 41, 33, 25, 26, 18, 19, 20, 28, 36, 35, 34, 42, 43, 51, 52, 53, 54, 46, 45, 37, 38, 30, 29, 21, 22, 14, 13, 12, 11, 10, 2, 3, 4, 5, 6, 7, 15, 23, 31, 39, 47, 55]
[00:00:00:00:463] ! Bidirectional. expansions: 140, time: 101 [ms], path length: 51 [edges], g_F: 26, g_B: 25, generated: {'F': 130, 'B': 127}, MM: 1, MMPER: 0.9230769230769231%
[00:00:00:00:463] 
---------- SM_Grids/7x8_grid_with_random_blocks_8per_8 ----------
[00:00:00:00:046] Expansion 44: New longest path found with length 45: [0, 8, 16, 24, 32, 40, 48, 49, 41, 33, 25, 17, 9, 1, 2, 10, 18, 26, 34, 42, 43, 35, 27, 19, 20, 12, 11, 3, 4, 5, 13, 14, 6, 7, 15, 23, 22, 30, 29, 37, 45, 44, 52, 53, 54, 55]
[00:00:00:00:048] Expansion 48: New longest path found with length 49: [0, 8, 16, 24, 32, 40, 48, 49, 41, 33, 25, 17, 9, 1, 2, 10, 18, 26, 34, 42, 43, 35, 27, 19, 20, 12, 11, 3, 4, 5, 13, 14, 6, 7, 15, 23, 22, 30, 29, 37, 45, 44, 52, 53, 54, 46, 38, 39, 47, 55]
[00:00:00:00:084] Expansion 98: New longest path found with length 51: [0, 8, 16, 24, 32, 40, 48, 49, 41, 33, 25, 17, 9, 1, 2, 10, 18, 26, 27, 35, 34, 42, 43, 51, 52, 44, 45, 53, 54, 46, 38, 37, 29, 30, 22, 14, 13, 12, 20, 19, 11, 3, 4, 5, 6, 7, 15, 23, 31, 39, 47, 55]
[00:00:00:00:086] Path of length 51 found: [0, 8, 16, 24, 32, 40, 48, 49, 41, 33, 25, 17, 9, 1, 2, 10, 18, 26, 27, 35, 34, 42, 43, 51, 52, 44, 45, 53, 54, 46, 38, 37, 29, 30, 22, 14, 13, 12, 20, 19, 11, 3, 4, 5, 6, 7, 15, 23, 31, 39, 47, 55]
[00:00:00:00:086] ! Unidirectional s-t. expansions: 99, time: 86 [ms], path length: 51 [edges], generated: 160
[00:00:00:00:018] Expansion 12: New longest path found with length 13: [55, 47, 39, 31, 23, 15, 7, 6, 5, 4, 3, 2, 1, 0]
[00:00:00:00:046] Expansion 48: New longest path found with length 49: [55, 47, 39, 31, 23, 15, 7, 6, 5, 4, 3, 2, 1, 9, 17, 25, 33, 34, 26, 18, 10, 11, 19, 20, 12, 13, 14, 22, 30, 29, 37, 38, 46, 54, 53, 45, 44, 52, 51, 43, 42, 41, 49, 48, 40, 32, 24, 16, 8, 0]
[00:00:00:00:070] Expansion 85: New longest path found with length 51: [55, 47, 39, 31, 23, 15, 7, 6, 5, 4, 3, 2, 1, 9, 17, 25, 33, 34, 35, 27, 26, 18, 10, 11, 19, 20, 12, 13, 14, 22, 30, 29, 37, 38, 46, 54, 53, 45, 44, 52, 51, 43, 42, 41, 49, 48, 40, 32, 24, 16, 8, 0]
[00:00:00:00:072] Path of length 51 found: [55, 47, 39, 31, 23, 15, 7, 6, 5, 4, 3, 2, 1, 9, 17, 25, 33, 34, 35, 27, 26, 18, 10, 11, 19, 20, 12, 13, 14, 22, 30, 29, 37, 38, 46, 54, 53, 45, 44, 52, 51, 43, 42, 41, 49, 48, 40, 32, 24, 16, 8, 0]
[00:00:00:00:072] ! Unidirectional t-s. expansions: 86, time: 72 [ms], path length: 51 [edges], generated: 135
[00:00:00:00:046] Expansion 48: New longest path found with length 49: [0, 8, 16, 24, 32, 40, 48, 49, 41, 33, 25, 17, 18, 26, 34, 42, 43, 51, 52, 44, 45, 53, 54, 46, 38, 37, 29, 30, 22, 14, 13, 12, 20, 19, 11, 10, 9, 1, 2, 3, 4, 5, 6, 7, 15, 23, 31, 39, 47, 55]
[00:00:00:00:061] Expansion 75: New longest path found with length 51: [0, 8, 16, 24, 32, 40, 48, 49, 41, 33, 25, 17, 18, 26, 27, 35, 34, 42, 43, 51, 52, 44, 45, 53, 54, 46, 38, 37, 29, 30, 22, 14, 13, 12, 20, 19, 11, 10, 9, 1, 2, 3, 4, 5, 6, 7, 15, 23, 31, 39, 47, 55]
[00:00:00:00:062] Path of length 51 found: [0, 8, 16, 24, 32, 40, 48, 49, 41, 33, 25, 17, 18, 26, 27, 35, 34, 42, 43, 51, 52, 44, 45, 53, 54, 46, 38, 37, 29, 30, 22, 14, 13, 12, 20, 19, 11, 10, 9, 1, 2, 3, 4, 5, 6, 7, 15, 23, 31, 39, 47, 55]
[00:00:00:00:423] ! Bidirectional. expansions: 76, time: 62 [ms], path length: 51 [edges], g_F: 26, g_B: 25, generated: {'F': 73, 'B': 65}, MM: 1, MMPER: 0.9230769230769231%
[00:00:00:00:423] 
---------- SM_Grids/7x8_grid_with_random_blocks_8per_9 ----------
[00:00:00:00:051] Expansion 48: New longest path found with length 49: [0, 1, 9, 8, 16, 24, 32, 40, 41, 49, 50, 42, 34, 33, 25, 17, 18, 10, 11, 3, 4, 12, 20, 19, 27, 35, 43, 51, 52, 44, 36, 28, 29, 37, 45, 46, 38, 30, 22, 14, 13, 5, 6, 7, 15, 23, 31, 39, 47, 55]
[00:00:01:20:880] Path of length 49 found: [0, 1, 9, 8, 16, 24, 32, 40, 41, 49, 50, 42, 34, 33, 25, 17, 18, 10, 11, 3, 4, 12, 20, 19, 27, 35, 43, 51, 52, 44, 36, 28, 29, 37, 45, 46, 38, 30, 22, 14, 13, 5, 6, 7, 15, 23, 31, 39, 47, 55]
[00:00:01:20:881] ! Unidirectional s-t. expansions: 123,315, time: 80,881 [ms], path length: 49 [edges], generated: 196,959
[00:00:00:00:047] Expansion 48: New longest path found with length 49: [55, 54, 46, 47, 39, 31, 23, 15, 7, 6, 5, 4, 3, 11, 10, 9, 17, 25, 33, 34, 26, 18, 19, 27, 35, 36, 28, 20, 12, 13, 14, 22, 30, 29, 37, 45, 44, 52, 51, 43, 42, 50, 49, 41, 40, 32, 24, 16, 8, 0]
[00:00:01:12:965] Path of length 49 found: [55, 54, 46, 47, 39, 31, 23, 15, 7, 6, 5, 4, 3, 11, 10, 9, 17, 25, 33, 34, 26, 18, 19, 27, 35, 36, 28, 20, 12, 13, 14, 22, 30, 29, 37, 45, 44, 52, 51, 43, 42, 50, 49, 41, 40, 32, 24, 16, 8, 0]
[00:00:01:12:966] ! Unidirectional t-s. expansions: 111,673, time: 72,966 [ms], path length: 49 [edges], generated: 177,606
[00:00:00:00:036] Expansion 30: New longest path found with length 31: [0, 1, 9, 8, 16, 24, 32, 40, 41, 49, 50, 42, 34, 33, 25, 26, 18, 10, 11, 3, 4, 5, 6, 7, 15, 23, 31, 39, 47, 46, 54, 55]
[00:00:00:00:038] Expansion 32: New longest path found with length 33: [0, 1, 9, 8, 16, 24, 32, 40, 41, 49, 50, 42, 34, 33, 25, 26, 27, 19, 18, 10, 11, 3, 4, 5, 6, 7, 15, 23, 31, 39, 47, 46, 54, 55]
[00:00:00:00:045] Expansion 46: New longest path found with length 47: [0, 1, 9, 8, 16, 24, 32, 40, 41, 49, 50, 42, 34, 33, 25, 26, 27, 35, 43, 51, 52, 44, 45, 37, 29, 30, 22, 14, 13, 12, 20, 19, 18, 10, 11, 3, 4, 5, 6, 7, 15, 23, 31, 39, 47, 46, 54, 55]
[00:00:00:00:046] Expansion 48: New longest path found with length 49: [0, 1, 9, 8, 16, 24, 32, 40, 41, 49, 50, 42, 34, 33, 25, 26, 27, 35, 43, 51, 52, 44, 45, 37, 36, 28, 29, 30, 22, 14, 13, 12, 20, 19, 18, 10, 11, 3, 4, 5, 6, 7, 15, 23, 31, 39, 47, 46, 54, 55]
[00:00:00:28:263] Path of length 49 found: [0, 1, 9, 8, 16, 24, 32, 40, 41, 49, 50, 42, 34, 33, 25, 26, 27, 35, 43, 51, 52, 44, 45, 37, 36, 28, 29, 30, 22, 14, 13, 12, 20, 19, 18, 10, 11, 3, 4, 5, 6, 7, 15, 23, 31, 39, 47, 46, 54, 55]
[00:00:00:28:631] ! Bidirectional. expansions: 33,873, time: 28,264 [ms], path length: 49 [edges], g_F: 25, g_B: 24, generated: {'F': 31,987, 'B': 31,365}, MM: 1, MMPER: 1.0%
[00:00:00:28:631] average expansions: (89,117, 75,606, 90,906, 0)
[00:00:00:28:631] average time: (62,391, 56,350, 70,467, 0)
[00:00:00:28:631] X-DFBnB: 75,606 , 56,350 (expansions , time[ms])
[00:00:00:28:631] BiX-DFBnB: 90,906 , 70,467 (expansions , time[ms])

