--------------------------
date: SM_Grids
number_of_graphs: 10
graph_type: grid
size_of_graphs: [6, 8]
heuristic: bcc_heuristic
snake: False
run_uni: True
run_bi: True
run_multi: False
solution_vertices: []
algorithms: ['DFBnB']
bsd: False
cube_first_dims: 4
cube_buffer_dim: None
backward_sym_generation: False
sym_coil: False
prefix_set: None

---------- SM_Grids/6x8_grid_with_random_blocks_12per_0 ----------
[00:00:00:00:028] Expansion 39: New longest path found with length 40: [0, 8, 16, 24, 32, 40, 41, 42, 34, 26, 18, 17, 9, 1, 2, 10, 11, 3, 4, 5, 13, 21, 20, 19, 27, 35, 43, 44, 36, 28, 29, 37, 38, 30, 22, 14, 15, 23, 31, 39, 47]
[00:00:00:01:362] Path of length 40 found: [0, 8, 16, 24, 32, 40, 41, 42, 34, 26, 18, 17, 9, 1, 2, 10, 11, 3, 4, 5, 13, 21, 20, 19, 27, 35, 43, 44, 36, 28, 29, 37, 38, 30, 22, 14, 15, 23, 31, 39, 47]
[00:00:00:01:363] ! Unidirectional s-t. expansions: 2,479, time: 1,362 [ms], path length: 40 [edges], generated: 3,909
[00:00:00:00:014] Expansion 13: New longest path found with length 14: [47, 46, 38, 39, 31, 23, 15, 14, 13, 5, 4, 3, 2, 1, 0]
[00:00:00:00:028] Expansion 39: New longest path found with length 40: [47, 46, 38, 39, 31, 23, 15, 14, 13, 5, 4, 3, 2, 1, 9, 17, 18, 10, 11, 19, 27, 28, 20, 21, 22, 30, 29, 37, 36, 44, 43, 35, 34, 42, 41, 40, 32, 24, 16, 8, 0]
[00:00:00:00:376] Path of length 40 found: [47, 46, 38, 39, 31, 23, 15, 14, 13, 5, 4, 3, 2, 1, 9, 17, 18, 10, 11, 19, 27, 28, 20, 21, 22, 30, 29, 37, 36, 44, 43, 35, 34, 42, 41, 40, 32, 24, 16, 8, 0]
[00:00:00:00:376] ! Unidirectional t-s. expansions: 618, time: 376 [ms], path length: 40 [edges], generated: 1,013
[00:00:00:00:028] Expansion 39: New longest path found with length 40: [0, 8, 16, 24, 32, 40, 41, 42, 34, 26, 27, 35, 43, 44, 36, 37, 29, 30, 22, 21, 20, 19, 11, 10, 18, 17, 9, 1, 2, 3, 4, 5, 13, 14, 15, 23, 31, 39, 38, 46, 47]
[00:00:00:00:480] Path of length 40 found: [0, 8, 16, 24, 32, 40, 41, 42, 34, 26, 27, 35, 43, 44, 36, 37, 29, 30, 22, 21, 20, 19, 11, 10, 18, 17, 9, 1, 2, 3, 4, 5, 13, 14, 15, 23, 31, 39, 38, 46, 47]
[00:00:00:00:889] ! Bidirectional. expansions: 767, time: 480 [ms], path length: 40 [edges], g_F: 21, g_B: 19, generated: {'F': 742, 'B': 706}, MM: 2, MMPER: 3.8780487804878048%
[00:00:00:00:889] 
---------- SM_Grids/6x8_grid_with_random_blocks_12per_1 ----------
[00:00:00:00:031] Expansion 37: New longest path found with length 38: [0, 8, 16, 24, 25, 33, 32, 40, 41, 42, 34, 35, 27, 19, 18, 10, 9, 1, 2, 3, 11, 12, 4, 5, 6, 14, 13, 21, 20, 28, 36, 44, 45, 37, 29, 30, 31, 39, 47]
[00:00:00:00:032] Expansion 39: New longest path found with length 40: [0, 8, 16, 24, 25, 33, 32, 40, 41, 42, 34, 35, 27, 19, 18, 10, 9, 1, 2, 3, 11, 12, 4, 5, 6, 14, 13, 21, 20, 28, 36, 44, 45, 37, 29, 30, 31, 39, 38, 46, 47]
[00:00:00:00:598] Path of length 40 found: [0, 8, 16, 24, 25, 33, 32, 40, 41, 42, 34, 35, 27, 19, 18, 10, 9, 1, 2, 3, 11, 12, 4, 5, 6, 14, 13, 21, 20, 28, 36, 44, 45, 37, 29, 30, 31, 39, 38, 46, 47]
[00:00:00:00:598] ! Unidirectional s-t. expansions: 759, time: 598 [ms], path length: 40 [edges], generated: 1,373
[00:00:00:00:014] Expansion 11: New longest path found with length 12: [47, 39, 31, 30, 22, 14, 6, 5, 4, 3, 2, 1, 0]
[00:00:00:00:031] Expansion 39: New longest path found with length 40: [47, 39, 31, 30, 22, 14, 6, 5, 4, 3, 2, 1, 9, 10, 18, 19, 11, 12, 13, 21, 20, 28, 29, 37, 38, 46, 45, 44, 36, 35, 34, 42, 41, 40, 32, 33, 25, 24, 16, 8, 0]
[00:00:00:01:165] Path of length 40 found: [47, 39, 31, 30, 22, 14, 6, 5, 4, 3, 2, 1, 9, 10, 18, 19, 11, 12, 13, 21, 20, 28, 29, 37, 38, 46, 45, 44, 36, 35, 34, 42, 41, 40, 32, 33, 25, 24, 16, 8, 0]
[00:00:00:01:165] ! Unidirectional t-s. expansions: 1,387, time: 1,165 [ms], path length: 40 [edges], generated: 2,546
[00:00:00:00:031] Expansion 39: New longest path found with length 40: [0, 8, 16, 24, 25, 33, 32, 40, 41, 42, 34, 35, 27, 19, 20, 28, 36, 44, 45, 46, 38, 37, 29, 21, 13, 12, 11, 10, 9, 1, 2, 3, 4, 5, 6, 14, 22, 30, 31, 39, 47]
[00:00:00:01:611] Path of length 40 found: [0, 8, 16, 24, 25, 33, 32, 40, 41, 42, 34, 35, 27, 19, 20, 28, 36, 44, 45, 46, 38, 37, 29, 21, 13, 12, 11, 10, 9, 1, 2, 3, 4, 5, 6, 14, 22, 30, 31, 39, 47]
[00:00:00:01:961] ! Bidirectional. expansions: 2,217, time: 1,612 [ms], path length: 40 [edges], g_F: 21, g_B: 19, generated: {'F': 2,091, 'B': 2,069}, MM: 2, MMPER: 3.8780487804878048%
[00:00:00:01:961] 
---------- SM_Grids/6x8_grid_with_random_blocks_12per_2 ----------
[00:00:00:00:032] Expansion 39: New longest path found with length 38: [0, 8, 16, 24, 32, 33, 41, 42, 34, 26, 25, 17, 18, 10, 9, 1, 2, 3, 11, 12, 20, 28, 29, 21, 13, 5, 6, 7, 15, 14, 22, 23, 31, 30, 38, 37, 45, 46, 47]
[00:00:00:00:111] Expansion 105: New longest path found with length 40: [0, 8, 16, 24, 32, 33, 41, 42, 43, 35, 34, 26, 25, 17, 18, 10, 9, 1, 2, 3, 11, 12, 20, 28, 29, 21, 13, 5, 6, 7, 15, 14, 22, 23, 31, 30, 38, 37, 45, 46, 47]
[00:00:00:00:769] Path of length 40 found: [0, 8, 16, 24, 32, 33, 41, 42, 43, 35, 34, 26, 25, 17, 18, 10, 9, 1, 2, 3, 11, 12, 20, 28, 29, 21, 13, 5, 6, 7, 15, 14, 22, 23, 31, 30, 38, 37, 45, 46, 47]
[00:00:00:00:769] ! Unidirectional s-t. expansions: 1,108, time: 769 [ms], path length: 40 [edges], generated: 1,946
[00:00:00:00:028] Expansion 29: New longest path found with length 30: [47, 39, 31, 23, 15, 7, 6, 5, 13, 14, 22, 21, 20, 28, 29, 30, 38, 37, 45, 44, 43, 35, 34, 42, 41, 33, 32, 24, 16, 8, 0]
[00:00:00:00:032] Expansion 39: New longest path found with length 40: [47, 39, 31, 23, 15, 7, 6, 5, 13, 14, 22, 21, 20, 28, 29, 30, 38, 37, 45, 44, 43, 35, 34, 42, 41, 33, 32, 24, 16, 8, 9, 17, 25, 26, 18, 10, 11, 3, 2, 1, 0]
[00:00:00:00:435] Path of length 40 found: [47, 39, 31, 23, 15, 7, 6, 5, 13, 14, 22, 21, 20, 28, 29, 30, 38, 37, 45, 44, 43, 35, 34, 42, 41, 33, 32, 24, 16, 8, 9, 17, 25, 26, 18, 10, 11, 3, 2, 1, 0]
[00:00:00:00:435] ! Unidirectional t-s. expansions: 401, time: 435 [ms], path length: 40 [edges], generated: 733
[00:00:00:00:032] Expansion 37: New longest path found with length 38: [0, 8, 16, 24, 32, 33, 41, 42, 34, 26, 25, 17, 18, 10, 9, 1, 2, 3, 11, 12, 20, 21, 29, 37, 45, 46, 38, 30, 22, 14, 13, 5, 6, 7, 15, 23, 31, 39, 47]
[00:00:00:00:046] Expansion 63: New longest path found with length 40: [0, 8, 16, 24, 32, 33, 41, 42, 43, 35, 34, 26, 25, 17, 18, 10, 9, 1, 2, 3, 11, 12, 20, 21, 29, 37, 45, 46, 38, 30, 22, 14, 13, 5, 6, 7, 15, 23, 31, 39, 47]
[00:00:00:03:787] Path of length 40 found: [0, 8, 16, 24, 32, 33, 41, 42, 43, 35, 34, 26, 25, 17, 18, 10, 9, 1, 2, 3, 11, 12, 20, 21, 29, 37, 45, 46, 38, 30, 22, 14, 13, 5, 6, 7, 15, 23, 31, 39, 47]
[00:00:00:04:122] ! Bidirectional. expansions: 4,590, time: 3,787 [ms], path length: 40 [edges], g_F: 21, g_B: 19, generated: {'F': 3,979, 'B': 4,118}, MM: 2, MMPER: 3.8780487804878048%
[00:00:00:04:123] 
---------- SM_Grids/6x8_grid_with_random_blocks_12per_3 ----------
[00:00:00:00:064] Expansion 39: New longest path found with length 40: [0, 1, 9, 8, 16, 24, 32, 33, 25, 26, 34, 35, 43, 44, 36, 28, 27, 19, 18, 10, 11, 3, 4, 12, 20, 21, 13, 5, 6, 7, 15, 14, 22, 23, 31, 30, 38, 37, 45, 46, 47]
[00:00:00:00:160] Path of length 40 found: [0, 1, 9, 8, 16, 24, 32, 33, 25, 26, 34, 35, 43, 44, 36, 28, 27, 19, 18, 10, 11, 3, 4, 12, 20, 21, 13, 5, 6, 7, 15, 14, 22, 23, 31, 30, 38, 37, 45, 46, 47]
[00:00:00:00:160] ! Unidirectional s-t. expansions: 222, time: 160 [ms], path length: 40 [edges], generated: 362
[00:00:00:00:031] Expansion 35: New longest path found with length 36: [47, 39, 31, 23, 15, 7, 6, 5, 4, 3, 11, 10, 18, 26, 27, 19, 20, 12, 13, 21, 22, 30, 38, 46, 45, 37, 36, 44, 43, 35, 34, 33, 25, 24, 16, 8, 0]
[00:00:00:00:031] Expansion 37: New longest path found with length 38: [47, 39, 31, 23, 15, 7, 6, 5, 4, 3, 11, 10, 18, 26, 27, 19, 20, 12, 13, 21, 22, 30, 38, 46, 45, 37, 36, 44, 43, 35, 34, 33, 25, 24, 16, 8, 9, 1, 0]
[00:00:00:00:090] Expansion 137: New longest path found with length 40: [47, 39, 31, 23, 15, 7, 6, 5, 4, 3, 11, 10, 18, 19, 27, 28, 20, 12, 13, 21, 22, 30, 38, 46, 45, 37, 36, 44, 43, 35, 34, 26, 25, 33, 32, 24, 16, 8, 9, 1, 0]
[00:00:00:00:402] Path of length 40 found: [47, 39, 31, 23, 15, 7, 6, 5, 4, 3, 11, 10, 18, 19, 27, 28, 20, 12, 13, 21, 22, 30, 38, 46, 45, 37, 36, 44, 43, 35, 34, 26, 25, 33, 32, 24, 16, 8, 9, 1, 0]
[00:00:00:00:403] ! Unidirectional t-s. expansions: 450, time: 403 [ms], path length: 40 [edges], generated: 772
[00:00:00:00:031] Expansion 39: New longest path found with length 40: [0, 1, 9, 8, 16, 24, 32, 33, 25, 26, 34, 35, 43, 44, 36, 37, 45, 46, 38, 30, 22, 21, 13, 12, 20, 28, 27, 19, 18, 10, 11, 3, 4, 5, 6, 7, 15, 23, 31, 39, 47]
[00:00:00:00:182] Path of length 40 found: [0, 1, 9, 8, 16, 24, 32, 33, 25, 26, 34, 35, 43, 44, 36, 37, 45, 46, 38, 30, 22, 21, 13, 12, 20, 28, 27, 19, 18, 10, 11, 3, 4, 5, 6, 7, 15, 23, 31, 39, 47]
[00:00:00:00:516] ! Bidirectional. expansions: 197, time: 182 [ms], path length: 40 [edges], g_F: 21, g_B: 19, generated: {'F': 177, 'B': 180}, MM: 2, MMPER: 3.8780487804878048%
[00:00:00:00:516] 
---------- SM_Grids/6x8_grid_with_random_blocks_12per_4 ----------
[00:00:00:00:030] Expansion 37: New longest path found with length 38: [0, 8, 16, 24, 32, 40, 41, 33, 25, 17, 9, 1, 2, 3, 4, 5, 6, 14, 13, 12, 11, 10, 18, 19, 27, 26, 34, 42, 43, 35, 36, 44, 45, 37, 29, 30, 31, 39, 47]
[00:00:00:00:031] Expansion 39: New longest path found with length 40: [0, 8, 16, 24, 32, 40, 41, 33, 25, 17, 9, 1, 2, 3, 4, 5, 6, 14, 13, 12, 11, 10, 18, 19, 27, 26, 34, 42, 43, 35, 36, 44, 45, 37, 29, 30, 31, 39, 38, 46, 47]
[00:00:00:00:032] Path of length 40 found: [0, 8, 16, 24, 32, 40, 41, 33, 25, 17, 9, 1, 2, 3, 4, 5, 6, 14, 13, 12, 11, 10, 18, 19, 27, 26, 34, 42, 43, 35, 36, 44, 45, 37, 29, 30, 31, 39, 38, 46, 47]
[00:00:00:00:032] ! Unidirectional s-t. expansions: 40, time: 32 [ms], path length: 40 [edges], generated: 66
[00:00:00:00:026] Expansion 27: New longest path found with length 28: [47, 39, 31, 30, 29, 37, 38, 46, 45, 44, 36, 35, 43, 42, 34, 26, 27, 19, 11, 12, 13, 14, 6, 5, 4, 3, 2, 1, 0]
[00:00:00:00:031] Expansion 39: New longest path found with length 40: [47, 39, 31, 30, 29, 37, 38, 46, 45, 44, 36, 35, 43, 42, 34, 26, 27, 19, 11, 12, 13, 14, 6, 5, 4, 3, 2, 1, 9, 10, 18, 17, 25, 33, 41, 40, 32, 24, 16, 8, 0]
[00:00:00:00:032] Path of length 40 found: [47, 39, 31, 30, 29, 37, 38, 46, 45, 44, 36, 35, 43, 42, 34, 26, 27, 19, 11, 12, 13, 14, 6, 5, 4, 3, 2, 1, 9, 10, 18, 17, 25, 33, 41, 40, 32, 24, 16, 8, 0]
[00:00:00:00:032] ! Unidirectional t-s. expansions: 40, time: 32 [ms], path length: 40 [edges], generated: 66
[00:00:00:00:030] Expansion 39: New longest path found with length 40: [0, 8, 16, 24, 32, 40, 41, 33, 25, 17, 9, 1, 2, 3, 4, 5, 6, 14, 13, 12, 11, 10, 18, 19, 27, 26, 34, 42, 43, 35, 36, 44, 45, 46, 38, 37, 29, 30, 31, 39, 47]
[00:00:00:00:031] Path of length 40 found: [0, 8, 16, 24, 32, 40, 41, 33, 25, 17, 9, 1, 2, 3, 4, 5, 6, 14, 13, 12, 11, 10, 18, 19, 27, 26, 34, 42, 43, 35, 36, 44, 45, 46, 38, 37, 29, 30, 31, 39, 47]
[00:00:00:00:362] ! Bidirectional. expansions: 40, time: 31 [ms], path length: 40 [edges], g_F: 21, g_B: 19, generated: {'F': 35, 'B': 37}, MM: 2, MMPER: 3.8780487804878048%
[00:00:00:00:362] 
---------- SM_Grids/6x8_grid_with_random_blocks_12per_5 ----------
[00:00:00:00:030] Expansion 35: New longest path found with length 36: [0, 8, 16, 24, 32, 40, 41, 33, 34, 42, 43, 44, 36, 28, 20, 12, 11, 19, 27, 26, 18, 17, 9, 1, 2, 3, 4, 5, 13, 14, 6, 7, 15, 23, 31, 39, 47]
[00:00:00:00:031] Expansion 39: New longest path found with length 40: [0, 8, 16, 24, 32, 40, 41, 33, 34, 42, 43, 44, 36, 28, 20, 12, 11, 19, 27, 26, 18, 17, 9, 1, 2, 3, 4, 5, 13, 14, 6, 7, 15, 23, 31, 39, 38, 37, 45, 46, 47]
[00:00:00:00:054] Expansion 82: New longest path found with length 42: [0, 8, 16, 24, 32, 40, 41, 33, 34, 42, 43, 44, 36, 28, 20, 19, 27, 26, 18, 17, 9, 1, 2, 10, 11, 3, 4, 12, 13, 5, 6, 7, 15, 14, 22, 23, 31, 39, 38, 37, 45, 46, 47]
[00:00:00:00:055] Path of length 42 found: [0, 8, 16, 24, 32, 40, 41, 33, 34, 42, 43, 44, 36, 28, 20, 19, 27, 26, 18, 17, 9, 1, 2, 10, 11, 3, 4, 12, 13, 5, 6, 7, 15, 14, 22, 23, 31, 39, 38, 37, 45, 46, 47]
[00:00:00:00:055] ! Unidirectional s-t. expansions: 83, time: 55 [ms], path length: 42 [edges], generated: 128
[00:00:00:00:016] Expansion 15: New longest path found with length 16: [47, 39, 31, 23, 22, 14, 15, 7, 6, 5, 13, 12, 4, 3, 2, 1, 0]
[00:00:00:00:029] Expansion 39: New longest path found with length 40: [47, 39, 31, 23, 22, 14, 15, 7, 6, 5, 13, 12, 4, 3, 2, 1, 9, 17, 18, 10, 11, 19, 20, 28, 36, 37, 38, 46, 45, 44, 43, 42, 34, 33, 41, 40, 32, 24, 16, 8, 0]
[00:00:00:00:146] Expansion 180: New longest path found with length 42: [47, 39, 31, 23, 22, 14, 15, 7, 6, 5, 13, 12, 4, 3, 11, 10, 2, 1, 9, 17, 18, 26, 27, 19, 20, 28, 36, 37, 38, 46, 45, 44, 43, 42, 34, 33, 41, 40, 32, 24, 16, 8, 0]
[00:00:00:00:148] Path of length 42 found: [47, 39, 31, 23, 22, 14, 15, 7, 6, 5, 13, 12, 4, 3, 11, 10, 2, 1, 9, 17, 18, 26, 27, 19, 20, 28, 36, 37, 38, 46, 45, 44, 43, 42, 34, 33, 41, 40, 32, 24, 16, 8, 0]
[00:00:00:00:148] ! Unidirectional t-s. expansions: 181, time: 148 [ms], path length: 42 [edges], generated: 283
[00:00:00:00:029] Expansion 37: New longest path found with length 38: [0, 8, 16, 24, 32, 40, 41, 33, 34, 42, 43, 44, 45, 46, 38, 37, 36, 28, 20, 19, 18, 17, 9, 1, 2, 3, 4, 12, 13, 5, 6, 7, 15, 14, 22, 23, 31, 39, 47]
[00:00:00:00:030] Expansion 39: New longest path found with length 40: [0, 8, 16, 24, 32, 40, 41, 33, 34, 42, 43, 44, 45, 46, 38, 37, 36, 28, 20, 19, 11, 10, 18, 17, 9, 1, 2, 3, 4, 12, 13, 5, 6, 7, 15, 14, 22, 23, 31, 39, 47]
[00:00:00:00:037] Expansion 59: New longest path found with length 42: [0, 8, 16, 24, 32, 40, 41, 33, 34, 42, 43, 44, 45, 46, 38, 37, 36, 28, 20, 19, 27, 26, 18, 17, 9, 1, 2, 10, 11, 3, 4, 12, 13, 5, 6, 7, 15, 14, 22, 23, 31, 39, 47]
[00:00:00:00:039] Path of length 42 found: [0, 8, 16, 24, 32, 40, 41, 33, 34, 42, 43, 44, 45, 46, 38, 37, 36, 28, 20, 19, 27, 26, 18, 17, 9, 1, 2, 10, 11, 3, 4, 12, 13, 5, 6, 7, 15, 14, 22, 23, 31, 39, 47]
[00:00:00:00:374] ! Bidirectional. expansions: 60, time: 39 [ms], path length: 42 [edges], g_F: 22, g_B: 20, generated: {'F': 51, 'B': 57}, MM: 2, MMPER: 3.6511627906976747%
[00:00:00:00:374] 
---------- SM_Grids/6x8_grid_with_random_blocks_12per_6 ----------
[00:00:00:00:032] Expansion 39: New longest path found with length 40: [0, 8, 16, 24, 32, 40, 41, 33, 25, 17, 9, 1, 2, 10, 18, 26, 34, 35, 43, 44, 36, 37, 29, 21, 20, 28, 27, 19, 11, 3, 4, 12, 13, 14, 6, 7, 15, 23, 31, 39, 47]
[00:00:00:02:150] Path of length 40 found: [0, 8, 16, 24, 32, 40, 41, 33, 25, 17, 9, 1, 2, 10, 18, 26, 34, 35, 43, 44, 36, 37, 29, 21, 20, 28, 27, 19, 11, 3, 4, 12, 13, 14, 6, 7, 15, 23, 31, 39, 47]
[00:00:00:02:150] ! Unidirectional s-t. expansions: 2,983, time: 2,150 [ms], path length: 40 [edges], generated: 4,800
[00:00:00:00:017] Expansion 15: New longest path found with length 16: [47, 39, 31, 23, 15, 7, 6, 14, 22, 21, 13, 12, 4, 3, 2, 1, 0]
[00:00:00:00:031] Expansion 39: New longest path found with length 40: [47, 39, 31, 23, 15, 7, 6, 14, 22, 21, 13, 12, 4, 3, 2, 1, 9, 17, 25, 26, 18, 10, 11, 19, 20, 28, 29, 37, 36, 44, 43, 35, 34, 33, 41, 40, 32, 24, 16, 8, 0]
[00:00:00:00:101] Path of length 40 found: [47, 39, 31, 23, 15, 7, 6, 14, 22, 21, 13, 12, 4, 3, 2, 1, 9, 17, 25, 26, 18, 10, 11, 19, 20, 28, 29, 37, 36, 44, 43, 35, 34, 33, 41, 40, 32, 24, 16, 8, 0]
[00:00:00:00:102] ! Unidirectional t-s. expansions: 140, time: 101 [ms], path length: 40 [edges], generated: 239
[00:00:00:00:031] Expansion 39: New longest path found with length 40: [0, 8, 16, 24, 32, 40, 41, 33, 25, 17, 9, 1, 2, 10, 18, 26, 34, 35, 43, 44, 36, 37, 29, 28, 20, 19, 11, 3, 4, 12, 13, 21, 22, 14, 6, 7, 15, 23, 31, 39, 47]
[00:00:00:00:507] Path of length 40 found: [0, 8, 16, 24, 32, 40, 41, 33, 25, 17, 9, 1, 2, 10, 18, 26, 34, 35, 43, 44, 36, 37, 29, 28, 20, 19, 11, 3, 4, 12, 13, 21, 22, 14, 6, 7, 15, 23, 31, 39, 47]
[00:00:00:00:872] ! Bidirectional. expansions: 663, time: 507 [ms], path length: 40 [edges], g_F: 21, g_B: 19, generated: {'F': 579, 'B': 622}, MM: 2, MMPER: 3.8780487804878048%
[00:00:00:00:872] 
---------- SM_Grids/6x8_grid_with_random_blocks_12per_7 ----------
[00:00:00:00:032] Expansion 35: New longest path found with length 36: [0, 1, 2, 10, 9, 17, 16, 24, 32, 40, 41, 33, 25, 26, 18, 19, 11, 12, 4, 5, 13, 21, 20, 28, 27, 35, 34, 42, 43, 44, 36, 37, 29, 30, 31, 39, 47]
[00:00:00:00:033] Expansion 37: New longest path found with length 38: [0, 1, 2, 10, 9, 17, 16, 24, 32, 40, 41, 33, 25, 26, 18, 19, 11, 12, 4, 5, 13, 21, 20, 28, 27, 35, 34, 42, 43, 44, 36, 37, 29, 30, 31, 39, 38, 46, 47]
[00:00:00:00:218] Path of length 38 found: [0, 1, 2, 10, 9, 17, 16, 24, 32, 40, 41, 33, 25, 26, 18, 19, 11, 12, 4, 5, 13, 21, 20, 28, 27, 35, 34, 42, 43, 44, 36, 37, 29, 30, 31, 39, 38, 46, 47]
[00:00:00:00:218] ! Unidirectional s-t. expansions: 266, time: 218 [ms], path length: 38 [edges], generated: 482
[00:00:00:00:030] Expansion 37: New longest path found with length 38: [47, 39, 31, 30, 29, 21, 13, 5, 4, 12, 11, 10, 18, 26, 25, 33, 34, 35, 27, 19, 20, 28, 36, 37, 38, 46, 45, 44, 43, 42, 41, 40, 32, 24, 16, 17, 9, 1, 0]
[00:00:00:05:191] Path of length 38 found: [47, 39, 31, 30, 29, 21, 13, 5, 4, 12, 11, 10, 18, 26, 25, 33, 34, 35, 27, 19, 20, 28, 36, 37, 38, 46, 45, 44, 43, 42, 41, 40, 32, 24, 16, 17, 9, 1, 0]
[00:00:00:05:191] ! Unidirectional t-s. expansions: 8,242, time: 5,191 [ms], path length: 38 [edges], generated: 13,362
[00:00:00:00:030] Expansion 31: New longest path found with length 32: [0, 1, 2, 10, 9, 17, 16, 24, 32, 40, 41, 33, 25, 26, 34, 42, 43, 35, 27, 28, 20, 19, 11, 12, 4, 5, 13, 21, 29, 30, 31, 39, 47]
[00:00:00:00:031] Expansion 33: New longest path found with length 34: [0, 1, 2, 10, 9, 17, 16, 24, 32, 40, 41, 33, 25, 26, 34, 42, 43, 44, 36, 35, 27, 28, 20, 19, 11, 12, 4, 5, 13, 21, 29, 30, 31, 39, 47]
[00:00:00:00:032] Expansion 35: New longest path found with length 36: [0, 1, 2, 10, 9, 17, 16, 24, 32, 40, 41, 33, 25, 26, 34, 42, 43, 44, 45, 37, 36, 35, 27, 28, 20, 19, 11, 12, 4, 5, 13, 21, 29, 30, 31, 39, 47]
[00:00:00:00:033] Expansion 37: New longest path found with length 38: [0, 1, 2, 10, 9, 17, 16, 24, 32, 40, 41, 33, 25, 26, 34, 42, 43, 44, 45, 46, 38, 37, 36, 35, 27, 28, 20, 19, 11, 12, 4, 5, 13, 21, 29, 30, 31, 39, 47]
[00:00:00:00:864] Path of length 38 found: [0, 1, 2, 10, 9, 17, 16, 24, 32, 40, 41, 33, 25, 26, 34, 42, 43, 44, 45, 46, 38, 37, 36, 35, 27, 28, 20, 19, 11, 12, 4, 5, 13, 21, 29, 30, 31, 39, 47]
[00:00:00:01:201] ! Bidirectional. expansions: 1,168, time: 864 [ms], path length: 38 [edges], g_F: 20, g_B: 18, generated: {'F': 1,112, 'B': 1,105}, MM: 2, MMPER: 4.128205128205129%
[00:00:00:01:202] 
---------- SM_Grids/6x8_grid_with_random_blocks_12per_8 ----------
[00:00:00:00:032] Expansion 39: New longest path found with length 40: [0, 8, 16, 24, 32, 40, 41, 42, 34, 26, 18, 17, 9, 1, 2, 10, 11, 3, 4, 12, 20, 19, 27, 35, 43, 44, 45, 37, 36, 28, 29, 21, 13, 14, 6, 7, 15, 23, 31, 39, 47]
[00:00:00:03:089] Path of length 40 found: [0, 8, 16, 24, 32, 40, 41, 42, 34, 26, 18, 17, 9, 1, 2, 10, 11, 3, 4, 12, 20, 19, 27, 35, 43, 44, 45, 37, 36, 28, 29, 21, 13, 14, 6, 7, 15, 23, 31, 39, 47]
[00:00:00:03:089] ! Unidirectional s-t. expansions: 4,020, time: 3,089 [ms], path length: 40 [edges], generated: 6,776
[00:00:00:00:017] Expansion 15: New longest path found with length 16: [47, 39, 31, 23, 15, 7, 6, 14, 22, 21, 13, 12, 4, 3, 2, 1, 0]
[00:00:00:00:031] Expansion 39: New longest path found with length 40: [47, 39, 31, 23, 15, 7, 6, 14, 22, 21, 13, 12, 4, 3, 2, 1, 9, 17, 18, 10, 11, 19, 20, 28, 29, 37, 45, 44, 36, 35, 27, 26, 34, 42, 41, 40, 32, 24, 16, 8, 0]
[00:00:00:00:173] Path of length 40 found: [47, 39, 31, 23, 15, 7, 6, 14, 22, 21, 13, 12, 4, 3, 2, 1, 9, 17, 18, 10, 11, 19, 20, 28, 29, 37, 45, 44, 36, 35, 27, 26, 34, 42, 41, 40, 32, 24, 16, 8, 0]
[00:00:00:00:173] ! Unidirectional t-s. expansions: 202, time: 173 [ms], path length: 40 [edges], generated: 368
[00:00:00:00:031] Expansion 37: New longest path found with length 38: [0, 8, 16, 24, 32, 40, 41, 42, 34, 26, 18, 17, 9, 1, 2, 10, 11, 19, 27, 35, 36, 44, 45, 37, 29, 28, 20, 12, 13, 21, 22, 14, 6, 7, 15, 23, 31, 39, 47]
[00:00:00:00:084] Expansion 130: New longest path found with length 40: [0, 8, 16, 24, 32, 40, 41, 42, 34, 26, 18, 17, 9, 1, 2, 10, 11, 3, 4, 12, 20, 19, 27, 35, 43, 44, 45, 37, 36, 28, 29, 21, 22, 14, 6, 7, 15, 23, 31, 39, 47]
[00:00:00:00:516] Path of length 40 found: [0, 8, 16, 24, 32, 40, 41, 42, 34, 26, 18, 17, 9, 1, 2, 10, 11, 3, 4, 12, 20, 19, 27, 35, 43, 44, 45, 37, 36, 28, 29, 21, 22, 14, 6, 7, 15, 23, 31, 39, 47]
[00:00:00:00:853] ! Bidirectional. expansions: 663, time: 517 [ms], path length: 40 [edges], g_F: 21, g_B: 19, generated: {'F': 599, 'B': 635}, MM: 2, MMPER: 3.8780487804878048%
[00:00:00:00:854] 
---------- SM_Grids/6x8_grid_with_random_blocks_12per_9 ----------
[00:00:00:00:031] Expansion 37: New longest path found with length 38: [0, 1, 9, 8, 16, 24, 32, 40, 41, 33, 25, 17, 18, 10, 11, 3, 4, 5, 13, 12, 20, 19, 27, 26, 34, 42, 43, 35, 36, 44, 45, 37, 29, 30, 22, 23, 31, 39, 47]
[00:00:00:00:032] Expansion 39: New longest path found with length 40: [0, 1, 9, 8, 16, 24, 32, 40, 41, 33, 25, 17, 18, 10, 11, 3, 4, 5, 13, 12, 20, 19, 27, 26, 34, 42, 43, 35, 36, 44, 45, 37, 29, 30, 22, 23, 31, 39, 38, 46, 47]
[00:00:00:00:165] Path of length 40 found: [0, 1, 9, 8, 16, 24, 32, 40, 41, 33, 25, 17, 18, 10, 11, 3, 4, 5, 13, 12, 20, 19, 27, 26, 34, 42, 43, 35, 36, 44, 45, 37, 29, 30, 22, 23, 31, 39, 38, 46, 47]
[00:00:00:00:165] ! Unidirectional s-t. expansions: 196, time: 165 [ms], path length: 40 [edges], generated: 349
[00:00:00:00:030] Expansion 39: New longest path found with length 40: [47, 39, 31, 23, 22, 14, 13, 5, 4, 3, 11, 12, 20, 19, 18, 10, 9, 17, 25, 33, 34, 26, 27, 35, 36, 37, 29, 30, 38, 46, 45, 44, 43, 42, 41, 40, 32, 24, 16, 8, 0]
[00:00:00:00:964] Path of length 40 found: [47, 39, 31, 23, 22, 14, 13, 5, 4, 3, 11, 12, 20, 19, 18, 10, 9, 17, 25, 33, 34, 26, 27, 35, 36, 37, 29, 30, 38, 46, 45, 44, 43, 42, 41, 40, 32, 24, 16, 8, 0]
[00:00:00:00:964] ! Unidirectional t-s. expansions: 1,422, time: 964 [ms], path length: 40 [edges], generated: 2,313
[00:00:00:00:029] Expansion 31: New longest path found with length 32: [0, 1, 9, 8, 16, 24, 32, 40, 41, 33, 25, 17, 18, 26, 34, 42, 43, 35, 27, 19, 20, 12, 11, 3, 4, 5, 13, 14, 22, 23, 31, 39, 47]
[00:00:00:00:030] Expansion 33: New longest path found with length 34: [0, 1, 9, 8, 16, 24, 32, 40, 41, 33, 25, 17, 18, 26, 34, 42, 43, 44, 36, 35, 27, 19, 20, 12, 11, 3, 4, 5, 13, 14, 22, 23, 31, 39, 47]
[00:00:00:00:031] Expansion 35: New longest path found with length 36: [0, 1, 9, 8, 16, 24, 32, 40, 41, 33, 25, 17, 18, 26, 34, 42, 43, 44, 45, 37, 36, 35, 27, 19, 20, 12, 11, 3, 4, 5, 13, 14, 22, 23, 31, 39, 47]
[00:00:00:00:032] Expansion 39: New longest path found with length 40: [0, 1, 9, 8, 16, 24, 32, 40, 41, 33, 25, 17, 18, 26, 34, 42, 43, 44, 45, 46, 38, 30, 29, 37, 36, 35, 27, 19, 20, 12, 11, 3, 4, 5, 13, 14, 22, 23, 31, 39, 47]
[00:00:00:00:531] Path of length 40 found: [0, 1, 9, 8, 16, 24, 32, 40, 41, 33, 25, 17, 18, 26, 34, 42, 43, 44, 45, 46, 38, 30, 29, 37, 36, 35, 27, 19, 20, 12, 11, 3, 4, 5, 13, 14, 22, 23, 31, 39, 47]
[00:00:00:00:867] ! Bidirectional. expansions: 681, time: 531 [ms], path length: 40 [edges], g_F: 21, g_B: 19, generated: {'F': 652, 'B': 548}, MM: 2, MMPER: 3.8780487804878048%
[00:00:00:00:868] average expansions: (1,216, 1,308, 1,105, 0)
[00:00:00:00:868] average time: (860, 899, 855, 0)
[00:00:00:00:868] X-DFBnB: 1,216 , 860 (expansions , time[ms])
[00:00:00:00:868] BiX-DFBnB: 1,105 , 855 (expansions , time[ms])

