--------------------------
date: SM_Grids
number_of_graphs: 10
graph_type: grid
size_of_graphs: [7, 7]
heuristic: bcc_heuristic
snake: False
run_uni: True
run_bi: True
run_multi: False
solution_vertices: []
algorithms: ['DFBnB']
bsd: False
cube_first_dims: 4
cube_buffer_dim: None
backward_sym_generation: False
sym_coil: False
prefix_set: None

---------- SM_Grids/7x7_grid_with_random_blocks_8per_0 ----------
[00:00:00:00:032] Expansion 43: New longest path found with length 44: [0, 7, 8, 1, 2, 9, 16, 15, 22, 21, 28, 35, 42, 43, 36, 29, 30, 37, 44, 45, 38, 31, 32, 25, 18, 17, 10, 3, 4, 11, 12, 5, 6, 13, 20, 19, 26, 27, 34, 33, 40, 39, 46, 47, 48]
[00:00:00:02:688] Path of length 44 found: [0, 7, 8, 1, 2, 9, 16, 15, 22, 21, 28, 35, 42, 43, 36, 29, 30, 37, 44, 45, 38, 31, 32, 25, 18, 17, 10, 3, 4, 11, 12, 5, 6, 13, 20, 19, 26, 27, 34, 33, 40, 39, 46, 47, 48]
[00:00:00:02:688] ! Unidirectional s-t. expansions: 5,017, time: 2,688 [ms], path length: 44 [edges], generated: 8,518
[00:00:00:00:036] Expansion 43: New longest path found with length 44: [48, 41, 34, 27, 20, 13, 6, 5, 4, 3, 2, 9, 16, 17, 10, 11, 12, 19, 18, 25, 26, 33, 32, 31, 30, 29, 36, 37, 38, 39, 40, 47, 46, 45, 44, 43, 42, 35, 28, 21, 22, 15, 8, 1, 0]
[00:00:00:12:390] Path of length 44 found: [48, 41, 34, 27, 20, 13, 6, 5, 4, 3, 2, 9, 16, 17, 10, 11, 12, 19, 18, 25, 26, 33, 32, 31, 30, 29, 36, 37, 38, 39, 40, 47, 46, 45, 44, 43, 42, 35, 28, 21, 22, 15, 8, 1, 0]
[00:00:00:12:390] ! Unidirectional t-s. expansions: 21,117, time: 12,390 [ms], path length: 44 [edges], generated: 33,831
[00:00:00:00:037] Expansion 43: New longest path found with length 44: [0, 7, 8, 1, 2, 9, 16, 15, 22, 21, 28, 35, 42, 43, 36, 29, 30, 37, 44, 45, 46, 47, 40, 39, 38, 31, 32, 25, 26, 19, 12, 11, 18, 17, 10, 3, 4, 5, 6, 13, 20, 27, 34, 41, 48]
[00:00:00:07:241] Path of length 44 found: [0, 7, 8, 1, 2, 9, 16, 15, 22, 21, 28, 35, 42, 43, 36, 29, 30, 37, 44, 45, 46, 47, 40, 39, 38, 31, 32, 25, 26, 19, 12, 11, 18, 17, 10, 3, 4, 5, 6, 13, 20, 27, 34, 41, 48]
[00:00:00:07:608] ! Bidirectional. expansions: 9,924, time: 7,241 [ms], path length: 44 [edges], g_F: 23, g_B: 21, generated: {'F': 9,679, 'B': 8,712}, MM: 2, MMPER: 3.4444444444444446%
[00:00:00:07:608] 
---------- SM_Grids/7x7_grid_with_random_blocks_8per_1 ----------
[00:00:00:00:037] Expansion 39: New longest path found with length 40: [0, 7, 14, 21, 28, 35, 42, 43, 36, 29, 22, 15, 8, 9, 2, 3, 10, 17, 16, 23, 30, 31, 24, 25, 18, 11, 4, 5, 6, 13, 12, 19, 20, 27, 26, 33, 32, 39, 46, 47, 48]
[00:00:00:00:038] Expansion 41: New longest path found with length 42: [0, 7, 14, 21, 28, 35, 42, 43, 36, 29, 22, 15, 8, 9, 2, 3, 10, 17, 16, 23, 30, 31, 24, 25, 18, 11, 4, 5, 6, 13, 12, 19, 20, 27, 26, 33, 32, 39, 46, 47, 40, 41, 48]
[00:00:00:18:310] Path of length 42 found: [0, 7, 14, 21, 28, 35, 42, 43, 36, 29, 22, 15, 8, 9, 2, 3, 10, 17, 16, 23, 30, 31, 24, 25, 18, 11, 4, 5, 6, 13, 12, 19, 20, 27, 26, 33, 32, 39, 46, 47, 40, 41, 48]
[00:00:00:18:310] ! Unidirectional s-t. expansions: 26,147, time: 18,310 [ms], path length: 42 [edges], generated: 46,378
[00:00:00:00:037] Expansion 41: New longest path found with length 42: [48, 41, 34, 27, 20, 13, 6, 5, 4, 3, 2, 9, 8, 15, 22, 23, 16, 17, 10, 11, 12, 19, 18, 25, 26, 33, 40, 47, 46, 39, 32, 31, 30, 29, 36, 43, 42, 35, 28, 21, 14, 7, 0]
[00:00:00:34:149] Path of length 42 found: [48, 41, 34, 27, 20, 13, 6, 5, 4, 3, 2, 9, 8, 15, 22, 23, 16, 17, 10, 11, 12, 19, 18, 25, 26, 33, 40, 47, 46, 39, 32, 31, 30, 29, 36, 43, 42, 35, 28, 21, 14, 7, 0]
[00:00:00:34:150] ! Unidirectional t-s. expansions: 50,419, time: 34,149 [ms], path length: 42 [edges], generated: 86,655
[00:00:00:00:028] Expansion 23: New longest path found with length 24: [0, 7, 14, 21, 28, 35, 42, 43, 36, 29, 22, 15, 16, 9, 2, 3, 4, 5, 6, 13, 20, 27, 34, 41, 48]
[00:00:00:00:033] Expansion 29: New longest path found with length 30: [0, 7, 14, 21, 28, 35, 42, 43, 36, 29, 22, 15, 16, 23, 30, 31, 24, 17, 10, 9, 2, 3, 4, 5, 6, 13, 20, 27, 34, 41, 48]
[00:00:00:00:038] Expansion 41: New longest path found with length 42: [0, 7, 14, 21, 28, 35, 42, 43, 36, 29, 22, 15, 16, 23, 30, 31, 38, 39, 46, 47, 40, 33, 26, 19, 12, 11, 18, 25, 24, 17, 10, 9, 2, 3, 4, 5, 6, 13, 20, 27, 34, 41, 48]
[00:00:00:25:535] Path of length 42 found: [0, 7, 14, 21, 28, 35, 42, 43, 36, 29, 22, 15, 16, 23, 30, 31, 38, 39, 46, 47, 40, 33, 26, 19, 12, 11, 18, 25, 24, 17, 10, 9, 2, 3, 4, 5, 6, 13, 20, 27, 34, 41, 48]
[00:00:00:25:859] ! Bidirectional. expansions: 38,540, time: 25,536 [ms], path length: 42 [edges], g_F: 22, g_B: 20, generated: {'F': 38,171, 'B': 36,758}, MM: 2, MMPER: 3.6511627906976747%
[00:00:00:25:860] 
---------- SM_Grids/7x7_grid_with_random_blocks_8per_2 ----------
[00:00:00:00:038] Expansion 41: New longest path found with length 42: [0, 7, 14, 21, 28, 35, 36, 43, 44, 37, 30, 29, 22, 15, 8, 9, 2, 3, 10, 17, 16, 23, 24, 31, 38, 45, 46, 39, 32, 33, 26, 19, 18, 11, 4, 5, 12, 13, 20, 27, 34, 41, 48]
[00:00:00:00:038] Expansion 43: New longest path found with length 44: [0, 7, 14, 21, 28, 35, 36, 43, 44, 37, 30, 29, 22, 15, 8, 9, 2, 3, 10, 17, 16, 23, 24, 31, 38, 45, 46, 39, 32, 33, 26, 19, 18, 11, 4, 5, 12, 13, 20, 27, 34, 41, 40, 47, 48]
[00:00:00:05:555] Path of length 44 found: [0, 7, 14, 21, 28, 35, 36, 43, 44, 37, 30, 29, 22, 15, 8, 9, 2, 3, 10, 17, 16, 23, 24, 31, 38, 45, 46, 39, 32, 33, 26, 19, 18, 11, 4, 5, 12, 13, 20, 27, 34, 41, 40, 47, 48]
[00:00:00:05:555] ! Unidirectional s-t. expansions: 7,783, time: 5,555 [ms], path length: 44 [edges], generated: 13,538
[00:00:00:00:036] Expansion 41: New longest path found with length 42: [48, 41, 34, 27, 20, 13, 6, 5, 4, 3, 2, 9, 8, 15, 22, 29, 30, 23, 16, 17, 10, 11, 18, 19, 26, 33, 32, 31, 38, 39, 40, 47, 46, 45, 44, 37, 36, 35, 28, 21, 14, 7, 0]
[00:00:00:00:122] Expansion 195: New longest path found with length 44: [48, 41, 34, 27, 20, 13, 6, 5, 4, 3, 2, 9, 8, 15, 22, 29, 30, 37, 38, 31, 24, 23, 16, 17, 10, 11, 18, 19, 26, 33, 32, 39, 40, 47, 46, 45, 44, 43, 36, 35, 28, 21, 14, 7, 0]
[00:00:00:10:721] Path of length 44 found: [48, 41, 34, 27, 20, 13, 6, 5, 4, 3, 2, 9, 8, 15, 22, 29, 30, 37, 38, 31, 24, 23, 16, 17, 10, 11, 18, 19, 26, 33, 32, 39, 40, 47, 46, 45, 44, 43, 36, 35, 28, 21, 14, 7, 0]
[00:00:00:10:721] ! Unidirectional t-s. expansions: 15,054, time: 10,721 [ms], path length: 44 [edges], generated: 25,383
[00:00:00:00:037] Expansion 43: New longest path found with length 44: [0, 7, 14, 21, 28, 35, 36, 43, 44, 37, 30, 29, 22, 23, 24, 31, 38, 45, 46, 47, 40, 39, 32, 33, 26, 19, 18, 11, 10, 17, 16, 15, 8, 9, 2, 3, 4, 5, 6, 13, 20, 27, 34, 41, 48]
[00:00:00:14:460] Path of length 44 found: [0, 7, 14, 21, 28, 35, 36, 43, 44, 37, 30, 29, 22, 23, 24, 31, 38, 45, 46, 47, 40, 39, 32, 33, 26, 19, 18, 11, 10, 17, 16, 15, 8, 9, 2, 3, 4, 5, 6, 13, 20, 27, 34, 41, 48]
[00:00:00:14:783] ! Bidirectional. expansions: 20,129, time: 14,460 [ms], path length: 44 [edges], g_F: 23, g_B: 21, generated: {'F': 19,519, 'B': 18,730}, MM: 2, MMPER: 3.4444444444444446%
[00:00:00:14:783] 
---------- SM_Grids/7x7_grid_with_random_blocks_8per_3 ----------
[00:00:00:00:036] Expansion 43: New longest path found with length 44: [0, 7, 14, 21, 28, 35, 42, 43, 44, 37, 30, 29, 22, 23, 16, 9, 8, 1, 2, 3, 10, 17, 24, 31, 38, 45, 46, 39, 32, 25, 18, 11, 4, 5, 6, 13, 12, 19, 20, 27, 26, 33, 40, 47, 48]
[00:00:00:17:351] Path of length 44 found: [0, 7, 14, 21, 28, 35, 42, 43, 44, 37, 30, 29, 22, 23, 16, 9, 8, 1, 2, 3, 10, 17, 24, 31, 38, 45, 46, 39, 32, 25, 18, 11, 4, 5, 6, 13, 12, 19, 20, 27, 26, 33, 40, 47, 48]
[00:00:00:17:352] ! Unidirectional s-t. expansions: 31,469, time: 17,351 [ms], path length: 44 [edges], generated: 48,489
[00:00:00:00:021] Expansion 17: New longest path found with length 18: [48, 41, 40, 47, 46, 39, 32, 33, 26, 27, 20, 13, 6, 5, 4, 3, 2, 1, 0]
[00:00:00:00:036] Expansion 43: New longest path found with length 44: [48, 41, 40, 47, 46, 39, 32, 33, 26, 27, 20, 13, 6, 5, 4, 3, 2, 1, 8, 9, 16, 17, 10, 11, 12, 19, 18, 25, 24, 23, 22, 29, 30, 31, 38, 37, 44, 43, 42, 35, 28, 21, 14, 7, 0]
[00:00:00:00:777] Path of length 44 found: [48, 41, 40, 47, 46, 39, 32, 33, 26, 27, 20, 13, 6, 5, 4, 3, 2, 1, 8, 9, 16, 17, 10, 11, 12, 19, 18, 25, 24, 23, 22, 29, 30, 31, 38, 37, 44, 43, 42, 35, 28, 21, 14, 7, 0]
[00:00:00:00:777] ! Unidirectional t-s. expansions: 981, time: 777 [ms], path length: 44 [edges], generated: 1,758
[00:00:00:00:039] Expansion 43: New longest path found with length 44: [0, 7, 14, 21, 28, 35, 42, 43, 44, 45, 38, 37, 30, 29, 22, 23, 16, 17, 24, 25, 18, 19, 12, 11, 10, 9, 8, 1, 2, 3, 4, 5, 6, 13, 20, 27, 26, 33, 32, 39, 46, 47, 40, 41, 48]
[00:00:00:02:026] Path of length 44 found: [0, 7, 14, 21, 28, 35, 42, 43, 44, 45, 38, 37, 30, 29, 22, 23, 16, 17, 24, 25, 18, 19, 12, 11, 10, 9, 8, 1, 2, 3, 4, 5, 6, 13, 20, 27, 26, 33, 32, 39, 46, 47, 40, 41, 48]
[00:00:00:02:360] ! Bidirectional. expansions: 2,530, time: 2,027 [ms], path length: 44 [edges], g_F: 23, g_B: 21, generated: {'F': 2,307, 'B': 2,407}, MM: 2, MMPER: 3.4444444444444446%
[00:00:00:02:360] 
---------- SM_Grids/7x7_grid_with_random_blocks_8per_4 ----------
[00:00:00:00:039] Expansion 41: New longest path found with length 42: [0, 7, 14, 21, 28, 35, 42, 43, 36, 29, 22, 15, 8, 1, 2, 9, 16, 23, 30, 37, 38, 45, 46, 39, 32, 31, 24, 25, 18, 11, 4, 5, 6, 13, 12, 19, 20, 27, 26, 33, 34, 41, 48]
[00:00:00:00:039] Expansion 43: New longest path found with length 44: [0, 7, 14, 21, 28, 35, 42, 43, 36, 29, 22, 15, 8, 1, 2, 9, 16, 23, 30, 37, 38, 45, 46, 39, 32, 31, 24, 25, 18, 11, 4, 5, 6, 13, 12, 19, 20, 27, 26, 33, 34, 41, 40, 47, 48]
[00:00:00:00:536] Path of length 44 found: [0, 7, 14, 21, 28, 35, 42, 43, 36, 29, 22, 15, 8, 1, 2, 9, 16, 23, 30, 37, 38, 45, 46, 39, 32, 31, 24, 25, 18, 11, 4, 5, 6, 13, 12, 19, 20, 27, 26, 33, 34, 41, 40, 47, 48]
[00:00:00:00:537] ! Unidirectional s-t. expansions: 606, time: 536 [ms], path length: 44 [edges], generated: 1,003
[00:00:00:00:017] Expansion 13: New longest path found with length 14: [48, 41, 34, 27, 20, 13, 6, 5, 4, 11, 10, 9, 2, 1, 0]
[00:00:00:00:037] Expansion 43: New longest path found with length 44: [48, 41, 34, 27, 20, 13, 6, 5, 4, 11, 10, 9, 2, 1, 8, 15, 16, 23, 22, 29, 30, 31, 24, 25, 18, 19, 26, 33, 32, 39, 40, 47, 46, 45, 38, 37, 36, 43, 42, 35, 28, 21, 14, 7, 0]
[00:00:00:01:822] Path of length 44 found: [48, 41, 34, 27, 20, 13, 6, 5, 4, 11, 10, 9, 2, 1, 8, 15, 16, 23, 22, 29, 30, 31, 24, 25, 18, 19, 26, 33, 32, 39, 40, 47, 46, 45, 38, 37, 36, 43, 42, 35, 28, 21, 14, 7, 0]
[00:00:00:01:822] ! Unidirectional t-s. expansions: 2,159, time: 1,822 [ms], path length: 44 [edges], generated: 3,653
[00:00:00:00:038] Expansion 43: New longest path found with length 44: [0, 7, 14, 21, 28, 35, 42, 43, 36, 29, 22, 15, 8, 1, 2, 9, 16, 23, 24, 31, 30, 37, 38, 45, 46, 47, 40, 39, 32, 33, 26, 25, 18, 19, 12, 11, 4, 5, 6, 13, 20, 27, 34, 41, 48]
[00:00:00:02:648] Path of length 44 found: [0, 7, 14, 21, 28, 35, 42, 43, 36, 29, 22, 15, 8, 1, 2, 9, 16, 23, 24, 31, 30, 37, 38, 45, 46, 47, 40, 39, 32, 33, 26, 25, 18, 19, 12, 11, 4, 5, 6, 13, 20, 27, 34, 41, 48]
[00:00:00:02:975] ! Bidirectional. expansions: 3,215, time: 2,648 [ms], path length: 44 [edges], g_F: 23, g_B: 21, generated: {'F': 2,803, 'B': 2,842}, MM: 2, MMPER: 3.4444444444444446%
[00:00:00:02:975] 
---------- SM_Grids/7x7_grid_with_random_blocks_8per_5 ----------
[00:00:00:00:039] Expansion 43: New longest path found with length 44: [0, 7, 14, 21, 28, 35, 42, 43, 36, 29, 22, 15, 8, 1, 2, 9, 10, 17, 24, 23, 30, 37, 44, 45, 46, 39, 38, 31, 32, 25, 18, 11, 12, 5, 6, 13, 20, 19, 26, 27, 34, 33, 40, 41, 48]
[00:00:00:01:190] Path of length 44 found: [0, 7, 14, 21, 28, 35, 42, 43, 36, 29, 22, 15, 8, 1, 2, 9, 10, 17, 24, 23, 30, 37, 44, 45, 46, 39, 38, 31, 32, 25, 18, 11, 12, 5, 6, 13, 20, 19, 26, 27, 34, 33, 40, 41, 48]
[00:00:00:01:190] ! Unidirectional s-t. expansions: 1,376, time: 1,190 [ms], path length: 44 [edges], generated: 2,304
[00:00:00:00:037] Expansion 41: New longest path found with length 42: [48, 41, 34, 27, 20, 13, 6, 5, 12, 11, 10, 3, 2, 9, 8, 15, 22, 29, 36, 37, 30, 23, 24, 17, 18, 19, 26, 25, 32, 33, 40, 39, 38, 45, 44, 43, 42, 35, 28, 21, 14, 7, 0]
[00:00:00:00:078] Expansion 110: New longest path found with length 44: [48, 41, 34, 27, 20, 13, 6, 5, 12, 11, 10, 3, 2, 9, 8, 15, 22, 29, 36, 37, 38, 31, 30, 23, 24, 17, 18, 19, 26, 25, 32, 33, 40, 39, 46, 45, 44, 43, 42, 35, 28, 21, 14, 7, 0]
[00:00:00:06:245] Path of length 44 found: [48, 41, 34, 27, 20, 13, 6, 5, 12, 11, 10, 3, 2, 9, 8, 15, 22, 29, 36, 37, 38, 31, 30, 23, 24, 17, 18, 19, 26, 25, 32, 33, 40, 39, 46, 45, 44, 43, 42, 35, 28, 21, 14, 7, 0]
[00:00:00:06:245] ! Unidirectional t-s. expansions: 9,932, time: 6,245 [ms], path length: 44 [edges], generated: 15,684
[00:00:00:00:036] Expansion 37: New longest path found with length 38: [0, 7, 14, 21, 28, 35, 42, 43, 36, 29, 22, 23, 30, 37, 44, 45, 38, 39, 40, 33, 26, 19, 18, 25, 32, 31, 24, 17, 10, 11, 12, 5, 6, 13, 20, 27, 34, 41, 48]
[00:00:00:00:087] Expansion 119: New longest path found with length 44: [0, 7, 14, 21, 28, 35, 42, 43, 36, 29, 22, 15, 8, 1, 2, 9, 10, 17, 24, 23, 30, 31, 38, 37, 44, 45, 46, 39, 40, 33, 32, 25, 26, 19, 18, 11, 12, 5, 6, 13, 20, 27, 34, 41, 48]
[00:00:00:03:094] Path of length 44 found: [0, 7, 14, 21, 28, 35, 42, 43, 36, 29, 22, 15, 8, 1, 2, 9, 10, 17, 24, 23, 30, 31, 38, 37, 44, 45, 46, 39, 40, 33, 32, 25, 26, 19, 18, 11, 12, 5, 6, 13, 20, 27, 34, 41, 48]
[00:00:00:03:423] ! Bidirectional. expansions: 4,070, time: 3,095 [ms], path length: 44 [edges], g_F: 23, g_B: 21, generated: {'F': 3,658, 'B': 3,762}, MM: 2, MMPER: 3.4444444444444446%
[00:00:00:03:424] 
---------- SM_Grids/7x7_grid_with_random_blocks_8per_6 ----------
[00:00:00:00:038] Expansion 43: New longest path found with length 44: [0, 1, 8, 15, 14, 21, 28, 35, 42, 43, 36, 29, 22, 23, 16, 9, 2, 3, 4, 11, 18, 17, 24, 25, 26, 19, 12, 5, 6, 13, 20, 27, 34, 33, 40, 39, 38, 31, 30, 37, 44, 45, 46, 47, 48]
[00:00:00:07:600] Path of length 44 found: [0, 1, 8, 15, 14, 21, 28, 35, 42, 43, 36, 29, 22, 23, 16, 9, 2, 3, 4, 11, 18, 17, 24, 25, 26, 19, 12, 5, 6, 13, 20, 27, 34, 33, 40, 39, 38, 31, 30, 37, 44, 45, 46, 47, 48]
[00:00:00:07:601] ! Unidirectional s-t. expansions: 12,605, time: 7,601 [ms], path length: 44 [edges], generated: 20,070
[00:00:00:00:037] Expansion 43: New longest path found with length 44: [48, 41, 34, 27, 20, 13, 6, 5, 4, 3, 2, 9, 16, 23, 22, 29, 36, 37, 30, 31, 24, 17, 18, 11, 12, 19, 26, 33, 40, 47, 46, 39, 38, 45, 44, 43, 42, 35, 28, 21, 14, 15, 8, 1, 0]
[00:00:00:02:945] Path of length 44 found: [48, 41, 34, 27, 20, 13, 6, 5, 4, 3, 2, 9, 16, 23, 22, 29, 36, 37, 30, 31, 24, 17, 18, 11, 12, 19, 26, 33, 40, 47, 46, 39, 38, 45, 44, 43, 42, 35, 28, 21, 14, 15, 8, 1, 0]
[00:00:00:02:945] ! Unidirectional t-s. expansions: 3,534, time: 2,945 [ms], path length: 44 [edges], generated: 6,037
[00:00:00:00:028] Expansion 25: New longest path found with length 26: [0, 1, 8, 15, 14, 21, 28, 35, 42, 43, 36, 29, 22, 23, 16, 9, 2, 3, 4, 5, 6, 13, 20, 27, 34, 41, 48]
[00:00:00:00:037] Expansion 43: New longest path found with length 44: [0, 1, 8, 15, 14, 21, 28, 35, 42, 43, 36, 29, 22, 23, 30, 37, 44, 45, 38, 39, 46, 47, 40, 33, 26, 19, 12, 11, 18, 25, 24, 17, 16, 9, 2, 3, 4, 5, 6, 13, 20, 27, 34, 41, 48]
[00:00:00:07:123] Path of length 44 found: [0, 1, 8, 15, 14, 21, 28, 35, 42, 43, 36, 29, 22, 23, 30, 37, 44, 45, 38, 39, 46, 47, 40, 33, 26, 19, 12, 11, 18, 25, 24, 17, 16, 9, 2, 3, 4, 5, 6, 13, 20, 27, 34, 41, 48]
[00:00:00:07:451] ! Bidirectional. expansions: 9,924, time: 7,123 [ms], path length: 44 [edges], g_F: 23, g_B: 21, generated: {'F': 9,119, 'B': 9,060}, MM: 2, MMPER: 3.4444444444444446%
[00:00:00:07:451] 
---------- SM_Grids/7x7_grid_with_random_blocks_8per_7 ----------
[00:00:00:00:039] Expansion 41: New longest path found with length 42: [0, 7, 14, 21, 28, 35, 42, 43, 36, 29, 22, 15, 8, 1, 2, 9, 16, 23, 30, 37, 44, 45, 38, 31, 24, 17, 10, 3, 4, 5, 12, 11, 18, 19, 26, 25, 32, 33, 40, 39, 46, 47, 48]
[00:00:01:20:260] Path of length 42 found: [0, 7, 14, 21, 28, 35, 42, 43, 36, 29, 22, 15, 8, 1, 2, 9, 16, 23, 30, 37, 44, 45, 38, 31, 24, 17, 10, 3, 4, 5, 12, 11, 18, 19, 26, 25, 32, 33, 40, 39, 46, 47, 48]
[00:00:01:20:261] ! Unidirectional s-t. expansions: 129,818, time: 80,261 [ms], path length: 42 [edges], generated: 217,411
[00:00:00:00:022] Expansion 15: New longest path found with length 16: [48, 41, 40, 47, 46, 39, 32, 33, 26, 19, 12, 5, 4, 3, 2, 1, 0]
[00:00:00:00:039] Expansion 41: New longest path found with length 42: [48, 41, 40, 47, 46, 39, 32, 33, 26, 19, 12, 5, 4, 3, 2, 1, 8, 15, 22, 29, 36, 37, 30, 23, 16, 9, 10, 11, 18, 17, 24, 31, 38, 45, 44, 43, 42, 35, 28, 21, 14, 7, 0]
[00:00:00:15:096] Path of length 42 found: [48, 41, 40, 47, 46, 39, 32, 33, 26, 19, 12, 5, 4, 3, 2, 1, 8, 15, 22, 29, 36, 37, 30, 23, 16, 9, 10, 11, 18, 17, 24, 31, 38, 45, 44, 43, 42, 35, 28, 21, 14, 7, 0]
[00:00:00:15:097] ! Unidirectional t-s. expansions: 21,730, time: 15,096 [ms], path length: 42 [edges], generated: 38,633
[00:00:00:00:032] Expansion 27: New longest path found with length 28: [0, 7, 14, 21, 28, 35, 42, 43, 36, 29, 22, 15, 8, 1, 2, 3, 4, 5, 12, 19, 26, 33, 32, 39, 46, 47, 40, 41, 48]
[00:00:00:00:033] Expansion 29: New longest path found with length 30: [0, 7, 14, 21, 28, 35, 42, 43, 36, 29, 22, 15, 8, 1, 2, 9, 10, 3, 4, 5, 12, 19, 26, 33, 32, 39, 46, 47, 40, 41, 48]
[00:00:00:00:038] Expansion 41: New longest path found with length 42: [0, 7, 14, 21, 28, 35, 42, 43, 36, 29, 22, 15, 8, 1, 2, 9, 16, 23, 30, 37, 44, 45, 38, 31, 24, 17, 18, 11, 10, 3, 4, 5, 12, 19, 26, 33, 32, 39, 46, 47, 40, 41, 48]
[00:00:00:22:338] Path of length 42 found: [0, 7, 14, 21, 28, 35, 42, 43, 36, 29, 22, 15, 8, 1, 2, 9, 16, 23, 30, 37, 44, 45, 38, 31, 24, 17, 18, 11, 10, 3, 4, 5, 12, 19, 26, 33, 32, 39, 46, 47, 40, 41, 48]
[00:00:00:22:672] ! Bidirectional. expansions: 32,775, time: 22,338 [ms], path length: 42 [edges], g_F: 22, g_B: 20, generated: {'F': 32,578, 'B': 32,541}, MM: 2, MMPER: 3.6511627906976747%
[00:00:00:22:673] 
---------- SM_Grids/7x7_grid_with_random_blocks_8per_8 ----------
[00:00:00:00:041] Expansion 41: New longest path found with length 42: [0, 7, 8, 1, 2, 9, 16, 15, 22, 21, 28, 35, 42, 43, 44, 37, 38, 45, 46, 39, 32, 31, 24, 17, 10, 3, 4, 11, 18, 25, 26, 19, 12, 5, 6, 13, 20, 27, 34, 33, 40, 47, 48]
[00:00:00:49:795] Path of length 42 found: [0, 7, 8, 1, 2, 9, 16, 15, 22, 21, 28, 35, 42, 43, 44, 37, 38, 45, 46, 39, 32, 31, 24, 17, 10, 3, 4, 11, 18, 25, 26, 19, 12, 5, 6, 13, 20, 27, 34, 33, 40, 47, 48]
[00:00:00:49:795] ! Unidirectional s-t. expansions: 69,642, time: 49,795 [ms], path length: 42 [edges], generated: 121,724
[00:00:00:00:038] Expansion 41: New longest path found with length 42: [48, 41, 34, 27, 20, 13, 6, 5, 4, 3, 2, 9, 16, 23, 24, 17, 10, 11, 12, 19, 18, 25, 26, 33, 32, 31, 38, 39, 40, 47, 46, 45, 44, 43, 42, 35, 28, 21, 22, 15, 8, 1, 0]
[00:00:01:30:398] Path of length 42 found: [48, 41, 34, 27, 20, 13, 6, 5, 4, 3, 2, 9, 16, 23, 24, 17, 10, 11, 12, 19, 18, 25, 26, 33, 32, 31, 38, 39, 40, 47, 46, 45, 44, 43, 42, 35, 28, 21, 22, 15, 8, 1, 0]
[00:00:01:30:398] ! Unidirectional t-s. expansions: 133,539, time: 90,398 [ms], path length: 42 [edges], generated: 226,954
[00:00:00:00:032] Expansion 29: New longest path found with length 30: [0, 7, 8, 1, 2, 9, 16, 15, 22, 21, 28, 35, 42, 43, 44, 45, 38, 31, 24, 17, 10, 3, 4, 5, 6, 13, 20, 27, 34, 41, 48]
[00:00:00:00:033] Expansion 31: New longest path found with length 32: [0, 7, 8, 1, 2, 9, 16, 15, 22, 21, 28, 35, 42, 43, 44, 45, 46, 39, 38, 31, 24, 17, 10, 3, 4, 5, 6, 13, 20, 27, 34, 41, 48]
[00:00:00:00:037] Expansion 41: New longest path found with length 42: [0, 7, 8, 1, 2, 9, 16, 15, 22, 21, 28, 35, 42, 43, 44, 45, 46, 47, 40, 33, 26, 19, 12, 11, 18, 25, 32, 39, 38, 31, 24, 17, 10, 3, 4, 5, 6, 13, 20, 27, 34, 41, 48]
[00:00:01:35:843] Path of length 42 found: [0, 7, 8, 1, 2, 9, 16, 15, 22, 21, 28, 35, 42, 43, 44, 45, 46, 47, 40, 33, 26, 19, 12, 11, 18, 25, 32, 39, 38, 31, 24, 17, 10, 3, 4, 5, 6, 13, 20, 27, 34, 41, 48]
[00:00:01:36:209] ! Bidirectional. expansions: 129,685, time: 95,844 [ms], path length: 42 [edges], g_F: 22, g_B: 20, generated: {'F': 121,021, 'B': 117,769}, MM: 2, MMPER: 3.6511627906976747%
[00:00:01:36:209] 
---------- SM_Grids/7x7_grid_with_random_blocks_8per_9 ----------
[00:00:00:00:038] Expansion 43: New longest path found with length 44: [0, 7, 14, 21, 28, 35, 42, 43, 36, 29, 22, 15, 8, 1, 2, 9, 16, 23, 30, 37, 44, 45, 46, 39, 38, 31, 32, 25, 18, 17, 10, 3, 4, 11, 12, 5, 6, 13, 20, 27, 26, 33, 40, 41, 48]
[00:00:00:08:225] Path of length 44 found: [0, 7, 14, 21, 28, 35, 42, 43, 36, 29, 22, 15, 8, 1, 2, 9, 16, 23, 30, 37, 44, 45, 46, 39, 38, 31, 32, 25, 18, 17, 10, 3, 4, 11, 12, 5, 6, 13, 20, 27, 26, 33, 40, 41, 48]
[00:00:00:08:225] ! Unidirectional s-t. expansions: 11,935, time: 8,225 [ms], path length: 44 [edges], generated: 19,390
[00:00:00:00:016] Expansion 13: New longest path found with length 14: [48, 41, 34, 27, 20, 13, 6, 5, 12, 11, 4, 3, 2, 1, 0]
[00:00:00:00:036] Expansion 43: New longest path found with length 44: [48, 41, 34, 27, 20, 13, 6, 5, 12, 11, 4, 3, 2, 1, 8, 15, 22, 29, 36, 37, 30, 23, 16, 9, 10, 17, 18, 25, 26, 33, 40, 39, 32, 31, 38, 45, 44, 43, 42, 35, 28, 21, 14, 7, 0]
[00:00:00:01:691] Path of length 44 found: [48, 41, 34, 27, 20, 13, 6, 5, 12, 11, 4, 3, 2, 1, 8, 15, 22, 29, 36, 37, 30, 23, 16, 9, 10, 17, 18, 25, 26, 33, 40, 39, 32, 31, 38, 45, 44, 43, 42, 35, 28, 21, 14, 7, 0]
[00:00:00:01:691] ! Unidirectional t-s. expansions: 2,090, time: 1,691 [ms], path length: 44 [edges], generated: 3,538
[00:00:00:00:042] Expansion 43: New longest path found with length 44: [0, 7, 14, 21, 28, 35, 42, 43, 36, 29, 22, 15, 8, 1, 2, 9, 16, 23, 30, 37, 44, 45, 38, 31, 32, 39, 40, 33, 26, 25, 18, 17, 10, 3, 4, 11, 12, 5, 6, 13, 20, 27, 34, 41, 48]
[00:00:00:07:009] Path of length 44 found: [0, 7, 14, 21, 28, 35, 42, 43, 36, 29, 22, 15, 8, 1, 2, 9, 16, 23, 30, 37, 44, 45, 38, 31, 32, 39, 40, 33, 26, 25, 18, 17, 10, 3, 4, 11, 12, 5, 6, 13, 20, 27, 34, 41, 48]
[00:00:00:07:338] ! Bidirectional. expansions: 9,342, time: 7,009 [ms], path length: 44 [edges], g_F: 23, g_B: 21, generated: {'F': 8,228, 'B': 8,352}, MM: 2, MMPER: 3.4444444444444446%
[00:00:00:07:338] average expansions: (29,640, 26,056, 26,013, 0)
[00:00:00:07:338] average time: (19,151, 17,623, 18,732, 0)
[00:00:00:07:338] X-DFBnB: 26,056 , 17,623 (expansions , time[ms])
[00:00:00:07:338] BiX-DFBnB: 26,013 , 18,732 (expansions , time[ms])

