--------------------------
date: SM_Grids
number_of_graphs: 10
graph_type: grid
size_of_graphs: [9, 9]
heuristic: bcc_heuristic
snake: True
run_uni: True
run_bi: True
run_multi: False
solution_vertices: []
algorithms: ['DFBnB']
bsd: False
cube_first_dims: 4
cube_buffer_dim: None
backward_sym_generation: False
sym_coil: False
prefix_set: None

---------- SM_Grids/9x9_grid_with_random_blocks_8per_0 ----------
[00:00:00:01:188] Expansion 483: New longest path found with length 30: [0, 1, 10, 19, 18, 27, 36, 45, 54, 63, 72, 73, 74, 75, 66, 57, 56, 47, 38, 29, 30, 31, 40, 49, 50, 59, 60, 61, 62, 71, 80]
[00:00:00:01:238] Expansion 500: New longest path found with length 42: [0, 1, 10, 19, 18, 27, 36, 45, 54, 63, 72, 73, 74, 75, 66, 57, 56, 47, 38, 29, 30, 31, 40, 49, 50, 51, 42, 33, 24, 23, 14, 5, 6, 7, 16, 17, 26, 35, 44, 53, 62, 71, 80]
[00:00:00:01:345] Expansion 531: New longest path found with length 46: [0, 1, 10, 19, 18, 27, 36, 45, 54, 63, 72, 73, 74, 75, 66, 57, 56, 47, 38, 29, 30, 31, 40, 41, 42, 33, 24, 23, 14, 5, 6, 7, 16, 17, 26, 35, 44, 53, 52, 61, 60, 59, 68, 77, 78, 79, 80]
[00:00:00:12:407] Expansion 2,677: New longest path found with length 48: [0, 1, 10, 19, 18, 27, 36, 37, 38, 29, 30, 31, 22, 13, 4, 5, 6, 7, 8, 17, 26, 25, 24, 33, 42, 43, 44, 53, 62, 61, 60, 59, 50, 49, 48, 57, 56, 55, 54, 63, 72, 73, 74, 75, 76, 77, 78, 79, 80]
[00:00:02:12:868] Path of length 48 found: [0, 1, 10, 19, 18, 27, 36, 37, 38, 29, 30, 31, 22, 13, 4, 5, 6, 7, 8, 17, 26, 25, 24, 33, 42, 43, 44, 53, 62, 61, 60, 59, 50, 49, 48, 57, 56, 55, 54, 63, 72, 73, 74, 75, 76, 77, 78, 79, 80]
[00:00:02:12:869] ! Unidirectional s-t. expansions: 23,999, time: 132,868 [ms], path length: 48 [edges], generated: 41,523
[00:00:00:00:229] Expansion 39: New longest path found with length 40: [80, 71, 62, 53, 44, 35, 34, 25, 16, 7, 6, 5, 4, 3, 2, 11, 20, 29, 30, 31, 32, 41, 42, 51, 60, 59, 68, 77, 76, 75, 66, 57, 48, 47, 46, 37, 36, 27, 18, 9, 0]
[00:00:00:00:265] Expansion 53: New longest path found with length 42: [80, 71, 62, 53, 44, 35, 34, 25, 16, 7, 6, 5, 4, 3, 2, 11, 20, 29, 30, 31, 32, 41, 42, 51, 60, 59, 68, 77, 76, 75, 74, 73, 72, 63, 54, 55, 46, 37, 36, 27, 18, 9, 0]
[00:00:00:11:676] Expansion 3,225: New longest path found with length 44: [80, 71, 62, 53, 44, 35, 34, 25, 16, 7, 6, 5, 4, 13, 22, 23, 32, 41, 50, 51, 60, 69, 78, 77, 76, 75, 74, 73, 64, 55, 56, 57, 48, 39, 38, 37, 36, 27, 18, 19, 20, 11, 2, 1, 0]
[00:00:00:11:762] Expansion 3,253: New longest path found with length 46: [80, 71, 62, 53, 44, 35, 34, 25, 16, 7, 6, 5, 4, 13, 22, 23, 32, 41, 50, 51, 60, 69, 78, 77, 76, 75, 74, 73, 72, 63, 54, 55, 56, 57, 48, 39, 38, 37, 36, 27, 18, 19, 20, 11, 2, 1, 0]
[00:00:00:36:335] Expansion 8,546: New longest path found with length 48: [80, 71, 62, 53, 44, 35, 26, 17, 8, 7, 6, 5, 4, 13, 22, 23, 24, 33, 42, 41, 50, 59, 60, 69, 78, 77, 76, 75, 74, 73, 72, 63, 54, 55, 56, 57, 48, 39, 38, 37, 36, 27, 18, 19, 20, 11, 2, 1, 0]
[00:00:03:17:365] Path of length 48 found: [80, 71, 62, 53, 44, 35, 26, 17, 8, 7, 6, 5, 4, 13, 22, 23, 24, 33, 42, 41, 50, 59, 60, 69, 78, 77, 76, 75, 74, 73, 72, 63, 54, 55, 56, 57, 48, 39, 38, 37, 36, 27, 18, 19, 20, 11, 2, 1, 0]
[00:00:03:17:365] ! Unidirectional t-s. expansions: 38,477, time: 197,365 [ms], path length: 48 [edges], generated: 64,449
[00:00:00:00:252] Expansion 45: New longest path found with length 46: [0, 1, 10, 19, 18, 27, 36, 37, 38, 29, 30, 31, 40, 49, 48, 57, 56, 55, 54, 63, 72, 73, 74, 75, 76, 67, 68, 59, 60, 51, 42, 33, 24, 23, 14, 5, 6, 7, 8, 17, 26, 35, 44, 53, 62, 71, 80]
[00:00:00:50:628] Expansion 9,936: New longest path found with length 48: [0, 1, 2, 11, 20, 19, 18, 27, 36, 37, 38, 39, 48, 57, 56, 55, 54, 63, 72, 73, 74, 75, 76, 77, 78, 69, 60, 59, 50, 41, 32, 31, 22, 13, 4, 5, 6, 7, 8, 17, 26, 25, 34, 43, 44, 53, 62, 71, 80]
[00:00:02:49:038] Path of length 48 found: [0, 1, 2, 11, 20, 19, 18, 27, 36, 37, 38, 39, 48, 57, 56, 55, 54, 63, 72, 73, 74, 75, 76, 77, 78, 69, 60, 59, 50, 41, 32, 31, 22, 13, 4, 5, 6, 7, 8, 17, 26, 25, 34, 43, 44, 53, 62, 71, 80]
[00:00:02:49:592] ! Bidirectional. expansions: 30,417, time: 169,038 [ms], path length: 48 [edges], g_F: 25, g_B: 23, generated: {'F': 26,503, 'B': 25,025}, MM: 2, MMPER: 3.0816326530612246%
[00:00:02:49:592] 
---------- SM_Grids/9x9_grid_with_random_blocks_8per_1 ----------
[00:00:00:00:327] Expansion 63: New longest path found with length 30: [0, 9, 18, 27, 36, 45, 46, 47, 48, 39, 30, 29, 20, 11, 2, 3, 4, 13, 22, 23, 32, 41, 42, 43, 44, 53, 62, 61, 70, 79, 80]
[00:00:00:00:359] Expansion 74: New longest path found with length 36: [0, 9, 18, 27, 36, 45, 46, 47, 48, 39, 30, 29, 20, 11, 2, 3, 4, 13, 22, 23, 32, 41, 42, 43, 44, 53, 62, 61, 60, 59, 58, 67, 76, 77, 78, 79, 80]
[00:00:00:00:600] Expansion 129: New longest path found with length 38: [0, 9, 18, 27, 36, 45, 46, 47, 48, 39, 30, 29, 20, 11, 2, 3, 4, 13, 22, 23, 32, 33, 34, 35, 44, 53, 52, 51, 50, 59, 58, 67, 76, 77, 78, 69, 70, 71, 80]
[00:00:00:00:937] Expansion 212: New longest path found with length 42: [0, 9, 18, 27, 36, 45, 46, 47, 48, 39, 30, 29, 20, 11, 2, 3, 4, 13, 22, 23, 24, 15, 6, 7, 8, 17, 26, 35, 34, 43, 42, 41, 50, 59, 58, 67, 76, 77, 78, 69, 70, 71, 80]
[00:00:00:16:844] Expansion 3,694: New longest path found with length 44: [0, 9, 18, 27, 36, 45, 46, 47, 48, 57, 66, 75, 76, 77, 78, 69, 60, 59, 50, 41, 40, 31, 30, 29, 20, 11, 2, 3, 4, 13, 14, 15, 6, 7, 8, 17, 26, 25, 34, 43, 52, 53, 62, 71, 80]
[00:00:02:21:165] Path of length 44 found: [0, 9, 18, 27, 36, 45, 46, 47, 48, 57, 66, 75, 76, 77, 78, 69, 60, 59, 50, 41, 40, 31, 30, 29, 20, 11, 2, 3, 4, 13, 14, 15, 6, 7, 8, 17, 26, 25, 34, 43, 52, 53, 62, 71, 80]
[00:00:02:21:166] ! Unidirectional s-t. expansions: 28,666, time: 141,165 [ms], path length: 44 [edges], generated: 49,248
[00:00:00:00:413] Expansion 39: New longest path found with length 40: [80, 71, 62, 53, 44, 35, 34, 25, 16, 7, 6, 5, 4, 3, 2, 11, 20, 29, 30, 31, 40, 41, 50, 51, 60, 69, 78, 77, 76, 75, 66, 57, 48, 47, 46, 37, 36, 27, 18, 9, 0]
[00:00:00:34:244] Expansion 8,108: New longest path found with length 42: [80, 71, 62, 53, 44, 35, 26, 17, 8, 7, 6, 15, 14, 13, 4, 3, 2, 11, 20, 29, 30, 31, 40, 41, 50, 51, 60, 69, 78, 77, 76, 75, 66, 57, 48, 47, 46, 37, 36, 27, 18, 9, 0]
[00:00:00:39:683] Expansion 9,253: New longest path found with length 44: [80, 71, 62, 53, 44, 35, 26, 17, 8, 7, 6, 15, 24, 33, 42, 41, 50, 59, 60, 69, 78, 77, 76, 75, 66, 57, 48, 47, 46, 37, 36, 27, 18, 19, 20, 29, 30, 31, 22, 13, 4, 3, 2, 1, 0]
[00:00:04:06:502] Path of length 44 found: [80, 71, 62, 53, 44, 35, 26, 17, 8, 7, 6, 15, 24, 33, 42, 41, 50, 59, 60, 69, 78, 77, 76, 75, 66, 57, 48, 47, 46, 37, 36, 27, 18, 19, 20, 29, 30, 31, 22, 13, 4, 3, 2, 1, 0]
[00:00:04:06:503] ! Unidirectional t-s. expansions: 45,822, time: 246,502 [ms], path length: 44 [edges], generated: 80,935
[00:00:00:00:241] Expansion 39: New longest path found with length 40: [0, 9, 18, 27, 36, 45, 46, 47, 48, 57, 66, 75, 76, 77, 78, 69, 60, 51, 42, 41, 32, 31, 30, 29, 20, 11, 2, 3, 4, 5, 6, 7, 16, 25, 34, 35, 44, 53, 62, 71, 80]
[00:00:00:02:234] Expansion 578: New longest path found with length 42: [0, 9, 18, 27, 36, 45, 46, 47, 48, 57, 66, 75, 76, 77, 78, 69, 60, 59, 50, 41, 32, 31, 30, 29, 20, 11, 2, 3, 4, 13, 14, 15, 6, 7, 8, 17, 26, 35, 44, 53, 62, 71, 80]
[00:00:00:02:372] Expansion 616: New longest path found with length 44: [0, 9, 18, 27, 36, 45, 46, 47, 48, 57, 66, 75, 76, 77, 78, 69, 60, 59, 50, 41, 42, 33, 24, 23, 22, 31, 30, 29, 20, 11, 2, 3, 4, 5, 6, 7, 8, 17, 26, 35, 44, 53, 62, 71, 80]
[00:00:01:25:508] Path of length 44 found: [0, 9, 18, 27, 36, 45, 46, 47, 48, 57, 66, 75, 76, 77, 78, 69, 60, 59, 50, 41, 42, 33, 24, 23, 22, 31, 30, 29, 20, 11, 2, 3, 4, 5, 6, 7, 8, 17, 26, 35, 44, 53, 62, 71, 80]
[00:00:01:26:041] ! Bidirectional. expansions: 13,639, time: 85,508 [ms], path length: 44 [edges], g_F: 23, g_B: 21, generated: {'F': 12,788, 'B': 13,131}, MM: 2, MMPER: 3.4444444444444446%
[00:00:01:26:042] 
---------- SM_Grids/9x9_grid_with_random_blocks_8per_2 ----------
[00:00:00:00:235] Expansion 41: New longest path found with length 42: [0, 9, 18, 27, 36, 45, 54, 63, 72, 73, 74, 65, 56, 47, 38, 39, 30, 31, 22, 13, 4, 5, 6, 7, 16, 25, 34, 35, 44, 53, 52, 51, 50, 49, 58, 67, 76, 77, 78, 69, 70, 71, 80]
[00:00:00:00:899] Expansion 234: New longest path found with length 44: [0, 9, 18, 27, 36, 45, 54, 63, 72, 73, 74, 65, 56, 47, 38, 39, 30, 21, 20, 11, 2, 3, 4, 5, 6, 7, 16, 25, 26, 35, 44, 53, 52, 51, 50, 49, 58, 67, 76, 77, 78, 69, 70, 71, 80]
[00:00:02:39:048] Expansion 35,642: New longest path found with length 48: [0, 9, 18, 27, 36, 37, 38, 39, 48, 57, 56, 55, 54, 63, 72, 73, 74, 75, 76, 67, 68, 59, 50, 51, 42, 33, 32, 31, 22, 21, 20, 11, 2, 3, 4, 5, 6, 7, 16, 25, 26, 35, 44, 53, 62, 61, 70, 79, 80]
[00:00:03:41:911] Path of length 48 found: [0, 9, 18, 27, 36, 37, 38, 39, 48, 57, 56, 55, 54, 63, 72, 73, 74, 75, 76, 67, 68, 59, 50, 51, 42, 33, 32, 31, 22, 21, 20, 11, 2, 3, 4, 5, 6, 7, 16, 25, 26, 35, 44, 53, 62, 61, 70, 79, 80]
[00:00:03:41:912] ! Unidirectional s-t. expansions: 46,020, time: 221,912 [ms], path length: 48 [edges], generated: 76,412
[00:00:01:18:578] Expansion 28,318: New longest path found with length 18: [80, 71, 62, 53, 44, 35, 26, 25, 16, 7, 6, 5, 4, 13, 12, 11, 10, 9, 0]
[00:00:01:41:702] Expansion 36,658: New longest path found with length 20: [80, 71, 62, 53, 44, 35, 26, 25, 16, 7, 6, 5, 4, 13, 12, 11, 20, 19, 18, 9, 0]
[00:00:02:16:346] Expansion 48,710: New longest path found with length 40: [80, 71, 62, 53, 44, 35, 26, 25, 16, 7, 6, 5, 4, 13, 12, 11, 20, 29, 30, 31, 32, 33, 42, 51, 50, 49, 48, 47, 56, 65, 74, 73, 72, 63, 54, 45, 36, 27, 18, 9, 0]
[00:00:02:16:394] Expansion 48,726: New longest path found with length 42: [80, 71, 62, 53, 44, 35, 26, 25, 16, 7, 6, 5, 4, 13, 12, 11, 20, 29, 30, 31, 32, 33, 42, 51, 50, 49, 48, 57, 66, 65, 74, 73, 72, 63, 54, 55, 46, 37, 36, 27, 18, 9, 0]
[00:00:02:32:312] Expansion 52,567: New longest path found with length 44: [80, 71, 62, 53, 44, 35, 26, 25, 16, 7, 6, 5, 4, 3, 12, 21, 22, 31, 32, 33, 42, 51, 50, 59, 68, 77, 76, 75, 74, 73, 72, 63, 54, 55, 56, 57, 48, 39, 38, 29, 28, 19, 10, 9, 0]
[00:00:02:35:330] Expansion 53,267: New longest path found with length 46: [80, 71, 62, 53, 44, 35, 26, 25, 16, 7, 6, 5, 4, 3, 2, 11, 20, 21, 22, 31, 32, 33, 42, 51, 50, 59, 68, 67, 76, 75, 74, 73, 72, 63, 54, 55, 56, 57, 48, 39, 38, 37, 28, 27, 18, 9, 0]
[00:00:03:44:801] Expansion 64,776: New longest path found with length 48: [80, 71, 70, 69, 78, 77, 76, 67, 58, 49, 48, 47, 56, 65, 74, 73, 72, 63, 54, 45, 36, 37, 28, 29, 30, 21, 22, 23, 32, 41, 42, 51, 52, 53, 44, 35, 26, 25, 16, 7, 6, 5, 4, 3, 2, 11, 10, 9, 0]
[00:00:05:11:711] Path of length 48 found: [80, 71, 70, 69, 78, 77, 76, 67, 58, 49, 48, 47, 56, 65, 74, 73, 72, 63, 54, 45, 36, 37, 28, 29, 30, 21, 22, 23, 32, 41, 42, 51, 52, 53, 44, 35, 26, 25, 16, 7, 6, 5, 4, 3, 2, 11, 10, 9, 0]
[00:00:05:11:712] ! Unidirectional t-s. expansions: 78,927, time: 311,711 [ms], path length: 48 [edges], generated: 124,653
[00:00:00:00:243] Expansion 39: New longest path found with length 40: [0, 9, 10, 11, 2, 3, 4, 5, 6, 7, 16, 25, 34, 33, 32, 23, 22, 21, 30, 29, 28, 37, 46, 55, 54, 63, 72, 73, 74, 75, 66, 67, 58, 49, 50, 51, 52, 53, 62, 71, 80]
[00:00:00:22:307] Expansion 5,138: New longest path found with length 42: [0, 9, 10, 11, 20, 29, 30, 39, 48, 47, 46, 45, 54, 63, 72, 73, 74, 65, 66, 67, 58, 59, 50, 51, 42, 33, 32, 23, 22, 13, 4, 5, 6, 7, 16, 25, 26, 35, 44, 53, 62, 71, 80]
[00:00:01:00:941] Expansion 13,520: New longest path found with length 44: [0, 9, 10, 19, 28, 27, 36, 45, 54, 63, 72, 73, 74, 75, 76, 77, 68, 59, 58, 57, 56, 47, 38, 39, 30, 21, 12, 3, 4, 5, 6, 7, 16, 25, 24, 23, 32, 41, 42, 51, 52, 53, 62, 71, 80]
[00:00:01:23:276] Expansion 17,617: New longest path found with length 46: [0, 9, 10, 11, 2, 3, 4, 5, 6, 7, 16, 25, 26, 35, 44, 53, 52, 51, 42, 33, 32, 23, 22, 21, 30, 29, 28, 27, 36, 45, 54, 63, 72, 73, 74, 65, 56, 57, 58, 67, 76, 77, 78, 69, 70, 71, 80]
[00:00:01:23:518] Expansion 17,674: New longest path found with length 48: [0, 9, 10, 11, 2, 3, 4, 5, 6, 7, 16, 25, 34, 35, 44, 53, 52, 51, 42, 41, 32, 23, 22, 21, 30, 29, 28, 27, 36, 45, 54, 63, 72, 73, 74, 65, 56, 47, 48, 49, 58, 67, 76, 77, 78, 69, 70, 71, 80]
[00:00:02:16:619] Path of length 48 found: [0, 9, 10, 11, 2, 3, 4, 5, 6, 7, 16, 25, 34, 35, 44, 53, 52, 51, 42, 41, 32, 23, 22, 21, 30, 29, 28, 27, 36, 45, 54, 63, 72, 73, 74, 65, 56, 47, 48, 49, 58, 67, 76, 77, 78, 69, 70, 71, 80]
[00:00:02:17:184] ! Bidirectional. expansions: 25,515, time: 136,619 [ms], path length: 48 [edges], g_F: 25, g_B: 23, generated: {'F': 22,857, 'B': 23,422}, MM: 2, MMPER: 3.0816326530612246%
[00:00:02:17:184] 
---------- SM_Grids/9x9_grid_with_random_blocks_8per_3 ----------
[00:00:00:00:227] Expansion 35: New longest path found with length 36: [0, 9, 10, 19, 28, 27, 36, 45, 54, 63, 72, 73, 74, 65, 56, 47, 38, 39, 30, 21, 12, 3, 4, 5, 6, 15, 24, 33, 32, 41, 50, 51, 52, 53, 62, 71, 80]
[00:00:00:00:281] Expansion 55: New longest path found with length 40: [0, 9, 10, 19, 28, 27, 36, 45, 54, 63, 72, 73, 74, 65, 56, 47, 38, 39, 30, 21, 12, 3, 4, 5, 6, 15, 24, 33, 32, 41, 50, 49, 58, 67, 76, 77, 78, 69, 70, 71, 80]
[00:00:00:00:326] Expansion 71: New longest path found with length 44: [0, 9, 10, 19, 28, 27, 36, 45, 54, 63, 72, 73, 74, 65, 56, 47, 38, 39, 30, 21, 12, 3, 4, 5, 6, 15, 24, 33, 34, 35, 44, 53, 52, 51, 50, 49, 58, 67, 76, 77, 78, 69, 70, 71, 80]
[00:00:05:24:825] Expansion 71,256: New longest path found with length 46: [0, 9, 18, 27, 28, 37, 46, 45, 54, 63, 72, 73, 74, 65, 56, 57, 58, 67, 76, 77, 78, 69, 60, 51, 50, 41, 40, 31, 30, 21, 20, 11, 2, 3, 4, 13, 14, 15, 24, 33, 34, 43, 44, 53, 62, 71, 80]
[00:00:09:12:156] Path of length 46 found: [0, 9, 18, 27, 28, 37, 46, 45, 54, 63, 72, 73, 74, 65, 56, 57, 58, 67, 76, 77, 78, 69, 60, 51, 50, 41, 40, 31, 30, 21, 20, 11, 2, 3, 4, 13, 14, 15, 24, 33, 34, 43, 44, 53, 62, 71, 80]
[00:00:09:12:156] ! Unidirectional s-t. expansions: 113,542, time: 552,156 [ms], path length: 46 [edges], generated: 189,725
[00:00:00:00:137] Expansion 17: New longest path found with length 18: [80, 71, 62, 53, 44, 35, 34, 25, 16, 7, 6, 5, 14, 13, 12, 3, 2, 1, 0]
[00:00:01:23:163] Expansion 32,061: New longest path found with length 22: [80, 71, 62, 53, 44, 35, 34, 25, 16, 7, 6, 5, 14, 13, 12, 11, 20, 29, 28, 27, 18, 9, 0]
[00:00:01:30:920] Expansion 34,684: New longest path found with length 44: [80, 71, 62, 53, 44, 35, 34, 25, 16, 7, 6, 5, 14, 13, 12, 11, 20, 29, 30, 39, 40, 41, 50, 51, 60, 69, 78, 77, 76, 67, 58, 57, 56, 65, 74, 73, 72, 63, 54, 45, 36, 27, 18, 9, 0]
[00:00:01:33:877] Expansion 35,372: New longest path found with length 46: [80, 71, 62, 53, 44, 35, 34, 25, 16, 7, 6, 5, 4, 3, 2, 11, 20, 21, 30, 31, 40, 41, 50, 51, 60, 69, 78, 77, 76, 67, 58, 57, 56, 65, 74, 73, 72, 63, 54, 45, 46, 37, 28, 27, 18, 9, 0]
[00:00:07:18:570] Path of length 46 found: [80, 71, 62, 53, 44, 35, 34, 25, 16, 7, 6, 5, 4, 3, 2, 11, 20, 21, 30, 31, 40, 41, 50, 51, 60, 69, 78, 77, 76, 67, 58, 57, 56, 65, 74, 73, 72, 63, 54, 45, 46, 37, 28, 27, 18, 9, 0]
[00:00:07:18:571] ! Unidirectional t-s. expansions: 102,596, time: 438,570 [ms], path length: 46 [edges], generated: 166,051
[00:00:00:00:224] Expansion 33: New longest path found with length 34: [0, 9, 10, 19, 28, 27, 36, 45, 54, 63, 72, 73, 74, 65, 56, 47, 38, 39, 30, 21, 12, 3, 4, 5, 6, 7, 16, 25, 34, 35, 44, 53, 62, 71, 80]
[00:00:00:00:267] Expansion 51: New longest path found with length 38: [0, 9, 10, 19, 28, 27, 36, 45, 54, 63, 72, 73, 74, 65, 56, 47, 48, 49, 50, 41, 32, 31, 30, 21, 12, 3, 4, 5, 6, 7, 16, 25, 34, 35, 44, 53, 62, 71, 80]
[00:00:00:00:311] Expansion 65: New longest path found with length 44: [0, 9, 10, 19, 28, 27, 36, 45, 54, 63, 72, 73, 74, 65, 56, 57, 58, 67, 76, 77, 78, 69, 60, 51, 50, 41, 40, 39, 30, 21, 12, 3, 4, 5, 6, 7, 16, 25, 34, 35, 44, 53, 62, 71, 80]
[00:00:01:59:259] Expansion 24,679: New longest path found with length 46: [0, 9, 18, 27, 28, 37, 46, 45, 54, 63, 72, 73, 74, 65, 56, 57, 58, 67, 76, 77, 78, 69, 60, 51, 50, 41, 40, 39, 30, 21, 20, 11, 2, 3, 4, 5, 6, 15, 24, 33, 34, 35, 44, 53, 62, 71, 80]
[00:00:05:04:762] Path of length 46 found: [0, 9, 18, 27, 28, 37, 46, 45, 54, 63, 72, 73, 74, 65, 56, 57, 58, 67, 76, 77, 78, 69, 60, 51, 50, 41, 40, 39, 30, 21, 20, 11, 2, 3, 4, 5, 6, 15, 24, 33, 34, 35, 44, 53, 62, 71, 80]
[00:00:05:05:288] ! Bidirectional. expansions: 55,901, time: 304,762 [ms], path length: 46 [edges], g_F: 24, g_B: 22, generated: {'F': 49,404, 'B': 49,455}, MM: 2, MMPER: 3.25531914893617%
[00:00:05:05:289] 
---------- SM_Grids/9x9_grid_with_random_blocks_8per_4 ----------
[00:00:00:00:138] Expansion 17: New longest path found with length 18: [0, 9, 18, 19, 20, 11, 12, 13, 22, 23, 32, 41, 42, 43, 44, 53, 62, 71, 80]
[00:00:00:00:220] Expansion 38: New longest path found with length 34: [0, 9, 18, 19, 20, 11, 12, 13, 22, 23, 32, 41, 42, 51, 60, 59, 58, 49, 48, 39, 38, 37, 36, 45, 54, 63, 72, 73, 74, 75, 76, 77, 78, 79, 80]
[00:00:00:02:144] Expansion 573: New longest path found with length 36: [0, 9, 18, 19, 20, 11, 12, 13, 22, 23, 32, 33, 42, 51, 50, 49, 58, 57, 56, 47, 38, 37, 36, 45, 54, 63, 72, 73, 74, 75, 76, 77, 68, 69, 70, 79, 80]
[00:00:00:02:466] Expansion 639: New longest path found with length 38: [0, 9, 18, 19, 20, 11, 12, 13, 22, 23, 24, 25, 26, 35, 44, 43, 42, 41, 40, 39, 48, 47, 46, 45, 54, 63, 72, 73, 74, 75, 76, 67, 58, 59, 60, 69, 78, 79, 80]
[00:00:00:02:636] Expansion 689: New longest path found with length 40: [0, 9, 18, 19, 20, 11, 12, 13, 22, 23, 24, 25, 26, 35, 44, 43, 42, 41, 40, 39, 38, 37, 36, 45, 54, 63, 72, 73, 74, 65, 56, 57, 58, 67, 76, 77, 78, 69, 70, 71, 80]
[00:00:00:04:714] Expansion 1,138: New longest path found with length 42: [0, 9, 18, 19, 20, 11, 12, 13, 14, 5, 6, 7, 16, 25, 26, 35, 44, 43, 42, 41, 40, 39, 38, 37, 36, 45, 54, 63, 72, 73, 74, 65, 56, 57, 58, 67, 76, 77, 78, 69, 70, 71, 80]
[00:00:00:13:463] Expansion 2,984: New longest path found with length 44: [0, 9, 18, 19, 20, 29, 30, 39, 40, 49, 58, 57, 56, 47, 46, 45, 54, 63, 72, 73, 74, 75, 76, 77, 68, 69, 60, 51, 42, 33, 24, 23, 14, 5, 6, 7, 16, 17, 26, 35, 44, 53, 62, 71, 80]
[00:00:00:20:125] Expansion 4,150: New longest path found with length 46: [0, 9, 18, 19, 20, 21, 30, 39, 38, 37, 36, 45, 54, 63, 72, 73, 74, 65, 56, 57, 58, 67, 76, 77, 78, 69, 60, 51, 50, 41, 32, 23, 14, 5, 6, 7, 8, 17, 26, 25, 34, 43, 44, 53, 62, 71, 80]
[00:00:02:25:836] Expansion 26,494: New longest path found with length 48: [0, 1, 2, 3, 12, 21, 20, 19, 18, 27, 36, 37, 38, 47, 56, 55, 54, 63, 72, 73, 74, 75, 76, 77, 78, 69, 60, 59, 58, 49, 40, 41, 42, 33, 24, 23, 14, 5, 6, 7, 16, 17, 26, 35, 44, 53, 62, 71, 80]
[00:00:03:06:875] Path of length 48 found: [0, 1, 2, 3, 12, 21, 20, 19, 18, 27, 36, 37, 38, 47, 56, 55, 54, 63, 72, 73, 74, 75, 76, 77, 78, 69, 60, 59, 58, 49, 40, 41, 42, 33, 24, 23, 14, 5, 6, 7, 16, 17, 26, 35, 44, 53, 62, 71, 80]
[00:00:03:06:875] ! Unidirectional s-t. expansions: 33,231, time: 186,875 [ms], path length: 48 [edges], generated: 57,585
[00:00:00:00:181] Expansion 27: New longest path found with length 26: [80, 71, 62, 53, 44, 35, 34, 25, 16, 7, 6, 5, 14, 13, 22, 21, 30, 29, 38, 37, 36, 27, 18, 19, 10, 1, 0]
[00:00:00:00:275] Expansion 56: New longest path found with length 46: [80, 71, 62, 53, 44, 35, 34, 25, 16, 7, 6, 5, 14, 13, 22, 21, 30, 29, 38, 47, 56, 57, 58, 49, 40, 41, 42, 51, 60, 69, 68, 77, 76, 75, 74, 73, 64, 63, 54, 45, 36, 27, 18, 19, 10, 1, 0]
[00:00:00:11:780] Expansion 2,419: New longest path found with length 48: [80, 71, 62, 53, 44, 35, 26, 17, 8, 7, 6, 5, 14, 23, 32, 33, 42, 51, 60, 69, 68, 77, 76, 75, 74, 73, 72, 63, 54, 55, 56, 57, 58, 49, 40, 39, 38, 37, 36, 27, 18, 19, 20, 21, 12, 3, 2, 1, 0]
[00:00:01:25:758] Path of length 48 found: [80, 71, 62, 53, 44, 35, 26, 17, 8, 7, 6, 5, 14, 23, 32, 33, 42, 51, 60, 69, 68, 77, 76, 75, 74, 73, 72, 63, 54, 55, 56, 57, 58, 49, 40, 39, 38, 37, 36, 27, 18, 19, 20, 21, 12, 3, 2, 1, 0]
[00:00:01:25:759] ! Unidirectional t-s. expansions: 14,800, time: 85,758 [ms], path length: 48 [edges], generated: 26,319
[00:00:00:00:241] Expansion 43: New longest path found with length 40: [0, 9, 18, 27, 36, 37, 38, 47, 56, 55, 54, 63, 72, 73, 74, 75, 76, 67, 68, 69, 60, 51, 50, 41, 32, 23, 14, 5, 6, 7, 8, 17, 26, 25, 34, 43, 44, 53, 62, 71, 80]
[00:00:00:00:267] Expansion 52: New longest path found with length 42: [0, 9, 18, 27, 36, 37, 38, 47, 56, 55, 54, 63, 72, 73, 74, 75, 76, 77, 78, 69, 60, 59, 58, 49, 40, 41, 32, 23, 14, 5, 6, 7, 8, 17, 26, 25, 34, 43, 44, 53, 62, 71, 80]
[00:00:00:00:914] Expansion 190: New longest path found with length 46: [0, 9, 18, 27, 36, 37, 46, 55, 54, 63, 72, 73, 74, 75, 76, 77, 78, 69, 60, 59, 50, 49, 40, 39, 30, 29, 20, 11, 12, 13, 14, 5, 6, 7, 8, 17, 26, 25, 24, 33, 42, 43, 44, 53, 62, 71, 80]
[00:00:01:06:046] Expansion 11,312: New longest path found with length 48: [0, 1, 2, 3, 12, 21, 20, 19, 18, 27, 36, 37, 38, 47, 56, 55, 54, 63, 72, 73, 74, 75, 76, 77, 78, 69, 60, 59, 58, 49, 40, 41, 32, 23, 14, 5, 6, 7, 8, 17, 26, 25, 34, 43, 44, 53, 62, 71, 80]
[00:00:01:32:245] Path of length 48 found: [0, 1, 2, 3, 12, 21, 20, 19, 18, 27, 36, 37, 38, 47, 56, 55, 54, 63, 72, 73, 74, 75, 76, 77, 78, 69, 60, 59, 58, 49, 40, 41, 32, 23, 14, 5, 6, 7, 8, 17, 26, 25, 34, 43, 44, 53, 62, 71, 80]
[00:00:01:32:802] ! Bidirectional. expansions: 15,464, time: 92,245 [ms], path length: 48 [edges], g_F: 25, g_B: 23, generated: {'F': 13,114, 'B': 13,082}, MM: 2, MMPER: 3.0816326530612246%
[00:00:01:32:802] 
---------- SM_Grids/9x9_grid_with_random_blocks_8per_5 ----------
[00:00:00:00:236] Expansion 43: New longest path found with length 44: [0, 9, 18, 27, 28, 37, 46, 45, 54, 63, 64, 65, 74, 75, 76, 67, 58, 57, 48, 39, 30, 21, 20, 11, 2, 3, 4, 5, 14, 15, 16, 17, 26, 35, 34, 33, 32, 41, 50, 51, 52, 53, 62, 71, 80]
[00:00:00:01:149] Expansion 354: New longest path found with length 46: [0, 9, 18, 27, 28, 37, 46, 45, 54, 63, 64, 65, 74, 75, 76, 67, 58, 57, 48, 39, 40, 41, 42, 33, 24, 23, 22, 21, 20, 11, 2, 3, 4, 5, 6, 7, 16, 17, 26, 35, 44, 53, 52, 61, 70, 79, 80]
[00:00:00:02:888] Expansion 813: New longest path found with length 48: [0, 9, 18, 27, 28, 37, 46, 45, 54, 63, 64, 65, 74, 75, 76, 77, 68, 59, 58, 57, 48, 39, 40, 41, 42, 33, 24, 23, 22, 21, 20, 11, 2, 3, 4, 5, 6, 7, 16, 17, 26, 35, 44, 53, 52, 61, 70, 79, 80]
[00:00:00:55:844] Path of length 48 found: [0, 9, 18, 27, 28, 37, 46, 45, 54, 63, 64, 65, 74, 75, 76, 77, 68, 59, 58, 57, 48, 39, 40, 41, 42, 33, 24, 23, 22, 21, 20, 11, 2, 3, 4, 5, 6, 7, 16, 17, 26, 35, 44, 53, 52, 61, 70, 79, 80]
[00:00:00:55:844] ! Unidirectional s-t. expansions: 9,777, time: 55,844 [ms], path length: 48 [edges], generated: 16,793
[00:00:00:00:203] Expansion 31: New longest path found with length 32: [80, 71, 62, 61, 52, 43, 44, 35, 26, 17, 8, 7, 6, 5, 4, 3, 2, 11, 20, 21, 22, 23, 32, 41, 40, 39, 38, 37, 28, 27, 18, 9, 0]
[00:00:00:00:238] Expansion 42: New longest path found with length 38: [80, 71, 62, 61, 52, 43, 44, 35, 26, 17, 8, 7, 6, 5, 4, 3, 2, 11, 20, 21, 22, 23, 32, 41, 40, 39, 38, 47, 56, 65, 64, 63, 54, 45, 36, 27, 18, 9, 0]
[00:00:00:00:295] Expansion 62: New longest path found with length 46: [80, 71, 62, 61, 52, 43, 44, 35, 26, 17, 8, 7, 6, 5, 4, 3, 2, 11, 20, 21, 22, 23, 32, 41, 40, 39, 48, 57, 58, 59, 68, 77, 76, 75, 74, 65, 64, 63, 54, 45, 46, 37, 28, 27, 18, 9, 0]
[00:00:00:44:023] Expansion 6,939: New longest path found with length 48: [80, 71, 70, 61, 52, 53, 44, 35, 26, 17, 8, 7, 6, 5, 4, 3, 2, 11, 20, 21, 22, 23, 24, 33, 42, 41, 40, 39, 48, 57, 58, 59, 68, 77, 76, 75, 74, 65, 64, 63, 54, 45, 46, 37, 28, 27, 18, 9, 0]
[00:00:01:32:414] Path of length 48 found: [80, 71, 70, 61, 52, 53, 44, 35, 26, 17, 8, 7, 6, 5, 4, 3, 2, 11, 20, 21, 22, 23, 24, 33, 42, 41, 40, 39, 48, 57, 58, 59, 68, 77, 76, 75, 74, 65, 64, 63, 54, 45, 46, 37, 28, 27, 18, 9, 0]
[00:00:01:32:414] ! Unidirectional t-s. expansions: 14,291, time: 92,414 [ms], path length: 48 [edges], generated: 26,678
[00:00:00:00:236] Expansion 39: New longest path found with length 40: [0, 9, 18, 27, 36, 45, 54, 63, 64, 65, 74, 75, 76, 77, 68, 59, 58, 57, 48, 47, 38, 29, 20, 11, 2, 3, 4, 5, 6, 7, 8, 17, 26, 35, 44, 43, 52, 61, 62, 71, 80]
[00:00:00:00:259] Expansion 47: New longest path found with length 44: [0, 9, 18, 27, 36, 45, 54, 63, 64, 65, 74, 75, 76, 77, 68, 59, 58, 57, 48, 39, 40, 41, 32, 23, 22, 21, 20, 11, 2, 3, 4, 5, 6, 7, 8, 17, 26, 35, 44, 43, 52, 61, 62, 71, 80]
[00:00:00:11:574] Expansion 2,439: New longest path found with length 46: [0, 9, 18, 27, 36, 45, 54, 63, 64, 65, 74, 75, 76, 67, 58, 57, 48, 47, 38, 29, 20, 11, 2, 3, 4, 5, 6, 7, 8, 17, 26, 35, 34, 33, 24, 23, 22, 31, 40, 41, 50, 51, 52, 61, 62, 71, 80]
[00:00:00:40:322] Expansion 7,426: New longest path found with length 48: [0, 9, 18, 27, 28, 37, 46, 45, 54, 63, 64, 65, 74, 75, 76, 77, 68, 59, 58, 57, 48, 39, 40, 41, 42, 33, 24, 23, 22, 21, 20, 11, 2, 3, 4, 5, 6, 7, 8, 17, 26, 35, 44, 53, 52, 61, 70, 71, 80]
[00:00:01:19:346] Path of length 48 found: [0, 9, 18, 27, 28, 37, 46, 45, 54, 63, 64, 65, 74, 75, 76, 77, 68, 59, 58, 57, 48, 39, 40, 41, 42, 33, 24, 23, 22, 21, 20, 11, 2, 3, 4, 5, 6, 7, 8, 17, 26, 35, 44, 53, 52, 61, 70, 71, 80]
[00:00:01:19:897] ! Bidirectional. expansions: 13,155, time: 79,346 [ms], path length: 48 [edges], g_F: 25, g_B: 23, generated: {'F': 11,992, 'B': 11,193}, MM: 2, MMPER: 3.0816326530612246%
[00:00:01:19:897] 
---------- SM_Grids/9x9_grid_with_random_blocks_8per_6 ----------
[00:00:00:02:482] Expansion 738: New longest path found with length 26: [0, 9, 18, 19, 28, 29, 38, 39, 48, 57, 56, 55, 54, 63, 72, 73, 74, 75, 76, 67, 68, 59, 60, 61, 70, 79, 80]
[00:00:00:03:610] Expansion 1,098: New longest path found with length 44: [0, 9, 18, 19, 28, 29, 38, 39, 48, 57, 56, 55, 54, 63, 72, 73, 74, 75, 76, 67, 68, 59, 50, 41, 32, 31, 22, 21, 12, 3, 4, 5, 14, 15, 16, 17, 26, 35, 34, 43, 52, 53, 62, 71, 80]
[00:00:01:12:295] Expansion 15,884: New longest path found with length 46: [0, 9, 18, 19, 20, 11, 2, 3, 4, 13, 22, 23, 24, 15, 6, 7, 8, 17, 26, 35, 34, 43, 42, 41, 40, 49, 48, 47, 38, 37, 36, 45, 54, 63, 72, 73, 74, 75, 66, 67, 68, 59, 60, 61, 70, 79, 80]
[00:00:01:50:393] Expansion 23,369: New longest path found with length 48: [0, 9, 18, 27, 36, 37, 38, 29, 20, 11, 2, 3, 4, 13, 22, 23, 24, 15, 6, 7, 8, 17, 26, 35, 34, 43, 42, 41, 40, 49, 48, 57, 56, 55, 54, 63, 72, 73, 74, 75, 76, 67, 68, 59, 60, 61, 70, 79, 80]
[00:00:03:02:306] Path of length 48 found: [0, 9, 18, 27, 36, 37, 38, 29, 20, 11, 2, 3, 4, 13, 22, 23, 24, 15, 6, 7, 8, 17, 26, 35, 34, 43, 42, 41, 40, 49, 48, 57, 56, 55, 54, 63, 72, 73, 74, 75, 76, 67, 68, 59, 60, 61, 70, 79, 80]
[00:00:03:02:306] ! Unidirectional s-t. expansions: 35,414, time: 182,306 [ms], path length: 48 [edges], generated: 59,785
[00:00:00:00:226] Expansion 33: New longest path found with length 34: [80, 79, 70, 69, 60, 59, 50, 41, 42, 43, 34, 35, 26, 17, 8, 7, 6, 15, 14, 13, 4, 3, 2, 11, 20, 21, 30, 39, 38, 37, 28, 27, 18, 9, 0]
[00:00:00:00:264] Expansion 48: New longest path found with length 44: [80, 79, 70, 69, 60, 59, 50, 41, 42, 43, 34, 35, 26, 17, 8, 7, 6, 15, 14, 13, 4, 3, 2, 11, 20, 21, 30, 39, 38, 47, 56, 57, 66, 75, 74, 73, 64, 63, 54, 45, 36, 27, 18, 9, 0]
[00:00:00:00:852] Expansion 201: New longest path found with length 46: [80, 79, 70, 69, 60, 59, 50, 41, 42, 43, 34, 35, 26, 17, 8, 7, 6, 15, 24, 23, 22, 13, 4, 3, 2, 11, 20, 29, 30, 39, 48, 57, 66, 75, 74, 73, 72, 63, 54, 55, 46, 37, 36, 27, 18, 9, 0]
[00:00:01:10:419] Expansion 13,261: New longest path found with length 48: [80, 79, 70, 61, 60, 59, 68, 67, 76, 75, 74, 73, 72, 63, 54, 55, 56, 57, 48, 49, 40, 41, 42, 43, 34, 35, 26, 17, 8, 7, 6, 15, 24, 23, 22, 13, 4, 3, 2, 11, 20, 29, 38, 37, 36, 27, 18, 9, 0]
[00:00:02:39:374] Path of length 48 found: [80, 79, 70, 61, 60, 59, 68, 67, 76, 75, 74, 73, 72, 63, 54, 55, 56, 57, 48, 49, 40, 41, 42, 43, 34, 35, 26, 17, 8, 7, 6, 15, 24, 23, 22, 13, 4, 3, 2, 11, 20, 29, 38, 37, 36, 27, 18, 9, 0]
[00:00:02:39:375] ! Unidirectional t-s. expansions: 27,459, time: 159,374 [ms], path length: 48 [edges], generated: 49,168
[00:00:00:00:260] Expansion 40: New longest path found with length 38: [0, 9, 18, 27, 36, 45, 46, 55, 64, 73, 74, 75, 76, 67, 68, 59, 50, 49, 48, 39, 30, 31, 32, 23, 24, 15, 6, 7, 8, 17, 26, 35, 34, 43, 52, 53, 62, 71, 80]
[00:00:00:00:308] Expansion 51: New longest path found with length 44: [0, 9, 18, 27, 36, 45, 46, 55, 64, 73, 74, 75, 76, 67, 68, 59, 50, 41, 40, 39, 30, 29, 20, 11, 2, 3, 4, 13, 22, 23, 24, 15, 6, 7, 8, 17, 26, 35, 34, 43, 52, 53, 62, 71, 80]
[00:00:00:07:489] Expansion 1,506: New longest path found with length 46: [0, 9, 18, 27, 36, 37, 46, 55, 54, 63, 72, 73, 74, 75, 76, 67, 68, 59, 50, 41, 40, 39, 30, 29, 20, 11, 2, 3, 4, 13, 22, 23, 24, 15, 6, 7, 8, 17, 26, 35, 34, 43, 52, 53, 62, 71, 80]
[00:00:00:22:387] Expansion 4,149: New longest path found with length 48: [0, 9, 18, 27, 36, 37, 38, 29, 20, 11, 2, 3, 4, 13, 22, 23, 24, 15, 6, 7, 8, 17, 26, 35, 34, 43, 42, 41, 40, 49, 48, 57, 56, 55, 54, 63, 72, 73, 74, 75, 76, 67, 68, 69, 60, 61, 62, 71, 80]
[00:00:01:41:850] Path of length 48 found: [0, 9, 18, 27, 36, 37, 38, 29, 20, 11, 2, 3, 4, 13, 22, 23, 24, 15, 6, 7, 8, 17, 26, 35, 34, 43, 42, 41, 40, 49, 48, 57, 56, 55, 54, 63, 72, 73, 74, 75, 76, 67, 68, 69, 60, 61, 62, 71, 80]
[00:00:01:42:353] ! Bidirectional. expansions: 16,918, time: 101,851 [ms], path length: 48 [edges], g_F: 25, g_B: 23, generated: {'F': 14,753, 'B': 13,730}, MM: 2, MMPER: 3.0816326530612246%
[00:00:01:42:353] 
---------- SM_Grids/9x9_grid_with_random_blocks_8per_7 ----------
[00:00:00:00:234] Expansion 41: New longest path found with length 42: [0, 9, 18, 19, 28, 37, 36, 45, 54, 63, 72, 73, 74, 75, 66, 57, 48, 39, 30, 31, 32, 23, 14, 5, 6, 7, 8, 17, 26, 25, 34, 43, 44, 53, 62, 61, 60, 59, 68, 77, 78, 79, 80]
[00:00:00:02:976] Expansion 660: New longest path found with length 44: [0, 9, 18, 19, 28, 37, 36, 45, 54, 63, 72, 73, 74, 65, 56, 47, 48, 39, 30, 31, 32, 23, 14, 5, 6, 7, 8, 17, 26, 25, 34, 43, 44, 53, 62, 61, 60, 59, 58, 67, 76, 77, 78, 79, 80]
[00:00:02:11:711] Expansion 23,073: New longest path found with length 46: [0, 9, 10, 19, 28, 27, 36, 45, 54, 63, 72, 73, 74, 65, 56, 47, 38, 39, 30, 31, 32, 23, 14, 5, 6, 7, 8, 17, 26, 25, 34, 43, 44, 53, 62, 61, 60, 51, 50, 49, 58, 67, 76, 77, 78, 79, 80]
[00:00:02:39:917] Expansion 27,644: New longest path found with length 48: [0, 9, 10, 11, 2, 3, 4, 13, 14, 15, 6, 7, 8, 17, 26, 25, 34, 43, 44, 53, 62, 61, 60, 51, 50, 41, 32, 31, 30, 29, 28, 27, 36, 45, 54, 63, 72, 73, 74, 65, 56, 57, 58, 67, 76, 77, 78, 79, 80]
[00:00:04:10:871] Path of length 48 found: [0, 9, 10, 11, 2, 3, 4, 13, 14, 15, 6, 7, 8, 17, 26, 25, 34, 43, 44, 53, 62, 61, 60, 51, 50, 41, 32, 31, 30, 29, 28, 27, 36, 45, 54, 63, 72, 73, 74, 65, 56, 57, 58, 67, 76, 77, 78, 79, 80]
[00:00:04:10:871] ! Unidirectional s-t. expansions: 43,038, time: 250,871 [ms], path length: 48 [edges], generated: 78,739
[00:00:00:00:123] Expansion 15: New longest path found with length 16: [80, 79, 78, 69, 68, 59, 58, 49, 48, 39, 30, 29, 28, 27, 18, 9, 0]
[00:00:00:03:519] Expansion 1,001: New longest path found with length 32: [80, 79, 78, 69, 68, 59, 58, 49, 48, 39, 30, 31, 32, 41, 42, 43, 34, 25, 26, 17, 8, 7, 6, 15, 14, 13, 4, 3, 2, 11, 10, 9, 0]
[00:00:00:04:597] Expansion 1,248: New longest path found with length 44: [80, 79, 78, 69, 68, 59, 58, 49, 48, 47, 56, 65, 74, 73, 72, 63, 54, 45, 36, 37, 28, 29, 30, 31, 32, 41, 42, 43, 34, 25, 26, 17, 8, 7, 6, 15, 14, 13, 4, 3, 2, 11, 10, 9, 0]
[00:00:02:39:206] Expansion 36,324: New longest path found with length 48: [80, 79, 78, 77, 68, 67, 58, 57, 56, 65, 74, 73, 72, 63, 54, 45, 46, 37, 38, 29, 30, 31, 40, 41, 50, 51, 60, 61, 62, 53, 44, 43, 34, 25, 26, 17, 8, 7, 6, 15, 14, 13, 4, 3, 2, 11, 10, 9, 0]
[00:00:04:04:573] Path of length 48 found: [80, 79, 78, 77, 68, 67, 58, 57, 56, 65, 74, 73, 72, 63, 54, 45, 46, 37, 38, 29, 30, 31, 40, 41, 50, 51, 60, 61, 62, 53, 44, 43, 34, 25, 26, 17, 8, 7, 6, 15, 14, 13, 4, 3, 2, 11, 10, 9, 0]
[00:00:04:04:573] ! Unidirectional t-s. expansions: 52,239, time: 244,573 [ms], path length: 48 [edges], generated: 86,178
[00:00:00:00:240] Expansion 45: New longest path found with length 40: [0, 9, 18, 27, 36, 45, 54, 63, 72, 73, 74, 65, 66, 57, 48, 47, 38, 29, 30, 31, 32, 23, 14, 5, 6, 7, 8, 17, 26, 25, 34, 43, 52, 51, 50, 59, 68, 69, 78, 79, 80]
[00:00:00:05:568] Expansion 1,284: New longest path found with length 42: [0, 9, 18, 27, 36, 37, 38, 29, 30, 31, 32, 23, 14, 5, 6, 7, 8, 17, 26, 25, 34, 43, 52, 51, 50, 49, 48, 57, 56, 55, 54, 63, 72, 73, 74, 75, 76, 67, 68, 69, 78, 79, 80]
[00:00:00:33:739] Expansion 7,190: New longest path found with length 44: [0, 9, 18, 27, 36, 45, 54, 63, 72, 73, 74, 65, 56, 47, 38, 29, 30, 31, 32, 23, 14, 5, 6, 7, 8, 17, 26, 25, 34, 43, 44, 53, 62, 61, 60, 51, 50, 49, 58, 67, 68, 77, 78, 79, 80]
[00:00:01:40:181] Expansion 19,502: New longest path found with length 46: [0, 9, 10, 11, 2, 3, 4, 5, 6, 7, 8, 17, 26, 25, 24, 23, 32, 31, 40, 39, 38, 29, 28, 27, 36, 45, 54, 63, 72, 73, 74, 75, 76, 77, 68, 59, 50, 51, 42, 43, 44, 53, 62, 61, 70, 79, 80]
[00:00:02:34:822] Expansion 29,843: New longest path found with length 48: [0, 9, 10, 11, 2, 3, 4, 13, 14, 15, 6, 7, 8, 17, 26, 25, 34, 43, 44, 53, 62, 61, 60, 51, 50, 41, 40, 39, 38, 29, 28, 27, 36, 45, 54, 63, 72, 73, 74, 65, 56, 57, 58, 67, 68, 77, 78, 79, 80]
[00:00:03:46:568] Path of length 48 found: [0, 9, 10, 11, 2, 3, 4, 13, 14, 15, 6, 7, 8, 17, 26, 25, 34, 43, 44, 53, 62, 61, 60, 51, 50, 41, 40, 39, 38, 29, 28, 27, 36, 45, 54, 63, 72, 73, 74, 65, 56, 57, 58, 67, 68, 77, 78, 79, 80]
[00:00:03:47:100] ! Bidirectional. expansions: 41,617, time: 226,568 [ms], path length: 48 [edges], g_F: 25, g_B: 23, generated: {'F': 35,675, 'B': 37,036}, MM: 2, MMPER: 3.0816326530612246%
[00:00:03:47:100] 
---------- SM_Grids/9x9_grid_with_random_blocks_8per_8 ----------
[00:00:00:00:222] Expansion 39: New longest path found with length 40: [0, 9, 10, 19, 28, 37, 46, 55, 54, 63, 72, 73, 74, 65, 66, 57, 48, 39, 30, 31, 22, 13, 4, 5, 6, 7, 8, 17, 26, 25, 24, 33, 42, 41, 50, 59, 68, 77, 78, 79, 80]
[00:00:00:00:286] Expansion 65: New longest path found with length 42: [0, 9, 10, 19, 28, 37, 46, 55, 54, 63, 72, 73, 74, 65, 66, 57, 48, 39, 30, 31, 22, 13, 4, 5, 6, 7, 8, 17, 26, 25, 24, 33, 42, 43, 52, 61, 60, 59, 68, 77, 78, 79, 80]
[00:00:00:00:308] Expansion 75: New longest path found with length 44: [0, 9, 10, 19, 28, 37, 46, 55, 54, 63, 72, 73, 74, 65, 66, 57, 48, 39, 30, 31, 22, 13, 4, 5, 6, 7, 8, 17, 26, 25, 24, 33, 42, 43, 44, 53, 62, 61, 60, 59, 68, 77, 78, 79, 80]
[00:00:00:03:307] Expansion 895: New longest path found with length 46: [0, 9, 10, 19, 28, 37, 46, 55, 54, 63, 72, 73, 74, 65, 66, 67, 76, 77, 78, 69, 60, 59, 50, 49, 48, 39, 30, 31, 22, 13, 4, 5, 6, 7, 8, 17, 26, 25, 24, 33, 42, 43, 52, 53, 62, 71, 80]
[00:00:00:22:132] Expansion 4,694: New longest path found with length 48: [0, 9, 10, 11, 2, 3, 4, 13, 22, 23, 24, 15, 6, 7, 8, 17, 26, 35, 34, 43, 42, 41, 50, 49, 48, 39, 30, 29, 28, 37, 46, 55, 54, 63, 72, 73, 74, 65, 66, 67, 76, 77, 78, 69, 60, 61, 62, 71, 80]
[00:00:00:38:697] Expansion 7,736: New longest path found with length 50: [0, 9, 18, 27, 36, 37, 46, 55, 54, 63, 72, 73, 74, 65, 66, 67, 76, 77, 78, 69, 60, 59, 50, 49, 48, 39, 30, 29, 20, 11, 2, 3, 4, 13, 22, 23, 24, 15, 6, 7, 8, 17, 26, 35, 34, 43, 52, 53, 62, 71, 80]
[00:00:00:59:185] Path of length 50 found: [0, 9, 18, 27, 36, 37, 46, 55, 54, 63, 72, 73, 74, 65, 66, 67, 76, 77, 78, 69, 60, 59, 50, 49, 48, 39, 30, 29, 20, 11, 2, 3, 4, 13, 22, 23, 24, 15, 6, 7, 8, 17, 26, 35, 34, 43, 52, 53, 62, 71, 80]
[00:00:00:59:185] ! Unidirectional s-t. expansions: 10,865, time: 59,185 [ms], path length: 50 [edges], generated: 18,049
[00:00:00:00:233] Expansion 46: New longest path found with length 42: [80, 79, 70, 69, 60, 59, 50, 41, 42, 43, 44, 35, 26, 17, 8, 7, 6, 15, 24, 23, 22, 31, 30, 39, 48, 57, 66, 65, 74, 73, 72, 63, 54, 55, 46, 37, 36, 27, 18, 19, 10, 1, 0]
[00:00:00:00:243] Expansion 51: New longest path found with length 44: [80, 79, 70, 69, 60, 59, 50, 41, 42, 43, 44, 35, 26, 17, 8, 7, 6, 15, 24, 23, 22, 31, 30, 39, 48, 57, 66, 65, 74, 73, 72, 63, 54, 55, 46, 37, 36, 27, 18, 19, 20, 11, 2, 1, 0]
[00:00:00:00:385] Expansion 102: New longest path found with length 46: [80, 79, 70, 69, 60, 59, 50, 41, 42, 43, 44, 35, 26, 17, 8, 7, 6, 15, 24, 23, 22, 13, 4, 3, 2, 11, 20, 29, 30, 39, 48, 57, 66, 65, 74, 73, 72, 63, 54, 55, 46, 37, 36, 27, 18, 9, 0]
[00:00:00:57:011] Expansion 11,095: New longest path found with length 48: [80, 79, 70, 61, 62, 53, 44, 43, 42, 33, 24, 25, 26, 17, 8, 7, 6, 5, 14, 13, 22, 31, 30, 39, 48, 49, 50, 59, 68, 77, 76, 75, 74, 73, 72, 63, 54, 55, 46, 37, 36, 27, 18, 19, 20, 11, 2, 1, 0]
[00:00:01:17:500] Expansion 15,045: New longest path found with length 50: [80, 79, 78, 77, 76, 67, 66, 65, 74, 73, 72, 63, 54, 55, 46, 37, 36, 27, 18, 19, 20, 29, 30, 39, 48, 49, 50, 59, 60, 61, 62, 53, 44, 43, 42, 33, 24, 25, 26, 17, 8, 7, 6, 5, 14, 13, 12, 3, 2, 1, 0]
[00:00:01:33:509] Path of length 50 found: [80, 79, 78, 77, 76, 67, 66, 65, 74, 73, 72, 63, 54, 55, 46, 37, 36, 27, 18, 19, 20, 29, 30, 39, 48, 49, 50, 59, 60, 61, 62, 53, 44, 43, 42, 33, 24, 25, 26, 17, 8, 7, 6, 5, 14, 13, 12, 3, 2, 1, 0]
[00:00:01:33:509] ! Unidirectional t-s. expansions: 17,517, time: 93,509 [ms], path length: 50 [edges], generated: 28,819
[00:00:00:00:239] Expansion 43: New longest path found with length 44: [0, 9, 10, 19, 28, 37, 46, 55, 54, 63, 72, 73, 74, 65, 66, 67, 76, 77, 78, 69, 60, 59, 50, 49, 48, 39, 30, 21, 22, 23, 24, 15, 6, 7, 8, 17, 26, 35, 34, 43, 52, 53, 62, 71, 80]
[00:00:00:00:952] Expansion 206: New longest path found with length 46: [0, 9, 10, 19, 28, 37, 46, 55, 54, 63, 72, 73, 74, 65, 66, 67, 76, 77, 78, 69, 60, 59, 50, 49, 48, 39, 30, 21, 12, 3, 4, 5, 6, 7, 8, 17, 26, 25, 24, 33, 42, 43, 52, 53, 62, 71, 80]
[00:00:00:08:110] Expansion 1,514: New longest path found with length 48: [0, 9, 10, 11, 2, 3, 4, 13, 22, 23, 24, 15, 6, 7, 8, 17, 26, 35, 34, 43, 42, 41, 50, 49, 48, 39, 30, 29, 28, 37, 46, 55, 54, 63, 72, 73, 74, 65, 66, 67, 76, 77, 78, 69, 60, 61, 62, 71, 80]
[00:00:00:15:535] Expansion 2,591: New longest path found with length 50: [0, 9, 18, 27, 36, 37, 46, 55, 54, 63, 72, 73, 74, 65, 66, 67, 76, 77, 78, 69, 60, 59, 50, 49, 48, 39, 30, 29, 20, 11, 2, 3, 4, 13, 22, 23, 24, 15, 6, 7, 8, 17, 26, 35, 34, 43, 52, 53, 62, 71, 80]
[00:00:00:33:353] Path of length 50 found: [0, 9, 18, 27, 36, 37, 46, 55, 54, 63, 72, 73, 74, 65, 66, 67, 76, 77, 78, 69, 60, 59, 50, 49, 48, 39, 30, 29, 20, 11, 2, 3, 4, 13, 22, 23, 24, 15, 6, 7, 8, 17, 26, 35, 34, 43, 52, 53, 62, 71, 80]
[00:00:00:33:864] ! Bidirectional. expansions: 5,015, time: 33,353 [ms], path length: 50 [edges], g_F: 26, g_B: 24, generated: {'F': 4,338, 'B': 4,307}, MM: 2, MMPER: 2.9215686274509802%
[00:00:00:33:864] 
---------- SM_Grids/9x9_grid_with_random_blocks_8per_9 ----------
[00:00:00:00:225] Expansion 39: New longest path found with length 40: [0, 9, 18, 27, 36, 45, 54, 55, 64, 73, 74, 75, 66, 57, 48, 47, 38, 29, 30, 21, 12, 13, 4, 5, 6, 7, 8, 17, 26, 35, 34, 33, 32, 41, 50, 59, 68, 77, 78, 79, 80]
[00:00:00:00:339] Expansion 88: New longest path found with length 42: [0, 9, 18, 27, 36, 45, 54, 55, 64, 73, 74, 75, 66, 57, 48, 47, 38, 29, 30, 21, 12, 13, 4, 5, 6, 7, 8, 17, 26, 25, 24, 23, 32, 41, 42, 51, 60, 59, 68, 77, 78, 79, 80]
[00:00:00:02:679] Expansion 726: New longest path found with length 44: [0, 9, 18, 27, 36, 45, 54, 55, 64, 73, 74, 75, 66, 57, 48, 47, 38, 29, 20, 11, 2, 3, 4, 5, 6, 7, 16, 17, 26, 35, 34, 33, 24, 23, 22, 31, 40, 41, 50, 59, 68, 77, 78, 79, 80]
[00:00:00:12:361] Expansion 3,119: New longest path found with length 46: [0, 9, 18, 27, 36, 45, 54, 55, 64, 73, 74, 75, 66, 67, 68, 59, 60, 51, 42, 33, 24, 23, 22, 31, 40, 49, 48, 47, 38, 29, 20, 11, 2, 3, 4, 5, 6, 7, 16, 17, 26, 35, 44, 53, 62, 71, 80]
[00:00:03:43:720] Path of length 46 found: [0, 9, 18, 27, 36, 45, 54, 55, 64, 73, 74, 75, 66, 67, 68, 59, 60, 51, 42, 33, 24, 23, 22, 31, 40, 49, 48, 47, 38, 29, 20, 11, 2, 3, 4, 5, 6, 7, 16, 17, 26, 35, 44, 53, 62, 71, 80]
[00:00:03:43:720] ! Unidirectional s-t. expansions: 41,515, time: 223,720 [ms], path length: 46 [edges], generated: 73,717
[00:00:00:06:722] Expansion 2,327: New longest path found with length 24: [80, 79, 78, 77, 68, 59, 60, 51, 52, 53, 44, 35, 26, 17, 8, 7, 6, 5, 4, 3, 2, 11, 10, 9, 0]
[00:00:00:06:796] Expansion 2,345: New longest path found with length 40: [80, 79, 78, 77, 68, 59, 60, 51, 52, 53, 44, 35, 26, 17, 8, 7, 6, 5, 4, 3, 2, 11, 20, 21, 22, 23, 32, 41, 40, 49, 48, 47, 56, 55, 54, 45, 36, 27, 18, 9, 0]
[00:00:00:06:843] Expansion 2,361: New longest path found with length 42: [80, 79, 78, 77, 68, 59, 60, 51, 52, 53, 44, 35, 26, 17, 8, 7, 6, 5, 4, 3, 2, 11, 20, 21, 22, 23, 32, 41, 40, 49, 48, 57, 66, 65, 64, 55, 54, 45, 36, 27, 18, 9, 0]
[00:00:00:06:869] Expansion 2,372: New longest path found with length 44: [80, 79, 78, 77, 68, 59, 60, 51, 52, 53, 44, 35, 26, 17, 8, 7, 6, 5, 4, 3, 2, 11, 20, 21, 22, 23, 32, 41, 40, 49, 48, 57, 66, 75, 74, 73, 64, 55, 54, 45, 36, 27, 18, 9, 0]
[00:00:00:53:468] Expansion 11,997: New longest path found with length 46: [80, 79, 78, 77, 68, 59, 58, 57, 66, 75, 74, 73, 64, 55, 46, 45, 36, 27, 18, 19, 20, 29, 38, 39, 40, 31, 22, 23, 24, 33, 42, 51, 52, 53, 44, 35, 26, 17, 8, 7, 6, 5, 4, 3, 2, 1, 0]
[00:00:01:38:047] Path of length 46 found: [80, 79, 78, 77, 68, 59, 58, 57, 66, 75, 74, 73, 64, 55, 46, 45, 36, 27, 18, 19, 20, 29, 38, 39, 40, 31, 22, 23, 24, 33, 42, 51, 52, 53, 44, 35, 26, 17, 8, 7, 6, 5, 4, 3, 2, 1, 0]
[00:00:01:38:047] ! Unidirectional t-s. expansions: 19,682, time: 98,047 [ms], path length: 46 [edges], generated: 34,819
[00:00:00:00:247] Expansion 43: New longest path found with length 40: [0, 9, 18, 27, 36, 45, 54, 55, 64, 73, 74, 75, 66, 57, 48, 47, 38, 29, 20, 11, 12, 13, 14, 5, 6, 7, 8, 17, 26, 35, 44, 53, 52, 51, 60, 59, 68, 77, 78, 79, 80]
[00:00:00:00:429] Expansion 112: New longest path found with length 44: [0, 9, 18, 27, 36, 45, 54, 55, 64, 73, 74, 75, 66, 57, 48, 49, 40, 41, 32, 23, 22, 21, 20, 11, 2, 3, 4, 5, 6, 7, 8, 17, 26, 35, 44, 53, 52, 51, 60, 59, 68, 77, 78, 79, 80]
[00:00:00:09:771] Expansion 1,979: New longest path found with length 46: [0, 9, 18, 19, 20, 11, 2, 3, 4, 5, 6, 7, 8, 17, 26, 35, 44, 53, 52, 51, 42, 33, 24, 23, 22, 31, 30, 39, 38, 37, 36, 45, 54, 55, 64, 73, 74, 75, 66, 57, 58, 59, 68, 77, 78, 79, 80]
[00:00:00:53:728] Path of length 46 found: [0, 9, 18, 19, 20, 11, 2, 3, 4, 5, 6, 7, 8, 17, 26, 35, 44, 53, 52, 51, 42, 33, 24, 23, 22, 31, 30, 39, 38, 37, 36, 45, 54, 55, 64, 73, 74, 75, 66, 57, 58, 59, 68, 77, 78, 79, 80]
[00:00:00:54:247] ! Bidirectional. expansions: 8,838, time: 53,728 [ms], path length: 46 [edges], g_F: 24, g_B: 22, generated: {'F': 8,051, 'B': 7,904}, MM: 2, MMPER: 3.25531914893617%
[00:00:00:54:247] average expansions: (38,607, 41,181, 22,648, 0)
[00:00:00:54:247] average time: (200,690, 196,782, 128,302, 0)
[00:00:00:54:247] X-DFBnB: 38,607 , 196,782 (expansions , time[ms])
[00:00:00:54:247] BiX-DFBnB: 22,648 , 128,302 (expansions , time[ms])

