--------------------------
date: SM_Grids
number_of_graphs: 10
graph_type: grid
size_of_graphs: [6, 8]
heuristic: heuristic0
snake: False
run_uni: True
run_bi: True
run_multi: False
solution_vertices: []
algorithms: ['full', 'DFS']
bsd: True
cube_first_dims: 4
cube_buffer_dim: None
backward_sym_generation: False
sym_coil: False
prefix_set: None

---------- SM_Grids/6x8_grid_with_random_blocks_12per_0 ----------
[00:00:02:45:277] Path of length 40 found: [0, 8, 16, 24, 32, 40, 41, 42, 34, 26, 18, 17, 9, 1, 2, 10, 11, 3, 4, 5, 13, 21, 20, 19, 27, 35, 43, 44, 36, 28, 29, 37, 38, 30, 22, 14, 15, 23, 31, 39, 47]
[00:00:02:45:288] ! Unidirectional s-t. expansions: 4,507,159, time: 165,278 [ms], path length: 40 [edges], generated: 4,507,158
[00:00:03:27:143] Path of length 40 found: [47, 39, 31, 23, 15, 14, 13, 5, 4, 3, 2, 1, 9, 17, 18, 10, 11, 19, 20, 28, 29, 21, 22, 30, 38, 37, 36, 44, 43, 35, 27, 26, 34, 42, 41, 40, 32, 24, 16, 8, 0]
[00:00:03:27:152] ! Unidirectional t-s. expansions: 4,839,345, time: 207,143 [ms], path length: 40 [edges], generated: 4,839,344
[00:02:09:38:926] Path of length 40 found: [47, 39, 31, 23, 15, 14, 13, 5, 4, 3, 2, 1, 9, 17, 18, 10, 11, 19, 20, 28, 29, 21, 22, 30, 38, 37, 36, 44, 43, 35, 27, 26, 34, 42, 41, 40, 32, 24, 16, 8, 0]
[00:02:09:39:975] ! Bidirectional. expansions: 1,452,432, time: 7,778,927 [ms], path length: 40 [edges], g_F: 19, g_B: 21, generated: 2,038,175, MM: 2, MMPER: 3.8,780,487,804,878,048%
[00:02:09:39:975] 
---------- SM_Grids/6x8_grid_with_random_blocks_12per_1 ----------
[00:00:03:22:583] Path of length 40 found: [0, 8, 16, 24, 25, 33, 32, 40, 41, 42, 34, 35, 27, 19, 11, 10, 9, 1, 2, 3, 4, 12, 20, 28, 36, 44, 45, 37, 29, 21, 13, 5, 6, 14, 22, 30, 31, 39, 38, 46, 47]
[00:00:03:22:594] ! Unidirectional s-t. expansions: 5,67,926, time: 202,583 [ms], path length: 40 [edges], generated: 5,067,925
[00:00:04:17:640] Path of length 40 found: [47, 39, 31, 30, 22, 14, 6, 5, 4, 3, 2, 1, 9, 10, 18, 19, 11, 12, 20, 21, 29, 37, 38, 46, 45, 44, 36, 28, 27, 35, 34, 42, 41, 40, 32, 33, 25, 24, 16, 8, 0]
[00:00:04:17:648] ! Unidirectional t-s. expansions: 6,157,60, time: 257,640 [ms], path length: 40 [edges], generated: 6,157,059
[00:02:46:19:351] Path of length 40 found: [47, 39, 31, 30, 22, 14, 6, 5, 4, 3, 2, 1, 9, 10, 18, 19, 11, 12, 20, 21, 29, 37, 38, 46, 45, 44, 36, 28, 27, 35, 34, 42, 41, 40, 32, 33, 25, 24, 16, 8, 0]
[00:02:46:20:435] ! Bidirectional. expansions: 1,519,849, time: 9,979,351 [ms], path length: 40 [edges], g_F: 19, g_B: 21, generated: 2,136,262, MM: 2, MMPER: 3.8,780,487,804,878,048%
[00:02:46:20:435] 
---------- SM_Grids/6x8_grid_with_random_blocks_12per_2 ----------
[00:00:05:07:672] Path of length 40 found: [0, 8, 16, 24, 32, 33, 41, 42, 43, 35, 34, 26, 25, 17, 18, 10, 9, 1, 2, 3, 11, 12, 20, 28, 29, 21, 13, 5, 6, 14, 15, 23, 22, 30, 31, 39, 38, 37, 45, 46, 47]
[00:00:05:07:683] ! Unidirectional s-t. expansions: 7,41,294, time: 307,672 [ms], path length: 40 [edges], generated: 7,041,293
[00:00:05:30:467] Path of length 40 found: [47, 39, 31, 23, 15, 7, 6, 5, 13, 12, 20, 28, 29, 21, 22, 30, 38, 37, 45, 44, 43, 35, 34, 42, 41, 33, 32, 24, 16, 8, 9, 17, 25, 26, 18, 10, 11, 3, 2, 1, 0]
[00:00:05:30:476] ! Unidirectional t-s. expansions: 7,125,656, time: 330,467 [ms], path length: 40 [edges], generated: 7,125,655
[00:01:35:56:824] Path of length 40 found: [47, 39, 31, 23, 15, 7, 6, 5, 13, 12, 20, 28, 29, 21, 22, 30, 38, 37, 45, 44, 43, 35, 34, 42, 41, 33, 32, 24, 25, 26, 18, 10, 11, 3, 2, 1, 9, 17, 16, 8, 0]
[00:01:35:57:746] ! Bidirectional. expansions: 987,803, time: 5,756,825 [ms], path length: 40 [edges], g_F: 19, g_B: 21, generated: 1,552,520, MM: 2, MMPER: 3.8,780,487,804,878,048%
[00:01:35:57:746] 
---------- SM_Grids/6x8_grid_with_random_blocks_12per_3 ----------
[00:00:06:50:974] Path of length 40 found: [0, 1, 9, 8, 16, 24, 32, 33, 25, 26, 34, 35, 43, 44, 36, 28, 27, 19, 18, 10, 11, 3, 4, 12, 20, 21, 13, 5, 6, 14, 15, 23, 22, 30, 31, 39, 38, 37, 45, 46, 47]
[00:00:06:50:989] ! Unidirectional s-t. expansions: 9,918,397, time: 410,974 [ms], path length: 40 [edges], generated: 9,918,396
[00:00:06:07:231] Path of length 40 found: [47, 39, 31, 23, 15, 7, 6, 5, 4, 3, 11, 10, 18, 19, 27, 28, 20, 12, 13, 21, 22, 30, 38, 46, 45, 37, 36, 44, 43, 35, 34, 26, 25, 33, 32, 24, 16, 8, 9, 1, 0]
[00:00:06:07:241] ! Unidirectional t-s. expansions: 7,803,373, time: 367,231 [ms], path length: 40 [edges], generated: 7,803,372
[00:04:11:05:284] Path of length 40 found: [47, 39, 31, 23, 15, 7, 6, 5, 4, 3, 11, 10, 18, 19, 27, 28, 20, 12, 13, 21, 22, 30, 38, 46, 45, 37, 36, 44, 43, 35, 34, 26, 25, 33, 32, 24, 16, 8, 9, 1, 0]
[00:04:11:06:210] ! Bidirectional. expansions: 1,735,940, time: 15,65,285 [ms], path length: 40 [edges], g_F: 19, g_B: 21, generated: 2,521,413, MM: 2, MMPER: 3.8,780,487,804,878,048%
[00:04:11:06:210] 
---------- SM_Grids/6x8_grid_with_random_blocks_12per_4 ----------
[00:00:01:26:934] Path of length 40 found: [0, 8, 16, 24, 32, 40, 41, 33, 25, 17, 9, 1, 2, 3, 4, 5, 6, 14, 13, 12, 11, 10, 18, 19, 27, 26, 34, 42, 43, 35, 36, 44, 45, 37, 29, 30, 31, 39, 38, 46, 47]
[00:00:01:26:947] ! Unidirectional s-t. expansions: 2,40,672, time: 86,934 [ms], path length: 40 [edges], generated: 2,040,671
[00:00:03:35:391] Path of length 40 found: [47, 39, 31, 30, 29, 37, 38, 46, 45, 44, 36, 35, 43, 42, 34, 26, 27, 19, 11, 12, 13, 14, 6, 5, 4, 3, 2, 1, 9, 10, 18, 17, 25, 33, 41, 40, 32, 24, 16, 8, 0]
[00:00:03:35:399] ! Unidirectional t-s. expansions: 6,54,714, time: 215,391 [ms], path length: 40 [edges], generated: 6,054,713
[00:01:20:58:692] Path of length 40 found: [47, 39, 31, 30, 29, 37, 38, 46, 45, 44, 36, 35, 43, 42, 34, 26, 27, 19, 11, 12, 13, 14, 6, 5, 4, 3, 2, 1, 9, 10, 18, 17, 25, 33, 41, 40, 32, 24, 16, 8, 0]
[00:01:20:59:664] ! Bidirectional. expansions: 1,633,634, time: 4,858,692 [ms], path length: 40 [edges], g_F: 19, g_B: 21, generated: 2,303,884, MM: 2, MMPER: 3.8,780,487,804,878,048%
[00:01:20:59:664] 
---------- SM_Grids/6x8_grid_with_random_blocks_12per_5 ----------
[00:00:02:27:542] Path of length 42 found: [0, 8, 16, 24, 32, 40, 41, 33, 34, 42, 43, 44, 36, 28, 20, 19, 27, 26, 18, 17, 9, 1, 2, 10, 11, 3, 4, 12, 13, 5, 6, 7, 15, 14, 22, 23, 31, 39, 38, 37, 45, 46, 47]
[00:00:02:27:560] ! Unidirectional s-t. expansions: 3,780,85, time: 147,544 [ms], path length: 42 [edges], generated: 3,780,084
[00:00:02:30:458] Path of length 42 found: [47, 39, 31, 23, 22, 14, 15, 7, 6, 5, 13, 12, 4, 3, 11, 10, 2, 1, 9, 17, 18, 26, 27, 19, 20, 28, 36, 37, 38, 46, 45, 44, 43, 42, 34, 33, 41, 40, 32, 24, 16, 8, 0]
[00:00:02:30:466] ! Unidirectional t-s. expansions: 3,774,428, time: 150,458 [ms], path length: 42 [edges], generated: 3,774,427
[00:00:06:11:320] Path of length 42 found: [47, 39, 31, 23, 22, 14, 15, 7, 6, 5, 13, 12, 4, 3, 11, 10, 2, 1, 9, 17, 18, 26, 27, 19, 20, 28, 36, 37, 38, 46, 45, 44, 43, 42, 34, 33, 41, 40, 32, 24, 16, 8, 0]
[00:00:06:12:070] ! Bidirectional. expansions: 589,314, time: 371,320 [ms], path length: 42 [edges], g_F: 21, g_B: 21, generated: 846,979, MM: 0, MMPER: -1.0%
[00:00:06:12:070] 
---------- SM_Grids/6x8_grid_with_random_blocks_12per_6 ----------
[00:00:02:51:004] Path of length 40 found: [0, 8, 16, 24, 32, 40, 41, 33, 25, 17, 9, 1, 2, 10, 18, 26, 34, 35, 43, 44, 36, 37, 29, 21, 20, 28, 27, 19, 11, 3, 4, 12, 13, 14, 6, 7, 15, 23, 31, 39, 47]
[00:00:02:51:011] ! Unidirectional s-t. expansions: 4,854,164, time: 171,5 [ms], path length: 40 [edges], generated: 4,854,163
[00:00:02:51:407] Path of length 40 found: [47, 39, 31, 23, 15, 7, 6, 14, 13, 12, 4, 3, 2, 1, 9, 17, 25, 26, 18, 10, 11, 19, 27, 28, 20, 21, 29, 37, 36, 44, 43, 35, 34, 33, 41, 40, 32, 24, 16, 8, 0]
[00:00:02:51:415] ! Unidirectional t-s. expansions: 4,280,269, time: 171,407 [ms], path length: 40 [edges], generated: 4,280,268
[00:02:17:34:180] Path of length 40 found: [47, 39, 31, 23, 15, 7, 6, 14, 13, 12, 4, 3, 2, 1, 9, 17, 25, 26, 18, 10, 11, 19, 27, 28, 20, 21, 29, 37, 36, 44, 43, 35, 34, 33, 41, 40, 32, 24, 16, 8, 0]
[00:02:17:35:188] ! Bidirectional. expansions: 1,468,821, time: 8,254,180 [ms], path length: 40 [edges], g_F: 19, g_B: 21, generated: 2,069,315, MM: 2, MMPER: 3.8,780,487,804,878,048%
[00:02:17:35:189] 
---------- SM_Grids/6x8_grid_with_random_blocks_12per_7 ----------
[00:00:04:27:752] Path of length 38 found: [0, 1, 9, 17, 16, 24, 32, 40, 41, 33, 25, 26, 18, 10, 11, 19, 27, 35, 34, 42, 43, 44, 36, 28, 20, 12, 4, 5, 13, 21, 29, 37, 45, 46, 38, 30, 31, 39, 47]
[00:00:04:27:764] ! Unidirectional s-t. expansions: 7,234,71, time: 267,752 [ms], path length: 38 [edges], generated: 7,234,070
[00:00:08:26:905] Path of length 38 found: [47, 39, 31, 30, 29, 21, 13, 5, 4, 12, 11, 10, 18, 26, 25, 33, 34, 35, 27, 19, 20, 28, 36, 37, 38, 46, 45, 44, 43, 42, 41, 40, 32, 24, 16, 17, 9, 1, 0]
[00:00:08:26:913] ! Unidirectional t-s. expansions: 13,133,651, time: 506,905 [ms], path length: 38 [edges], generated: 13,133,650
[01:03:30:22:396] Path of length 38 found: [47, 39, 31, 30, 29, 21, 13, 5, 4, 12, 11, 10, 18, 26, 25, 33, 34, 35, 27, 19, 20, 28, 36, 37, 38, 46, 45, 44, 43, 42, 41, 40, 32, 24, 16, 17, 9, 1, 0]
[01:03:30:23:911] ! Bidirectional. expansions: 3,304,618, time: 99,22,396 [ms], path length: 38 [edges], g_F: 17, g_B: 21, generated: 4,764,429, MM: 4, MMPER: 9.256,410,256,410,257%
[01:03:30:23:911] 
---------- SM_Grids/6x8_grid_with_random_blocks_12per_8 ----------
[00:00:04:19:365] Path of length 40 found: [0, 8, 16, 24, 32, 40, 41, 42, 34, 26, 18, 17, 9, 1, 2, 10, 11, 3, 4, 12, 20, 19, 27, 35, 43, 44, 45, 37, 36, 28, 29, 21, 13, 14, 6, 7, 15, 23, 31, 39, 47]
[00:00:04:19:382] ! Unidirectional s-t. expansions: 5,813,936, time: 259,366 [ms], path length: 40 [edges], generated: 5,813,935
[00:00:02:53:264] Path of length 40 found: [47, 39, 31, 23, 15, 7, 6, 14, 13, 12, 4, 3, 2, 1, 9, 17, 18, 10, 11, 19, 27, 26, 34, 35, 36, 28, 20, 21, 29, 37, 45, 44, 43, 42, 41, 40, 32, 24, 16, 8, 0]
[00:00:02:53:265] ! Unidirectional t-s. expansions: 3,506,125, time: 173,264 [ms], path length: 40 [edges], generated: 3,506,124
[00:01:34:58:361] Path of length 40 found: [47, 39, 31, 23, 15, 7, 6, 14, 13, 12, 4, 3, 2, 1, 9, 17, 18, 10, 11, 19, 20, 21, 29, 28, 36, 37, 45, 44, 43, 35, 27, 26, 34, 42, 41, 40, 32, 24, 16, 8, 0]
[00:01:34:59:390] ! Bidirectional. expansions: 1,141,235, time: 5,698,361 [ms], path length: 40 [edges], g_F: 19, g_B: 21, generated: 1,582,851, MM: 2, MMPER: 3.8,780,487,804,878,048%
[00:01:34:59:391] 
---------- SM_Grids/6x8_grid_with_random_blocks_12per_9 ----------
[00:00:05:33:366] Path of length 40 found: [0, 8, 16, 24, 32, 40, 41, 33, 25, 17, 9, 10, 18, 26, 34, 42, 43, 35, 27, 19, 20, 12, 11, 3, 4, 5, 13, 14, 22, 23, 31, 30, 29, 37, 36, 44, 45, 46, 38, 39, 47]
[00:00:05:33:382] ! Unidirectional s-t. expansions: 8,76,3, time: 333,366 [ms], path length: 40 [edges], generated: 8,076,002
[00:00:05:34:159] Path of length 40 found: [47, 39, 31, 23, 22, 14, 13, 5, 4, 3, 11, 12, 20, 19, 18, 10, 9, 17, 25, 33, 34, 26, 27, 35, 36, 37, 29, 30, 38, 46, 45, 44, 43, 42, 41, 40, 32, 24, 16, 8, 0]
[00:00:05:34:169] ! Unidirectional t-s. expansions: 7,491,853, time: 334,159 [ms], path length: 40 [edges], generated: 7,491,852
