--------------------------
date: SM_Grids
number_of_graphs: 10
graph_type: grid
size_of_graphs: [8, 8]
heuristic: heuristic0
snake: False
run_uni: True
run_bi: True
run_multi: False
solution_vertices: []
algorithms: ['full', 'DFS']
bsd: True
cube_first_dims: 4
cube_buffer_dim: None
backward_sym_generation: False
sym_coil: False
prefix_set: None

---------- SM_Grids/8x8_grid_with_random_blocks_20per_0 ----------
[00:00:01:03:228] Path of length 44 found: [0, 1, 9, 10, 2, 3, 4, 12, 20, 28, 29, 21, 13, 5, 6, 14, 15, 23, 22, 30, 31, 39, 38, 37, 36, 35, 34, 26, 25, 17, 16, 24, 32, 40, 48, 49, 41, 42, 43, 44, 52, 53, 61, 62, 63]
[00:00:01:03:236] ! Unidirectional s-t. expansions: 1,767,302, time: 63,228 [ms], path length: 44 [edges], generated: 1,767,301
[00:00:00:58:866] Path of length 44 found: [63, 62, 61, 53, 52, 44, 43, 42, 41, 49, 48, 40, 32, 24, 16, 17, 25, 26, 34, 35, 36, 28, 20, 12, 13, 21, 29, 37, 38, 30, 31, 23, 22, 14, 15, 7, 6, 5, 4, 3, 2, 10, 9, 1, 0]
[00:00:00:58:874] ! Unidirectional t-s. expansions: 1,372,350, time: 58,866 [ms], path length: 44 [edges], generated: 1,372,349
[00:00:48:43:529] Path of length 44 found: [63, 62, 61, 53, 52, 44, 43, 42, 41, 49, 48, 40, 32, 24, 16, 17, 25, 26, 34, 35, 36, 37, 38, 39, 31, 30, 22, 23, 15, 14, 6, 5, 13, 21, 29, 28, 20, 12, 4, 3, 2, 10, 9, 1, 0]
[00:00:48:44:190] ! Bidirectional. expansions: 614,100, time: 2,923,529 [ms], path length: 44 [edges], g_F: 18, g_B: 26, generated: 795,526, MM: 8, MMPER: 16.77,777,777,777,778%
[00:00:48:44:191] 
---------- SM_Grids/8x8_grid_with_random_blocks_20per_1 ----------
[00:00:00:40:923] Path of length 38 found: [0, 8, 16, 24, 25, 17, 9, 1, 2, 10, 11, 19, 18, 26, 34, 33, 41, 40, 48, 56, 57, 49, 50, 42, 43, 35, 27, 28, 20, 21, 29, 37, 45, 46, 47, 55, 54, 62, 63]
[00:00:00:40:933] ! Unidirectional s-t. expansions: 964,515, time: 40,924 [ms], path length: 38 [edges], generated: 964,514
[00:00:01:31:907] Path of length 38 found: [63, 55, 54, 46, 47, 39, 31, 30, 29, 21, 20, 19, 11, 3, 2, 1, 9, 17, 18, 26, 27, 35, 34, 42, 43, 51, 50, 49, 57, 56, 48, 40, 41, 33, 25, 24, 16, 8, 0]
[00:00:01:31:915] ! Unidirectional t-s. expansions: 2,326,733, time: 91,907 [ms], path length: 38 [edges], generated: 2,326,732
[00:05:42:56:043] Path of length 38 found: [63, 55, 54, 46, 47, 39, 31, 30, 29, 21, 20, 19, 11, 3, 2, 1, 9, 10, 18, 26, 27, 35, 34, 42, 43, 51, 50, 49, 57, 56, 48, 40, 41, 33, 25, 24, 16, 8, 0]
[00:05:42:56:978] ! Bidirectional. expansions: 1,480,803, time: 20,576,43 [ms], path length: 38 [edges], g_F: 12, g_B: 26, generated: 1,886,138, MM: 14, MMPER: 34.8,974,358,974,359%
[00:05:42:56:979] 
---------- SM_Grids/8x8_grid_with_random_blocks_20per_2 ----------
[00:00:07:25:953] Path of length 48 found: [0, 8, 16, 17, 9, 1, 2, 3, 4, 12, 20, 19, 18, 26, 34, 33, 41, 40, 48, 56, 57, 49, 50, 58, 59, 60, 61, 53, 45, 37, 36, 28, 29, 21, 13, 5, 6, 14, 22, 23, 31, 30, 38, 39, 47, 46, 54, 62, 63]
[00:00:07:25:963] ! Unidirectional s-t. expansions: 11,484,423, time: 445,953 [ms], path length: 48 [edges], generated: 11,484,422
[00:00:03:32:381] Path of length 48 found: [63, 62, 54, 46, 38, 39, 31, 23, 15, 14, 6, 5, 13, 21, 22, 30, 29, 28, 36, 37, 45, 53, 61, 60, 59, 58, 50, 49, 57, 56, 48, 40, 41, 33, 34, 26, 18, 19, 20, 12, 4, 3, 2, 1, 9, 17, 16, 8, 0]
[00:00:03:32:391] ! Unidirectional t-s. expansions: 4,397,662, time: 212,381 [ms], path length: 48 [edges], generated: 4,397,661
[00:02:52:25:364] Path of length 48 found: [63, 62, 54, 46, 38, 39, 31, 23, 15, 14, 6, 5, 13, 21, 22, 30, 29, 28, 36, 37, 45, 53, 61, 60, 59, 58, 50, 49, 57, 56, 48, 40, 41, 33, 34, 26, 18, 19, 20, 12, 4, 3, 2, 1, 9, 17, 16, 8, 0]
[00:02:52:26:354] ! Bidirectional. expansions: 1,496,19, time: 10,345,364 [ms], path length: 48 [edges], g_F: 22, g_B: 26, generated: 1,956,829, MM: 4, MMPER: 7.163,265,306,122,449%
[00:02:52:26:354] 
---------- SM_Grids/8x8_grid_with_random_blocks_20per_3 ----------
[00:00:01:14:872] Path of length 46 found: [0, 8, 16, 24, 32, 40, 41, 49, 57, 58, 50, 51, 43, 35, 34, 26, 27, 19, 18, 17, 9, 10, 11, 3, 4, 12, 13, 5, 6, 7, 15, 23, 22, 30, 31, 39, 38, 37, 36, 44, 45, 53, 52, 60, 61, 62, 63]
[00:00:01:14:884] ! Unidirectional s-t. expansions: 1,783,359, time: 74,872 [ms], path length: 46 [edges], generated: 1,783,358
[00:00:00:53:392] Path of length 46 found: [63, 62, 61, 60, 52, 53, 45, 37, 29, 30, 38, 39, 31, 23, 15, 7, 6, 5, 4, 3, 11, 12, 20, 19, 27, 26, 34, 35, 36, 44, 43, 51, 50, 58, 57, 49, 41, 40, 32, 24, 16, 17, 18, 10, 9, 1, 0]
[00:00:00:53:404] ! Unidirectional t-s. expansions: 1,180,668, time: 53,392 [ms], path length: 46 [edges], generated: 1,180,667
[00:00:27:08:397] Path of length 46 found: [63, 62, 61, 60, 52, 53, 45, 37, 29, 30, 38, 39, 31, 23, 15, 7, 6, 5, 4, 3, 11, 12, 20, 19, 27, 26, 34, 35, 36, 44, 43, 51, 50, 58, 57, 49, 41, 40, 32, 24, 16, 17, 18, 10, 9, 8, 0]
[00:00:27:09:714] ! Bidirectional. expansions: 507,72, time: 1,628,397 [ms], path length: 46 [edges], g_F: 20, g_B: 26, generated: 660,340, MM: 6, MMPER: 11.76,595,744,680,851%
[00:00:27:09:714] 
---------- SM_Grids/8x8_grid_with_random_blocks_20per_4 ----------
[00:00:02:08:593] Path of length 44 found: [0, 8, 16, 24, 32, 40, 48, 49, 57, 58, 59, 51, 43, 44, 36, 28, 20, 19, 11, 10, 18, 26, 34, 33, 25, 17, 9, 1, 2, 3, 4, 5, 6, 7, 15, 23, 22, 21, 29, 37, 45, 46, 54, 62, 63]
[00:00:02:08:602] ! Unidirectional s-t. expansions: 3,548,999, time: 128,593 [ms], path length: 44 [edges], generated: 3,548,998
[00:00:02:39:963] Path of length 44 found: [63, 55, 54, 46, 38, 37, 29, 21, 22, 23, 15, 7, 6, 5, 4, 3, 2, 1, 9, 17, 25, 33, 34, 26, 18, 10, 11, 19, 27, 28, 36, 44, 43, 51, 59, 58, 57, 49, 41, 40, 32, 24, 16, 8, 0]
[00:00:02:39:977] ! Unidirectional t-s. expansions: 4,109,335, time: 159,963 [ms], path length: 44 [edges], generated: 4,109,334
[00:06:52:15:262] Path of length 44 found: [63, 55, 54, 46, 38, 37, 29, 21, 22, 23, 15, 7, 6, 5, 4, 3, 2, 1, 9, 17, 25, 33, 34, 26, 18, 10, 11, 19, 20, 28, 36, 44, 43, 51, 59, 58, 57, 49, 48, 40, 32, 24, 16, 8, 0]
[00:06:52:16:267] ! Bidirectional. expansions: 1,677,305, time: 24,735,262 [ms], path length: 44 [edges], g_F: 18, g_B: 26, generated: 2,229,000, MM: 8, MMPER: 16.77,777,777,777,778%
[00:06:52:16:267] 
---------- SM_Grids/8x8_grid_with_random_blocks_20per_5 ----------
