--------------------------
date: mazes
number_of_graphs: 21
graph_type: maze
size_of_graphs: [13, 13]
heuristic: bcc_heuristic
snake: False
run_uni: True
run_bi: True
run_multi: False
solution_vertices: []
algorithms: ['DFBnB']
lookahead: 5
bsd: False
cube_first_dims: 4
cube_buffer_dim: None
backward_sym_generation: False
sym_coil: False
prefix_set: None

---------- mazes/13x13_maze_with_0_open_diamonds_0 ----------
[00:00:00:02:489] Path of length 84 found: [0, 1, 2, 3, 4, 17, 30, 31, 32, 19, 6, 7, 8, 9, 10, 11, 12, 25, 38, 37, 36, 49, 62, 61, 60, 59, 58, 57, 56, 55, 54, 41, 28, 27, 26, 39, 52, 65, 78, 79, 80, 81, 82, 83, 84, 85, 86, 87, 88, 89, 90, 103, 116, 115, 114, 113, 112, 111, 110, 109, 122, 135, 134, 133, 132, 131, 130, 143, 156, 157, 158, 159, 160, 161, 162, 163, 164, 165, 152, 139, 140, 141, 142, 155, 168]
[00:00:00:02:489] ! Unidirectional s-t. expansions: 1,302, time: 2,489 [ms], path length: 84 [edges], generated: 1,727
[00:00:00:01:753] Path of length 84 found: [168, 155, 142, 141, 140, 139, 152, 165, 164, 163, 162, 161, 160, 159, 158, 157, 156, 143, 130, 131, 132, 133, 134, 135, 122, 109, 108, 107, 106, 105, 92, 79, 78, 65, 52, 39, 26, 27, 28, 41, 54, 55, 56, 57, 58, 71, 84, 85, 86, 99, 112, 113, 114, 115, 116, 103, 90, 89, 88, 87, 74, 61, 62, 63, 64, 51, 38, 25, 12, 11, 10, 9, 8, 7, 6, 19, 32, 31, 30, 17, 4, 3, 2, 1, 0]
[00:00:00:01:753] ! Unidirectional t-s. expansions: 888, time: 1,753 [ms], path length: 84 [edges], generated: 1,211
[00:00:00:00:001] Expansions: 0. Checks - state_vs_state: 0, state_vs_prefix: 0, prefix_vs_prefix: 1
[00:00:00:02:747] Path of length 84 found: [0, 1, 2, 3, 4, 17, 30, 31, 32, 19, 6, 7, 8, 9, 10, 11, 12, 25, 38, 37, 36, 49, 62, 61, 60, 59, 58, 57, 56, 55, 54, 41, 28, 27, 26, 39, 52, 65, 78, 79, 80, 81, 82, 83, 84, 85, 86, 87, 88, 89, 90, 103, 116, 115, 114, 113, 112, 111, 110, 109, 122, 135, 134, 133, 132, 131, 130, 143, 156, 157, 158, 159, 160, 161, 162, 163, 164, 165, 152, 139, 140, 141, 142, 155, 168]
[00:00:00:02:747] ! Bidirectional. expansions: 218, time: 2,747 [ms], path length: 84 [edges], g_F: 46, g_B: 38, generated: {'F': 1,286, 'B': 932}, MM: 8, MMPER: 8.411764705882353%
[00:00:00:02:747] 
---------- mazes/13x13_maze_with_1_open_diamonds_0 ----------
[00:00:01:44:568] Path of length 92 found: [0, 1, 2, 3, 4, 17, 30, 31, 32, 19, 6, 7, 8, 9, 10, 11, 12, 25, 38, 37, 36, 49, 62, 61, 60, 59, 58, 57, 56, 55, 54, 41, 28, 27, 26, 39, 52, 65, 78, 79, 80, 81, 82, 83, 84, 85, 86, 87, 88, 89, 90, 103, 116, 115, 114, 113, 112, 111, 110, 109, 108, 107, 106, 105, 118, 131, 130, 143, 156, 157, 158, 159, 146, 145, 132, 119, 120, 133, 134, 135, 136, 137, 150, 163, 164, 165, 152, 139, 140, 141, 142, 155, 168]
[00:00:01:44:569] ! Unidirectional s-t. expansions: 46,645, time: 104,568 [ms], path length: 92 [edges], generated: 69,375
[00:00:06:52:399] Path of length 92 found: [168, 155, 142, 141, 140, 139, 152, 165, 164, 163, 150, 137, 136, 135, 134, 133, 120, 119, 132, 145, 146, 159, 158, 157, 156, 143, 130, 131, 118, 105, 106, 107, 108, 109, 110, 111, 112, 113, 114, 115, 116, 103, 90, 89, 88, 87, 86, 85, 84, 83, 82, 81, 80, 79, 78, 65, 52, 39, 26, 27, 28, 41, 54, 55, 56, 57, 58, 59, 60, 61, 62, 63, 64, 51, 38, 25, 12, 11, 10, 9, 8, 7, 6, 19, 32, 31, 30, 17, 4, 3, 2, 1, 0]
[00:00:06:52:399] ! Unidirectional t-s. expansions: 193,451, time: 412,399 [ms], path length: 92 [edges], generated: 273,190
[00:00:00:00:001] Expansions: 0. Checks - state_vs_state: 0, state_vs_prefix: 0, prefix_vs_prefix: 1
[00:00:03:11:369] Path of length 92 found: [0, 1, 2, 3, 4, 17, 30, 31, 32, 19, 6, 7, 8, 9, 10, 11, 12, 25, 38, 37, 36, 49, 62, 61, 60, 59, 58, 57, 56, 55, 54, 41, 28, 27, 26, 39, 52, 65, 78, 79, 80, 81, 82, 83, 84, 85, 86, 87, 88, 89, 90, 103, 116, 115, 114, 113, 112, 111, 110, 109, 108, 107, 106, 105, 118, 131, 130, 143, 156, 157, 158, 159, 146, 145, 132, 119, 120, 133, 134, 135, 136, 137, 150, 163, 164, 165, 152, 139, 140, 141, 142, 155, 168]
[00:00:03:11:370] ! Bidirectional. expansions: 8,621, time: 191,369 [ms], path length: 92 [edges], g_F: 50, g_B: 42, generated: {'F': 77,782, 'B': 66,921}, MM: 8, MMPER: 7.602150537634408%
[00:00:03:11:370] 
---------- mazes/13x13_maze_with_1_open_diamonds_1 ----------
[00:00:02:36:461] Path of length 90 found: [0, 13, 26, 39, 52, 53, 54, 41, 28, 15, 2, 3, 4, 17, 16, 29, 30, 43, 42, 55, 56, 57, 58, 45, 32, 19, 6, 7, 8, 9, 10, 11, 12, 25, 38, 37, 36, 49, 62, 61, 74, 87, 88, 89, 90, 103, 116, 115, 114, 113, 112, 99, 86, 85, 84, 83, 82, 81, 80, 79, 92, 105, 106, 107, 108, 109, 122, 135, 134, 133, 132, 131, 130, 143, 156, 157, 158, 159, 160, 161, 162, 163, 164, 165, 152, 139, 140, 141, 142, 155, 168]
[00:00:02:36:461] ! Unidirectional s-t. expansions: 69,259, time: 156,461 [ms], path length: 90 [edges], generated: 93,481
[00:00:00:04:530] Path of length 90 found: [168, 155, 142, 141, 140, 139, 152, 165, 164, 163, 162, 161, 160, 159, 158, 157, 156, 143, 130, 131, 132, 133, 134, 135, 122, 109, 108, 107, 106, 105, 92, 79, 80, 81, 82, 83, 84, 85, 86, 99, 112, 113, 114, 115, 116, 103, 90, 89, 88, 87, 74, 61, 62, 63, 64, 51, 38, 25, 12, 11, 10, 9, 8, 7, 6, 19, 32, 45, 58, 57, 56, 43, 30, 17, 4, 3, 2, 15, 16, 29, 28, 41, 42, 55, 54, 53, 52, 39, 26, 13, 0]
[00:00:00:04:530] ! Unidirectional t-s. expansions: 2,434, time: 4,530 [ms], path length: 90 [edges], generated: 3,758
[00:00:00:00:001] Expansions: 0. Checks - state_vs_state: 0, state_vs_prefix: 0, prefix_vs_prefix: 1
[00:00:02:31:389] Path of length 90 found: [0, 1, 2, 15, 28, 27, 26, 39, 52, 53, 54, 41, 42, 29, 16, 3, 4, 17, 30, 43, 56, 57, 58, 45, 32, 19, 6, 7, 8, 9, 10, 11, 12, 25, 38, 37, 36, 49, 62, 61, 74, 87, 88, 89, 90, 103, 116, 115, 114, 113, 112, 99, 86, 85, 84, 83, 82, 81, 80, 79, 92, 105, 106, 107, 108, 109, 122, 135, 134, 133, 132, 131, 130, 143, 156, 157, 158, 159, 160, 161, 162, 163, 164, 165, 152, 139, 140, 141, 142, 155, 168]
[00:00:02:31:391] ! Bidirectional. expansions: 9,539, time: 151,389 [ms], path length: 90 [edges], g_F: 48, g_B: 42, generated: {'F': 63,868, 'B': 44,992}, MM: 6, MMPER: 5.593406593406593%
[00:00:02:31:391] 
---------- mazes/13x13_maze_with_1_open_diamonds_2 ----------
[00:00:01:27:201] Path of length 92 found: [0, 1, 2, 3, 4, 17, 30, 43, 56, 55, 54, 41, 28, 27, 26, 39, 52, 65, 78, 79, 80, 81, 82, 83, 70, 57, 58, 45, 32, 19, 6, 7, 8, 9, 10, 11, 12, 25, 38, 37, 36, 49, 62, 61, 60, 59, 72, 71, 84, 85, 98, 99, 86, 87, 88, 89, 90, 103, 116, 115, 114, 113, 112, 111, 110, 97, 96, 109, 122, 135, 134, 133, 132, 131, 130, 143, 156, 157, 158, 159, 160, 161, 162, 163, 164, 165, 152, 139, 140, 141, 142, 155, 168]
[00:00:01:27:202] ! Unidirectional s-t. expansions: 39,302, time: 87,201 [ms], path length: 92 [edges], generated: 58,867
[00:00:01:46:695] Path of length 92 found: [168, 155, 142, 141, 140, 139, 152, 165, 164, 163, 162, 161, 160, 159, 158, 157, 156, 143, 130, 131, 132, 133, 134, 135, 122, 109, 108, 107, 106, 105, 92, 79, 78, 65, 52, 39, 26, 27, 28, 41, 54, 55, 56, 57, 70, 83, 96, 97, 110, 111, 98, 99, 112, 113, 114, 115, 116, 103, 90, 89, 88, 87, 86, 85, 84, 71, 72, 59, 60, 61, 62, 63, 64, 51, 38, 25, 12, 11, 10, 9, 8, 7, 6, 19, 32, 31, 30, 17, 4, 3, 2, 1, 0]
[00:00:01:46:696] ! Unidirectional t-s. expansions: 56,097, time: 106,696 [ms], path length: 92 [edges], generated: 79,449
[00:00:00:00:001] Expansions: 0. Checks - state_vs_state: 0, state_vs_prefix: 0, prefix_vs_prefix: 1
[00:00:00:27:500] Path of length 92 found: [0, 1, 2, 3, 4, 17, 30, 43, 56, 55, 54, 41, 28, 27, 26, 39, 52, 65, 78, 79, 80, 81, 82, 83, 70, 57, 58, 45, 32, 19, 6, 7, 8, 9, 10, 11, 12, 25, 38, 37, 36, 49, 62, 61, 60, 59, 72, 71, 84, 85, 86, 87, 88, 89, 90, 103, 116, 115, 114, 113, 112, 99, 98, 111, 110, 97, 96, 109, 122, 135, 134, 133, 132, 131, 130, 143, 156, 157, 158, 159, 160, 161, 162, 163, 164, 165, 152, 139, 140, 141, 142, 155, 168]
[00:00:00:27:501] ! Bidirectional. expansions: 1,313, time: 27,501 [ms], path length: 92 [edges], g_F: 49, g_B: 43, generated: {'F': 13,191, 'B': 9,916}, MM: 6, MMPER: 5.451612903225806%
[00:00:00:27:501] 
---------- mazes/13x13_maze_with_1_open_diamonds_3 ----------
[00:00:00:52:156] Path of length 90 found: [0, 1, 2, 3, 4, 17, 30, 43, 56, 55, 54, 41, 28, 27, 26, 39, 52, 65, 78, 79, 80, 81, 82, 83, 84, 71, 58, 45, 32, 19, 6, 7, 8, 9, 10, 11, 12, 25, 38, 37, 36, 49, 62, 61, 74, 87, 86, 85, 98, 99, 100, 101, 88, 89, 90, 103, 102, 115, 116, 129, 142, 141, 140, 139, 126, 113, 112, 111, 110, 109, 122, 135, 134, 133, 132, 131, 130, 143, 156, 157, 158, 159, 160, 161, 162, 163, 164, 165, 166, 167, 168]
[00:00:00:52:156] ! Unidirectional s-t. expansions: 24,145, time: 52,156 [ms], path length: 90 [edges], generated: 37,036
[00:00:02:29:267] Path of length 90 found: [168, 167, 166, 165, 164, 163, 162, 161, 160, 159, 158, 157, 156, 143, 130, 131, 132, 133, 134, 135, 122, 109, 108, 107, 106, 105, 92, 79, 78, 65, 52, 39, 26, 27, 28, 41, 54, 55, 56, 57, 58, 71, 84, 85, 98, 111, 112, 99, 100, 113, 126, 139, 140, 141, 142, 129, 116, 103, 90, 89, 102, 115, 114, 101, 88, 87, 74, 61, 62, 63, 64, 51, 38, 25, 12, 11, 10, 9, 8, 7, 6, 19, 32, 31, 30, 17, 4, 3, 2, 1, 0]
[00:00:02:29:267] ! Unidirectional t-s. expansions: 73,436, time: 149,267 [ms], path length: 90 [edges], generated: 105,050
[00:00:00:00:001] Expansions: 0. Checks - state_vs_state: 0, state_vs_prefix: 0, prefix_vs_prefix: 1
[00:00:02:24:091] Path of length 90 found: [0, 1, 2, 3, 4, 17, 30, 43, 56, 55, 54, 41, 28, 27, 26, 39, 52, 65, 78, 79, 80, 81, 82, 83, 84, 71, 58, 45, 32, 19, 6, 7, 8, 9, 10, 11, 12, 25, 38, 37, 36, 49, 62, 61, 74, 87, 100, 101, 114, 115, 102, 89, 90, 103, 116, 129, 142, 141, 140, 139, 126, 113, 112, 99, 86, 85, 98, 111, 110, 109, 122, 135, 134, 133, 132, 131, 130, 143, 156, 157, 158, 159, 160, 161, 162, 163, 164, 165, 166, 167, 168]
[00:00:02:24:092] ! Bidirectional. expansions: 5,786, time: 144,091 [ms], path length: 90 [edges], g_F: 48, g_B: 42, generated: {'F': 52,253, 'B': 40,656}, MM: 6, MMPER: 5.593406593406593%
[00:00:02:24:092] 
---------- mazes/13x13_maze_with_1_open_diamonds_4 ----------
[00:00:01:37:922] Path of length 92 found: [0, 1, 2, 3, 4, 17, 30, 43, 56, 55, 54, 41, 28, 27, 26, 39, 52, 65, 78, 79, 80, 81, 82, 95, 108, 107, 106, 119, 132, 131, 130, 143, 156, 157, 158, 159, 160, 161, 162, 163, 150, 137, 136, 135, 134, 133, 120, 121, 122, 109, 110, 111, 112, 99, 86, 85, 84, 71, 58, 45, 32, 19, 6, 7, 8, 9, 10, 11, 12, 25, 38, 37, 36, 49, 62, 61, 74, 87, 88, 89, 90, 103, 116, 129, 142, 141, 140, 139, 152, 165, 166, 167, 168]
[00:00:01:37:923] ! Unidirectional s-t. expansions: 45,373, time: 97,922 [ms], path length: 92 [edges], generated: 69,076
[00:00:04:18:888] Path of length 92 found: [168, 167, 166, 165, 152, 139, 140, 141, 142, 129, 116, 103, 90, 89, 88, 87, 74, 61, 62, 63, 64, 51, 38, 25, 12, 11, 10, 9, 8, 7, 6, 19, 32, 45, 58, 71, 84, 85, 86, 99, 112, 111, 110, 109, 122, 123, 136, 137, 150, 163, 162, 161, 160, 159, 158, 157, 156, 143, 130, 131, 132, 119, 106, 107, 120, 133, 134, 121, 108, 95, 82, 81, 80, 79, 78, 65, 52, 39, 26, 27, 28, 41, 54, 55, 56, 43, 30, 17, 4, 3, 2, 1, 0]
[00:00:04:18:889] ! Unidirectional t-s. expansions: 114,951, time: 258,888 [ms], path length: 92 [edges], generated: 164,889
[00:00:00:00:002] Expansions: 0. Checks - state_vs_state: 0, state_vs_prefix: 0, prefix_vs_prefix: 1
[00:00:01:59:411] Path of length 92 found: [0, 1, 2, 3, 4, 17, 30, 43, 56, 55, 54, 41, 28, 27, 26, 39, 52, 65, 78, 79, 80, 81, 82, 95, 108, 107, 106, 119, 132, 131, 130, 143, 156, 157, 158, 159, 160, 161, 162, 163, 150, 137, 136, 135, 134, 133, 120, 121, 122, 109, 110, 111, 112, 99, 86, 85, 84, 71, 58, 45, 32, 19, 6, 7, 8, 9, 10, 11, 12, 25, 38, 51, 64, 63, 62, 61, 74, 87, 88, 89, 90, 103, 116, 129, 142, 141, 140, 139, 152, 165, 166, 167, 168]
[00:00:01:59:412] ! Bidirectional. expansions: 5,180, time: 119,411 [ms], path length: 92 [edges], g_F: 51, g_B: 41, generated: {'F': 48,386, 'B': 40,298}, MM: 10, MMPER: 9.75268817204301%
[00:00:01:59:412] 
---------- mazes/13x13_maze_with_1_open_diamonds_5 ----------
[00:00:01:49:515] Path of length 92 found: [0, 1, 2, 3, 4, 17, 30, 43, 56, 55, 54, 41, 28, 27, 26, 39, 52, 65, 78, 79, 80, 81, 94, 107, 106, 105, 118, 131, 130, 143, 156, 157, 158, 159, 160, 161, 162, 163, 150, 137, 136, 135, 134, 133, 132, 119, 120, 121, 108, 109, 110, 111, 112, 99, 86, 85, 84, 71, 58, 45, 32, 19, 6, 7, 8, 9, 10, 11, 12, 25, 38, 37, 36, 49, 62, 61, 74, 87, 88, 89, 90, 103, 116, 129, 142, 141, 140, 139, 152, 165, 166, 167, 168]
[00:00:01:49:515] ! Unidirectional s-t. expansions: 50,102, time: 109,515 [ms], path length: 92 [edges], generated: 74,949
[00:00:04:04:090] Path of length 92 found: [168, 167, 166, 165, 152, 139, 140, 141, 142, 129, 116, 103, 90, 89, 88, 87, 74, 61, 62, 63, 64, 51, 38, 25, 12, 11, 10, 9, 8, 7, 6, 19, 32, 45, 58, 71, 84, 85, 86, 99, 112, 111, 110, 109, 108, 121, 122, 135, 136, 137, 150, 163, 162, 161, 160, 159, 158, 157, 156, 143, 130, 131, 118, 105, 106, 119, 132, 133, 120, 107, 94, 81, 80, 79, 78, 65, 52, 39, 26, 27, 28, 41, 54, 55, 56, 43, 30, 17, 4, 3, 2, 1, 0]
[00:00:04:04:091] ! Unidirectional t-s. expansions: 108,340, time: 244,091 [ms], path length: 92 [edges], generated: 156,539
[00:00:00:00:001] Expansions: 0. Checks - state_vs_state: 0, state_vs_prefix: 0, prefix_vs_prefix: 1
[00:00:01:50:230] Path of length 92 found: [0, 1, 2, 3, 4, 17, 30, 43, 56, 55, 54, 41, 28, 27, 26, 39, 52, 65, 78, 79, 80, 81, 94, 107, 106, 105, 118, 131, 130, 143, 156, 157, 158, 159, 160, 161, 162, 163, 150, 137, 136, 135, 134, 133, 132, 119, 120, 121, 108, 109, 110, 111, 112, 99, 86, 85, 84, 71, 58, 45, 32, 19, 6, 7, 8, 9, 10, 11, 12, 25, 38, 51, 64, 63, 62, 61, 74, 87, 88, 89, 90, 103, 116, 129, 142, 141, 140, 139, 152, 165, 166, 167, 168]
[00:00:01:50:231] ! Bidirectional. expansions: 4,954, time: 110,230 [ms], path length: 92 [edges], g_F: 51, g_B: 41, generated: {'F': 46,651, 'B': 38,128}, MM: 10, MMPER: 9.75268817204301%
[00:00:01:50:231] 
---------- mazes/13x13_maze_with_1_open_diamonds_6 ----------
[00:00:00:51:512] Path of length 92 found: [0, 1, 2, 3, 4, 17, 30, 43, 56, 55, 54, 41, 28, 27, 26, 39, 52, 65, 78, 79, 80, 81, 82, 83, 84, 71, 58, 45, 32, 19, 6, 7, 8, 9, 10, 11, 12, 25, 38, 51, 64, 63, 62, 49, 36, 35, 34, 47, 60, 59, 72, 85, 86, 73, 74, 87, 88, 89, 90, 103, 116, 115, 114, 113, 112, 111, 110, 109, 122, 135, 134, 133, 132, 131, 130, 143, 156, 157, 158, 159, 160, 161, 162, 163, 164, 165, 152, 139, 140, 141, 142, 155, 168]
[00:00:00:51:512] ! Unidirectional s-t. expansions: 23,577, time: 51,512 [ms], path length: 92 [edges], generated: 34,727
[00:00:00:33:360] Path of length 92 found: [168, 155, 142, 141, 140, 139, 152, 165, 164, 163, 162, 161, 160, 159, 158, 157, 156, 143, 130, 131, 132, 133, 134, 135, 122, 109, 108, 107, 106, 105, 92, 79, 78, 65, 52, 39, 26, 27, 28, 41, 54, 55, 56, 57, 58, 71, 84, 85, 72, 73, 86, 99, 112, 113, 114, 115, 116, 103, 90, 89, 88, 87, 74, 61, 60, 47, 34, 35, 36, 49, 62, 63, 64, 51, 38, 25, 12, 11, 10, 9, 8, 7, 6, 19, 32, 31, 30, 17, 4, 3, 2, 1, 0]
[00:00:00:33:361] ! Unidirectional t-s. expansions: 18,269, time: 33,360 [ms], path length: 92 [edges], generated: 26,498
[00:00:00:00:001] Expansions: 0. Checks - state_vs_state: 0, state_vs_prefix: 0, prefix_vs_prefix: 1
[00:00:00:17:237] Path of length 92 found: [0, 1, 2, 3, 4, 17, 30, 43, 56, 55, 54, 41, 28, 27, 26, 39, 52, 65, 78, 79, 80, 81, 82, 83, 84, 71, 58, 45, 32, 19, 6, 7, 8, 9, 10, 11, 12, 25, 38, 51, 64, 63, 62, 49, 36, 35, 34, 47, 60, 59, 72, 85, 86, 87, 74, 75, 88, 89, 90, 103, 116, 115, 114, 113, 112, 111, 110, 109, 122, 135, 134, 133, 132, 131, 130, 143, 156, 157, 158, 159, 160, 161, 162, 163, 164, 165, 152, 139, 140, 141, 142, 155, 168]
[00:00:00:17:238] ! Bidirectional. expansions: 899, time: 17,237 [ms], path length: 92 [edges], g_F: 51, g_B: 41, generated: {'F': 8,347, 'B': 6,218}, MM: 10, MMPER: 9.75268817204301%
[00:00:00:17:238] 
---------- mazes/13x13_maze_with_1_open_diamonds_7 ----------
[00:00:01:10:657] Path of length 94 found: [0, 1, 2, 3, 4, 17, 30, 31, 32, 19, 6, 7, 20, 21, 8, 9, 10, 11, 12, 25, 38, 51, 64, 63, 62, 49, 36, 35, 34, 33, 46, 47, 60, 61, 74, 87, 88, 89, 90, 103, 116, 115, 114, 113, 112, 99, 86, 85, 84, 71, 58, 57, 56, 55, 54, 41, 28, 27, 26, 39, 52, 65, 78, 79, 92, 105, 106, 107, 108, 109, 122, 135, 134, 133, 132, 131, 130, 143, 156, 157, 158, 159, 160, 161, 162, 163, 164, 165, 152, 139, 140, 141, 142, 155, 168]
[00:00:01:10:658] ! Unidirectional s-t. expansions: 30,641, time: 70,658 [ms], path length: 94 [edges], generated: 42,644
[00:00:00:10:649] Path of length 94 found: [168, 155, 142, 141, 140, 139, 152, 165, 164, 163, 162, 161, 160, 159, 158, 157, 156, 143, 130, 131, 132, 133, 134, 135, 122, 109, 108, 107, 106, 105, 92, 79, 78, 65, 52, 39, 26, 27, 28, 41, 54, 55, 56, 57, 58, 71, 84, 85, 86, 99, 112, 113, 114, 115, 116, 103, 90, 89, 88, 87, 74, 61, 60, 59, 46, 47, 34, 35, 36, 49, 62, 63, 64, 51, 38, 25, 12, 11, 10, 9, 8, 21, 20, 7, 6, 19, 32, 31, 30, 17, 4, 3, 2, 1, 0]
[00:00:00:10:650] ! Unidirectional t-s. expansions: 6,524, time: 10,649 [ms], path length: 94 [edges], generated: 10,756
[00:00:00:00:001] Expansions: 0. Checks - state_vs_state: 0, state_vs_prefix: 0, prefix_vs_prefix: 1
[00:00:00:31:257] Path of length 94 found: [0, 1, 2, 3, 4, 17, 30, 31, 32, 19, 6, 7, 20, 21, 8, 9, 10, 11, 12, 25, 38, 51, 64, 63, 62, 49, 36, 35, 34, 33, 46, 47, 60, 61, 74, 87, 88, 89, 90, 103, 116, 115, 114, 113, 112, 99, 86, 85, 84, 71, 58, 57, 56, 55, 54, 41, 28, 27, 26, 39, 52, 65, 78, 79, 92, 105, 106, 107, 108, 109, 122, 135, 134, 133, 132, 131, 130, 143, 156, 157, 158, 159, 160, 161, 162, 163, 164, 165, 152, 139, 140, 141, 142, 155, 168]
[00:00:00:31:257] ! Bidirectional. expansions: 1,830, time: 31,257 [ms], path length: 94 [edges], g_F: 52, g_B: 42, generated: {'F': 13,815, 'B': 10,268}, MM: 10, MMPER: 9.526315789473685%
[00:00:00:31:258] 
---------- mazes/13x13_maze_with_1_open_diamonds_8 ----------
[00:00:01:08:870] Path of length 94 found: [0, 1, 2, 3, 4, 17, 30, 31, 32, 19, 6, 7, 20, 21, 8, 9, 10, 11, 12, 25, 38, 51, 64, 63, 62, 49, 36, 35, 34, 33, 46, 47, 60, 61, 74, 87, 88, 89, 90, 103, 116, 115, 114, 113, 112, 99, 86, 85, 84, 71, 58, 57, 56, 55, 54, 41, 28, 27, 26, 39, 52, 65, 78, 79, 92, 105, 106, 107, 108, 109, 122, 135, 134, 133, 132, 131, 130, 143, 156, 157, 158, 159, 160, 161, 162, 163, 164, 165, 152, 139, 140, 141, 142, 155, 168]
[00:00:01:08:870] ! Unidirectional s-t. expansions: 30,641, time: 68,870 [ms], path length: 94 [edges], generated: 42,644
[00:00:00:10:486] Path of length 94 found: [168, 155, 142, 141, 140, 139, 152, 165, 164, 163, 162, 161, 160, 159, 158, 157, 156, 143, 130, 131, 132, 133, 134, 135, 122, 109, 108, 107, 106, 105, 92, 79, 78, 65, 52, 39, 26, 27, 28, 41, 54, 55, 56, 57, 58, 71, 84, 85, 86, 99, 112, 113, 114, 115, 116, 103, 90, 89, 88, 87, 74, 61, 60, 59, 46, 47, 34, 35, 36, 49, 62, 63, 64, 51, 38, 25, 12, 11, 10, 9, 8, 21, 20, 7, 6, 19, 32, 31, 30, 17, 4, 3, 2, 1, 0]
[00:00:00:10:487] ! Unidirectional t-s. expansions: 6,524, time: 10,486 [ms], path length: 94 [edges], generated: 10,756
[00:00:00:00:001] Expansions: 0. Checks - state_vs_state: 0, state_vs_prefix: 0, prefix_vs_prefix: 1
[00:00:00:30:380] Path of length 94 found: [0, 1, 2, 3, 4, 17, 30, 31, 32, 19, 6, 7, 20, 21, 8, 9, 10, 11, 12, 25, 38, 51, 64, 63, 62, 49, 36, 35, 34, 33, 46, 47, 60, 61, 74, 87, 88, 89, 90, 103, 116, 115, 114, 113, 112, 99, 86, 85, 84, 71, 58, 57, 56, 55, 54, 41, 28, 27, 26, 39, 52, 65, 78, 79, 92, 105, 106, 107, 108, 109, 122, 135, 134, 133, 132, 131, 130, 143, 156, 157, 158, 159, 160, 161, 162, 163, 164, 165, 152, 139, 140, 141, 142, 155, 168]
[00:00:00:30:381] ! Bidirectional. expansions: 1,830, time: 30,380 [ms], path length: 94 [edges], g_F: 52, g_B: 42, generated: {'F': 13,815, 'B': 10,268}, MM: 10, MMPER: 9.526315789473685%
[00:00:00:30:381] 
---------- mazes/13x13_maze_with_1_open_diamonds_9 ----------
[00:00:01:45:687] Path of length 92 found: [0, 1, 2, 3, 4, 17, 30, 43, 56, 55, 54, 41, 28, 27, 26, 39, 52, 65, 78, 79, 92, 105, 106, 107, 108, 109, 122, 135, 134, 133, 132, 131, 130, 143, 156, 157, 158, 159, 160, 161, 162, 163, 150, 137, 136, 123, 110, 111, 124, 125, 126, 113, 112, 99, 98, 85, 84, 71, 58, 45, 32, 19, 6, 7, 8, 9, 10, 11, 12, 25, 38, 37, 36, 49, 62, 61, 74, 87, 88, 89, 90, 103, 116, 129, 142, 141, 140, 139, 152, 165, 166, 167, 168]
[00:00:01:45:688] ! Unidirectional s-t. expansions: 52,358, time: 105,687 [ms], path length: 92 [edges], generated: 78,891
[00:00:06:39:858] Valid states checked so far: 200,000, Expansions: 199,999, Global best: 93
[00:00:09:35:983] Path of length 92 found: [168, 167, 166, 165, 152, 139, 140, 141, 142, 129, 116, 103, 90, 89, 88, 87, 74, 61, 62, 63, 64, 51, 38, 25, 12, 11, 10, 9, 8, 7, 6, 19, 32, 45, 58, 71, 84, 85, 86, 99, 98, 111, 112, 113, 126, 125, 138, 137, 150, 163, 162, 161, 160, 159, 158, 157, 156, 143, 130, 131, 132, 133, 134, 135, 136, 123, 110, 109, 108, 107, 106, 105, 92, 79, 78, 65, 52, 39, 26, 27, 28, 41, 54, 55, 56, 43, 30, 17, 4, 3, 2, 1, 0]
[00:00:09:35:983] ! Unidirectional t-s. expansions: 283,437, time: 575,983 [ms], path length: 92 [edges], generated: 394,442
[00:00:00:00:001] Expansions: 0. Checks - state_vs_state: 0, state_vs_prefix: 0, prefix_vs_prefix: 1
[00:00:04:20:648] Path of length 92 found: [0, 1, 2, 3, 4, 17, 30, 43, 56, 55, 54, 41, 28, 27, 26, 39, 52, 65, 78, 79, 92, 105, 106, 107, 108, 109, 122, 135, 134, 133, 132, 131, 130, 143, 156, 157, 158, 159, 160, 161, 162, 163, 150, 137, 136, 123, 110, 111, 124, 125, 126, 113, 112, 99, 98, 85, 84, 71, 58, 45, 32, 19, 6, 7, 8, 9, 10, 11, 12, 25, 38, 51, 64, 63, 62, 61, 74, 87, 88, 89, 90, 103, 116, 129, 142, 141, 140, 139, 152, 165, 166, 167, 168]
[00:00:04:20:649] ! Bidirectional. expansions: 10,724, time: 260,648 [ms], path length: 92 [edges], g_F: 52, g_B: 40, generated: {'F': 104,975, 'B': 85,171}, MM: 12, MMPER: 11.903225806451612%
[00:00:04:20:649] 
---------- mazes/13x13_maze_with_2_open_diamonds_1 ----------
[00:00:08:01:031] Valid states checked so far: 200,000, Expansions: 199,999, Global best: 101
[00:00:15:59:379] Valid states checked so far: 400,000, Expansions: 399,999, Global best: 101
[00:00:23:47:258] Valid states checked so far: 600,000, Expansions: 599,999, Global best: 101
[00:00:32:10:432] Valid states checked so far: 800,000, Expansions: 799,999, Global best: 101
[00:00:40:50:082] Valid states checked so far: 1,000,000, Expansions: 999,999, Global best: 101
[00:00:49:05:058] Valid states checked so far: 1,200,000, Expansions: 1,199,999, Global best: 101
[00:00:57:01:577] Valid states checked so far: 1,400,000, Expansions: 1,399,999, Global best: 101
[00:01:05:27:710] Valid states checked so far: 1,600,000, Expansions: 1,599,999, Global best: 101
[00:01:13:20:652] Valid states checked so far: 1,800,000, Expansions: 1,799,999, Global best: 101
[00:01:21:09:021] Valid states checked so far: 2,000,000, Expansions: 1,999,999, Global best: 101
[00:01:29:10:460] Valid states checked so far: 2,200,000, Expansions: 2,199,999, Global best: 101
[00:01:36:59:670] Valid states checked so far: 2,400,000, Expansions: 2,399,999, Global best: 101
[00:01:44:41:495] Valid states checked so far: 2,600,000, Expansions: 2,599,999, Global best: 101
[00:01:51:54:798] Valid states checked so far: 2,800,000, Expansions: 2,799,999, Global best: 101
[00:01:59:09:079] Valid states checked so far: 3,000,000, Expansions: 2,999,999, Global best: 101
[00:02:06:28:229] Valid states checked so far: 3,200,000, Expansions: 3,199,999, Global best: 101
[00:02:13:39:182] Valid states checked so far: 3,400,000, Expansions: 3,399,999, Global best: 101
[00:02:20:48:139] Valid states checked so far: 3,600,000, Expansions: 3,599,999, Global best: 101
[00:02:28:36:378] Valid states checked so far: 3,800,000, Expansions: 3,799,999, Global best: 101
[00:02:37:20:345] Valid states checked so far: 4,000,000, Expansions: 3,999,999, Global best: 101
[00:02:46:12:650] Valid states checked so far: 4,200,000, Expansions: 4,199,999, Global best: 101
[00:02:55:09:779] Valid states checked so far: 4,400,000, Expansions: 4,399,999, Global best: 101
[00:03:04:03:621] Valid states checked so far: 4,600,000, Expansions: 4,599,999, Global best: 101
[00:03:12:29:564] Valid states checked so far: 4,800,000, Expansions: 4,799,999, Global best: 101
[00:03:21:01:124] Valid states checked so far: 5,000,000, Expansions: 4,999,999, Global best: 101
[00:03:29:48:178] Valid states checked so far: 5,200,000, Expansions: 5,199,999, Global best: 101
[00:03:39:19:053] Valid states checked so far: 5,400,000, Expansions: 5,399,999, Global best: 101
[00:03:48:20:548] Valid states checked so far: 5,600,000, Expansions: 5,599,999, Global best: 101
[00:03:56:02:715] Path of length 100 found: [0, 1, 2, 3, 4, 17, 30, 43, 56, 55, 54, 41, 28, 27, 26, 39, 52, 65, 78, 79, 92, 105, 118, 131, 130, 143, 156, 157, 144, 145, 158, 159, 160, 161, 162, 163, 150, 137, 136, 135, 134, 133, 132, 119, 106, 107, 94, 81, 68, 69, 82, 83, 96, 95, 108, 109, 110, 111, 112, 99, 86, 85, 84, 71, 70, 57, 58, 45, 32, 19, 6, 7, 8, 9, 10, 11, 12, 25, 38, 37, 36, 49, 62, 61, 74, 87, 88, 89, 90, 103, 116, 129, 142, 141, 140, 139, 152, 165, 166, 167, 168]
[00:03:56:02:717] ! Unidirectional s-t. expansions: 5,778,151, time: 14,162,716 [ms], path length: 100 [edges], generated: 9,561,695
[00:00:06:26:615] Valid states checked so far: 200,000, Expansions: 199,999, Global best: 101
[00:00:14:16:398] Valid states checked so far: 400,000, Expansions: 399,999, Global best: 101
[00:00:21:29:948] Valid states checked so far: 600,000, Expansions: 599,999, Global best: 101
[00:00:28:19:180] Valid states checked so far: 800,000, Expansions: 799,999, Global best: 101
[00:00:35:27:045] Valid states checked so far: 1,000,000, Expansions: 999,999, Global best: 101
[00:00:42:41:014] Valid states checked so far: 1,200,000, Expansions: 1,199,999, Global best: 101
[00:00:50:11:617] Valid states checked so far: 1,400,000, Expansions: 1,399,999, Global best: 101
[00:00:57:58:627] Valid states checked so far: 1,600,000, Expansions: 1,599,999, Global best: 101
[00:01:05:57:008] Valid states checked so far: 1,800,000, Expansions: 1,799,999, Global best: 101
[00:01:13:52:364] Valid states checked so far: 2,000,000, Expansions: 1,999,999, Global best: 101
[00:01:21:28:100] Valid states checked so far: 2,200,000, Expansions: 2,199,999, Global best: 101
[00:01:28:55:491] Valid states checked so far: 2,400,000, Expansions: 2,399,999, Global best: 101
[00:01:36:27:821] Valid states checked so far: 2,600,000, Expansions: 2,599,999, Global best: 101
[00:01:44:09:741] Valid states checked so far: 2,800,000, Expansions: 2,799,999, Global best: 101
[00:01:52:27:897] Valid states checked so far: 3,000,000, Expansions: 2,999,999, Global best: 101
[00:02:00:57:170] Valid states checked so far: 3,200,000, Expansions: 3,199,999, Global best: 101
[00:02:09:27:745] Valid states checked so far: 3,400,000, Expansions: 3,399,999, Global best: 101
[00:02:17:42:764] Valid states checked so far: 3,600,000, Expansions: 3,599,999, Global best: 101
[00:02:26:12:587] Valid states checked so far: 3,800,000, Expansions: 3,799,999, Global best: 101
[00:02:34:47:466] Valid states checked so far: 4,000,000, Expansions: 3,999,999, Global best: 101
[00:02:42:07:002] Valid states checked so far: 4,200,000, Expansions: 4,199,999, Global best: 101
[00:02:49:32:519] Valid states checked so far: 4,400,000, Expansions: 4,399,999, Global best: 101
[00:02:56:59:123] Valid states checked so far: 4,600,000, Expansions: 4,599,999, Global best: 101
[00:03:04:25:290] Valid states checked so far: 4,800,000, Expansions: 4,799,999, Global best: 101
[00:03:11:39:085] Valid states checked so far: 5,000,000, Expansions: 4,999,999, Global best: 101
[00:03:19:05:489] Valid states checked so far: 5,200,000, Expansions: 5,199,999, Global best: 101
[00:03:26:43:139] Valid states checked so far: 5,400,000, Expansions: 5,399,999, Global best: 101
[00:03:34:11:230] Valid states checked so far: 5,600,000, Expansions: 5,599,999, Global best: 101
[00:03:41:48:062] Valid states checked so far: 5,800,000, Expansions: 5,799,999, Global best: 101
[00:03:49:09:385] Valid states checked so far: 6,000,000, Expansions: 5,999,999, Global best: 101
[00:03:56:50:830] Valid states checked so far: 6,200,000, Expansions: 6,199,999, Global best: 101
[00:04:04:32:388] Valid states checked so far: 6,400,000, Expansions: 6,399,999, Global best: 101
[00:04:11:54:950] Valid states checked so far: 6,600,000, Expansions: 6,599,999, Global best: 101
[00:04:19:36:012] Valid states checked so far: 6,800,000, Expansions: 6,799,999, Global best: 101
[00:04:27:15:414] Valid states checked so far: 7,000,000, Expansions: 6,999,999, Global best: 101
[00:04:34:28:502] Valid states checked so far: 7,200,000, Expansions: 7,199,999, Global best: 101
[00:04:41:53:281] Valid states checked so far: 7,400,000, Expansions: 7,399,999, Global best: 101
[00:04:49:22:040] Valid states checked so far: 7,600,000, Expansions: 7,599,999, Global best: 101
[00:04:56:45:104] Valid states checked so far: 7,800,000, Expansions: 7,799,999, Global best: 101
[00:05:04:16:267] Valid states checked so far: 8,000,000, Expansions: 7,999,999, Global best: 101
[00:05:11:41:623] Valid states checked so far: 8,200,000, Expansions: 8,199,999, Global best: 101
[00:05:19:34:327] Valid states checked so far: 8,400,000, Expansions: 8,399,999, Global best: 101
[00:05:26:52:045] Valid states checked so far: 8,600,000, Expansions: 8,599,999, Global best: 101
[00:05:34:44:849] Valid states checked so far: 8,800,000, Expansions: 8,799,999, Global best: 101
[00:05:42:22:541] Valid states checked so far: 9,000,000, Expansions: 8,999,999, Global best: 101
[00:05:50:01:643] Valid states checked so far: 9,200,000, Expansions: 9,199,999, Global best: 101
[00:05:57:27:849] Valid states checked so far: 9,400,000, Expansions: 9,399,999, Global best: 101
[00:06:05:04:629] Valid states checked so far: 9,600,000, Expansions: 9,599,999, Global best: 101
[00:06:12:34:016] Valid states checked so far: 9,800,000, Expansions: 9,799,999, Global best: 101
[00:06:20:15:626] Valid states checked so far: 10,000,000, Expansions: 9,999,999, Global best: 101
[00:06:27:38:209] Valid states checked so far: 10,200,000, Expansions: 10,199,999, Global best: 101
[00:06:35:35:935] Valid states checked so far: 10,400,000, Expansions: 10,399,999, Global best: 101
[00:06:43:46:797] Valid states checked so far: 10,600,000, Expansions: 10,599,999, Global best: 101
[00:06:44:45:462] Path of length 100 found: [168, 167, 166, 165, 152, 139, 140, 141, 142, 129, 116, 103, 90, 89, 88, 87, 74, 61, 62, 63, 64, 51, 38, 25, 12, 11, 10, 9, 8, 7, 6, 19, 32, 45, 58, 57, 70, 71, 84, 85, 86, 99, 112, 111, 110, 109, 122, 135, 136, 137, 150, 163, 162, 161, 160, 159, 146, 133, 120, 107, 106, 119, 132, 145, 158, 157, 156, 143, 130, 131, 118, 105, 92, 79, 78, 65, 52, 39, 26, 27, 28, 41, 54, 55, 68, 81, 94, 95, 96, 83, 82, 69, 56, 43, 30, 17, 4, 3, 2, 1, 0]
[00:06:44:45:463] ! Unidirectional t-s. expansions: 10,621,718, time: 24,285,462 [ms], path length: 100 [edges], generated: 16,657,022
[00:00:00:00:001] Expansions: 0. Checks - state_vs_state: 0, state_vs_prefix: 0, prefix_vs_prefix: 1
[00:00:55:06:475] Expansions: 100,000. Checks - state_vs_state: 21,836, state_vs_prefix: 0, prefix_vs_prefix: 3,257,512
[00:00:55:06:476] Expansions: 100,000. Checks - state_vs_state: 21,836, state_vs_prefix: 0, prefix_vs_prefix: 3,257,513
[00:00:55:06:477] Expansions: 100,000. Checks - state_vs_state: 21,836, state_vs_prefix: 0, prefix_vs_prefix: 3,257,514
[00:00:55:06:479] Expansions: 100,000. Checks - state_vs_state: 21,836, state_vs_prefix: 0, prefix_vs_prefix: 3,257,515
[00:00:55:06:481] Expansions: 100,000. Checks - state_vs_state: 21,836, state_vs_prefix: 0, prefix_vs_prefix: 3,257,516
[00:00:55:06:483] Expansions: 100,000. Checks - state_vs_state: 21,836, state_vs_prefix: 0, prefix_vs_prefix: 3,257,517
[00:00:55:06:485] Expansions: 100,000. Checks - state_vs_state: 21,836, state_vs_prefix: 0, prefix_vs_prefix: 3,257,518
[00:00:55:06:486] Expansions: 100,000. Checks - state_vs_state: 21,836, state_vs_prefix: 0, prefix_vs_prefix: 3,257,519
[00:00:55:06:487] Expansions: 100,000. Checks - state_vs_state: 21,836, state_vs_prefix: 0, prefix_vs_prefix: 3,257,520
[00:00:55:06:489] Expansions: 100,000. Checks - state_vs_state: 21,836, state_vs_prefix: 0, prefix_vs_prefix: 3,257,521
[00:00:55:06:491] Expansions: 100,000. Checks - state_vs_state: 21,836, state_vs_prefix: 0, prefix_vs_prefix: 3,257,522
[00:00:55:06:492] Expansions: 100,000. Checks - state_vs_state: 21,836, state_vs_prefix: 0, prefix_vs_prefix: 3,257,523
[00:00:55:06:493] Expansions: 100,000. Checks - state_vs_state: 21,836, state_vs_prefix: 0, prefix_vs_prefix: 3,257,524
[00:00:55:06:495] Expansions: 100,000. Checks - state_vs_state: 21,836, state_vs_prefix: 0, prefix_vs_prefix: 3,257,525
[00:00:55:06:497] Expansions: 100,000. Checks - state_vs_state: 21,836, state_vs_prefix: 0, prefix_vs_prefix: 3,257,526
[00:01:46:12:003] Path of length 100 found: [0, 1, 2, 3, 4, 17, 30, 43, 56, 55, 54, 41, 28, 27, 26, 39, 52, 65, 78, 79, 92, 105, 118, 131, 130, 143, 156, 157, 144, 145, 158, 159, 160, 161, 162, 163, 150, 137, 136, 135, 134, 133, 132, 119, 106, 107, 94, 81, 68, 69, 82, 83, 96, 95, 108, 109, 110, 111, 112, 99, 86, 85, 84, 71, 70, 57, 58, 45, 32, 19, 6, 7, 8, 9, 10, 11, 12, 25, 38, 51, 64, 63, 62, 61, 74, 87, 88, 89, 90, 103, 116, 129, 142, 141, 140, 139, 152, 165, 166, 167, 168]
[00:01:46:12:008] ! Bidirectional. expansions: 178,916, time: 6,372,004 [ms], path length: 100 [edges], g_F: 53, g_B: 47, generated: {'F': 2,437,873, 'B': 1,967,689}, MM: 6, MMPER: 4.9405940594059405%
[00:01:46:12:009] 
---------- mazes/13x13_maze_with_2_open_diamonds_2 ----------
[00:00:02:05:981] Path of length 106 found: [0, 1, 2, 3, 4, 17, 30, 43, 56, 55, 54, 41, 28, 27, 26, 39, 52, 65, 78, 79, 80, 81, 82, 83, 70, 57, 58, 45, 32, 19, 6, 7, 8, 9, 10, 11, 12, 25, 38, 51, 64, 63, 62, 49, 36, 35, 34, 33, 46, 59, 72, 71, 84, 85, 98, 99, 86, 73, 60, 61, 74, 87, 88, 89, 90, 103, 116, 115, 114, 113, 112, 111, 110, 109, 108, 107, 120, 133, 132, 131, 130, 143, 156, 157, 158, 159, 160, 161, 148, 147, 134, 121, 122, 135, 136, 137, 150, 163, 164, 165, 152, 139, 140, 141, 142, 155, 168]
[00:00:02:05:981] ! Unidirectional s-t. expansions: 64,898, time: 125,981 [ms], path length: 106 [edges], generated: 102,957
[00:00:06:27:490] Valid states checked so far: 200,000, Expansions: 199,999, Global best: 105
[00:00:12:59:853] Valid states checked so far: 400,000, Expansions: 399,999, Global best: 105
[00:00:18:32:694] Path of length 106 found: [168, 155, 142, 141, 140, 139, 152, 165, 164, 163, 150, 137, 136, 135, 122, 121, 134, 147, 148, 161, 160, 159, 158, 157, 156, 143, 130, 131, 132, 133, 120, 107, 108, 109, 110, 111, 98, 85, 72, 73, 86, 99, 112, 113, 114, 115, 116, 103, 90, 89, 88, 87, 74, 61, 60, 59, 46, 33, 34, 35, 36, 49, 62, 63, 64, 51, 38, 25, 12, 11, 10, 9, 8, 7, 6, 19, 32, 45, 58, 57, 70, 71, 84, 83, 82, 81, 80, 79, 78, 65, 52, 39, 26, 27, 28, 41, 54, 55, 56, 43, 30, 17, 4, 3, 2, 1, 0]
[00:00:18:32:695] ! Unidirectional t-s. expansions: 561,759, time: 1,112,694 [ms], path length: 106 [edges], generated: 811,550
[00:00:00:00:001] Expansions: 0. Checks - state_vs_state: 0, state_vs_prefix: 0, prefix_vs_prefix: 1
[00:00:04:19:633] Path of length 106 found: [0, 1, 2, 3, 4, 17, 30, 43, 56, 55, 54, 41, 28, 27, 26, 39, 52, 65, 78, 79, 80, 81, 82, 83, 70, 57, 58, 45, 32, 19, 6, 7, 8, 9, 10, 11, 12, 25, 38, 51, 64, 63, 62, 49, 36, 35, 34, 33, 46, 59, 60, 61, 74, 87, 88, 89, 90, 103, 116, 115, 114, 113, 112, 99, 86, 73, 72, 71, 84, 85, 98, 111, 110, 109, 108, 107, 120, 133, 132, 131, 130, 143, 156, 157, 158, 159, 160, 161, 148, 147, 134, 121, 122, 135, 136, 137, 150, 163, 164, 165, 152, 139, 140, 141, 142, 155, 168]
[00:00:04:19:635] ! Bidirectional. expansions: 8,605, time: 259,633 [ms], path length: 106 [edges], g_F: 60, g_B: 46, generated: {'F': 115,046, 'B': 79,853}, MM: 14, MMPER: 12.08411214953271%
[00:00:04:19:636] 
---------- mazes/13x13_maze_with_2_open_diamonds_3 ----------
[00:00:06:56:921] Valid states checked so far: 200,000, Expansions: 199,996, Global best: 97
[00:00:13:54:353] Valid states checked so far: 400,000, Expansions: 399,995, Global best: 99
[00:00:21:29:573] Valid states checked so far: 600,000, Expansions: 599,995, Global best: 99
[00:00:28:57:872] Valid states checked so far: 800,000, Expansions: 799,995, Global best: 99
[00:00:36:34:971] Valid states checked so far: 1,000,000, Expansions: 999,995, Global best: 99
[00:00:44:25:811] Valid states checked so far: 1,200,000, Expansions: 1,199,995, Global best: 99
[00:00:52:03:048] Valid states checked so far: 1,400,000, Expansions: 1,399,995, Global best: 99
[00:00:59:33:649] Valid states checked so far: 1,600,000, Expansions: 1,599,995, Global best: 99
[00:01:07:06:077] Valid states checked so far: 1,800,000, Expansions: 1,799,995, Global best: 99
[00:01:14:48:692] Valid states checked so far: 2,000,000, Expansions: 1,999,995, Global best: 99
[00:01:22:53:325] Valid states checked so far: 2,200,000, Expansions: 2,199,995, Global best: 99
[00:01:31:03:698] Path of length 98 found: [0, 1, 2, 3, 4, 17, 30, 43, 56, 55, 54, 41, 28, 27, 26, 39, 52, 65, 78, 79, 80, 81, 82, 83, 84, 85, 86, 87, 74, 61, 48, 35, 34, 21, 20, 33, 46, 47, 60, 59, 58, 45, 32, 19, 6, 7, 8, 9, 10, 11, 12, 25, 38, 37, 36, 49, 50, 51, 64, 63, 62, 75, 88, 89, 90, 103, 116, 115, 114, 113, 112, 111, 110, 109, 122, 135, 134, 133, 132, 131, 130, 143, 156, 157, 158, 159, 160, 161, 162, 163, 164, 165, 152, 139, 140, 141, 142, 155, 168]
[00:01:31:03:699] ! Unidirectional s-t. expansions: 2,395,732, time: 5,463,698 [ms], path length: 98 [edges], generated: 3,467,613
[00:00:05:09:761] Valid states checked so far: 200,000, Expansions: 199,999, Global best: 91
[00:00:10:20:047] Valid states checked so far: 400,000, Expansions: 399,999, Global best: 95
[00:00:14:59:718] Valid states checked so far: 600,000, Expansions: 599,999, Global best: 95
[00:00:19:56:248] Path of length 98 found: [168, 155, 142, 141, 140, 139, 152, 165, 164, 163, 162, 161, 160, 159, 158, 157, 156, 143, 130, 131, 132, 133, 134, 135, 122, 109, 108, 107, 106, 105, 92, 79, 78, 65, 52, 39, 26, 27, 28, 41, 54, 55, 56, 57, 58, 71, 84, 85, 86, 99, 112, 113, 114, 115, 116, 103, 90, 89, 88, 87, 74, 75, 62, 49, 36, 37, 50, 63, 64, 51, 38, 25, 12, 11, 10, 9, 8, 7, 6, 19, 20, 21, 34, 35, 48, 61, 60, 47, 46, 33, 32, 31, 30, 17, 4, 3, 2, 1, 0]
[00:00:19:56:249] ! Unidirectional t-s. expansions: 797,129, time: 1,196,248 [ms], path length: 98 [edges], generated: 1,340,548
[00:00:00:00:001] Expansions: 0. Checks - state_vs_state: 0, state_vs_prefix: 0, prefix_vs_prefix: 1
[00:00:18:25:207] Path of length 98 found: [0, 1, 2, 3, 4, 17, 30, 43, 56, 55, 54, 41, 28, 27, 26, 39, 52, 65, 78, 79, 80, 81, 82, 83, 84, 85, 86, 87, 74, 61, 48, 35, 34, 21, 20, 33, 46, 47, 60, 59, 58, 45, 32, 19, 6, 7, 8, 9, 10, 11, 12, 25, 38, 51, 64, 63, 50, 37, 36, 49, 62, 75, 88, 89, 90, 103, 116, 115, 114, 113, 112, 111, 110, 109, 122, 135, 134, 133, 132, 131, 130, 143, 156, 157, 158, 159, 160, 161, 162, 163, 164, 165, 152, 139, 140, 141, 142, 155, 168]
[00:00:18:25:209] ! Bidirectional. expansions: 52,977, time: 1,105,208 [ms], path length: 98 [edges], g_F: 50, g_B: 48, generated: {'F': 515,911, 'B': 374,938}, MM: 2, MMPER: 1.0202020202020203%
[00:00:18:25:209] 
---------- mazes/13x13_maze_with_2_open_diamonds_4 ----------
[00:00:02:58:595] Path of length 106 found: [0, 1, 2, 3, 4, 17, 30, 43, 56, 55, 54, 41, 28, 27, 26, 39, 52, 65, 78, 79, 92, 105, 106, 107, 108, 109, 122, 135, 134, 133, 132, 131, 130, 143, 156, 157, 158, 159, 160, 161, 162, 163, 150, 137, 124, 111, 112, 99, 98, 85, 72, 71, 84, 83, 70, 57, 58, 45, 32, 19, 6, 7, 8, 9, 10, 11, 12, 25, 38, 51, 64, 63, 62, 49, 36, 35, 34, 33, 46, 59, 60, 61, 74, 73, 86, 87, 88, 89, 90, 103, 116, 115, 114, 113, 126, 125, 138, 151, 164, 165, 152, 139, 140, 141, 142, 155, 168]
[00:00:02:58:596] ! Unidirectional s-t. expansions: 94,085, time: 178,595 [ms], path length: 106 [edges], generated: 151,702
[00:00:06:45:148] Valid states checked so far: 200,000, Expansions: 199,999, Global best: 107
[00:00:13:20:827] Valid states checked so far: 400,000, Expansions: 399,999, Global best: 107
[00:00:20:09:078] Valid states checked so far: 600,000, Expansions: 599,999, Global best: 107
[00:00:26:40:259] Valid states checked so far: 800,000, Expansions: 799,999, Global best: 107
[00:00:33:15:155] Valid states checked so far: 1,000,000, Expansions: 999,999, Global best: 107
[00:00:39:25:420] Valid states checked so far: 1,200,000, Expansions: 1,199,999, Global best: 107
[00:00:45:33:282] Path of length 106 found: [168, 167, 166, 165, 152, 139, 140, 141, 142, 129, 116, 103, 90, 89, 88, 87, 74, 61, 60, 59, 46, 33, 34, 35, 36, 49, 62, 63, 64, 51, 38, 25, 12, 11, 10, 9, 8, 7, 6, 19, 32, 45, 58, 57, 70, 83, 84, 71, 72, 73, 86, 85, 98, 99, 112, 113, 126, 125, 138, 151, 164, 163, 162, 161, 160, 159, 158, 157, 156, 143, 130, 131, 132, 133, 134, 135, 136, 137, 124, 111, 110, 109, 108, 107, 106, 105, 92, 79, 78, 65, 52, 39, 26, 27, 28, 41, 54, 55, 56, 43, 30, 17, 4, 3, 2, 1, 0]
[00:00:45:33:283] ! Unidirectional t-s. expansions: 1,377,195, time: 2,733,282 [ms], path length: 106 [edges], generated: 1,980,259
[00:00:00:00:001] Expansions: 0. Checks - state_vs_state: 0, state_vs_prefix: 0, prefix_vs_prefix: 1
[00:00:14:40:258] Path of length 106 found: [0, 1, 2, 3, 4, 17, 30, 43, 56, 55, 54, 41, 28, 27, 26, 39, 52, 65, 78, 79, 92, 105, 106, 107, 108, 109, 110, 111, 124, 137, 136, 135, 134, 133, 132, 131, 130, 143, 156, 157, 158, 159, 160, 161, 162, 163, 150, 151, 138, 125, 126, 113, 112, 99, 98, 85, 86, 73, 72, 71, 84, 83, 70, 57, 58, 45, 32, 19, 6, 7, 8, 9, 10, 11, 12, 25, 38, 51, 64, 63, 62, 49, 36, 35, 34, 33, 46, 59, 60, 61, 74, 87, 88, 89, 90, 103, 116, 129, 142, 141, 140, 139, 152, 165, 166, 167, 168]
[00:00:14:40:261] ! Bidirectional. expansions: 31,194, time: 880,259 [ms], path length: 106 [edges], g_F: 57, g_B: 49, generated: {'F': 417,412, 'B': 286,950}, MM: 8, MMPER: 6.4766355140186915%
[00:00:14:40:261] 
---------- mazes/13x13_maze_with_2_open_diamonds_5 ----------
[00:00:05:32:164] Path of length 102 found: [0, 1, 2, 3, 4, 17, 30, 43, 56, 55, 54, 41, 28, 27, 26, 39, 52, 65, 78, 79, 92, 105, 106, 107, 108, 109, 122, 135, 134, 133, 132, 131, 130, 143, 156, 157, 158, 159, 160, 161, 162, 163, 150, 137, 136, 123, 110, 97, 98, 111, 124, 125, 112, 99, 86, 85, 84, 71, 58, 45, 32, 19, 6, 7, 8, 21, 34, 35, 36, 23, 22, 9, 10, 11, 12, 25, 38, 51, 64, 63, 62, 49, 48, 47, 60, 61, 74, 87, 88, 89, 90, 103, 116, 129, 142, 141, 140, 139, 152, 165, 166, 167, 168]
[00:00:05:32:165] ! Unidirectional s-t. expansions: 163,343, time: 332,164 [ms], path length: 102 [edges], generated: 262,156
[00:00:06:18:158] Valid states checked so far: 200,000, Expansions: 199,999, Global best: 103
[00:00:09:29:221] Path of length 102 found: [168, 167, 166, 165, 152, 139, 140, 141, 142, 129, 116, 103, 90, 89, 88, 87, 74, 61, 48, 35, 22, 23, 36, 49, 62, 63, 64, 51, 38, 25, 12, 11, 10, 9, 8, 7, 6, 19, 32, 33, 34, 47, 60, 59, 58, 71, 84, 97, 110, 111, 98, 85, 86, 99, 112, 125, 124, 123, 136, 137, 150, 163, 162, 161, 160, 159, 158, 157, 156, 143, 130, 131, 132, 133, 134, 135, 122, 109, 108, 107, 106, 105, 92, 79, 78, 65, 52, 39, 26, 27, 28, 41, 54, 55, 56, 43, 30, 17, 4, 3, 2, 1, 0]
[00:00:09:29:221] ! Unidirectional t-s. expansions: 304,550, time: 569,221 [ms], path length: 102 [edges], generated: 490,639
[00:00:00:00:001] Expansions: 0. Checks - state_vs_state: 0, state_vs_prefix: 0, prefix_vs_prefix: 1
[00:00:12:12:031] Path of length 102 found: [0, 1, 2, 3, 4, 17, 30, 43, 56, 55, 54, 41, 28, 27, 26, 39, 52, 65, 78, 79, 92, 105, 106, 107, 108, 109, 122, 135, 134, 133, 132, 131, 130, 143, 156, 157, 158, 159, 160, 161, 162, 163, 150, 137, 136, 123, 110, 97, 98, 111, 124, 125, 112, 99, 86, 85, 84, 71, 58, 59, 60, 47, 34, 33, 32, 19, 6, 7, 8, 9, 10, 11, 12, 25, 38, 51, 64, 63, 62, 49, 36, 23, 22, 35, 48, 61, 74, 87, 88, 89, 90, 103, 116, 129, 142, 141, 140, 139, 152, 165, 166, 167, 168]
[00:00:12:12:032] ! Bidirectional. expansions: 33,503, time: 732,031 [ms], path length: 102 [edges], g_F: 57, g_B: 45, generated: {'F': 311,691, 'B': 285,299}, MM: 12, MMPER: 10.650485436893204%
[00:00:12:12:032] 
---------- mazes/13x13_maze_with_2_open_diamonds_6 ----------
[00:00:06:38:024] Valid states checked so far: 200,000, Expansions: 199,996, Global best: 101
[00:00:13:14:334] Valid states checked so far: 400,000, Expansions: 399,996, Global best: 101
[00:00:18:32:781] Path of length 100 found: [0, 1, 2, 3, 4, 17, 30, 43, 56, 55, 54, 41, 28, 27, 26, 39, 52, 65, 78, 79, 92, 105, 106, 107, 108, 95, 82, 81, 80, 67, 68, 69, 70, 83, 84, 85, 86, 99, 112, 111, 110, 109, 122, 135, 134, 133, 132, 131, 130, 143, 156, 157, 158, 159, 160, 161, 162, 163, 164, 165, 152, 139, 140, 127, 114, 113, 100, 87, 74, 61, 60, 59, 58, 45, 32, 19, 6, 7, 8, 9, 10, 11, 12, 25, 38, 37, 36, 49, 62, 75, 88, 101, 102, 89, 90, 103, 116, 129, 142, 155, 168]
[00:00:18:32:782] ! Unidirectional s-t. expansions: 552,256, time: 1,112,782 [ms], path length: 100 [edges], generated: 844,973
[00:00:06:20:383] Valid states checked so far: 200,000, Expansions: 199,999, Global best: 101
[00:00:12:53:915] Valid states checked so far: 400,000, Expansions: 399,999, Global best: 101
[00:00:19:11:732] Valid states checked so far: 600,000, Expansions: 599,999, Global best: 101
[00:00:19:32:053] Path of length 100 found: [168, 167, 166, 165, 164, 163, 162, 161, 160, 159, 158, 157, 156, 143, 130, 131, 132, 133, 134, 135, 122, 109, 110, 111, 112, 99, 86, 85, 84, 71, 70, 83, 82, 95, 108, 107, 106, 105, 92, 79, 78, 65, 52, 39, 26, 27, 28, 41, 54, 67, 80, 81, 68, 55, 56, 57, 58, 59, 60, 61, 74, 87, 100, 113, 114, 127, 140, 141, 142, 129, 116, 115, 102, 103, 90, 89, 88, 75, 62, 63, 64, 51, 38, 25, 12, 11, 10, 9, 8, 7, 6, 19, 32, 31, 30, 17, 4, 3, 2, 1, 0]
[00:00:19:32:054] ! Unidirectional t-s. expansions: 608,792, time: 1,172,053 [ms], path length: 100 [edges], generated: 991,124
[00:00:00:00:001] Expansions: 0. Checks - state_vs_state: 0, state_vs_prefix: 0, prefix_vs_prefix: 1
[00:00:22:38:965] Path of length 100 found: [0, 1, 2, 3, 4, 17, 30, 43, 56, 55, 68, 81, 80, 67, 54, 41, 28, 27, 26, 39, 52, 65, 78, 79, 92, 105, 106, 107, 108, 95, 82, 69, 70, 83, 84, 85, 86, 87, 74, 61, 60, 59, 58, 45, 32, 19, 6, 7, 8, 9, 10, 11, 12, 25, 38, 37, 36, 49, 62, 75, 88, 89, 90, 103, 102, 115, 116, 129, 142, 141, 140, 127, 114, 113, 100, 99, 112, 111, 110, 109, 122, 135, 134, 133, 132, 131, 130, 143, 156, 157, 158, 159, 160, 161, 162, 163, 164, 165, 166, 167, 168]
[00:00:22:38:966] ! Bidirectional. expansions: 48,746, time: 1,358,965 [ms], path length: 100 [edges], g_F: 56, g_B: 44, generated: {'F': 528,172, 'B': 397,766}, MM: 12, MMPER: 10.881188118811881%
[00:00:22:38:966] 
---------- mazes/13x13_maze_with_2_open_diamonds_7 ----------
[00:00:06:42:757] Valid states checked so far: 200,000, Expansions: 199,999, Global best: 99
[00:00:13:38:869] Valid states checked so far: 400,000, Expansions: 399,999, Global best: 99
[00:00:20:32:372] Valid states checked so far: 600,000, Expansions: 599,999, Global best: 99
[00:00:27:15:769] Valid states checked so far: 800,000, Expansions: 799,999, Global best: 99
[00:00:34:12:214] Valid states checked so far: 1,000,000, Expansions: 999,999, Global best: 99
[00:00:41:39:796] Valid states checked so far: 1,200,000, Expansions: 1,199,999, Global best: 99
[00:00:49:09:508] Valid states checked so far: 1,400,000, Expansions: 1,399,999, Global best: 99
[00:00:55:55:502] Valid states checked so far: 1,600,000, Expansions: 1,599,999, Global best: 99
[00:01:02:09:809] Valid states checked so far: 1,800,000, Expansions: 1,799,999, Global best: 99
[00:01:08:12:801] Valid states checked so far: 2,000,000, Expansions: 1,999,999, Global best: 99
[00:01:15:45:100] Valid states checked so far: 2,200,000, Expansions: 2,199,999, Global best: 99
[00:01:23:34:192] Valid states checked so far: 2,400,000, Expansions: 2,399,999, Global best: 99
[00:01:31:20:903] Valid states checked so far: 2,600,000, Expansions: 2,599,999, Global best: 99
[00:01:39:35:805] Valid states checked so far: 2,800,000, Expansions: 2,799,999, Global best: 99
[00:01:42:49:042] Path of length 98 found: [0, 1, 2, 3, 4, 17, 30, 43, 56, 55, 54, 41, 28, 27, 26, 39, 52, 65, 78, 79, 92, 105, 118, 117, 130, 143, 156, 157, 158, 159, 160, 161, 162, 163, 150, 137, 136, 123, 122, 135, 134, 121, 108, 107, 120, 133, 132, 119, 106, 93, 80, 81, 82, 95, 96, 109, 110, 111, 112, 99, 86, 85, 84, 71, 58, 45, 32, 19, 6, 7, 8, 9, 10, 11, 12, 25, 38, 37, 36, 49, 62, 61, 74, 87, 88, 89, 90, 103, 116, 129, 142, 141, 140, 139, 152, 165, 166, 167, 168]
[00:01:42:49:042] ! Unidirectional s-t. expansions: 2,877,134, time: 6,169,042 [ms], path length: 98 [edges], generated: 4,829,544
[00:00:06:00:130] Valid states checked so far: 200,000, Expansions: 199,999, Global best: 99
[00:00:12:22:413] Valid states checked so far: 400,000, Expansions: 399,999, Global best: 99
[00:00:18:53:592] Valid states checked so far: 600,000, Expansions: 599,999, Global best: 99
[00:00:25:17:311] Valid states checked so far: 800,000, Expansions: 799,999, Global best: 99
[00:00:31:42:188] Valid states checked so far: 1,000,000, Expansions: 999,999, Global best: 99
[00:00:38:03:127] Valid states checked so far: 1,200,000, Expansions: 1,199,999, Global best: 99
[00:00:44:13:404] Valid states checked so far: 1,400,000, Expansions: 1,399,999, Global best: 99
[00:00:50:50:773] Valid states checked so far: 1,600,000, Expansions: 1,599,999, Global best: 99
[00:00:57:26:626] Valid states checked so far: 1,800,000, Expansions: 1,799,999, Global best: 99
[00:01:04:03:284] Valid states checked so far: 2,000,000, Expansions: 1,999,999, Global best: 99
[00:01:11:04:950] Valid states checked so far: 2,200,000, Expansions: 2,199,999, Global best: 99
[00:01:18:15:664] Valid states checked so far: 2,400,000, Expansions: 2,399,999, Global best: 99
[00:01:25:20:062] Valid states checked so far: 2,600,000, Expansions: 2,599,999, Global best: 99
[00:01:32:38:326] Valid states checked so far: 2,800,000, Expansions: 2,799,999, Global best: 99
[00:01:40:10:118] Valid states checked so far: 3,000,000, Expansions: 2,999,999, Global best: 99
[00:01:47:40:525] Valid states checked so far: 3,200,000, Expansions: 3,199,999, Global best: 99
[00:01:55:17:498] Valid states checked so far: 3,400,000, Expansions: 3,399,999, Global best: 99
[00:02:03:03:372] Valid states checked so far: 3,600,000, Expansions: 3,599,999, Global best: 99
[00:02:10:37:191] Valid states checked so far: 3,800,000, Expansions: 3,799,999, Global best: 99
[00:02:18:19:239] Valid states checked so far: 4,000,000, Expansions: 3,999,999, Global best: 99
[00:02:25:01:986] Valid states checked so far: 4,200,000, Expansions: 4,199,999, Global best: 99
[00:02:31:51:895] Valid states checked so far: 4,400,000, Expansions: 4,399,999, Global best: 99
[00:02:38:34:370] Valid states checked so far: 4,600,000, Expansions: 4,599,999, Global best: 99
[00:02:45:26:549] Valid states checked so far: 4,800,000, Expansions: 4,799,999, Global best: 99
[00:02:52:19:106] Valid states checked so far: 5,000,000, Expansions: 4,999,999, Global best: 99
[00:02:59:02:443] Valid states checked so far: 5,200,000, Expansions: 5,199,999, Global best: 99
[00:03:05:48:871] Valid states checked so far: 5,400,000, Expansions: 5,399,999, Global best: 99
[00:03:12:42:804] Valid states checked so far: 5,600,000, Expansions: 5,599,999, Global best: 99
[00:03:19:33:361] Valid states checked so far: 5,800,000, Expansions: 5,799,999, Global best: 99
[00:03:26:30:068] Valid states checked so far: 6,000,000, Expansions: 5,999,999, Global best: 99
[00:03:33:42:782] Valid states checked so far: 6,200,000, Expansions: 6,199,999, Global best: 99
[00:03:40:43:561] Valid states checked so far: 6,400,000, Expansions: 6,399,999, Global best: 99
[00:03:47:50:580] Valid states checked so far: 6,600,000, Expansions: 6,599,999, Global best: 99
[00:03:54:36:222] Valid states checked so far: 6,800,000, Expansions: 6,799,999, Global best: 99
[00:04:01:36:308] Valid states checked so far: 7,000,000, Expansions: 6,999,999, Global best: 99
[00:04:08:39:346] Valid states checked so far: 7,200,000, Expansions: 7,199,999, Global best: 99
[00:04:15:32:803] Valid states checked so far: 7,400,000, Expansions: 7,399,999, Global best: 99
[00:04:22:43:365] Valid states checked so far: 7,600,000, Expansions: 7,599,999, Global best: 99
[00:04:28:37:924] Path of length 98 found: [168, 167, 166, 165, 152, 139, 140, 141, 142, 129, 116, 103, 90, 89, 88, 87, 74, 61, 62, 63, 64, 51, 38, 25, 12, 11, 10, 9, 8, 7, 6, 19, 32, 45, 58, 71, 84, 85, 86, 99, 112, 111, 110, 97, 96, 83, 82, 81, 80, 93, 106, 119, 132, 133, 120, 107, 108, 109, 122, 121, 134, 135, 136, 137, 150, 163, 162, 161, 160, 159, 158, 157, 156, 143, 130, 117, 118, 105, 92, 79, 78, 65, 52, 39, 26, 27, 28, 41, 54, 55, 56, 43, 30, 17, 4, 3, 2, 1, 0]
[00:04:28:37:925] ! Unidirectional t-s. expansions: 7,751,257, time: 16,117,925 [ms], path length: 98 [edges], generated: 11,479,927
[00:00:00:00:001] Expansions: 0. Checks - state_vs_state: 0, state_vs_prefix: 0, prefix_vs_prefix: 1
[00:00:44:19:094] Path of length 98 found: [0, 1, 2, 3, 4, 17, 30, 43, 56, 55, 54, 41, 28, 27, 26, 39, 52, 65, 78, 79, 92, 105, 118, 117, 130, 143, 156, 157, 158, 159, 160, 161, 162, 163, 150, 137, 136, 123, 122, 135, 134, 121, 108, 107, 120, 133, 132, 119, 106, 93, 80, 81, 82, 95, 96, 97, 110, 111, 112, 99, 86, 85, 84, 71, 58, 45, 32, 19, 6, 7, 8, 9, 10, 11, 12, 25, 38, 51, 64, 63, 62, 61, 74, 87, 88, 89, 90, 103, 116, 129, 142, 141, 140, 139, 152, 165, 166, 167, 168]
[00:00:44:19:098] ! Bidirectional. expansions: 88,477, time: 2,659,094 [ms], path length: 98 [edges], g_F: 54, g_B: 44, generated: {'F': 1,177,217, 'B': 1,016,661}, MM: 10, MMPER: 9.1010101010101%
[00:00:44:19:098] 
---------- mazes/13x13_maze_with_2_open_diamonds_8 ----------
[00:00:06:29:420] Valid states checked so far: 200,000, Expansions: 199,999, Global best: 101
[00:00:13:23:677] Valid states checked so far: 400,000, Expansions: 399,999, Global best: 101
[00:00:20:33:696] Valid states checked so far: 600,000, Expansions: 599,999, Global best: 101
[00:00:27:32:908] Valid states checked so far: 800,000, Expansions: 799,999, Global best: 101
[00:00:34:15:094] Valid states checked so far: 1,000,000, Expansions: 999,999, Global best: 101
[00:00:41:30:812] Valid states checked so far: 1,200,000, Expansions: 1,199,999, Global best: 101
[00:00:48:51:288] Valid states checked so far: 1,400,000, Expansions: 1,399,999, Global best: 101
[00:00:55:47:489] Valid states checked so far: 1,600,000, Expansions: 1,599,999, Global best: 101
[00:01:02:37:149] Valid states checked so far: 1,800,000, Expansions: 1,799,999, Global best: 101
[00:01:09:32:360] Valid states checked so far: 2,000,000, Expansions: 1,999,999, Global best: 101
[00:01:16:21:050] Valid states checked so far: 2,200,000, Expansions: 2,199,999, Global best: 101
[00:01:23:13:396] Valid states checked so far: 2,400,000, Expansions: 2,399,999, Global best: 101
[00:01:29:58:676] Valid states checked so far: 2,600,000, Expansions: 2,599,999, Global best: 101
[00:01:36:54:546] Valid states checked so far: 2,800,000, Expansions: 2,799,999, Global best: 101
[00:01:43:39:395] Valid states checked so far: 3,000,000, Expansions: 2,999,999, Global best: 101
[00:01:50:32:624] Valid states checked so far: 3,200,000, Expansions: 3,199,999, Global best: 101
[00:01:57:10:919] Valid states checked so far: 3,400,000, Expansions: 3,399,999, Global best: 101
[00:02:03:40:872] Valid states checked so far: 3,600,000, Expansions: 3,599,999, Global best: 101
[00:02:10:22:731] Valid states checked so far: 3,800,000, Expansions: 3,799,999, Global best: 103
[00:02:17:12:782] Valid states checked so far: 4,000,000, Expansions: 3,999,999, Global best: 103
[00:02:24:25:186] Valid states checked so far: 4,200,000, Expansions: 4,199,999, Global best: 103
[00:02:31:28:762] Valid states checked so far: 4,400,000, Expansions: 4,399,999, Global best: 103
[00:02:38:43:141] Valid states checked so far: 4,600,000, Expansions: 4,599,999, Global best: 103
[00:02:46:03:109] Valid states checked so far: 4,800,000, Expansions: 4,799,999, Global best: 103
[00:02:52:50:213] Valid states checked so far: 5,000,000, Expansions: 4,999,999, Global best: 103
[00:03:00:17:006] Valid states checked so far: 5,200,000, Expansions: 5,199,999, Global best: 103
[00:03:07:45:884] Valid states checked so far: 5,400,000, Expansions: 5,399,999, Global best: 103
[00:03:15:23:393] Valid states checked so far: 5,600,000, Expansions: 5,599,999, Global best: 103
[00:03:23:03:483] Valid states checked so far: 5,800,000, Expansions: 5,799,999, Global best: 103
[00:03:31:02:048] Valid states checked so far: 6,000,000, Expansions: 5,999,999, Global best: 103
[00:03:38:42:924] Valid states checked so far: 6,200,000, Expansions: 6,199,999, Global best: 103
[00:03:45:54:809] Valid states checked so far: 6,400,000, Expansions: 6,399,999, Global best: 103
[00:03:53:05:945] Valid states checked so far: 6,600,000, Expansions: 6,599,999, Global best: 103
[00:04:00:32:651] Valid states checked so far: 6,800,000, Expansions: 6,799,999, Global best: 103
[00:04:08:02:266] Valid states checked so far: 7,000,000, Expansions: 6,999,999, Global best: 103
[00:04:15:36:637] Valid states checked so far: 7,200,000, Expansions: 7,199,999, Global best: 103
[00:04:23:15:512] Valid states checked so far: 7,400,000, Expansions: 7,399,999, Global best: 103
[00:04:31:05:227] Valid states checked so far: 7,600,000, Expansions: 7,599,999, Global best: 103
[00:04:38:44:456] Valid states checked so far: 7,800,000, Expansions: 7,799,999, Global best: 103
[00:04:46:17:190] Valid states checked so far: 8,000,000, Expansions: 7,999,999, Global best: 103
[00:04:54:02:972] Valid states checked so far: 8,200,000, Expansions: 8,199,999, Global best: 103
[00:05:01:43:451] Valid states checked so far: 8,400,000, Expansions: 8,399,999, Global best: 103
[00:05:09:38:952] Valid states checked so far: 8,600,000, Expansions: 8,599,999, Global best: 103
[00:05:17:38:334] Valid states checked so far: 8,800,000, Expansions: 8,799,999, Global best: 103
[00:05:25:31:675] Valid states checked so far: 9,000,000, Expansions: 8,999,999, Global best: 103
[00:05:33:41:279] Valid states checked so far: 9,200,000, Expansions: 9,199,999, Global best: 103
[00:05:41:29:588] Valid states checked so far: 9,400,000, Expansions: 9,399,999, Global best: 103
[00:05:48:52:067] Valid states checked so far: 9,600,000, Expansions: 9,599,999, Global best: 103
[00:05:56:14:590] Valid states checked so far: 9,800,000, Expansions: 9,799,999, Global best: 103
[00:06:03:59:848] Valid states checked so far: 10,000,000, Expansions: 9,999,999, Global best: 103
[00:06:11:51:685] Valid states checked so far: 10,200,000, Expansions: 10,199,999, Global best: 103
[00:06:19:36:932] Valid states checked so far: 10,400,000, Expansions: 10,399,999, Global best: 103
[00:06:27:54:520] Valid states checked so far: 10,600,000, Expansions: 10,599,999, Global best: 103
[00:06:35:17:000] Valid states checked so far: 10,800,000, Expansions: 10,799,999, Global best: 103
[00:06:42:46:156] Valid states checked so far: 11,000,000, Expansions: 10,999,999, Global best: 103
[00:06:50:29:790] Valid states checked so far: 11,200,000, Expansions: 11,199,999, Global best: 103
[00:06:57:52:377] Valid states checked so far: 11,400,000, Expansions: 11,399,999, Global best: 103
[00:07:05:24:115] Valid states checked so far: 11,600,000, Expansions: 11,599,999, Global best: 103
[00:07:12:27:667] Valid states checked so far: 11,800,000, Expansions: 11,799,999, Global best: 103
[00:07:19:55:624] Valid states checked so far: 12,000,000, Expansions: 11,999,999, Global best: 103
[00:07:27:42:035] Valid states checked so far: 12,200,000, Expansions: 12,199,999, Global best: 103
[00:07:35:02:757] Valid states checked so far: 12,400,000, Expansions: 12,399,999, Global best: 103
[00:07:43:02:422] Valid states checked so far: 12,600,000, Expansions: 12,599,999, Global best: 103
[00:07:50:22:374] Valid states checked so far: 12,800,000, Expansions: 12,799,999, Global best: 103
[00:07:58:02:204] Valid states checked so far: 13,000,000, Expansions: 12,999,999, Global best: 103
[00:08:06:08:946] Valid states checked so far: 13,200,000, Expansions: 13,199,999, Global best: 103
[00:08:13:35:101] Valid states checked so far: 13,400,000, Expansions: 13,399,999, Global best: 103
[00:08:21:40:457] Valid states checked so far: 13,600,000, Expansions: 13,599,999, Global best: 103
[00:08:29:48:569] Valid states checked so far: 13,800,000, Expansions: 13,799,999, Global best: 103
[00:08:37:34:468] Valid states checked so far: 14,000,000, Expansions: 13,999,999, Global best: 103
[00:08:45:10:858] Valid states checked so far: 14,200,000, Expansions: 14,199,999, Global best: 103
[00:08:52:36:229] Valid states checked so far: 14,400,000, Expansions: 14,399,999, Global best: 103
[00:09:00:04:172] Valid states checked so far: 14,600,000, Expansions: 14,599,999, Global best: 103
[00:09:08:11:621] Valid states checked so far: 14,800,000, Expansions: 14,799,999, Global best: 103
[00:09:15:37:859] Valid states checked so far: 15,000,000, Expansions: 14,999,999, Global best: 103
[00:09:22:45:517] Valid states checked so far: 15,200,000, Expansions: 15,199,999, Global best: 103
[00:09:30:43:960] Valid states checked so far: 15,400,000, Expansions: 15,399,999, Global best: 103
[00:09:38:07:458] Valid states checked so far: 15,600,000, Expansions: 15,599,999, Global best: 103
[00:09:45:57:498] Valid states checked so far: 15,800,000, Expansions: 15,799,999, Global best: 103
[00:09:54:24:889] Valid states checked so far: 16,000,000, Expansions: 15,999,999, Global best: 103
[00:10:02:08:386] Valid states checked so far: 16,200,000, Expansions: 16,199,999, Global best: 103
[00:10:09:38:957] Valid states checked so far: 16,400,000, Expansions: 16,399,999, Global best: 103
[00:10:17:55:842] Valid states checked so far: 16,600,000, Expansions: 16,599,999, Global best: 103
[00:10:25:38:816] Valid states checked so far: 16,800,000, Expansions: 16,799,999, Global best: 103
[00:10:33:16:666] Valid states checked so far: 17,000,000, Expansions: 16,999,999, Global best: 103
[00:10:41:48:019] Valid states checked so far: 17,200,000, Expansions: 17,199,999, Global best: 103
[00:10:49:42:740] Valid states checked so far: 17,400,000, Expansions: 17,399,999, Global best: 103
[00:10:57:36:398] Valid states checked so far: 17,600,000, Expansions: 17,599,999, Global best: 103
[00:11:06:05:842] Valid states checked so far: 17,800,000, Expansions: 17,799,999, Global best: 103
[00:11:13:49:587] Valid states checked so far: 18,000,000, Expansions: 17,999,999, Global best: 103
[00:11:21:08:485] Valid states checked so far: 18,200,000, Expansions: 18,199,999, Global best: 103
[00:11:28:35:340] Valid states checked so far: 18,400,000, Expansions: 18,399,999, Global best: 103
[00:11:36:34:154] Valid states checked so far: 18,600,000, Expansions: 18,599,999, Global best: 103
[00:11:43:29:271] Valid states checked so far: 18,800,000, Expansions: 18,799,999, Global best: 103
[00:11:51:15:335] Valid states checked so far: 19,000,000, Expansions: 18,999,999, Global best: 103
[00:11:59:17:724] Valid states checked so far: 19,200,000, Expansions: 19,199,999, Global best: 103
[00:12:06:42:923] Valid states checked so far: 19,400,000, Expansions: 19,399,999, Global best: 103
[00:12:14:29:606] Valid states checked so far: 19,600,000, Expansions: 19,599,999, Global best: 103
[00:12:22:04:091] Valid states checked so far: 19,800,000, Expansions: 19,799,999, Global best: 103
[00:12:29:59:555] Valid states checked so far: 20,000,000, Expansions: 19,999,999, Global best: 103
[00:12:37:46:517] Valid states checked so far: 20,200,000, Expansions: 20,199,999, Global best: 103
[00:12:45:40:635] Valid states checked so far: 20,400,000, Expansions: 20,399,999, Global best: 103
[00:12:53:32:633] Valid states checked so far: 20,600,000, Expansions: 20,599,999, Global best: 103
[00:13:01:56:421] Valid states checked so far: 20,800,000, Expansions: 20,799,999, Global best: 103
[00:13:09:37:342] Valid states checked so far: 21,000,000, Expansions: 20,999,999, Global best: 103
[00:13:17:29:122] Valid states checked so far: 21,200,000, Expansions: 21,199,999, Global best: 103
[00:13:25:10:784] Valid states checked so far: 21,400,000, Expansions: 21,399,999, Global best: 103
[00:13:33:29:562] Valid states checked so far: 21,600,000, Expansions: 21,599,999, Global best: 103
[00:13:41:27:958] Valid states checked so far: 21,800,000, Expansions: 21,799,999, Global best: 103
[00:13:49:23:649] Valid states checked so far: 22,000,000, Expansions: 21,999,999, Global best: 103
[00:13:57:14:163] Valid states checked so far: 22,200,000, Expansions: 22,199,999, Global best: 103
[00:14:05:54:514] Valid states checked so far: 22,400,000, Expansions: 22,399,999, Global best: 103
[00:14:13:52:371] Valid states checked so far: 22,600,000, Expansions: 22,599,999, Global best: 103
[00:14:21:30:208] Valid states checked so far: 22,800,000, Expansions: 22,799,999, Global best: 103
[00:14:29:21:967] Valid states checked so far: 23,000,000, Expansions: 22,999,999, Global best: 103
[00:14:37:47:749] Valid states checked so far: 23,200,000, Expansions: 23,199,999, Global best: 103
[00:14:45:38:955] Valid states checked so far: 23,400,000, Expansions: 23,399,999, Global best: 103
[00:14:53:53:811] Valid states checked so far: 23,600,000, Expansions: 23,599,999, Global best: 103
[00:15:01:49:516] Valid states checked so far: 23,800,000, Expansions: 23,799,999, Global best: 103
[00:15:10:27:556] Valid states checked so far: 24,000,000, Expansions: 23,999,999, Global best: 103
[00:15:18:37:393] Valid states checked so far: 24,200,000, Expansions: 24,199,999, Global best: 103
[00:15:26:44:830] Valid states checked so far: 24,400,000, Expansions: 24,399,999, Global best: 103
[00:15:34:54:238] Valid states checked so far: 24,600,000, Expansions: 24,599,999, Global best: 103
[00:15:43:10:872] Valid states checked so far: 24,800,000, Expansions: 24,799,999, Global best: 103
[00:15:52:02:776] Valid states checked so far: 25,000,000, Expansions: 24,999,999, Global best: 103
[00:16:00:00:878] Valid states checked so far: 25,200,000, Expansions: 25,199,999, Global best: 103
[00:16:08:18:767] Valid states checked so far: 25,400,000, Expansions: 25,399,999, Global best: 103
[00:16:16:51:817] Valid states checked so far: 25,600,000, Expansions: 25,599,999, Global best: 103
[00:16:25:46:862] Valid states checked so far: 25,800,000, Expansions: 25,799,999, Global best: 103
[00:16:34:03:696] Valid states checked so far: 26,000,000, Expansions: 25,999,999, Global best: 103
[00:16:42:37:051] Valid states checked so far: 26,200,000, Expansions: 26,199,999, Global best: 103
[00:16:52:40:639] Valid states checked so far: 26,400,000, Expansions: 26,399,999, Global best: 103
[00:17:02:40:266] Valid states checked so far: 26,600,000, Expansions: 26,599,999, Global best: 103
[00:17:10:29:193] Valid states checked so far: 26,800,000, Expansions: 26,799,999, Global best: 103
[00:17:17:57:311] Valid states checked so far: 27,000,000, Expansions: 26,999,999, Global best: 103
[00:17:25:29:734] Valid states checked so far: 27,200,000, Expansions: 27,199,999, Global best: 103
[00:17:33:04:698] Valid states checked so far: 27,400,000, Expansions: 27,399,999, Global best: 103
[00:17:40:41:190] Valid states checked so far: 27,600,000, Expansions: 27,599,999, Global best: 103
[00:17:49:25:312] Valid states checked so far: 27,800,000, Expansions: 27,799,999, Global best: 103
[00:17:57:35:597] Valid states checked so far: 28,000,000, Expansions: 27,999,999, Global best: 103
[00:18:05:38:062] Valid states checked so far: 28,200,000, Expansions: 28,199,999, Global best: 103
[00:18:13:33:368] Valid states checked so far: 28,400,000, Expansions: 28,399,999, Global best: 103
[00:18:21:28:901] Valid states checked so far: 28,600,000, Expansions: 28,599,999, Global best: 103
[00:18:29:02:753] Valid states checked so far: 28,800,000, Expansions: 28,799,999, Global best: 103
[00:18:37:00:426] Valid states checked so far: 29,000,000, Expansions: 28,999,999, Global best: 103
[00:18:44:51:748] Valid states checked so far: 29,200,000, Expansions: 29,199,999, Global best: 103
[00:18:52:37:976] Valid states checked so far: 29,400,000, Expansions: 29,399,999, Global best: 103
[00:19:00:36:292] Valid states checked so far: 29,600,000, Expansions: 29,599,999, Global best: 103
[00:19:08:34:796] Valid states checked so far: 29,800,000, Expansions: 29,799,999, Global best: 103
[00:19:17:21:301] Valid states checked so far: 30,000,000, Expansions: 29,999,999, Global best: 103
[00:19:25:21:760] Valid states checked so far: 30,200,000, Expansions: 30,199,999, Global best: 103
[00:19:33:22:010] Valid states checked so far: 30,400,000, Expansions: 30,399,999, Global best: 103
[00:19:41:11:306] Valid states checked so far: 30,600,000, Expansions: 30,599,999, Global best: 103
[00:19:49:14:038] Valid states checked so far: 30,800,000, Expansions: 30,799,999, Global best: 103
[00:19:57:10:292] Valid states checked so far: 31,000,000, Expansions: 30,999,999, Global best: 103
[00:20:06:00:144] Valid states checked so far: 31,200,000, Expansions: 31,199,999, Global best: 103
[00:20:14:07:135] Valid states checked so far: 31,400,000, Expansions: 31,399,999, Global best: 103
[00:20:22:19:308] Valid states checked so far: 31,600,000, Expansions: 31,599,999, Global best: 103
[00:20:30:35:139] Valid states checked so far: 31,800,000, Expansions: 31,799,999, Global best: 103
[00:20:38:47:692] Valid states checked so far: 32,000,000, Expansions: 31,999,999, Global best: 103
[00:20:47:06:488] Valid states checked so far: 32,200,000, Expansions: 32,199,999, Global best: 103
[00:20:56:21:278] Valid states checked so far: 32,400,000, Expansions: 32,399,999, Global best: 103
[00:21:04:55:025] Valid states checked so far: 32,600,000, Expansions: 32,599,999, Global best: 103
[00:21:13:08:672] Valid states checked so far: 32,800,000, Expansions: 32,799,999, Global best: 103
[00:21:20:55:427] Valid states checked so far: 33,000,000, Expansions: 32,999,999, Global best: 103
[00:21:28:29:990] Valid states checked so far: 33,200,000, Expansions: 33,199,999, Global best: 103
[00:21:36:58:197] Valid states checked so far: 33,400,000, Expansions: 33,399,999, Global best: 103
[00:21:44:42:267] Valid states checked so far: 33,600,000, Expansions: 33,599,999, Global best: 103
[00:21:52:38:397] Valid states checked so far: 33,800,000, Expansions: 33,799,999, Global best: 103
[00:22:01:29:895] Valid states checked so far: 34,000,000, Expansions: 33,999,999, Global best: 103
[00:22:10:48:529] Valid states checked so far: 34,200,000, Expansions: 34,199,999, Global best: 103
[00:22:18:30:096] Valid states checked so far: 34,400,000, Expansions: 34,399,999, Global best: 103
[00:22:26:18:657] Valid states checked so far: 34,600,000, Expansions: 34,599,999, Global best: 103
[00:22:35:19:055] Valid states checked so far: 34,800,000, Expansions: 34,799,999, Global best: 103
[00:22:43:09:408] Valid states checked so far: 35,000,000, Expansions: 34,999,999, Global best: 103
[00:22:50:57:003] Valid states checked so far: 35,200,000, Expansions: 35,199,999, Global best: 103
[00:22:58:24:834] Valid states checked so far: 35,400,000, Expansions: 35,399,999, Global best: 103
[00:23:06:20:832] Valid states checked so far: 35,600,000, Expansions: 35,599,999, Global best: 103
[00:23:14:09:259] Valid states checked so far: 35,800,000, Expansions: 35,799,999, Global best: 103
[00:23:23:14:185] Valid states checked so far: 36,000,000, Expansions: 35,999,999, Global best: 103
[00:23:31:28:906] Valid states checked so far: 36,200,000, Expansions: 36,199,999, Global best: 103
[00:23:39:39:907] Valid states checked so far: 36,400,000, Expansions: 36,399,999, Global best: 103
[00:23:46:22:155] Valid states checked so far: 36,600,000, Expansions: 36,599,999, Global best: 103
[00:23:53:16:622] Valid states checked so far: 36,800,000, Expansions: 36,799,999, Global best: 103
[01:00:00:39:672] Valid states checked so far: 37,000,000, Expansions: 36,999,999, Global best: 103
[01:00:07:50:768] Valid states checked so far: 37,200,000, Expansions: 37,199,999, Global best: 103
[01:00:16:26:723] Valid states checked so far: 37,400,000, Expansions: 37,399,999, Global best: 103
[01:00:24:09:740] Valid states checked so far: 37,600,000, Expansions: 37,599,999, Global best: 103
[01:00:32:21:783] Valid states checked so far: 37,800,000, Expansions: 37,799,999, Global best: 103
[01:00:40:03:986] Valid states checked so far: 38,000,000, Expansions: 37,999,999, Global best: 103
[01:00:48:07:217] Valid states checked so far: 38,200,000, Expansions: 38,199,999, Global best: 103
[01:00:55:41:003] Valid states checked so far: 38,400,000, Expansions: 38,399,999, Global best: 103
[01:01:03:24:138] Valid states checked so far: 38,600,000, Expansions: 38,599,999, Global best: 103
[01:01:12:33:178] Valid states checked so far: 38,800,000, Expansions: 38,799,999, Global best: 103
[01:01:20:38:828] Valid states checked so far: 39,000,000, Expansions: 38,999,999, Global best: 103
[01:01:28:58:887] Valid states checked so far: 39,200,000, Expansions: 39,199,999, Global best: 103
[01:01:37:20:165] Valid states checked so far: 39,400,000, Expansions: 39,399,999, Global best: 103
[01:01:45:13:548] Valid states checked so far: 39,600,000, Expansions: 39,599,999, Global best: 103
[01:01:53:12:753] Valid states checked so far: 39,800,000, Expansions: 39,799,999, Global best: 103
[01:02:01:10:071] Valid states checked so far: 40,000,000, Expansions: 39,999,999, Global best: 103
[01:02:10:22:595] Valid states checked so far: 40,200,000, Expansions: 40,199,999, Global best: 103
[01:02:18:30:861] Valid states checked so far: 40,400,000, Expansions: 40,399,999, Global best: 103
[01:02:26:35:235] Valid states checked so far: 40,600,000, Expansions: 40,599,999, Global best: 103
[01:02:34:29:868] Valid states checked so far: 40,800,000, Expansions: 40,799,999, Global best: 103
[01:02:42:40:659] Valid states checked so far: 41,000,000, Expansions: 40,999,999, Global best: 103
[01:02:50:31:187] Valid states checked so far: 41,200,000, Expansions: 41,199,999, Global best: 103
[01:02:57:46:352] Valid states checked so far: 41,400,000, Expansions: 41,399,999, Global best: 103
[01:03:06:36:904] Valid states checked so far: 41,600,000, Expansions: 41,599,999, Global best: 103
[01:03:14:13:014] Valid states checked so far: 41,800,000, Expansions: 41,799,999, Global best: 103
[01:03:22:00:187] Valid states checked so far: 42,000,000, Expansions: 41,999,999, Global best: 103
[01:03:29:33:575] Valid states checked so far: 42,200,000, Expansions: 42,199,999, Global best: 103
[01:03:37:21:778] Valid states checked so far: 42,400,000, Expansions: 42,399,999, Global best: 103
[01:03:44:51:023] Valid states checked so far: 42,600,000, Expansions: 42,599,999, Global best: 103
[01:03:52:00:642] Valid states checked so far: 42,800,000, Expansions: 42,799,999, Global best: 103
[01:03:59:50:992] Valid states checked so far: 43,000,000, Expansions: 42,999,999, Global best: 103
[01:04:07:27:748] Valid states checked so far: 43,200,000, Expansions: 43,199,999, Global best: 103
[01:04:16:06:289] Valid states checked so far: 43,400,000, Expansions: 43,399,999, Global best: 103
[01:04:23:39:837] Valid states checked so far: 43,600,000, Expansions: 43,599,999, Global best: 103
[01:04:31:18:267] Valid states checked so far: 43,800,000, Expansions: 43,799,999, Global best: 103
[01:04:38:53:678] Valid states checked so far: 44,000,000, Expansions: 43,999,999, Global best: 103
[01:04:46:42:817] Valid states checked so far: 44,200,000, Expansions: 44,199,999, Global best: 103
[01:04:54:00:936] Valid states checked so far: 44,400,000, Expansions: 44,399,999, Global best: 103
[01:05:01:38:688] Valid states checked so far: 44,600,000, Expansions: 44,599,999, Global best: 103
[01:05:09:06:423] Valid states checked so far: 44,800,000, Expansions: 44,799,999, Global best: 103
[01:05:18:13:769] Valid states checked so far: 45,000,000, Expansions: 44,999,999, Global best: 103
[01:05:25:52:140] Valid states checked so far: 45,200,000, Expansions: 45,199,999, Global best: 103
[01:05:32:57:300] Valid states checked so far: 45,400,000, Expansions: 45,399,999, Global best: 103
[01:05:40:24:765] Valid states checked so far: 45,600,000, Expansions: 45,599,999, Global best: 103
[01:05:48:24:999] Valid states checked so far: 45,800,000, Expansions: 45,799,999, Global best: 103
[01:05:56:25:239] Valid states checked so far: 46,000,000, Expansions: 45,999,999, Global best: 103
[01:06:04:25:856] Valid states checked so far: 46,200,000, Expansions: 46,199,999, Global best: 103
[01:06:12:29:081] Valid states checked so far: 46,400,000, Expansions: 46,399,999, Global best: 103
[01:06:20:41:433] Valid states checked so far: 46,600,000, Expansions: 46,599,999, Global best: 103
[01:06:29:47:574] Valid states checked so far: 46,800,000, Expansions: 46,799,999, Global best: 103
[01:06:37:29:793] Valid states checked so far: 47,000,000, Expansions: 46,999,999, Global best: 103
[01:06:45:18:568] Valid states checked so far: 47,200,000, Expansions: 47,199,999, Global best: 103
[01:06:52:59:861] Valid states checked so far: 47,400,000, Expansions: 47,399,999, Global best: 103
[01:07:00:48:832] Valid states checked so far: 47,600,000, Expansions: 47,599,999, Global best: 103
[01:07:08:42:598] Valid states checked so far: 47,800,000, Expansions: 47,799,999, Global best: 103
[01:07:16:40:259] Valid states checked so far: 48,000,000, Expansions: 47,999,999, Global best: 103
[01:07:24:31:894] Valid states checked so far: 48,200,000, Expansions: 48,199,999, Global best: 103
[01:07:33:43:664] Valid states checked so far: 48,400,000, Expansions: 48,399,999, Global best: 103
[01:07:41:32:533] Valid states checked so far: 48,600,000, Expansions: 48,599,999, Global best: 103
[01:07:49:17:969] Valid states checked so far: 48,800,000, Expansions: 48,799,999, Global best: 103
