--------------------------
date: mazes
number_of_graphs: 3
graph_type: maze
size_of_graphs: [13, 13]
heuristic: bcc_heuristic
snake: False
run_uni: True
run_bi: True
run_multi: False
solution_vertices: []
algorithms: ['DFBnB']
bsd: False
cube_first_dims: 4
cube_buffer_dim: None
backward_sym_generation: False
sym_coil: False
prefix_set: None

---------- mazes/13x13_maze_with_blocks_and_random_removals_0 ----------
[00:00:00:00:111] Expansion 67: New longest path found with length 68: [0, 1, 2, 3, 4, 17, 30, 43, 56, 55, 54, 41, 28, 27, 26, 39, 52, 65, 78, 79, 92, 105, 106, 107, 108, 109, 110, 111, 112, 99, 86, 85, 84, 71, 58, 45, 32, 19, 6, 7, 8, 9, 10, 11, 12, 25, 38, 37, 36, 49, 62, 61, 74, 87, 88, 89, 90, 103, 116, 129, 142, 141, 140, 139, 152, 165, 166, 167, 168]
[00:00:00:00:218] Expansion 143: New longest path found with length 82: [0, 1, 2, 3, 4, 17, 30, 43, 56, 55, 54, 41, 28, 27, 26, 39, 52, 65, 78, 79, 80, 81, 82, 83, 84, 71, 58, 45, 32, 19, 6, 7, 8, 9, 10, 11, 12, 25, 38, 37, 36, 49, 62, 61, 74, 87, 88, 89, 90, 103, 116, 115, 114, 113, 112, 111, 110, 109, 122, 135, 134, 133, 132, 131, 130, 143, 156, 157, 158, 159, 160, 161, 162, 163, 164, 165, 152, 139, 140, 141, 142, 155, 168]
[00:00:00:00:755] Expansion 450: New longest path found with length 84: [0, 1, 2, 3, 4, 17, 30, 31, 32, 19, 6, 7, 8, 9, 10, 11, 12, 25, 38, 37, 36, 49, 62, 61, 60, 59, 58, 57, 56, 55, 54, 41, 28, 27, 26, 39, 52, 65, 78, 79, 80, 81, 82, 83, 84, 85, 86, 87, 88, 89, 90, 103, 116, 115, 114, 113, 112, 111, 110, 109, 122, 135, 134, 133, 132, 131, 130, 143, 156, 157, 158, 159, 160, 161, 162, 163, 164, 165, 152, 139, 140, 141, 142, 155, 168]
[00:00:00:02:423] Path of length 84 found: [0, 1, 2, 3, 4, 17, 30, 31, 32, 19, 6, 7, 8, 9, 10, 11, 12, 25, 38, 37, 36, 49, 62, 61, 60, 59, 58, 57, 56, 55, 54, 41, 28, 27, 26, 39, 52, 65, 78, 79, 80, 81, 82, 83, 84, 85, 86, 87, 88, 89, 90, 103, 116, 115, 114, 113, 112, 111, 110, 109, 122, 135, 134, 133, 132, 131, 130, 143, 156, 157, 158, 159, 160, 161, 162, 163, 164, 165, 152, 139, 140, 141, 142, 155, 168]
[00:00:00:02:424] ! Unidirectional s-t. expansions: 1,302, time: 2,423 [ms], path length: 84 [edges], generated: 1,727
[00:00:00:00:171] Expansion 73: New longest path found with length 74: [168, 167, 166, 165, 164, 163, 162, 161, 160, 159, 158, 157, 156, 143, 130, 131, 132, 133, 134, 135, 122, 109, 108, 107, 106, 105, 92, 79, 80, 81, 82, 83, 84, 85, 86, 99, 112, 113, 114, 115, 116, 103, 90, 89, 88, 87, 74, 61, 62, 63, 64, 51, 38, 25, 12, 11, 10, 9, 8, 7, 6, 19, 32, 45, 58, 57, 56, 55, 54, 41, 28, 27, 26, 13, 0]
[00:00:00:00:407] Expansion 221: New longest path found with length 80: [168, 167, 166, 165, 164, 163, 162, 161, 160, 159, 158, 157, 156, 143, 130, 131, 132, 133, 134, 135, 122, 109, 108, 107, 106, 105, 92, 79, 78, 65, 52, 39, 26, 27, 28, 41, 54, 55, 56, 57, 58, 71, 84, 85, 86, 99, 112, 113, 114, 115, 116, 103, 90, 89, 88, 87, 74, 61, 62, 63, 64, 51, 38, 25, 12, 11, 10, 9, 8, 7, 6, 19, 32, 31, 30, 17, 4, 3, 2, 1, 0]
[00:00:00:01:260] Expansion 672: New longest path found with length 84: [168, 155, 142, 141, 140, 139, 152, 165, 164, 163, 162, 161, 160, 159, 158, 157, 156, 143, 130, 131, 132, 133, 134, 135, 122, 109, 108, 107, 106, 105, 92, 79, 78, 65, 52, 39, 26, 27, 28, 41, 54, 55, 56, 57, 58, 71, 84, 85, 86, 99, 112, 113, 114, 115, 116, 103, 90, 89, 88, 87, 74, 61, 62, 63, 64, 51, 38, 25, 12, 11, 10, 9, 8, 7, 6, 19, 32, 31, 30, 17, 4, 3, 2, 1, 0]
[00:00:00:01:671] Path of length 84 found: [168, 155, 142, 141, 140, 139, 152, 165, 164, 163, 162, 161, 160, 159, 158, 157, 156, 143, 130, 131, 132, 133, 134, 135, 122, 109, 108, 107, 106, 105, 92, 79, 78, 65, 52, 39, 26, 27, 28, 41, 54, 55, 56, 57, 58, 71, 84, 85, 86, 99, 112, 113, 114, 115, 116, 103, 90, 89, 88, 87, 74, 61, 62, 63, 64, 51, 38, 25, 12, 11, 10, 9, 8, 7, 6, 19, 32, 31, 30, 17, 4, 3, 2, 1, 0]
[00:00:00:01:671] ! Unidirectional t-s. expansions: 888, time: 1,671 [ms], path length: 84 [edges], generated: 1,211
[00:00:00:00:138] Expansion 77: New longest path found with length 78: [0, 1, 2, 3, 4, 17, 30, 43, 56, 55, 54, 41, 28, 27, 26, 39, 52, 65, 78, 79, 80, 81, 82, 83, 84, 71, 58, 45, 32, 19, 6, 7, 8, 9, 10, 11, 12, 25, 38, 37, 36, 49, 62, 61, 74, 87, 88, 89, 90, 103, 116, 115, 114, 113, 112, 111, 110, 109, 122, 135, 134, 133, 132, 131, 130, 143, 156, 157, 158, 159, 160, 161, 162, 163, 164, 165, 166, 167, 168]
[00:00:00:00:382] Expansion 204: New longest path found with length 80: [0, 1, 2, 3, 4, 17, 30, 31, 32, 19, 6, 7, 8, 9, 10, 11, 12, 25, 38, 37, 36, 49, 62, 61, 74, 87, 88, 89, 90, 103, 116, 115, 114, 113, 112, 99, 86, 85, 84, 71, 58, 57, 56, 55, 54, 41, 28, 27, 26, 39, 52, 65, 78, 79, 92, 105, 106, 107, 108, 109, 122, 135, 134, 133, 132, 131, 130, 143, 156, 157, 158, 159, 160, 161, 162, 163, 164, 165, 166, 167, 168]
[00:00:00:00:870] Expansion 447: New longest path found with length 82: [0, 1, 2, 3, 4, 17, 30, 43, 56, 55, 54, 41, 28, 27, 26, 39, 52, 65, 78, 79, 80, 81, 82, 83, 84, 71, 58, 45, 32, 19, 6, 7, 8, 9, 10, 11, 12, 25, 38, 37, 36, 49, 62, 61, 74, 87, 88, 89, 90, 103, 116, 115, 114, 113, 112, 111, 110, 109, 122, 135, 134, 133, 132, 131, 130, 143, 156, 157, 158, 159, 160, 161, 162, 163, 164, 165, 152, 139, 140, 141, 142, 155, 168]
[00:00:00:01:163] Expansion 612: New longest path found with length 84: [0, 1, 2, 3, 4, 17, 30, 31, 32, 19, 6, 7, 8, 9, 10, 11, 12, 25, 38, 37, 36, 49, 62, 61, 60, 59, 58, 57, 56, 55, 54, 41, 28, 27, 26, 39, 52, 65, 78, 79, 80, 81, 82, 83, 84, 85, 86, 87, 88, 89, 90, 103, 116, 115, 114, 113, 112, 111, 110, 109, 122, 135, 134, 133, 132, 131, 130, 143, 156, 157, 158, 159, 160, 161, 162, 163, 164, 165, 152, 139, 140, 141, 142, 155, 168]
[00:00:00:02:000] Path of length 84 found: [0, 1, 2, 3, 4, 17, 30, 31, 32, 19, 6, 7, 8, 9, 10, 11, 12, 25, 38, 37, 36, 49, 62, 61, 60, 59, 58, 57, 56, 55, 54, 41, 28, 27, 26, 39, 52, 65, 78, 79, 80, 81, 82, 83, 84, 85, 86, 87, 88, 89, 90, 103, 116, 115, 114, 113, 112, 111, 110, 109, 122, 135, 134, 133, 132, 131, 130, 143, 156, 157, 158, 159, 160, 161, 162, 163, 164, 165, 152, 139, 140, 141, 142, 155, 168]
[00:00:00:02:001] ! Bidirectional. expansions: 1,001, time: 2,000 [ms], path length: 84 [edges], g_F: 43, g_B: 41, generated: {'F': 691, 'B': 614}, MM: 2, MMPER: 1.3529411764705883%
[00:00:00:02:001] 
---------- mazes/13x13_maze_with_blocks_and_random_removals_1 ----------
[00:00:00:00:158] Expansion 77: New longest path found with length 78: [0, 1, 2, 3, 4, 17, 30, 43, 56, 55, 54, 41, 28, 27, 26, 39, 52, 65, 78, 79, 92, 105, 106, 107, 108, 109, 110, 111, 112, 99, 86, 85, 84, 71, 58, 45, 32, 19, 6, 7, 8, 9, 10, 11, 12, 25, 38, 37, 36, 35, 34, 47, 60, 61, 48, 49, 50, 51, 64, 63, 62, 75, 74, 87, 88, 89, 90, 103, 116, 129, 142, 141, 140, 139, 152, 165, 166, 167, 168]
[00:00:00:01:481] Expansion 774: New longest path found with length 92: [0, 1, 2, 3, 4, 17, 30, 43, 56, 55, 54, 41, 28, 27, 26, 39, 52, 65, 78, 79, 80, 81, 82, 83, 84, 71, 58, 45, 32, 19, 6, 7, 8, 9, 10, 11, 12, 25, 38, 37, 36, 35, 34, 47, 60, 61, 48, 49, 50, 51, 64, 63, 62, 75, 74, 87, 88, 89, 90, 103, 116, 115, 114, 113, 112, 111, 110, 109, 122, 135, 134, 133, 132, 131, 130, 143, 156, 157, 158, 159, 160, 161, 162, 163, 164, 165, 152, 139, 140, 141, 142, 155, 168]
[00:00:00:22:356] Expansion 11,493: New longest path found with length 94: [0, 1, 2, 3, 4, 17, 30, 43, 56, 55, 54, 41, 28, 27, 26, 39, 52, 65, 78, 79, 80, 81, 82, 83, 84, 85, 86, 87, 74, 61, 48, 35, 34, 47, 60, 59, 58, 45, 32, 19, 6, 7, 8, 9, 10, 11, 12, 25, 38, 37, 36, 49, 50, 51, 64, 63, 62, 75, 88, 89, 90, 103, 116, 115, 114, 113, 112, 111, 110, 109, 122, 135, 134, 133, 132, 131, 130, 143, 156, 157, 158, 159, 160, 161, 162, 163, 164, 165, 152, 139, 140, 141, 142, 155, 168]
[00:00:02:16:570] Path of length 94 found: [0, 1, 2, 3, 4, 17, 30, 43, 56, 55, 54, 41, 28, 27, 26, 39, 52, 65, 78, 79, 80, 81, 82, 83, 84, 85, 86, 87, 74, 61, 48, 35, 34, 47, 60, 59, 58, 45, 32, 19, 6, 7, 8, 9, 10, 11, 12, 25, 38, 37, 36, 49, 50, 51, 64, 63, 62, 75, 88, 89, 90, 103, 116, 115, 114, 113, 112, 111, 110, 109, 122, 135, 134, 133, 132, 131, 130, 143, 156, 157, 158, 159, 160, 161, 162, 163, 164, 165, 152, 139, 140, 141, 142, 155, 168]
[00:00:02:16:571] ! Unidirectional s-t. expansions: 63,368, time: 136,570 [ms], path length: 94 [edges], generated: 91,633
[00:00:00:00:172] Expansion 85: New longest path found with length 86: [168, 167, 166, 165, 164, 163, 162, 161, 160, 159, 158, 157, 156, 143, 130, 131, 132, 133, 134, 135, 122, 109, 108, 107, 106, 105, 92, 79, 80, 81, 82, 83, 84, 71, 58, 59, 60, 47, 34, 35, 48, 61, 74, 87, 86, 99, 112, 113, 114, 115, 116, 103, 90, 89, 88, 75, 62, 49, 36, 37, 50, 63, 64, 51, 38, 25, 12, 11, 10, 9, 8, 7, 6, 19, 32, 31, 30, 43, 56, 55, 54, 41, 28, 27, 26, 13, 0]
[00:00:00:23:056] Expansion 14,181: New longest path found with length 90: [168, 167, 166, 165, 164, 163, 162, 161, 160, 159, 158, 157, 156, 143, 130, 131, 132, 133, 134, 135, 122, 109, 108, 107, 106, 105, 92, 79, 78, 65, 52, 39, 26, 27, 28, 41, 54, 55, 56, 57, 58, 71, 84, 85, 86, 99, 112, 113, 114, 115, 116, 103, 90, 89, 88, 87, 74, 75, 62, 49, 48, 61, 60, 47, 34, 35, 36, 37, 50, 63, 64, 51, 38, 25, 12, 11, 10, 9, 8, 7, 6, 19, 32, 31, 30, 17, 4, 3, 2, 1, 0]
[00:00:00:52:250] Expansion 31,745: New longest path found with length 94: [168, 155, 142, 141, 140, 139, 152, 165, 164, 163, 162, 161, 160, 159, 158, 157, 156, 143, 130, 131, 132, 133, 134, 135, 122, 109, 108, 107, 106, 105, 92, 79, 78, 65, 52, 39, 26, 27, 28, 41, 54, 55, 56, 57, 58, 71, 84, 85, 86, 99, 112, 113, 114, 115, 116, 103, 90, 89, 88, 87, 74, 75, 62, 49, 48, 61, 60, 47, 34, 35, 36, 37, 50, 63, 64, 51, 38, 25, 12, 11, 10, 9, 8, 7, 6, 19, 32, 31, 30, 17, 4, 3, 2, 1, 0]
[00:00:00:59:223] Path of length 94 found: [168, 155, 142, 141, 140, 139, 152, 165, 164, 163, 162, 161, 160, 159, 158, 157, 156, 143, 130, 131, 132, 133, 134, 135, 122, 109, 108, 107, 106, 105, 92, 79, 78, 65, 52, 39, 26, 27, 28, 41, 54, 55, 56, 57, 58, 71, 84, 85, 86, 99, 112, 113, 114, 115, 116, 103, 90, 89, 88, 87, 74, 75, 62, 49, 48, 61, 60, 47, 34, 35, 36, 37, 50, 63, 64, 51, 38, 25, 12, 11, 10, 9, 8, 7, 6, 19, 32, 31, 30, 17, 4, 3, 2, 1, 0]
[00:00:00:59:223] ! Unidirectional t-s. expansions: 35,123, time: 59,223 [ms], path length: 94 [edges], generated: 53,576
[00:00:00:00:170] Expansion 87: New longest path found with length 88: [0, 1, 2, 3, 4, 17, 30, 43, 56, 55, 54, 41, 28, 27, 26, 39, 52, 65, 78, 79, 80, 81, 82, 83, 84, 71, 58, 45, 32, 19, 6, 7, 8, 9, 10, 11, 12, 25, 38, 51, 64, 63, 50, 37, 36, 35, 34, 47, 60, 61, 48, 49, 62, 75, 74, 87, 88, 89, 90, 103, 116, 115, 114, 113, 112, 111, 110, 109, 122, 135, 134, 133, 132, 131, 130, 143, 156, 157, 158, 159, 160, 161, 162, 163, 164, 165, 166, 167, 168]
[00:00:00:00:520] Expansion 373: New longest path found with length 90: [0, 1, 2, 3, 4, 17, 30, 43, 56, 55, 54, 41, 28, 27, 26, 39, 52, 65, 78, 79, 80, 81, 82, 83, 84, 85, 86, 87, 74, 61, 48, 35, 34, 47, 60, 59, 58, 45, 32, 19, 6, 7, 8, 9, 10, 11, 12, 25, 38, 51, 64, 63, 50, 37, 36, 49, 62, 75, 88, 89, 90, 103, 116, 115, 114, 113, 112, 111, 110, 109, 122, 135, 134, 133, 132, 131, 130, 143, 156, 157, 158, 159, 160, 161, 162, 163, 164, 165, 166, 167, 168]
[00:00:00:06:032] Expansion 2,890: New longest path found with length 92: [0, 1, 2, 3, 4, 17, 30, 43, 56, 55, 54, 41, 28, 27, 26, 39, 52, 65, 78, 79, 80, 81, 82, 83, 84, 71, 58, 45, 32, 19, 6, 7, 8, 9, 10, 11, 12, 25, 38, 37, 36, 35, 34, 47, 60, 61, 48, 49, 50, 51, 64, 63, 62, 75, 74, 87, 88, 89, 90, 103, 116, 115, 114, 113, 112, 111, 110, 109, 122, 135, 134, 133, 132, 131, 130, 143, 156, 157, 158, 159, 160, 161, 162, 163, 164, 165, 152, 139, 140, 141, 142, 155, 168]
[00:00:00:06:333] Expansion 3,093: New longest path found with length 94: [0, 1, 2, 3, 4, 17, 30, 43, 56, 55, 54, 41, 28, 27, 26, 39, 52, 65, 78, 79, 80, 81, 82, 83, 84, 85, 86, 87, 74, 61, 48, 35, 34, 47, 60, 59, 58, 45, 32, 19, 6, 7, 8, 9, 10, 11, 12, 25, 38, 51, 64, 63, 50, 37, 36, 49, 62, 75, 88, 89, 90, 103, 116, 115, 114, 113, 112, 111, 110, 109, 122, 135, 134, 133, 132, 131, 130, 143, 156, 157, 158, 159, 160, 161, 162, 163, 164, 165, 152, 139, 140, 141, 142, 155, 168]
[00:00:00:14:779] Path of length 94 found: [0, 1, 2, 3, 4, 17, 30, 43, 56, 55, 54, 41, 28, 27, 26, 39, 52, 65, 78, 79, 80, 81, 82, 83, 84, 85, 86, 87, 74, 61, 48, 35, 34, 47, 60, 59, 58, 45, 32, 19, 6, 7, 8, 9, 10, 11, 12, 25, 38, 51, 64, 63, 50, 37, 36, 49, 62, 75, 88, 89, 90, 103, 116, 115, 114, 113, 112, 111, 110, 109, 122, 135, 134, 133, 132, 131, 130, 143, 156, 157, 158, 159, 160, 161, 162, 163, 164, 165, 152, 139, 140, 141, 142, 155, 168]
[00:00:00:14:780] ! Bidirectional. expansions: 7,305, time: 14,779 [ms], path length: 94 [edges], g_F: 48, g_B: 46, generated: {'F': 5,979, 'B': 5,244}, MM: 2, MMPER: 1.1052631578947367%
[00:00:00:14:780] 
---------- mazes/13x13_maze_with_blocks_and_random_removals_2 ----------
[00:00:00:00:213] Expansion 101: New longest path found with length 102: [0, 1, 2, 3, 4, 17, 30, 43, 56, 55, 54, 41, 28, 27, 26, 39, 52, 65, 78, 79, 92, 105, 106, 107, 108, 109, 110, 111, 112, 99, 86, 85, 84, 71, 58, 45, 32, 19, 6, 7, 8, 9, 10, 11, 12, 25, 38, 37, 36, 35, 34, 47, 60, 61, 48, 49, 50, 51, 64, 63, 62, 75, 74, 87, 88, 89, 90, 103, 116, 115, 114, 113, 126, 125, 138, 137, 136, 135, 134, 133, 132, 131, 130, 143, 156, 157, 158, 159, 160, 161, 162, 163, 150, 151, 164, 165, 152, 139, 140, 153, 166, 167, 168]
[00:00:00:00:222] Expansion 110: New longest path found with length 104: [0, 1, 2, 3, 4, 17, 30, 43, 56, 55, 54, 41, 28, 27, 26, 39, 52, 65, 78, 79, 92, 105, 106, 107, 108, 109, 110, 111, 112, 99, 86, 85, 84, 71, 58, 45, 32, 19, 6, 7, 8, 9, 10, 11, 12, 25, 38, 37, 36, 35, 34, 47, 60, 61, 48, 49, 50, 51, 64, 63, 62, 75, 74, 87, 88, 89, 90, 103, 116, 115, 114, 113, 126, 125, 138, 137, 136, 135, 134, 133, 132, 131, 130, 143, 156, 157, 158, 159, 160, 161, 162, 163, 150, 151, 164, 165, 166, 153, 152, 139, 140, 141, 142, 155, 168]
[00:00:05:06:036] Path of length 104 found: [0, 1, 2, 3, 4, 17, 30, 43, 56, 55, 54, 41, 28, 27, 26, 39, 52, 65, 78, 79, 92, 105, 106, 107, 108, 109, 110, 111, 112, 99, 86, 85, 84, 71, 58, 45, 32, 19, 6, 7, 8, 9, 10, 11, 12, 25, 38, 37, 36, 35, 34, 47, 60, 61, 48, 49, 50, 51, 64, 63, 62, 75, 74, 87, 88, 89, 90, 103, 116, 115, 114, 113, 126, 125, 138, 137, 136, 135, 134, 133, 132, 131, 130, 143, 156, 157, 158, 159, 160, 161, 162, 163, 150, 151, 164, 165, 166, 153, 152, 139, 140, 141, 142, 155, 168]
[00:00:05:06:037] ! Unidirectional s-t. expansions: 121,008, time: 306,036 [ms], path length: 104 [edges], generated: 217,901
[00:00:00:00:209] Expansion 95: New longest path found with length 96: [168, 155, 142, 129, 116, 103, 90, 89, 88, 75, 62, 49, 36, 37, 50, 63, 64, 51, 38, 25, 12, 11, 10, 9, 8, 7, 6, 19, 32, 31, 30, 43, 56, 57, 58, 59, 60, 47, 34, 35, 48, 61, 74, 87, 86, 99, 112, 125, 138, 137, 150, 151, 152, 139, 126, 113, 114, 127, 140, 153, 166, 165, 164, 163, 162, 161, 160, 159, 158, 157, 156, 143, 130, 131, 132, 133, 134, 135, 122, 109, 108, 107, 106, 105, 92, 79, 78, 65, 52, 53, 54, 41, 28, 27, 26, 13, 0]
[00:00:00:01:092] Expansion 584: New longest path found with length 100: [168, 155, 142, 129, 116, 103, 90, 89, 88, 75, 62, 49, 36, 37, 50, 63, 64, 51, 38, 25, 12, 11, 10, 9, 8, 7, 6, 19, 32, 45, 58, 59, 60, 47, 34, 35, 48, 61, 74, 87, 86, 99, 112, 125, 138, 137, 150, 151, 152, 139, 126, 113, 114, 127, 140, 153, 166, 165, 164, 163, 162, 161, 160, 159, 158, 157, 156, 143, 130, 131, 132, 133, 134, 135, 122, 109, 108, 107, 106, 105, 92, 79, 78, 65, 52, 39, 26, 27, 28, 41, 54, 55, 56, 43, 30, 17, 4, 3, 2, 1, 0]
[00:00:06:54:935] Valid states checked so far: 200,000, Expansions: 199,999, Global best: 101
[00:00:14:03:094] Valid states checked so far: 400,000, Expansions: 399,999, Global best: 101
[00:00:20:09:678] Expansion 584,052: New longest path found with length 102: [168, 155, 142, 129, 116, 103, 90, 89, 88, 75, 74, 61, 48, 35, 36, 49, 62, 63, 64, 51, 50, 37, 38, 25, 12, 11, 10, 9, 8, 7, 6, 19, 32, 33, 34, 47, 60, 59, 58, 71, 84, 85, 86, 99, 112, 125, 138, 137, 150, 151, 152, 139, 126, 113, 114, 127, 140, 153, 166, 165, 164, 163, 162, 161, 160, 159, 158, 157, 156, 143, 130, 131, 132, 133, 134, 135, 122, 109, 108, 107, 106, 105, 92, 79, 78, 65, 52, 39, 26, 27, 28, 41, 54, 55, 56, 43, 30, 17, 4, 3, 2, 1, 0]
[00:00:20:50:674] Valid states checked so far: 600,000, Expansions: 599,999, Global best: 103
[00:00:27:51:569] Valid states checked so far: 800,000, Expansions: 799,999, Global best: 103
[00:00:34:37:067] Valid states checked so far: 1,000,000, Expansions: 999,999, Global best: 103
[00:00:41:39:752] Valid states checked so far: 1,200,000, Expansions: 1,199,999, Global best: 103
