--------------------------
date: SM_Grids
number_of_graphs: 10
graph_type: grid
size_of_graphs: [7, 8]
heuristic: bcc_heuristic
snake: False
run_uni: True
run_bi: True
run_multi: False
solution_vertices: []
algorithms: ['DFBnB']
bsd: False
cube_first_dims: 4
cube_buffer_dim: None
backward_sym_generation: False
sym_coil: False
prefix_set: None

---------- SM_Grids/7x8_grid_with_random_blocks_16per_0 ----------
[00:00:00:00:030] Expansion 38: New longest path found with length 39: [0, 1, 2, 3, 4, 5, 13, 12, 20, 19, 18, 17, 25, 24, 32, 33, 41, 40, 48, 49, 50, 42, 43, 51, 52, 44, 36, 35, 27, 28, 29, 30, 22, 14, 15, 23, 31, 39, 47, 55]
[00:00:00:00:031] Expansion 42: New longest path found with length 43: [0, 1, 2, 3, 4, 5, 13, 12, 20, 19, 18, 17, 25, 24, 32, 33, 41, 40, 48, 49, 50, 42, 43, 51, 52, 44, 36, 35, 27, 28, 29, 30, 22, 14, 15, 23, 31, 39, 47, 46, 45, 53, 54, 55]
[00:00:00:00:618] Path of length 43 found: [0, 1, 2, 3, 4, 5, 13, 12, 20, 19, 18, 17, 25, 24, 32, 33, 41, 40, 48, 49, 50, 42, 43, 51, 52, 44, 36, 35, 27, 28, 29, 30, 22, 14, 15, 23, 31, 39, 47, 46, 45, 53, 54, 55]
[00:00:00:00:618] ! Unidirectional s-t. expansions: 885, time: 618 [ms], path length: 43 [edges], generated: 1,575
[00:00:00:00:056] Expansion 38: New longest path found with length 39: [55, 47, 39, 31, 23, 15, 14, 22, 30, 29, 28, 20, 19, 18, 26, 27, 35, 43, 44, 36, 37, 45, 46, 54, 53, 52, 51, 50, 42, 41, 49, 48, 40, 32, 24, 25, 17, 9, 1, 0]
[00:00:00:00:120] Expansion 130: New longest path found with length 43: [55, 47, 39, 31, 23, 15, 14, 22, 30, 29, 28, 27, 35, 43, 44, 36, 37, 45, 46, 54, 53, 52, 51, 50, 42, 41, 49, 48, 40, 32, 24, 25, 26, 18, 19, 20, 12, 13, 5, 4, 3, 2, 1, 0]
[00:00:00:05:318] Path of length 43 found: [55, 47, 39, 31, 23, 15, 14, 22, 30, 29, 28, 27, 35, 43, 44, 36, 37, 45, 46, 54, 53, 52, 51, 50, 42, 41, 49, 48, 40, 32, 24, 25, 26, 18, 19, 20, 12, 13, 5, 4, 3, 2, 1, 0]
[00:00:00:05:318] ! Unidirectional t-s. expansions: 6,613, time: 5,318 [ms], path length: 43 [edges], generated: 11,275
[00:00:00:00:015] Expansion 12: New longest path found with length 13: [0, 1, 2, 3, 4, 5, 13, 14, 15, 23, 31, 39, 47, 55]
[00:00:00:00:036] Expansion 42: New longest path found with length 43: [0, 1, 2, 3, 4, 5, 13, 12, 20, 19, 18, 17, 25, 24, 32, 33, 41, 40, 48, 49, 50, 51, 52, 53, 54, 46, 45, 37, 36, 44, 43, 35, 27, 28, 29, 30, 22, 14, 15, 23, 31, 39, 47, 55]
[00:00:00:01:798] Path of length 43 found: [0, 1, 2, 3, 4, 5, 13, 12, 20, 19, 18, 17, 25, 24, 32, 33, 41, 40, 48, 49, 50, 51, 52, 53, 54, 46, 45, 37, 36, 44, 43, 35, 27, 28, 29, 30, 22, 14, 15, 23, 31, 39, 47, 55]
[00:00:00:02:198] ! Bidirectional. expansions: 2,323, time: 1,798 [ms], path length: 43 [edges], g_F: 22, g_B: 21, generated: {'F': 2,087, 'B': 2,110}, MM: 1, MMPER: 1.272727272727273%
[00:00:00:02:198] 
---------- SM_Grids/7x8_grid_with_random_blocks_16per_1 ----------
[00:00:00:00:034] Expansion 32: New longest path found with length 33: [0, 1, 9, 8, 16, 17, 25, 26, 18, 10, 11, 19, 27, 35, 34, 42, 43, 51, 52, 44, 36, 28, 20, 12, 13, 14, 22, 21, 29, 37, 45, 53, 54, 55]
[00:00:00:00:037] Expansion 38: New longest path found with length 39: [0, 1, 9, 8, 16, 17, 25, 26, 18, 10, 11, 19, 27, 35, 34, 42, 43, 51, 52, 44, 36, 28, 20, 12, 13, 14, 22, 21, 29, 37, 45, 53, 54, 46, 38, 30, 31, 39, 47, 55]
[00:00:00:00:038] Path of length 39 found: [0, 1, 9, 8, 16, 17, 25, 26, 18, 10, 11, 19, 27, 35, 34, 42, 43, 51, 52, 44, 36, 28, 20, 12, 13, 14, 22, 21, 29, 37, 45, 53, 54, 46, 38, 30, 31, 39, 47, 55]
[00:00:00:00:038] ! Unidirectional s-t. expansions: 39, time: 38 [ms], path length: 39 [edges], generated: 69
[00:00:00:00:035] Expansion 36: New longest path found with length 37: [55, 47, 39, 31, 30, 22, 14, 13, 12, 11, 10, 18, 19, 27, 35, 36, 28, 20, 21, 29, 37, 38, 46, 54, 53, 45, 44, 52, 51, 43, 42, 34, 26, 25, 17, 16, 8, 0]
[00:00:00:00:036] Expansion 38: New longest path found with length 39: [55, 47, 39, 31, 30, 22, 14, 13, 12, 11, 10, 18, 19, 27, 35, 36, 28, 20, 21, 29, 37, 38, 46, 54, 53, 45, 44, 52, 51, 43, 42, 34, 26, 25, 17, 16, 8, 9, 1, 0]
[00:00:00:00:037] Path of length 39 found: [55, 47, 39, 31, 30, 22, 14, 13, 12, 11, 10, 18, 19, 27, 35, 36, 28, 20, 21, 29, 37, 38, 46, 54, 53, 45, 44, 52, 51, 43, 42, 34, 26, 25, 17, 16, 8, 9, 1, 0]
[00:00:00:00:037] ! Unidirectional t-s. expansions: 39, time: 37 [ms], path length: 39 [edges], generated: 69
[00:00:00:00:028] Expansion 24: New longest path found with length 25: [0, 1, 9, 8, 16, 17, 25, 26, 18, 10, 11, 19, 27, 28, 29, 21, 20, 12, 13, 14, 22, 30, 31, 39, 47, 55]
[00:00:00:00:030] Expansion 26: New longest path found with length 27: [0, 1, 9, 8, 16, 17, 25, 26, 18, 10, 11, 19, 27, 35, 36, 28, 29, 21, 20, 12, 13, 14, 22, 30, 31, 39, 47, 55]
[00:00:00:00:037] Expansion 38: New longest path found with length 39: [0, 1, 9, 8, 16, 17, 25, 26, 18, 10, 11, 19, 27, 35, 34, 42, 43, 51, 52, 53, 54, 46, 38, 37, 45, 44, 36, 28, 29, 21, 20, 12, 13, 14, 22, 30, 31, 39, 47, 55]
[00:00:00:00:038] Path of length 39 found: [0, 1, 9, 8, 16, 17, 25, 26, 18, 10, 11, 19, 27, 35, 34, 42, 43, 51, 52, 53, 54, 46, 38, 37, 45, 44, 36, 28, 29, 21, 20, 12, 13, 14, 22, 30, 31, 39, 47, 55]
[00:00:00:00:411] ! Bidirectional. expansions: 39, time: 38 [ms], path length: 39 [edges], g_F: 20, g_B: 19, generated: {'F': 37, 'B': 39}, MM: 1, MMPER: 1.5%
[00:00:00:00:411] 
---------- SM_Grids/7x8_grid_with_random_blocks_16per_2 ----------
[00:00:00:00:034] Expansion 42: New longest path found with length 39: [0, 8, 16, 24, 32, 40, 48, 49, 50, 51, 52, 44, 43, 35, 27, 26, 34, 33, 25, 17, 9, 1, 2, 3, 11, 12, 4, 5, 13, 21, 22, 14, 6, 7, 15, 23, 31, 39, 47, 55]
[00:00:00:00:040] Expansion 56: New longest path found with length 43: [0, 8, 16, 24, 32, 40, 48, 49, 50, 51, 52, 44, 43, 35, 27, 26, 34, 33, 25, 17, 9, 1, 2, 3, 11, 12, 4, 5, 13, 14, 6, 7, 15, 23, 22, 21, 20, 28, 29, 37, 38, 39, 47, 55]
[00:00:00:00:648] Path of length 43 found: [0, 8, 16, 24, 32, 40, 48, 49, 50, 51, 52, 44, 43, 35, 27, 26, 34, 33, 25, 17, 9, 1, 2, 3, 11, 12, 4, 5, 13, 14, 6, 7, 15, 23, 22, 21, 20, 28, 29, 37, 38, 39, 47, 55]
[00:00:00:00:648] ! Unidirectional s-t. expansions: 825, time: 648 [ms], path length: 43 [edges], generated: 1,398
[00:00:00:00:034] Expansion 40: New longest path found with length 41: [55, 47, 39, 38, 37, 29, 21, 13, 14, 22, 23, 15, 7, 6, 5, 4, 3, 11, 12, 20, 28, 27, 26, 18, 17, 25, 33, 34, 35, 43, 44, 52, 51, 50, 49, 41, 40, 32, 24, 16, 8, 0]
[00:00:00:00:035] Expansion 42: New longest path found with length 43: [55, 47, 39, 38, 37, 29, 21, 13, 14, 22, 23, 15, 7, 6, 5, 4, 3, 11, 12, 20, 28, 27, 26, 18, 17, 25, 33, 34, 35, 43, 44, 52, 51, 50, 49, 41, 40, 32, 24, 16, 8, 9, 1, 0]
[00:00:00:00:280] Path of length 43 found: [55, 47, 39, 38, 37, 29, 21, 13, 14, 22, 23, 15, 7, 6, 5, 4, 3, 11, 12, 20, 28, 27, 26, 18, 17, 25, 33, 34, 35, 43, 44, 52, 51, 50, 49, 41, 40, 32, 24, 16, 8, 9, 1, 0]
[00:00:00:00:280] ! Unidirectional t-s. expansions: 317, time: 280 [ms], path length: 43 [edges], generated: 551
[00:00:00:00:035] Expansion 40: New longest path found with length 41: [0, 8, 16, 24, 32, 40, 48, 49, 50, 51, 52, 44, 43, 35, 27, 26, 34, 33, 25, 17, 9, 1, 2, 3, 11, 12, 4, 5, 6, 7, 15, 23, 22, 14, 13, 21, 29, 37, 38, 39, 47, 55]
[00:00:00:00:222] Expansion 300: New longest path found with length 43: [0, 8, 16, 24, 32, 40, 48, 49, 50, 51, 52, 44, 43, 35, 27, 26, 34, 33, 25, 17, 9, 1, 2, 3, 11, 12, 4, 5, 6, 7, 15, 23, 22, 14, 13, 21, 20, 28, 29, 37, 38, 39, 47, 55]
[00:00:00:00:874] Path of length 43 found: [0, 8, 16, 24, 32, 40, 48, 49, 50, 51, 52, 44, 43, 35, 27, 26, 34, 33, 25, 17, 9, 1, 2, 3, 11, 12, 4, 5, 6, 7, 15, 23, 22, 14, 13, 21, 20, 28, 29, 37, 38, 39, 47, 55]
[00:00:00:01:250] ! Bidirectional. expansions: 1,066, time: 874 [ms], path length: 43 [edges], g_F: 22, g_B: 21, generated: {'F': 901, 'B': 954}, MM: 1, MMPER: 1.272727272727273%
[00:00:00:01:250] 
---------- SM_Grids/7x8_grid_with_random_blocks_16per_3 ----------
[00:00:00:00:065] Expansion 42: New longest path found with length 43: [0, 1, 9, 17, 16, 24, 32, 40, 48, 49, 41, 33, 34, 42, 50, 51, 43, 44, 52, 53, 45, 46, 38, 30, 22, 21, 29, 28, 27, 19, 18, 10, 2, 3, 11, 12, 13, 14, 15, 23, 31, 39, 47, 55]
[00:00:00:03:160] Path of length 43 found: [0, 1, 9, 17, 16, 24, 32, 40, 48, 49, 41, 33, 34, 42, 50, 51, 43, 44, 52, 53, 45, 46, 38, 30, 22, 21, 29, 28, 27, 19, 18, 10, 2, 3, 11, 12, 13, 14, 15, 23, 31, 39, 47, 55]
[00:00:00:03:161] ! Unidirectional s-t. expansions: 3,537, time: 3,160 [ms], path length: 43 [edges], generated: 6,194
[00:00:00:00:036] Expansion 42: New longest path found with length 43: [55, 47, 39, 31, 23, 15, 14, 13, 12, 4, 3, 2, 10, 11, 19, 27, 28, 20, 21, 29, 30, 38, 46, 45, 53, 52, 44, 43, 51, 50, 42, 34, 33, 41, 49, 48, 40, 32, 24, 16, 17, 9, 1, 0]
[00:00:00:03:718] Path of length 43 found: [55, 47, 39, 31, 23, 15, 14, 13, 12, 4, 3, 2, 10, 11, 19, 27, 28, 20, 21, 29, 30, 38, 46, 45, 53, 52, 44, 43, 51, 50, 42, 34, 33, 41, 49, 48, 40, 32, 24, 16, 17, 9, 1, 0]
[00:00:00:03:719] ! Unidirectional t-s. expansions: 5,047, time: 3,719 [ms], path length: 43 [edges], generated: 8,694
[00:00:00:00:037] Expansion 44: New longest path found with length 43: [0, 1, 9, 17, 16, 24, 32, 40, 48, 49, 41, 33, 34, 42, 50, 51, 43, 44, 52, 53, 45, 46, 38, 30, 29, 21, 20, 28, 27, 19, 18, 10, 2, 3, 4, 12, 13, 14, 15, 23, 31, 39, 47, 55]
[00:00:00:09:541] Path of length 43 found: [0, 1, 9, 17, 16, 24, 32, 40, 48, 49, 41, 33, 34, 42, 50, 51, 43, 44, 52, 53, 45, 46, 38, 30, 29, 21, 20, 28, 27, 19, 18, 10, 2, 3, 4, 12, 13, 14, 15, 23, 31, 39, 47, 55]
[00:00:00:09:919] ! Bidirectional. expansions: 11,808, time: 9,541 [ms], path length: 43 [edges], g_F: 22, g_B: 21, generated: {'F': 10,434, 'B': 11,547}, MM: 1, MMPER: 1.272727272727273%
[00:00:00:09:919] 
---------- SM_Grids/7x8_grid_with_random_blocks_16per_4 ----------
[00:00:00:00:038] Expansion 44: New longest path found with length 45: [0, 8, 16, 24, 32, 40, 48, 49, 41, 33, 25, 17, 9, 1, 2, 3, 11, 19, 18, 26, 34, 42, 50, 51, 43, 35, 36, 28, 20, 12, 13, 5, 6, 14, 22, 30, 31, 39, 38, 37, 45, 44, 52, 53, 54, 55]
[00:00:00:00:038] Expansion 46: New longest path found with length 47: [0, 8, 16, 24, 32, 40, 48, 49, 41, 33, 25, 17, 9, 1, 2, 3, 11, 19, 18, 26, 34, 42, 50, 51, 43, 35, 36, 28, 20, 12, 13, 5, 6, 14, 22, 30, 31, 39, 38, 37, 45, 44, 52, 53, 54, 46, 47, 55]
[00:00:00:00:040] Path of length 47 found: [0, 8, 16, 24, 32, 40, 48, 49, 41, 33, 25, 17, 9, 1, 2, 3, 11, 19, 18, 26, 34, 42, 50, 51, 43, 35, 36, 28, 20, 12, 13, 5, 6, 14, 22, 30, 31, 39, 38, 37, 45, 44, 52, 53, 54, 46, 47, 55]
[00:00:00:00:040] ! Unidirectional s-t. expansions: 47, time: 40 [ms], path length: 47 [edges], generated: 73
[00:00:00:00:016] Expansion 14: New longest path found with length 15: [55, 47, 39, 31, 30, 22, 14, 6, 5, 13, 12, 11, 3, 2, 1, 0]
[00:00:00:00:037] Expansion 46: New longest path found with length 47: [55, 47, 39, 31, 30, 22, 14, 6, 5, 13, 12, 11, 3, 2, 1, 9, 17, 25, 33, 41, 42, 34, 26, 18, 19, 20, 28, 36, 35, 43, 44, 45, 37, 38, 46, 54, 53, 52, 51, 50, 49, 48, 40, 32, 24, 16, 8, 0]
[00:00:00:00:039] Path of length 47 found: [55, 47, 39, 31, 30, 22, 14, 6, 5, 13, 12, 11, 3, 2, 1, 9, 17, 25, 33, 41, 42, 34, 26, 18, 19, 20, 28, 36, 35, 43, 44, 45, 37, 38, 46, 54, 53, 52, 51, 50, 49, 48, 40, 32, 24, 16, 8, 0]
[00:00:00:00:039] ! Unidirectional t-s. expansions: 47, time: 39 [ms], path length: 47 [edges], generated: 73
[00:00:00:00:028] Expansion 24: New longest path found with length 25: [0, 8, 16, 24, 32, 40, 48, 49, 41, 33, 25, 17, 18, 19, 11, 12, 13, 5, 6, 14, 22, 30, 31, 39, 47, 55]
[00:00:00:00:035] Expansion 34: New longest path found with length 35: [0, 8, 16, 24, 32, 40, 48, 49, 41, 33, 25, 17, 18, 26, 34, 42, 50, 51, 43, 35, 36, 28, 20, 19, 11, 12, 13, 5, 6, 14, 22, 30, 31, 39, 47, 55]
[00:00:00:00:036] Expansion 36: New longest path found with length 37: [0, 8, 16, 24, 32, 40, 48, 49, 41, 33, 25, 17, 18, 26, 34, 42, 50, 51, 52, 44, 43, 35, 36, 28, 20, 19, 11, 12, 13, 5, 6, 14, 22, 30, 31, 39, 47, 55]
[00:00:00:00:037] Expansion 38: New longest path found with length 39: [0, 8, 16, 24, 32, 40, 48, 49, 41, 33, 25, 17, 18, 26, 34, 42, 50, 51, 52, 53, 45, 44, 43, 35, 36, 28, 20, 19, 11, 12, 13, 5, 6, 14, 22, 30, 31, 39, 47, 55]
[00:00:00:00:038] Expansion 42: New longest path found with length 43: [0, 8, 16, 24, 32, 40, 48, 49, 41, 33, 25, 17, 18, 26, 34, 42, 50, 51, 52, 53, 54, 46, 38, 37, 45, 44, 43, 35, 36, 28, 20, 19, 11, 12, 13, 5, 6, 14, 22, 30, 31, 39, 47, 55]
[00:00:00:00:052] Expansion 67: New longest path found with length 47: [0, 8, 16, 24, 32, 40, 48, 49, 41, 33, 25, 17, 9, 1, 2, 3, 11, 19, 18, 26, 34, 42, 50, 51, 52, 53, 54, 46, 38, 37, 45, 44, 43, 35, 36, 28, 20, 12, 13, 5, 6, 14, 22, 30, 31, 39, 47, 55]
[00:00:00:00:053] Path of length 47 found: [0, 8, 16, 24, 32, 40, 48, 49, 41, 33, 25, 17, 9, 1, 2, 3, 11, 19, 18, 26, 34, 42, 50, 51, 52, 53, 54, 46, 38, 37, 45, 44, 43, 35, 36, 28, 20, 12, 13, 5, 6, 14, 22, 30, 31, 39, 47, 55]
[00:00:00:00:454] ! Bidirectional. expansions: 68, time: 53 [ms], path length: 47 [edges], g_F: 24, g_B: 23, generated: {'F': 61, 'B': 58}, MM: 1, MMPER: 1.0833333333333335%
[00:00:00:00:454] 
---------- SM_Grids/7x8_grid_with_random_blocks_16per_5 ----------
[00:00:00:00:038] Expansion 44: New longest path found with length 45: [0, 8, 16, 17, 9, 1, 2, 10, 18, 26, 34, 33, 32, 40, 41, 49, 50, 42, 43, 35, 27, 19, 11, 3, 4, 12, 20, 28, 29, 21, 13, 5, 6, 14, 15, 23, 31, 30, 38, 37, 45, 44, 52, 53, 54, 55]
[00:00:00:02:689] Path of length 45 found: [0, 8, 16, 17, 9, 1, 2, 10, 18, 26, 34, 33, 32, 40, 41, 49, 50, 42, 43, 35, 27, 19, 11, 3, 4, 12, 20, 28, 29, 21, 13, 5, 6, 14, 15, 23, 31, 30, 38, 37, 45, 44, 52, 53, 54, 55]
[00:00:00:02:689] ! Unidirectional s-t. expansions: 3,117, time: 2,689 [ms], path length: 45 [edges], generated: 5,229
[00:00:00:00:025] Expansion 22: New longest path found with length 23: [55, 54, 53, 52, 44, 45, 37, 29, 30, 38, 39, 31, 23, 15, 7, 6, 14, 13, 5, 4, 3, 2, 1, 0]
[00:00:00:00:038] Expansion 44: New longest path found with length 45: [55, 54, 53, 52, 44, 45, 37, 29, 30, 38, 39, 31, 23, 15, 7, 6, 14, 13, 5, 4, 3, 2, 1, 9, 10, 11, 12, 20, 28, 27, 35, 43, 42, 50, 49, 41, 40, 32, 33, 34, 26, 18, 17, 16, 8, 0]
[00:00:00:00:531] Path of length 45 found: [55, 54, 53, 52, 44, 45, 37, 29, 30, 38, 39, 31, 23, 15, 7, 6, 14, 13, 5, 4, 3, 2, 1, 9, 10, 11, 12, 20, 28, 27, 35, 43, 42, 50, 49, 41, 40, 32, 33, 34, 26, 18, 17, 16, 8, 0]
[00:00:00:00:532] ! Unidirectional t-s. expansions: 633, time: 531 [ms], path length: 45 [edges], generated: 1,136
[00:00:00:00:038] Expansion 44: New longest path found with length 45: [0, 8, 16, 17, 9, 1, 2, 10, 18, 26, 34, 33, 32, 40, 41, 49, 50, 42, 43, 35, 27, 28, 20, 19, 11, 3, 4, 5, 13, 14, 6, 7, 15, 23, 31, 39, 38, 30, 29, 37, 45, 44, 52, 53, 54, 55]
[00:00:00:01:880] Path of length 45 found: [0, 8, 16, 17, 9, 1, 2, 10, 18, 26, 34, 33, 32, 40, 41, 49, 50, 42, 43, 35, 27, 28, 20, 19, 11, 3, 4, 5, 13, 14, 6, 7, 15, 23, 31, 39, 38, 30, 29, 37, 45, 44, 52, 53, 54, 55]
[00:00:00:02:258] ! Bidirectional. expansions: 2,322, time: 1,880 [ms], path length: 45 [edges], g_F: 23, g_B: 22, generated: {'F': 1,972, 'B': 2,010}, MM: 1, MMPER: 1.1739130434782608%
[00:00:00:02:258] 
---------- SM_Grids/7x8_grid_with_random_blocks_16per_6 ----------
[00:00:00:00:065] Expansion 44: New longest path found with length 45: [0, 1, 9, 17, 16, 24, 32, 33, 25, 26, 34, 35, 27, 19, 18, 10, 2, 3, 11, 12, 4, 5, 13, 14, 6, 7, 15, 23, 31, 30, 29, 21, 20, 28, 36, 44, 43, 51, 52, 53, 45, 37, 38, 46, 54, 55]
[00:00:00:00:066] Path of length 45 found: [0, 1, 9, 17, 16, 24, 32, 33, 25, 26, 34, 35, 27, 19, 18, 10, 2, 3, 11, 12, 4, 5, 13, 14, 6, 7, 15, 23, 31, 30, 29, 21, 20, 28, 36, 44, 43, 51, 52, 53, 45, 37, 38, 46, 54, 55]
[00:00:00:00:067] ! Unidirectional s-t. expansions: 45, time: 66 [ms], path length: 45 [edges], generated: 75
[00:00:00:00:038] Expansion 42: New longest path found with length 43: [55, 54, 46, 38, 30, 31, 23, 15, 7, 6, 14, 13, 5, 4, 3, 2, 10, 18, 26, 27, 19, 11, 12, 20, 21, 29, 28, 36, 37, 45, 53, 52, 44, 43, 35, 34, 33, 32, 24, 16, 17, 9, 1, 0]
[00:00:00:00:135] Expansion 210: New longest path found with length 45: [55, 54, 46, 38, 30, 31, 23, 15, 7, 6, 14, 13, 5, 4, 3, 2, 10, 18, 19, 11, 12, 20, 21, 29, 37, 45, 53, 52, 51, 43, 44, 36, 28, 27, 35, 34, 26, 25, 33, 32, 24, 16, 17, 9, 1, 0]
[00:00:00:00:137] Path of length 45 found: [55, 54, 46, 38, 30, 31, 23, 15, 7, 6, 14, 13, 5, 4, 3, 2, 10, 18, 19, 11, 12, 20, 21, 29, 37, 45, 53, 52, 51, 43, 44, 36, 28, 27, 35, 34, 26, 25, 33, 32, 24, 16, 17, 9, 1, 0]
[00:00:00:00:137] ! Unidirectional t-s. expansions: 211, time: 137 [ms], path length: 45 [edges], generated: 355
[00:00:00:00:039] Expansion 44: New longest path found with length 45: [0, 1, 9, 17, 16, 24, 32, 33, 25, 26, 34, 35, 27, 28, 36, 44, 43, 51, 52, 53, 45, 37, 29, 21, 20, 12, 11, 19, 18, 10, 2, 3, 4, 5, 13, 14, 6, 7, 15, 23, 31, 30, 38, 46, 54, 55]
[00:00:00:00:040] Path of length 45 found: [0, 1, 9, 17, 16, 24, 32, 33, 25, 26, 34, 35, 27, 28, 36, 44, 43, 51, 52, 53, 45, 37, 29, 21, 20, 12, 11, 19, 18, 10, 2, 3, 4, 5, 13, 14, 6, 7, 15, 23, 31, 30, 38, 46, 54, 55]
[00:00:00:00:409] ! Bidirectional. expansions: 45, time: 40 [ms], path length: 45 [edges], g_F: 23, g_B: 22, generated: {'F': 45, 'B': 40}, MM: 1, MMPER: 1.1739130434782608%
[00:00:00:00:410] 
---------- SM_Grids/7x8_grid_with_random_blocks_16per_7 ----------
[00:00:00:00:036] Expansion 44: New longest path found with length 45: [0, 1, 9, 8, 16, 17, 25, 24, 32, 40, 48, 49, 41, 33, 34, 42, 50, 51, 43, 44, 52, 53, 45, 37, 36, 28, 27, 19, 11, 3, 4, 12, 20, 21, 13, 14, 6, 7, 15, 23, 22, 30, 38, 39, 47, 55]
[00:00:00:00:037] Expansion 46: New longest path found with length 47: [0, 1, 9, 8, 16, 17, 25, 24, 32, 40, 48, 49, 41, 33, 34, 42, 50, 51, 43, 44, 52, 53, 45, 37, 36, 28, 27, 19, 11, 3, 4, 12, 20, 21, 13, 14, 6, 7, 15, 23, 22, 30, 38, 39, 47, 46, 54, 55]
[00:00:00:00:039] Path of length 47 found: [0, 1, 9, 8, 16, 17, 25, 24, 32, 40, 48, 49, 41, 33, 34, 42, 50, 51, 43, 44, 52, 53, 45, 37, 36, 28, 27, 19, 11, 3, 4, 12, 20, 21, 13, 14, 6, 7, 15, 23, 22, 30, 38, 39, 47, 46, 54, 55]
[00:00:00:00:039] ! Unidirectional s-t. expansions: 47, time: 39 [ms], path length: 47 [edges], generated: 71
[00:00:00:00:036] Expansion 44: New longest path found with length 45: [55, 47, 39, 38, 30, 22, 23, 15, 7, 6, 14, 13, 21, 20, 12, 4, 3, 11, 19, 27, 28, 36, 37, 45, 46, 54, 53, 52, 44, 43, 51, 50, 42, 34, 33, 41, 49, 48, 40, 32, 24, 25, 17, 16, 8, 0]
[00:00:00:00:037] Expansion 46: New longest path found with length 47: [55, 47, 39, 38, 30, 22, 23, 15, 7, 6, 14, 13, 21, 20, 12, 4, 3, 11, 19, 27, 28, 36, 37, 45, 46, 54, 53, 52, 44, 43, 51, 50, 42, 34, 33, 41, 49, 48, 40, 32, 24, 25, 17, 16, 8, 9, 1, 0]
[00:00:00:00:038] Path of length 47 found: [55, 47, 39, 38, 30, 22, 23, 15, 7, 6, 14, 13, 21, 20, 12, 4, 3, 11, 19, 27, 28, 36, 37, 45, 46, 54, 53, 52, 44, 43, 51, 50, 42, 34, 33, 41, 49, 48, 40, 32, 24, 25, 17, 16, 8, 9, 1, 0]
[00:00:00:00:038] ! Unidirectional t-s. expansions: 47, time: 38 [ms], path length: 47 [edges], generated: 71
[00:00:00:00:037] Expansion 46: New longest path found with length 47: [0, 1, 9, 8, 16, 17, 25, 24, 32, 40, 48, 49, 41, 33, 34, 42, 50, 51, 43, 44, 52, 53, 54, 46, 45, 37, 36, 28, 27, 19, 11, 3, 4, 12, 20, 21, 13, 14, 6, 7, 15, 23, 22, 30, 38, 39, 47, 55]
[00:00:00:00:038] Path of length 47 found: [0, 1, 9, 8, 16, 17, 25, 24, 32, 40, 48, 49, 41, 33, 34, 42, 50, 51, 43, 44, 52, 53, 54, 46, 45, 37, 36, 28, 27, 19, 11, 3, 4, 12, 20, 21, 13, 14, 6, 7, 15, 23, 22, 30, 38, 39, 47, 55]
[00:00:00:00:413] ! Bidirectional. expansions: 47, time: 38 [ms], path length: 47 [edges], g_F: 24, g_B: 23, generated: {'F': 40, 'B': 35}, MM: 1, MMPER: 1.0833333333333335%
[00:00:00:00:414] 
---------- SM_Grids/7x8_grid_with_random_blocks_16per_8 ----------
[00:00:00:00:036] Expansion 40: New longest path found with length 41: [0, 8, 16, 17, 9, 10, 2, 3, 4, 12, 20, 19, 18, 26, 25, 33, 32, 40, 41, 42, 50, 51, 43, 35, 36, 28, 29, 21, 13, 5, 6, 7, 15, 23, 31, 30, 38, 37, 45, 53, 54, 55]
[00:00:00:00:037] Expansion 42: New longest path found with length 43: [0, 8, 16, 17, 9, 10, 2, 3, 4, 12, 20, 19, 18, 26, 25, 33, 32, 40, 41, 42, 50, 51, 43, 35, 36, 28, 29, 21, 13, 5, 6, 7, 15, 23, 31, 30, 38, 37, 45, 53, 54, 46, 47, 55]
[00:00:00:02:390] Path of length 43 found: [0, 8, 16, 17, 9, 10, 2, 3, 4, 12, 20, 19, 18, 26, 25, 33, 32, 40, 41, 42, 50, 51, 43, 35, 36, 28, 29, 21, 13, 5, 6, 7, 15, 23, 31, 30, 38, 37, 45, 53, 54, 46, 47, 55]
[00:00:00:02:391] ! Unidirectional s-t. expansions: 3,015, time: 2,390 [ms], path length: 43 [edges], generated: 5,283
[00:00:00:00:036] Expansion 42: New longest path found with length 43: [55, 47, 39, 31, 23, 15, 7, 6, 5, 4, 3, 2, 10, 18, 19, 20, 12, 13, 21, 29, 28, 36, 37, 38, 46, 54, 53, 45, 44, 43, 51, 50, 42, 41, 40, 32, 33, 34, 26, 25, 17, 9, 8, 0]
[00:00:00:04:811] Path of length 43 found: [55, 47, 39, 31, 23, 15, 7, 6, 5, 4, 3, 2, 10, 18, 19, 20, 12, 13, 21, 29, 28, 36, 37, 38, 46, 54, 53, 45, 44, 43, 51, 50, 42, 41, 40, 32, 33, 34, 26, 25, 17, 9, 8, 0]
[00:00:00:04:811] ! Unidirectional t-s. expansions: 6,330, time: 4,811 [ms], path length: 43 [edges], generated: 10,364
[00:00:00:00:018] Expansion 16: New longest path found with length 17: [0, 8, 16, 17, 9, 10, 2, 3, 4, 5, 6, 7, 15, 23, 31, 39, 47, 55]
[00:00:00:00:020] Expansion 18: New longest path found with length 19: [0, 8, 16, 17, 9, 10, 2, 3, 4, 12, 13, 5, 6, 7, 15, 23, 31, 39, 47, 55]
[00:00:00:00:022] Expansion 20: New longest path found with length 21: [0, 8, 16, 17, 9, 10, 2, 3, 4, 12, 20, 21, 13, 5, 6, 7, 15, 23, 31, 39, 47, 55]
[00:00:00:00:036] Expansion 42: New longest path found with length 43: [0, 8, 16, 17, 9, 10, 2, 3, 4, 12, 20, 19, 18, 26, 25, 33, 32, 40, 41, 42, 34, 35, 43, 44, 45, 53, 54, 46, 38, 37, 36, 28, 29, 21, 13, 5, 6, 7, 15, 23, 31, 39, 47, 55]
[00:00:00:05:400] Path of length 43 found: [0, 8, 16, 17, 9, 10, 2, 3, 4, 12, 20, 19, 18, 26, 25, 33, 32, 40, 41, 42, 34, 35, 43, 44, 45, 53, 54, 46, 38, 37, 36, 28, 29, 21, 13, 5, 6, 7, 15, 23, 31, 39, 47, 55]
[00:00:00:05:799] ! Bidirectional. expansions: 7,446, time: 5,400 [ms], path length: 43 [edges], g_F: 22, g_B: 21, generated: {'F': 6,486, 'B': 6,568}, MM: 1, MMPER: 1.272727272727273%
[00:00:00:05:799] 
---------- SM_Grids/7x8_grid_with_random_blocks_16per_9 ----------
[00:00:00:00:036] Expansion 42: New longest path found with length 43: [0, 8, 16, 24, 25, 17, 9, 1, 2, 10, 18, 26, 34, 42, 41, 49, 50, 51, 52, 44, 43, 35, 27, 19, 20, 12, 4, 5, 13, 14, 6, 7, 15, 23, 22, 30, 31, 39, 38, 37, 45, 46, 54, 55]
[00:00:00:00:074] Expansion 99: New longest path found with length 45: [0, 8, 16, 24, 25, 17, 9, 1, 2, 10, 18, 19, 20, 28, 27, 26, 34, 35, 43, 42, 41, 49, 50, 51, 52, 44, 45, 37, 38, 30, 22, 14, 13, 12, 4, 5, 6, 7, 15, 23, 31, 39, 47, 46, 54, 55]
[00:00:00:00:275] Path of length 45 found: [0, 8, 16, 24, 25, 17, 9, 1, 2, 10, 18, 19, 20, 28, 27, 26, 34, 35, 43, 42, 41, 49, 50, 51, 52, 44, 45, 37, 38, 30, 22, 14, 13, 12, 4, 5, 6, 7, 15, 23, 31, 39, 47, 46, 54, 55]
[00:00:00:00:275] ! Unidirectional s-t. expansions: 295, time: 275 [ms], path length: 45 [edges], generated: 490
[00:00:00:00:018] Expansion 14: New longest path found with length 15: [55, 54, 46, 47, 39, 31, 23, 15, 7, 6, 5, 4, 3, 2, 1, 0]
[00:00:00:00:037] Expansion 44: New longest path found with length 45: [55, 54, 46, 47, 39, 31, 23, 15, 7, 6, 5, 4, 3, 2, 1, 9, 10, 18, 19, 27, 28, 20, 12, 13, 14, 22, 30, 38, 37, 45, 44, 52, 51, 50, 49, 41, 42, 43, 35, 34, 26, 25, 17, 16, 8, 0]
[00:00:00:00:273] Path of length 45 found: [55, 54, 46, 47, 39, 31, 23, 15, 7, 6, 5, 4, 3, 2, 1, 9, 10, 18, 19, 27, 28, 20, 12, 13, 14, 22, 30, 38, 37, 45, 44, 52, 51, 50, 49, 41, 42, 43, 35, 34, 26, 25, 17, 16, 8, 0]
[00:00:00:00:273] ! Unidirectional t-s. expansions: 380, time: 273 [ms], path length: 45 [edges], generated: 599
[00:00:00:00:034] Expansion 38: New longest path found with length 39: [0, 8, 16, 24, 25, 17, 9, 1, 2, 10, 18, 26, 34, 42, 41, 49, 50, 51, 43, 44, 45, 37, 38, 30, 22, 14, 13, 12, 4, 5, 6, 7, 15, 23, 31, 39, 47, 46, 54, 55]
[00:00:00:00:042] Expansion 55: New longest path found with length 41: [0, 8, 16, 24, 25, 17, 9, 1, 2, 10, 18, 26, 34, 35, 43, 42, 41, 49, 50, 51, 52, 44, 45, 37, 38, 30, 22, 14, 13, 12, 4, 5, 6, 7, 15, 23, 31, 39, 47, 46, 54, 55]
[00:00:00:00:064] Expansion 96: New longest path found with length 43: [0, 8, 16, 24, 25, 17, 9, 1, 2, 10, 18, 19, 27, 26, 34, 35, 43, 42, 41, 49, 50, 51, 52, 44, 45, 37, 38, 30, 22, 14, 13, 12, 4, 5, 6, 7, 15, 23, 31, 39, 47, 46, 54, 55]
[00:00:00:00:075] Expansion 118: New longest path found with length 45: [0, 8, 16, 24, 25, 17, 9, 1, 2, 10, 18, 19, 20, 28, 27, 26, 34, 35, 43, 42, 41, 49, 50, 51, 52, 44, 45, 37, 38, 30, 22, 14, 13, 12, 4, 5, 6, 7, 15, 23, 31, 39, 47, 46, 54, 55]
[00:00:00:00:464] Path of length 45 found: [0, 8, 16, 24, 25, 17, 9, 1, 2, 10, 18, 19, 20, 28, 27, 26, 34, 35, 43, 42, 41, 49, 50, 51, 52, 44, 45, 37, 38, 30, 22, 14, 13, 12, 4, 5, 6, 7, 15, 23, 31, 39, 47, 46, 54, 55]
[00:00:00:00:840] ! Bidirectional. expansions: 611, time: 464 [ms], path length: 45 [edges], g_F: 23, g_B: 22, generated: {'F': 521, 'B': 467}, MM: 1, MMPER: 1.1739130434782608%
[00:00:00:00:840] average expansions: (1,185, 1,966, 2,578, 0)
[00:00:00:00:840] average time: (996, 1,518, 2,013, 0)
[00:00:00:00:840] X-DFBnB: 1,185 , 996 (expansions , time[ms])
[00:00:00:00:840] BiX-DFBnB: 2,578 , 2,013 (expansions , time[ms])

