--------------------------
date: SM_Grids
number_of_graphs: 10
graph_type: grid
size_of_graphs: [7, 7]
heuristic: bcc_heuristic
snake: False
run_uni: True
run_bi: True
run_multi: False
solution_vertices: []
algorithms: ['DFBnB']
bsd: False
cube_first_dims: 4
cube_buffer_dim: None
backward_sym_generation: False
sym_coil: False
prefix_set: None

---------- SM_Grids/7x7_grid_with_random_blocks_16per_0 ----------
[00:00:00:00:021] Expansion 25: New longest path found with length 26: [0, 1, 8, 7, 14, 21, 22, 29, 28, 35, 42, 43, 36, 37, 30, 31, 24, 17, 18, 25, 32, 39, 38, 45, 46, 47, 48]
[00:00:00:00:024] Expansion 33: New longest path found with length 34: [0, 1, 8, 7, 14, 21, 22, 29, 28, 35, 42, 43, 36, 37, 30, 31, 24, 17, 18, 25, 32, 39, 38, 45, 46, 47, 40, 33, 26, 19, 20, 27, 34, 41, 48]
[00:00:00:00:025] Path of length 34 found: [0, 1, 8, 7, 14, 21, 22, 29, 28, 35, 42, 43, 36, 37, 30, 31, 24, 17, 18, 25, 32, 39, 38, 45, 46, 47, 40, 33, 26, 19, 20, 27, 34, 41, 48]
[00:00:00:00:025] ! Unidirectional s-t. expansions: 34, time: 25 [ms], path length: 34 [edges], generated: 59
[00:00:00:00:021] Expansion 31: New longest path found with length 32: [48, 41, 34, 27, 20, 19, 18, 17, 24, 31, 30, 29, 36, 37, 38, 39, 32, 25, 26, 33, 40, 47, 46, 45, 44, 43, 42, 35, 28, 21, 14, 7, 0]
[00:00:00:00:022] Expansion 33: New longest path found with length 34: [48, 41, 34, 27, 20, 19, 18, 17, 24, 31, 30, 29, 36, 37, 38, 39, 32, 25, 26, 33, 40, 47, 46, 45, 44, 43, 42, 35, 28, 21, 14, 7, 8, 1, 0]
[00:00:00:00:996] Path of length 34 found: [48, 41, 34, 27, 20, 19, 18, 17, 24, 31, 30, 29, 36, 37, 38, 39, 32, 25, 26, 33, 40, 47, 46, 45, 44, 43, 42, 35, 28, 21, 14, 7, 8, 1, 0]
[00:00:00:00:997] ! Unidirectional t-s. expansions: 1,530, time: 996 [ms], path length: 34 [edges], generated: 2,632
[00:00:00:00:020] Expansion 23: New longest path found with length 24: [0, 1, 8, 7, 14, 21, 22, 29, 28, 35, 42, 43, 44, 37, 30, 31, 24, 17, 18, 19, 20, 27, 34, 41, 48]
[00:00:00:00:021] Expansion 25: New longest path found with length 26: [0, 1, 8, 7, 14, 21, 22, 29, 28, 35, 42, 43, 44, 45, 38, 37, 30, 31, 24, 17, 18, 19, 20, 27, 34, 41, 48]
[00:00:00:00:023] Expansion 27: New longest path found with length 28: [0, 1, 8, 7, 14, 21, 22, 29, 28, 35, 42, 43, 44, 45, 46, 39, 38, 37, 30, 31, 24, 17, 18, 19, 20, 27, 34, 41, 48]
[00:00:00:00:025] Expansion 33: New longest path found with length 34: [0, 1, 8, 7, 14, 21, 22, 29, 28, 35, 42, 43, 44, 45, 46, 47, 40, 33, 26, 25, 32, 39, 38, 37, 30, 31, 24, 17, 18, 19, 20, 27, 34, 41, 48]
[00:00:00:00:302] Path of length 34 found: [0, 1, 8, 7, 14, 21, 22, 29, 28, 35, 42, 43, 44, 45, 46, 47, 40, 33, 26, 25, 32, 39, 38, 37, 30, 31, 24, 17, 18, 19, 20, 27, 34, 41, 48]
[00:00:00:00:668] ! Bidirectional. expansions: 424, time: 302 [ms], path length: 34 [edges], g_F: 18, g_B: 16, generated: {'F': 394, 'B': 385}, MM: 2, MMPER: 4.714285714285714%
[00:00:00:00:669] 
---------- SM_Grids/7x7_grid_with_random_blocks_16per_1 ----------
[00:00:00:00:027] Expansion 33: New longest path found with length 34: [0, 1, 2, 9, 10, 3, 4, 5, 12, 11, 18, 19, 20, 27, 26, 25, 24, 31, 32, 39, 38, 37, 30, 29, 22, 21, 28, 35, 42, 43, 44, 45, 46, 47, 48]
[00:00:00:00:027] Expansion 35: New longest path found with length 36: [0, 1, 2, 9, 10, 3, 4, 5, 12, 11, 18, 19, 20, 27, 26, 25, 24, 31, 32, 39, 38, 37, 30, 29, 22, 21, 28, 35, 42, 43, 44, 45, 46, 47, 40, 41, 48]
[00:00:00:00:136] Expansion 177: New longest path found with length 38: [0, 1, 2, 3, 4, 5, 12, 13, 20, 27, 26, 19, 18, 11, 10, 9, 16, 15, 22, 21, 28, 35, 42, 43, 36, 29, 30, 37, 44, 45, 38, 31, 24, 25, 32, 39, 46, 47, 48]
[00:00:00:00:136] Expansion 179: New longest path found with length 40: [0, 1, 2, 3, 4, 5, 12, 13, 20, 27, 26, 19, 18, 11, 10, 9, 16, 15, 22, 21, 28, 35, 42, 43, 36, 29, 30, 37, 44, 45, 38, 31, 24, 25, 32, 39, 46, 47, 40, 41, 48]
[00:00:00:00:137] Path of length 40 found: [0, 1, 2, 3, 4, 5, 12, 13, 20, 27, 26, 19, 18, 11, 10, 9, 16, 15, 22, 21, 28, 35, 42, 43, 36, 29, 30, 37, 44, 45, 38, 31, 24, 25, 32, 39, 46, 47, 40, 41, 48]
[00:00:00:00:138] ! Unidirectional s-t. expansions: 180, time: 137 [ms], path length: 40 [edges], generated: 307
[00:00:00:00:028] Expansion 39: New longest path found with length 40: [48, 41, 40, 47, 46, 39, 32, 25, 24, 31, 30, 29, 36, 37, 38, 45, 44, 43, 42, 35, 28, 21, 22, 15, 16, 9, 10, 11, 18, 19, 26, 27, 20, 13, 12, 5, 4, 3, 2, 1, 0]
[00:00:00:00:029] Path of length 40 found: [48, 41, 40, 47, 46, 39, 32, 25, 24, 31, 30, 29, 36, 37, 38, 45, 44, 43, 42, 35, 28, 21, 22, 15, 16, 9, 10, 11, 18, 19, 26, 27, 20, 13, 12, 5, 4, 3, 2, 1, 0]
[00:00:00:00:029] ! Unidirectional t-s. expansions: 40, time: 29 [ms], path length: 40 [edges], generated: 60
[00:00:00:00:027] Expansion 35: New longest path found with length 36: [0, 1, 2, 9, 10, 3, 4, 5, 12, 11, 18, 19, 20, 27, 26, 25, 24, 31, 30, 29, 22, 21, 28, 35, 42, 43, 36, 37, 44, 45, 38, 39, 46, 47, 40, 41, 48]
[00:00:00:00:362] Expansion 489: New longest path found with length 40: [0, 1, 2, 3, 4, 5, 12, 13, 20, 27, 26, 19, 18, 11, 10, 9, 16, 15, 22, 21, 28, 35, 42, 43, 44, 45, 38, 37, 36, 29, 30, 31, 24, 25, 32, 39, 46, 47, 40, 41, 48]
[00:00:00:00:364] Path of length 40 found: [0, 1, 2, 3, 4, 5, 12, 13, 20, 27, 26, 19, 18, 11, 10, 9, 16, 15, 22, 21, 28, 35, 42, 43, 44, 45, 38, 37, 36, 29, 30, 31, 24, 25, 32, 39, 46, 47, 40, 41, 48]
[00:00:00:00:703] ! Bidirectional. expansions: 490, time: 364 [ms], path length: 40 [edges], g_F: 21, g_B: 19, generated: {'F': 401, 'B': 423}, MM: 2, MMPER: 3.8780487804878048%
[00:00:00:00:704] 
---------- SM_Grids/7x7_grid_with_random_blocks_16per_2 ----------
[00:00:00:00:030] Expansion 35: New longest path found with length 36: [0, 7, 8, 1, 2, 9, 16, 23, 22, 29, 28, 35, 36, 43, 44, 37, 30, 31, 32, 25, 18, 17, 10, 3, 4, 5, 6, 13, 12, 19, 26, 27, 34, 33, 40, 47, 48]
[00:00:00:00:049] Expansion 69: New longest path found with length 38: [0, 7, 8, 1, 2, 9, 16, 23, 22, 29, 28, 35, 36, 43, 44, 45, 38, 37, 30, 31, 32, 25, 18, 17, 10, 3, 4, 5, 6, 13, 12, 19, 26, 27, 34, 33, 40, 47, 48]
[00:00:00:00:465] Path of length 38 found: [0, 7, 8, 1, 2, 9, 16, 23, 22, 29, 28, 35, 36, 43, 44, 45, 38, 37, 30, 31, 32, 25, 18, 17, 10, 3, 4, 5, 6, 13, 12, 19, 26, 27, 34, 33, 40, 47, 48]
[00:00:00:00:465] ! Unidirectional s-t. expansions: 583, time: 465 [ms], path length: 38 [edges], generated: 966
[00:00:00:00:029] Expansion 35: New longest path found with length 36: [48, 47, 40, 33, 34, 27, 26, 19, 12, 13, 6, 5, 4, 3, 10, 11, 18, 25, 32, 31, 30, 37, 38, 45, 44, 43, 36, 35, 28, 29, 22, 23, 16, 9, 2, 1, 0]
[00:00:00:00:030] Expansion 37: New longest path found with length 38: [48, 47, 40, 33, 34, 27, 26, 19, 12, 13, 6, 5, 4, 3, 10, 11, 18, 25, 32, 31, 30, 37, 38, 45, 44, 43, 36, 35, 28, 29, 22, 23, 16, 9, 2, 1, 8, 7, 0]
[00:00:00:00:201] Path of length 38 found: [48, 47, 40, 33, 34, 27, 26, 19, 12, 13, 6, 5, 4, 3, 10, 11, 18, 25, 32, 31, 30, 37, 38, 45, 44, 43, 36, 35, 28, 29, 22, 23, 16, 9, 2, 1, 8, 7, 0]
[00:00:00:00:202] ! Unidirectional t-s. expansions: 275, time: 201 [ms], path length: 38 [edges], generated: 450
[00:00:00:00:029] Expansion 37: New longest path found with length 38: [0, 7, 8, 1, 2, 9, 16, 23, 22, 29, 28, 35, 36, 43, 44, 45, 38, 37, 30, 31, 32, 25, 18, 17, 10, 3, 4, 5, 6, 13, 12, 19, 26, 27, 34, 33, 40, 47, 48]
[00:00:00:00:278] Path of length 38 found: [0, 7, 8, 1, 2, 9, 16, 23, 22, 29, 28, 35, 36, 43, 44, 45, 38, 37, 30, 31, 32, 25, 18, 17, 10, 3, 4, 5, 6, 13, 12, 19, 26, 27, 34, 33, 40, 47, 48]
[00:00:00:00:623] ! Bidirectional. expansions: 388, time: 278 [ms], path length: 38 [edges], g_F: 20, g_B: 18, generated: {'F': 325, 'B': 318}, MM: 2, MMPER: 4.128205128205129%
[00:00:00:00:623] 
---------- SM_Grids/7x7_grid_with_random_blocks_16per_3 ----------
[00:00:00:00:071] Expansion 37: New longest path found with length 38: [0, 7, 14, 21, 28, 35, 42, 43, 36, 37, 30, 29, 22, 15, 8, 1, 2, 3, 4, 11, 12, 19, 18, 17, 16, 23, 24, 31, 32, 25, 26, 27, 34, 33, 40, 39, 46, 47, 48]
[00:00:00:00:356] Path of length 38 found: [0, 7, 14, 21, 28, 35, 42, 43, 36, 37, 30, 29, 22, 15, 8, 1, 2, 3, 4, 11, 12, 19, 18, 17, 16, 23, 24, 31, 32, 25, 26, 27, 34, 33, 40, 39, 46, 47, 48]
[00:00:00:00:356] ! Unidirectional s-t. expansions: 424, time: 356 [ms], path length: 38 [edges], generated: 696
[00:00:00:00:019] Expansion 19: New longest path found with length 20: [48, 41, 34, 27, 26, 33, 40, 47, 46, 39, 32, 25, 18, 19, 12, 11, 4, 3, 2, 1, 0]
[00:00:00:00:028] Expansion 37: New longest path found with length 38: [48, 41, 34, 27, 26, 33, 40, 47, 46, 39, 32, 25, 18, 19, 12, 11, 4, 3, 2, 1, 8, 15, 22, 23, 16, 17, 24, 31, 30, 37, 36, 43, 42, 35, 28, 21, 14, 7, 0]
[00:00:00:00:225] Path of length 38 found: [48, 41, 34, 27, 26, 33, 40, 47, 46, 39, 32, 25, 18, 19, 12, 11, 4, 3, 2, 1, 8, 15, 22, 23, 16, 17, 24, 31, 30, 37, 36, 43, 42, 35, 28, 21, 14, 7, 0]
[00:00:00:00:225] ! Unidirectional t-s. expansions: 292, time: 225 [ms], path length: 38 [edges], generated: 508
[00:00:00:00:029] Expansion 37: New longest path found with length 38: [0, 7, 14, 21, 28, 35, 42, 43, 36, 37, 30, 29, 22, 15, 8, 1, 2, 3, 4, 11, 12, 19, 18, 17, 16, 23, 24, 31, 32, 39, 46, 47, 40, 33, 26, 27, 34, 41, 48]
[00:00:00:00:509] Path of length 38 found: [0, 7, 14, 21, 28, 35, 42, 43, 36, 37, 30, 29, 22, 15, 8, 1, 2, 3, 4, 11, 12, 19, 18, 17, 16, 23, 24, 31, 32, 39, 46, 47, 40, 33, 26, 27, 34, 41, 48]
[00:00:00:00:857] ! Bidirectional. expansions: 713, time: 509 [ms], path length: 38 [edges], g_F: 20, g_B: 18, generated: {'F': 623, 'B': 693}, MM: 2, MMPER: 4.128205128205129%
[00:00:00:00:858] 
---------- SM_Grids/7x7_grid_with_random_blocks_16per_4 ----------
[00:00:00:00:028] Expansion 33: New longest path found with length 34: [0, 7, 14, 21, 28, 35, 42, 43, 36, 29, 22, 23, 16, 9, 8, 1, 2, 3, 10, 11, 18, 25, 26, 19, 12, 5, 6, 13, 20, 27, 34, 33, 40, 47, 48]
[00:00:00:00:077] Expansion 116: New longest path found with length 38: [0, 7, 14, 21, 28, 35, 42, 43, 44, 45, 38, 31, 30, 29, 22, 23, 16, 9, 8, 1, 2, 3, 10, 11, 18, 25, 26, 19, 12, 5, 6, 13, 20, 27, 34, 33, 40, 47, 48]
[00:00:00:00:470] Path of length 38 found: [0, 7, 14, 21, 28, 35, 42, 43, 44, 45, 38, 31, 30, 29, 22, 23, 16, 9, 8, 1, 2, 3, 10, 11, 18, 25, 26, 19, 12, 5, 6, 13, 20, 27, 34, 33, 40, 47, 48]
[00:00:00:00:471] ! Unidirectional s-t. expansions: 690, time: 470 [ms], path length: 38 [edges], generated: 1,048
[00:00:00:00:025] Expansion 31: New longest path found with length 32: [48, 41, 34, 27, 20, 13, 6, 5, 12, 11, 18, 25, 26, 33, 40, 47, 46, 45, 38, 31, 30, 23, 22, 29, 36, 43, 42, 35, 28, 21, 14, 7, 0]
[00:00:00:00:027] Expansion 37: New longest path found with length 38: [48, 41, 34, 27, 20, 13, 6, 5, 12, 11, 18, 25, 26, 33, 40, 47, 46, 45, 38, 31, 30, 23, 22, 29, 36, 43, 42, 35, 28, 21, 14, 7, 8, 9, 10, 3, 2, 1, 0]
[00:00:00:00:372] Path of length 38 found: [48, 41, 34, 27, 20, 13, 6, 5, 12, 11, 18, 25, 26, 33, 40, 47, 46, 45, 38, 31, 30, 23, 22, 29, 36, 43, 42, 35, 28, 21, 14, 7, 8, 9, 10, 3, 2, 1, 0]
[00:00:00:00:373] ! Unidirectional t-s. expansions: 560, time: 372 [ms], path length: 38 [edges], generated: 878
[00:00:00:00:026] Expansion 33: New longest path found with length 32: [0, 7, 14, 21, 28, 35, 42, 43, 36, 29, 22, 23, 30, 31, 38, 45, 46, 47, 40, 33, 26, 25, 18, 11, 12, 5, 6, 13, 20, 27, 34, 41, 48]
[00:00:00:00:044] Expansion 63: New longest path found with length 34: [0, 7, 14, 21, 28, 35, 42, 43, 44, 45, 38, 31, 30, 29, 22, 23, 16, 9, 2, 3, 10, 11, 18, 25, 26, 19, 12, 5, 6, 13, 20, 27, 34, 41, 48]
[00:00:00:00:045] Expansion 65: New longest path found with length 36: [0, 7, 14, 21, 28, 35, 42, 43, 44, 45, 38, 31, 30, 29, 22, 23, 16, 9, 8, 1, 2, 3, 10, 11, 18, 25, 26, 19, 12, 5, 6, 13, 20, 27, 34, 41, 48]
[00:00:00:00:277] Expansion 343: New longest path found with length 38: [0, 7, 14, 21, 28, 35, 42, 43, 44, 45, 38, 31, 30, 29, 22, 23, 16, 9, 8, 1, 2, 3, 10, 11, 18, 25, 26, 19, 12, 5, 6, 13, 20, 27, 34, 33, 40, 41, 48]
[00:00:00:00:741] Path of length 38 found: [0, 7, 14, 21, 28, 35, 42, 43, 44, 45, 38, 31, 30, 29, 22, 23, 16, 9, 8, 1, 2, 3, 10, 11, 18, 25, 26, 19, 12, 5, 6, 13, 20, 27, 34, 33, 40, 41, 48]
[00:00:00:01:083] ! Bidirectional. expansions: 856, time: 742 [ms], path length: 38 [edges], g_F: 20, g_B: 18, generated: {'F': 766, 'B': 780}, MM: 2, MMPER: 4.128205128205129%
[00:00:00:01:083] 
---------- SM_Grids/7x7_grid_with_random_blocks_16per_5 ----------
[00:00:00:00:057] Expansion 37: New longest path found with length 38: [0, 7, 14, 21, 28, 29, 22, 15, 8, 1, 2, 9, 16, 23, 30, 37, 38, 31, 24, 17, 18, 11, 4, 5, 6, 13, 12, 19, 20, 27, 26, 25, 32, 39, 40, 33, 34, 41, 48]
[00:00:00:00:058] Path of length 38 found: [0, 7, 14, 21, 28, 29, 22, 15, 8, 1, 2, 9, 16, 23, 30, 37, 38, 31, 24, 17, 18, 11, 4, 5, 6, 13, 12, 19, 20, 27, 26, 25, 32, 39, 40, 33, 34, 41, 48]
[00:00:00:00:058] ! Unidirectional s-t. expansions: 38, time: 58 [ms], path length: 38 [edges], generated: 64
[00:00:00:00:019] Expansion 17: New longest path found with length 18: [48, 41, 34, 27, 20, 13, 6, 5, 4, 11, 12, 19, 18, 17, 16, 9, 2, 1, 0]
[00:00:00:00:030] Expansion 37: New longest path found with length 38: [48, 41, 34, 27, 20, 13, 6, 5, 4, 11, 12, 19, 18, 17, 16, 9, 2, 1, 8, 15, 22, 23, 24, 31, 32, 25, 26, 33, 40, 39, 38, 37, 30, 29, 28, 21, 14, 7, 0]
[00:00:00:00:031] Path of length 38 found: [48, 41, 34, 27, 20, 13, 6, 5, 4, 11, 12, 19, 18, 17, 16, 9, 2, 1, 8, 15, 22, 23, 24, 31, 32, 25, 26, 33, 40, 39, 38, 37, 30, 29, 28, 21, 14, 7, 0]
[00:00:00:00:031] ! Unidirectional t-s. expansions: 38, time: 31 [ms], path length: 38 [edges], generated: 64
[00:00:00:00:027] Expansion 31: New longest path found with length 32: [0, 7, 14, 21, 28, 29, 22, 15, 8, 1, 2, 9, 16, 23, 30, 37, 38, 31, 24, 17, 18, 19, 12, 11, 4, 5, 6, 13, 20, 27, 34, 41, 48]
[00:00:00:00:028] Expansion 33: New longest path found with length 34: [0, 7, 14, 21, 28, 29, 22, 15, 8, 1, 2, 9, 16, 23, 30, 37, 38, 39, 32, 31, 24, 17, 18, 19, 12, 11, 4, 5, 6, 13, 20, 27, 34, 41, 48]
[00:00:00:00:029] Expansion 37: New longest path found with length 38: [0, 7, 14, 21, 28, 29, 22, 15, 8, 1, 2, 9, 16, 23, 30, 37, 38, 39, 40, 33, 26, 25, 32, 31, 24, 17, 18, 19, 12, 11, 4, 5, 6, 13, 20, 27, 34, 41, 48]
[00:00:00:00:030] Path of length 38 found: [0, 7, 14, 21, 28, 29, 22, 15, 8, 1, 2, 9, 16, 23, 30, 37, 38, 39, 40, 33, 26, 25, 32, 31, 24, 17, 18, 19, 12, 11, 4, 5, 6, 13, 20, 27, 34, 41, 48]
[00:00:00:00:366] ! Bidirectional. expansions: 38, time: 30 [ms], path length: 38 [edges], g_F: 20, g_B: 18, generated: {'F': 35, 'B': 35}, MM: 2, MMPER: 4.128205128205129%
[00:00:00:00:366] 
---------- SM_Grids/7x7_grid_with_random_blocks_16per_6 ----------
[00:00:00:00:028] Expansion 35: New longest path found with length 36: [0, 1, 8, 15, 22, 23, 16, 9, 2, 3, 10, 17, 24, 31, 30, 37, 44, 45, 46, 39, 32, 25, 18, 11, 4, 5, 6, 13, 12, 19, 20, 27, 26, 33, 34, 41, 48]
[00:00:00:00:029] Path of length 36 found: [0, 1, 8, 15, 22, 23, 16, 9, 2, 3, 10, 17, 24, 31, 30, 37, 44, 45, 46, 39, 32, 25, 18, 11, 4, 5, 6, 13, 12, 19, 20, 27, 26, 33, 34, 41, 48]
[00:00:00:00:029] ! Unidirectional s-t. expansions: 36, time: 29 [ms], path length: 36 [edges], generated: 58
[00:00:00:00:028] Expansion 35: New longest path found with length 36: [48, 41, 34, 27, 20, 13, 6, 5, 4, 3, 2, 9, 16, 17, 10, 11, 12, 19, 18, 25, 26, 33, 32, 39, 46, 45, 44, 37, 30, 31, 24, 23, 22, 15, 8, 1, 0]
[00:00:00:00:029] Path of length 36 found: [48, 41, 34, 27, 20, 13, 6, 5, 4, 3, 2, 9, 16, 17, 10, 11, 12, 19, 18, 25, 26, 33, 32, 39, 46, 45, 44, 37, 30, 31, 24, 23, 22, 15, 8, 1, 0]
[00:00:00:00:029] ! Unidirectional t-s. expansions: 36, time: 29 [ms], path length: 36 [edges], generated: 58
[00:00:00:00:018] Expansion 17: New longest path found with length 18: [0, 1, 8, 15, 22, 23, 16, 9, 2, 3, 4, 5, 6, 13, 20, 27, 34, 41, 48]
[00:00:00:00:020] Expansion 19: New longest path found with length 20: [0, 1, 8, 15, 22, 23, 16, 9, 2, 3, 10, 11, 4, 5, 6, 13, 20, 27, 34, 41, 48]
[00:00:00:00:028] Expansion 35: New longest path found with length 36: [0, 1, 8, 15, 22, 23, 16, 9, 2, 3, 10, 17, 24, 31, 30, 37, 44, 45, 46, 39, 32, 33, 26, 25, 18, 19, 12, 11, 4, 5, 6, 13, 20, 27, 34, 41, 48]
[00:00:00:00:029] Path of length 36 found: [0, 1, 8, 15, 22, 23, 16, 9, 2, 3, 10, 17, 24, 31, 30, 37, 44, 45, 46, 39, 32, 33, 26, 25, 18, 19, 12, 11, 4, 5, 6, 13, 20, 27, 34, 41, 48]
[00:00:00:00:368] ! Bidirectional. expansions: 36, time: 29 [ms], path length: 36 [edges], g_F: 19, g_B: 17, generated: {'F': 32, 'B': 31}, MM: 2, MMPER: 4.405405405405405%
[00:00:00:00:368] 
---------- SM_Grids/7x7_grid_with_random_blocks_16per_7 ----------
[00:00:00:00:029] Expansion 37: New longest path found with length 38: [0, 7, 14, 21, 28, 35, 42, 43, 36, 37, 30, 31, 24, 17, 16, 15, 8, 1, 2, 3, 10, 11, 4, 5, 6, 13, 12, 19, 18, 25, 26, 27, 34, 33, 40, 39, 46, 47, 48]
[00:00:00:00:464] Path of length 38 found: [0, 7, 14, 21, 28, 35, 42, 43, 36, 37, 30, 31, 24, 17, 16, 15, 8, 1, 2, 3, 10, 11, 4, 5, 6, 13, 12, 19, 18, 25, 26, 27, 34, 33, 40, 39, 46, 47, 48]
[00:00:00:00:464] ! Unidirectional s-t. expansions: 580, time: 464 [ms], path length: 38 [edges], generated: 969
[00:00:00:00:016] Expansion 15: New longest path found with length 16: [48, 47, 46, 39, 40, 33, 34, 27, 20, 13, 6, 5, 4, 3, 2, 1, 0]
[00:00:00:00:028] Expansion 37: New longest path found with length 38: [48, 47, 46, 39, 40, 33, 34, 27, 20, 13, 6, 5, 4, 3, 2, 1, 8, 15, 16, 17, 10, 11, 12, 19, 18, 25, 24, 31, 30, 37, 36, 43, 42, 35, 28, 21, 14, 7, 0]
[00:00:00:00:531] Path of length 38 found: [48, 47, 46, 39, 40, 33, 34, 27, 20, 13, 6, 5, 4, 3, 2, 1, 8, 15, 16, 17, 10, 11, 12, 19, 18, 25, 24, 31, 30, 37, 36, 43, 42, 35, 28, 21, 14, 7, 0]
[00:00:00:00:531] ! Unidirectional t-s. expansions: 685, time: 531 [ms], path length: 38 [edges], generated: 1,149
[00:00:00:00:026] Expansion 33: New longest path found with length 34: [0, 7, 14, 21, 28, 35, 42, 43, 36, 37, 30, 31, 24, 17, 18, 25, 26, 19, 12, 11, 10, 3, 4, 5, 6, 13, 20, 27, 34, 33, 40, 39, 46, 47, 48]
[00:00:00:00:032] Expansion 47: New longest path found with length 38: [0, 7, 14, 21, 28, 35, 42, 43, 36, 37, 30, 31, 24, 25, 26, 19, 12, 11, 10, 17, 16, 15, 8, 1, 2, 3, 4, 5, 6, 13, 20, 27, 34, 33, 40, 39, 46, 47, 48]
[00:00:00:00:514] Path of length 38 found: [0, 7, 14, 21, 28, 35, 42, 43, 36, 37, 30, 31, 24, 25, 26, 19, 12, 11, 10, 17, 16, 15, 8, 1, 2, 3, 4, 5, 6, 13, 20, 27, 34, 33, 40, 39, 46, 47, 48]
[00:00:00:00:851] ! Bidirectional. expansions: 801, time: 514 [ms], path length: 38 [edges], g_F: 20, g_B: 18, generated: {'F': 750, 'B': 682}, MM: 2, MMPER: 4.128205128205129%
[00:00:00:00:851] 
---------- SM_Grids/7x7_grid_with_random_blocks_16per_8 ----------
[00:00:00:00:030] Expansion 37: New longest path found with length 38: [0, 1, 8, 15, 22, 21, 28, 35, 42, 43, 44, 37, 36, 29, 30, 31, 24, 17, 16, 9, 2, 3, 10, 11, 4, 5, 6, 13, 12, 19, 18, 25, 26, 27, 34, 33, 40, 47, 48]
[00:00:00:02:909] Path of length 38 found: [0, 1, 8, 15, 22, 21, 28, 35, 42, 43, 44, 37, 36, 29, 30, 31, 24, 17, 16, 9, 2, 3, 10, 11, 4, 5, 6, 13, 12, 19, 18, 25, 26, 27, 34, 33, 40, 47, 48]
[00:00:00:02:909] ! Unidirectional s-t. expansions: 4,388, time: 2,909 [ms], path length: 38 [edges], generated: 7,244
[00:00:00:00:028] Expansion 37: New longest path found with length 38: [48, 47, 40, 33, 34, 27, 20, 13, 6, 5, 4, 3, 2, 9, 16, 17, 10, 11, 12, 19, 18, 25, 24, 31, 30, 29, 36, 37, 44, 43, 42, 35, 28, 21, 22, 15, 8, 1, 0]
[00:00:00:02:036] Path of length 38 found: [48, 47, 40, 33, 34, 27, 20, 13, 6, 5, 4, 3, 2, 9, 16, 17, 10, 11, 12, 19, 18, 25, 24, 31, 30, 29, 36, 37, 44, 43, 42, 35, 28, 21, 22, 15, 8, 1, 0]
[00:00:00:02:036] ! Unidirectional t-s. expansions: 3,200, time: 2,036 [ms], path length: 38 [edges], generated: 5,280
[00:00:00:00:028] Expansion 37: New longest path found with length 38: [0, 1, 8, 15, 22, 21, 28, 35, 42, 43, 44, 37, 36, 29, 30, 31, 32, 25, 26, 19, 18, 11, 10, 17, 16, 9, 2, 3, 4, 5, 6, 13, 20, 27, 34, 33, 40, 47, 48]
[00:00:00:02:287] Path of length 38 found: [0, 1, 8, 15, 22, 21, 28, 35, 42, 43, 44, 37, 36, 29, 30, 31, 32, 25, 26, 19, 18, 11, 10, 17, 16, 9, 2, 3, 4, 5, 6, 13, 20, 27, 34, 33, 40, 47, 48]
[00:00:00:02:670] ! Bidirectional. expansions: 3,695, time: 2,287 [ms], path length: 38 [edges], g_F: 20, g_B: 18, generated: {'F': 3,205, 'B': 3,511}, MM: 2, MMPER: 4.128205128205129%
[00:00:00:02:670] 
---------- SM_Grids/7x7_grid_with_random_blocks_16per_9 ----------
[00:00:00:00:028] Expansion 35: New longest path found with length 36: [0, 7, 8, 1, 2, 3, 10, 9, 16, 15, 22, 21, 28, 29, 36, 35, 42, 43, 44, 45, 46, 39, 32, 31, 24, 17, 18, 25, 26, 19, 20, 27, 34, 33, 40, 47, 48]
[00:00:00:02:422] Path of length 36 found: [0, 7, 8, 1, 2, 3, 10, 9, 16, 15, 22, 21, 28, 29, 36, 35, 42, 43, 44, 45, 46, 39, 32, 31, 24, 17, 18, 25, 26, 19, 20, 27, 34, 33, 40, 47, 48]
[00:00:00:02:422] ! Unidirectional s-t. expansions: 3,625, time: 2,422 [ms], path length: 36 [edges], generated: 6,176
[00:00:00:00:028] Expansion 35: New longest path found with length 36: [48, 41, 34, 27, 20, 19, 18, 17, 10, 3, 2, 9, 16, 23, 24, 31, 32, 25, 26, 33, 40, 39, 46, 45, 44, 37, 36, 43, 42, 35, 28, 21, 22, 15, 8, 1, 0]
[00:00:00:03:250] Path of length 36 found: [48, 41, 34, 27, 20, 19, 18, 17, 10, 3, 2, 9, 16, 23, 24, 31, 32, 25, 26, 33, 40, 39, 46, 45, 44, 37, 36, 43, 42, 35, 28, 21, 22, 15, 8, 1, 0]
[00:00:00:03:250] ! Unidirectional t-s. expansions: 5,301, time: 3,250 [ms], path length: 36 [edges], generated: 8,944
[00:00:00:00:017] Expansion 15: New longest path found with length 16: [0, 7, 8, 1, 2, 3, 10, 9, 16, 17, 18, 19, 20, 27, 34, 41, 48]
[00:00:00:00:029] Expansion 35: New longest path found with length 36: [0, 7, 8, 1, 2, 3, 10, 9, 16, 15, 22, 21, 28, 29, 36, 35, 42, 43, 44, 45, 46, 39, 40, 33, 26, 25, 32, 31, 24, 17, 18, 19, 20, 27, 34, 41, 48]
[00:00:00:04:964] Path of length 36 found: [0, 7, 8, 1, 2, 3, 10, 9, 16, 15, 22, 21, 28, 29, 36, 35, 42, 43, 44, 45, 46, 39, 40, 33, 26, 25, 32, 31, 24, 17, 18, 19, 20, 27, 34, 41, 48]
[00:00:00:05:308] ! Bidirectional. expansions: 6,878, time: 4,964 [ms], path length: 36 [edges], g_F: 19, g_B: 17, generated: {'F': 6,750, 'B': 6,241}, MM: 2, MMPER: 4.405405405405405%
[00:00:00:05:308] average expansions: (1,058, 1,196, 1,432, 0)
[00:00:00:05:308] average time: (734, 770, 1,002, 0)
[00:00:00:05:308] X-DFBnB: 1,058 , 734 (expansions , time[ms])
[00:00:00:05:308] BiX-DFBnB: 1,432 , 1,002 (expansions , time[ms])

