--------------------------
date: SM_Grids
number_of_graphs: 10
graph_type: grid
size_of_graphs: [8, 8]
heuristic: bcc_heuristic
snake: False
run_uni: True
run_bi: True
run_multi: False
solution_vertices: []
algorithms: ['DFBnB']
bsd: False
cube_first_dims: 4
cube_buffer_dim: None
backward_sym_generation: False
sym_coil: False
prefix_set: None

---------- SM_Grids/8x8_grid_with_random_blocks_8per_0 ----------
[00:00:00:00:053] Expansion 53: New longest path found with length 54: [0, 8, 16, 24, 32, 40, 41, 49, 57, 58, 59, 51, 43, 42, 34, 33, 25, 17, 9, 10, 2, 3, 11, 19, 18, 26, 27, 35, 36, 44, 45, 37, 29, 28, 20, 21, 13, 5, 6, 7, 15, 14, 22, 23, 31, 30, 38, 39, 47, 46, 54, 53, 61, 62, 63]
[00:00:03:00:541] Valid states checked so far: 200,000, Expansions: 199,998, Global best: 55
[00:00:05:25:670] Expansion 351,815: New longest path found with length 56: [0, 8, 9, 17, 16, 24, 32, 40, 41, 49, 57, 58, 59, 51, 43, 42, 34, 33, 25, 26, 18, 19, 11, 10, 2, 3, 4, 5, 13, 21, 20, 28, 27, 35, 36, 44, 45, 37, 29, 30, 22, 14, 6, 7, 15, 23, 31, 39, 38, 46, 47, 55, 54, 53, 61, 62, 63]
[00:00:05:26:577] Path of length 56 found: [0, 8, 9, 17, 16, 24, 32, 40, 41, 49, 57, 58, 59, 51, 43, 42, 34, 33, 25, 26, 18, 19, 11, 10, 2, 3, 4, 5, 13, 21, 20, 28, 27, 35, 36, 44, 45, 37, 29, 30, 22, 14, 6, 7, 15, 23, 31, 39, 38, 46, 47, 55, 54, 53, 61, 62, 63]
[00:00:05:26:577] ! Unidirectional s-t. expansions: 352,557, time: 326,577 [ms], path length: 56 [edges], generated: 626,224
[00:00:00:00:063] Expansion 53: New longest path found with length 54: [63, 55, 47, 39, 31, 23, 15, 7, 6, 5, 4, 3, 2, 10, 11, 19, 18, 17, 25, 33, 34, 26, 27, 35, 43, 44, 36, 28, 20, 21, 13, 14, 22, 30, 29, 37, 38, 46, 45, 53, 54, 62, 61, 60, 59, 58, 57, 49, 41, 40, 32, 24, 16, 8, 0]
[00:00:00:00:809] Expansion 834: New longest path found with length 56: [63, 55, 47, 39, 31, 23, 15, 7, 6, 5, 4, 3, 2, 10, 11, 19, 18, 26, 25, 33, 34, 42, 43, 44, 36, 35, 27, 28, 20, 21, 13, 14, 22, 30, 29, 37, 38, 46, 45, 53, 54, 62, 61, 60, 59, 58, 57, 49, 41, 40, 32, 24, 16, 17, 9, 8, 0]
[00:00:00:10:403] Path of length 56 found: [63, 55, 47, 39, 31, 23, 15, 7, 6, 5, 4, 3, 2, 10, 11, 19, 18, 26, 25, 33, 34, 42, 43, 44, 36, 35, 27, 28, 20, 21, 13, 14, 22, 30, 29, 37, 38, 46, 45, 53, 54, 62, 61, 60, 59, 58, 57, 49, 41, 40, 32, 24, 16, 17, 9, 8, 0]
[00:00:00:10:403] ! Unidirectional t-s. expansions: 8,438, time: 10,403 [ms], path length: 56 [edges], generated: 15,432
[00:00:00:00:046] Expansion 31: New longest path found with length 32: [0, 8, 16, 24, 32, 40, 41, 49, 57, 58, 59, 51, 43, 42, 34, 33, 25, 17, 9, 10, 2, 3, 4, 5, 6, 7, 15, 23, 31, 39, 47, 55, 63]
[00:00:00:00:048] Expansion 33: New longest path found with length 34: [0, 8, 16, 24, 32, 40, 41, 49, 57, 58, 59, 51, 43, 42, 34, 33, 25, 26, 18, 17, 9, 10, 2, 3, 4, 5, 6, 7, 15, 23, 31, 39, 47, 55, 63]
[00:00:00:00:050] Expansion 35: New longest path found with length 36: [0, 8, 16, 24, 32, 40, 41, 49, 57, 58, 59, 51, 43, 42, 34, 33, 25, 26, 27, 19, 18, 17, 9, 10, 2, 3, 4, 5, 6, 7, 15, 23, 31, 39, 47, 55, 63]
[00:00:00:00:054] Expansion 39: New longest path found with length 40: [0, 8, 16, 24, 32, 40, 41, 49, 57, 58, 59, 51, 43, 42, 34, 33, 25, 26, 27, 35, 36, 28, 20, 19, 18, 17, 9, 10, 2, 3, 4, 5, 6, 7, 15, 23, 31, 39, 47, 55, 63]
[00:00:00:00:063] Expansion 53: New longest path found with length 54: [0, 8, 16, 24, 32, 40, 41, 49, 57, 58, 59, 51, 43, 42, 34, 33, 25, 26, 27, 35, 36, 44, 45, 53, 61, 62, 54, 46, 38, 30, 22, 14, 13, 21, 29, 28, 20, 19, 18, 17, 9, 10, 2, 3, 4, 5, 6, 7, 15, 23, 31, 39, 47, 55, 63]
[00:00:03:16:510] Valid meeting checks so far: 200,000, state_vs_state: 231, state_vs_prefix: 0, prefix_vs_prefix: 199,769
[00:00:03:40:529] Expansion 222,790: New longest path found with length 56: [0, 8, 9, 17, 16, 24, 32, 40, 41, 49, 57, 58, 59, 60, 61, 62, 54, 53, 45, 46, 38, 37, 29, 30, 22, 14, 13, 21, 20, 28, 27, 35, 36, 44, 43, 42, 34, 33, 25, 26, 18, 19, 11, 10, 2, 3, 4, 5, 6, 7, 15, 23, 31, 39, 47, 55, 63]
[00:00:03:48:205] Path of length 56 found: [0, 8, 9, 17, 16, 24, 32, 40, 41, 49, 57, 58, 59, 60, 61, 62, 54, 53, 45, 46, 38, 37, 29, 30, 22, 14, 13, 21, 20, 28, 27, 35, 36, 44, 43, 42, 34, 33, 25, 26, 18, 19, 11, 10, 2, 3, 4, 5, 6, 7, 15, 23, 31, 39, 47, 55, 63]
[00:00:03:48:640] ! Bidirectional. expansions: 228,701, time: 228,205 [ms], path length: 56 [edges], g_F: 29, g_B: 27, generated: {'F': 219,081, 'B': 204,138}, MM: 2, MMPER: 2.508771929824561%
[00:00:03:48:641] 
---------- SM_Grids/8x8_grid_with_random_blocks_8per_1 ----------
[00:00:00:00:063] Expansion 55: New longest path found with length 56: [0, 8, 16, 24, 32, 40, 48, 56, 57, 49, 41, 42, 50, 51, 59, 60, 52, 44, 43, 35, 34, 26, 18, 17, 9, 1, 2, 10, 11, 3, 4, 12, 20, 28, 36, 37, 29, 21, 13, 5, 6, 7, 15, 14, 22, 23, 31, 30, 38, 39, 47, 46, 54, 53, 61, 62, 63]
[00:00:01:26:121] Path of length 56 found: [0, 8, 16, 24, 32, 40, 48, 56, 57, 49, 41, 42, 50, 51, 59, 60, 52, 44, 43, 35, 34, 26, 18, 17, 9, 1, 2, 10, 11, 3, 4, 12, 20, 28, 36, 37, 29, 21, 13, 5, 6, 7, 15, 14, 22, 23, 31, 30, 38, 39, 47, 46, 54, 53, 61, 62, 63]
[00:00:01:26:122] ! Unidirectional s-t. expansions: 87,497, time: 86,121 [ms], path length: 56 [edges], generated: 150,127
[00:00:00:00:023] Expansion 13: New longest path found with length 14: [63, 55, 47, 39, 31, 23, 15, 7, 6, 5, 4, 3, 2, 1, 0]
[00:00:00:00:060] Expansion 53: New longest path found with length 54: [63, 55, 47, 39, 31, 23, 15, 7, 6, 5, 4, 3, 2, 1, 9, 17, 18, 10, 11, 19, 20, 12, 13, 14, 22, 21, 29, 28, 36, 37, 38, 46, 54, 62, 61, 53, 52, 60, 59, 51, 43, 35, 34, 42, 50, 49, 57, 56, 48, 40, 32, 24, 16, 8, 0]
[00:00:00:01:126] Expansion 1,316: New longest path found with length 56: [63, 55, 47, 39, 31, 23, 15, 7, 6, 5, 4, 3, 2, 1, 9, 17, 18, 26, 34, 35, 43, 44, 36, 28, 20, 19, 11, 12, 13, 14, 22, 21, 29, 37, 38, 46, 54, 62, 61, 53, 52, 60, 59, 51, 50, 42, 41, 49, 57, 56, 48, 40, 32, 24, 16, 8, 0]
[00:00:02:26:982] Path of length 56 found: [63, 55, 47, 39, 31, 23, 15, 7, 6, 5, 4, 3, 2, 1, 9, 17, 18, 26, 34, 35, 43, 44, 36, 28, 20, 19, 11, 12, 13, 14, 22, 21, 29, 37, 38, 46, 54, 62, 61, 53, 52, 60, 59, 51, 50, 42, 41, 49, 57, 56, 48, 40, 32, 24, 16, 8, 0]
[00:00:02:26:982] ! Unidirectional t-s. expansions: 149,029, time: 146,982 [ms], path length: 56 [edges], generated: 250,566
[00:00:00:00:061] Expansion 53: New longest path found with length 54: [0, 8, 16, 24, 32, 40, 48, 56, 57, 49, 41, 42, 50, 51, 59, 60, 52, 53, 61, 62, 54, 46, 38, 30, 22, 14, 13, 12, 20, 28, 29, 37, 36, 44, 43, 35, 34, 26, 18, 17, 9, 1, 2, 3, 4, 5, 6, 7, 15, 23, 31, 39, 47, 55, 63]
[00:00:00:00:062] Expansion 55: New longest path found with length 56: [0, 8, 16, 24, 32, 40, 48, 56, 57, 49, 41, 42, 50, 51, 59, 60, 52, 53, 61, 62, 54, 46, 38, 30, 22, 14, 13, 12, 11, 19, 20, 28, 29, 37, 36, 44, 43, 35, 34, 26, 18, 17, 9, 1, 2, 3, 4, 5, 6, 7, 15, 23, 31, 39, 47, 55, 63]
[00:00:03:19:430] Path of length 56 found: [0, 8, 16, 24, 32, 40, 48, 56, 57, 49, 41, 42, 50, 51, 59, 60, 52, 53, 61, 62, 54, 46, 38, 30, 22, 14, 13, 12, 11, 19, 20, 28, 29, 37, 36, 44, 43, 35, 34, 26, 18, 17, 9, 1, 2, 3, 4, 5, 6, 7, 15, 23, 31, 39, 47, 55, 63]
[00:00:03:19:845] ! Bidirectional. expansions: 199,392, time: 199,430 [ms], path length: 56 [edges], g_F: 29, g_B: 27, generated: {'F': 188,218, 'B': 181,359}, MM: 2, MMPER: 2.508771929824561%
[00:00:03:19:845] 
---------- SM_Grids/8x8_grid_with_random_blocks_8per_2 ----------
[00:00:00:00:102] Expansion 55: New longest path found with length 56: [0, 8, 16, 24, 32, 40, 48, 56, 57, 49, 41, 42, 34, 26, 25, 17, 18, 10, 9, 1, 2, 3, 11, 12, 20, 21, 13, 5, 6, 7, 15, 14, 22, 23, 31, 30, 29, 37, 36, 35, 43, 51, 50, 58, 59, 60, 52, 44, 45, 53, 54, 46, 38, 39, 47, 55, 63]
[00:00:00:00:365] Expansion 436: New longest path found with length 58: [0, 8, 16, 24, 32, 40, 48, 56, 57, 49, 41, 42, 34, 35, 27, 26, 25, 17, 18, 10, 9, 1, 2, 3, 11, 12, 20, 21, 13, 5, 6, 7, 15, 14, 22, 23, 31, 30, 29, 37, 36, 44, 43, 51, 50, 58, 59, 60, 52, 53, 45, 46, 38, 39, 47, 55, 54, 62, 63]
[00:00:00:00:367] Path of length 58 found: [0, 8, 16, 24, 32, 40, 48, 56, 57, 49, 41, 42, 34, 35, 27, 26, 25, 17, 18, 10, 9, 1, 2, 3, 11, 12, 20, 21, 13, 5, 6, 7, 15, 14, 22, 23, 31, 30, 29, 37, 36, 44, 43, 51, 50, 58, 59, 60, 52, 53, 45, 46, 38, 39, 47, 55, 54, 62, 63]
[00:00:00:00:367] ! Unidirectional s-t. expansions: 437, time: 367 [ms], path length: 58 [edges], generated: 718
[00:00:00:00:032] Expansion 21: New longest path found with length 22: [63, 62, 54, 55, 47, 39, 31, 23, 15, 7, 6, 5, 13, 14, 22, 21, 20, 12, 11, 3, 2, 1, 0]
[00:00:00:00:059] Expansion 57: New longest path found with length 58: [63, 62, 54, 55, 47, 39, 31, 23, 15, 7, 6, 5, 13, 14, 22, 21, 20, 12, 11, 3, 2, 1, 9, 10, 18, 17, 25, 26, 27, 35, 34, 42, 41, 49, 50, 51, 43, 44, 36, 37, 29, 30, 38, 46, 45, 53, 52, 60, 59, 58, 57, 56, 48, 40, 32, 24, 16, 8, 0]
[00:00:00:00:061] Path of length 58 found: [63, 62, 54, 55, 47, 39, 31, 23, 15, 7, 6, 5, 13, 14, 22, 21, 20, 12, 11, 3, 2, 1, 9, 10, 18, 17, 25, 26, 27, 35, 34, 42, 41, 49, 50, 51, 43, 44, 36, 37, 29, 30, 38, 46, 45, 53, 52, 60, 59, 58, 57, 56, 48, 40, 32, 24, 16, 8, 0]
[00:00:00:00:061] ! Unidirectional t-s. expansions: 58, time: 61 [ms], path length: 58 [edges], generated: 94
[00:00:00:00:059] Expansion 55: New longest path found with length 56: [0, 8, 16, 24, 32, 40, 48, 56, 57, 49, 41, 42, 34, 26, 25, 17, 18, 10, 9, 1, 2, 3, 11, 12, 20, 21, 29, 37, 36, 35, 43, 51, 50, 58, 59, 60, 52, 53, 45, 46, 38, 30, 22, 14, 13, 5, 6, 7, 15, 23, 31, 39, 47, 55, 54, 62, 63]
[00:00:00:00:085] Expansion 92: New longest path found with length 58: [0, 8, 16, 24, 32, 40, 48, 56, 57, 49, 41, 42, 34, 35, 27, 26, 25, 17, 18, 10, 9, 1, 2, 3, 11, 12, 20, 21, 29, 37, 36, 44, 43, 51, 50, 58, 59, 60, 52, 53, 45, 46, 38, 30, 22, 14, 13, 5, 6, 7, 15, 23, 31, 39, 47, 55, 54, 62, 63]
[00:00:00:00:087] Path of length 58 found: [0, 8, 16, 24, 32, 40, 48, 56, 57, 49, 41, 42, 34, 35, 27, 26, 25, 17, 18, 10, 9, 1, 2, 3, 11, 12, 20, 21, 29, 37, 36, 44, 43, 51, 50, 58, 59, 60, 52, 53, 45, 46, 38, 30, 22, 14, 13, 5, 6, 7, 15, 23, 31, 39, 47, 55, 54, 62, 63]
[00:00:00:00:494] ! Bidirectional. expansions: 93, time: 87 [ms], path length: 58 [edges], g_F: 30, g_B: 28, generated: {'F': 84, 'B': 88}, MM: 2, MMPER: 2.389830508474576%
[00:00:00:00:494] 
---------- SM_Grids/8x8_grid_with_random_blocks_8per_3 ----------
[00:00:00:00:061] Expansion 53: New longest path found with length 54: [0, 8, 16, 17, 25, 33, 32, 40, 41, 49, 48, 56, 57, 58, 50, 51, 59, 60, 52, 44, 43, 35, 34, 26, 18, 10, 2, 3, 4, 12, 20, 19, 27, 28, 36, 37, 29, 21, 13, 5, 6, 7, 15, 14, 22, 30, 31, 39, 47, 46, 45, 53, 61, 62, 63]
[00:00:00:00:061] Expansion 55: New longest path found with length 56: [0, 8, 16, 17, 25, 33, 32, 40, 41, 49, 48, 56, 57, 58, 50, 51, 59, 60, 52, 44, 43, 35, 34, 26, 18, 10, 2, 3, 4, 12, 20, 19, 27, 28, 36, 37, 29, 21, 13, 5, 6, 7, 15, 14, 22, 30, 31, 39, 47, 46, 45, 53, 61, 62, 54, 55, 63]
[00:00:00:05:891] Path of length 56 found: [0, 8, 16, 17, 25, 33, 32, 40, 41, 49, 48, 56, 57, 58, 50, 51, 59, 60, 52, 44, 43, 35, 34, 26, 18, 10, 2, 3, 4, 12, 20, 19, 27, 28, 36, 37, 29, 21, 13, 5, 6, 7, 15, 14, 22, 30, 31, 39, 47, 46, 45, 53, 61, 62, 54, 55, 63]
[00:00:00:05:891] ! Unidirectional s-t. expansions: 6,257, time: 5,891 [ms], path length: 56 [edges], generated: 10,651
[00:00:00:00:058] Expansion 53: New longest path found with length 54: [63, 55, 47, 39, 31, 23, 15, 7, 6, 5, 4, 3, 2, 10, 18, 26, 34, 35, 27, 19, 20, 12, 13, 14, 22, 21, 29, 28, 36, 37, 45, 46, 54, 62, 61, 53, 52, 44, 43, 51, 59, 58, 50, 49, 57, 56, 48, 40, 32, 33, 25, 17, 16, 8, 0]
[00:00:00:00:669] Expansion 865: New longest path found with length 56: [63, 55, 47, 39, 31, 23, 15, 7, 6, 5, 4, 3, 2, 10, 18, 26, 34, 35, 43, 44, 36, 28, 27, 19, 20, 12, 13, 14, 22, 21, 29, 37, 45, 46, 54, 62, 61, 53, 52, 60, 59, 51, 50, 58, 57, 56, 48, 49, 41, 40, 32, 33, 25, 17, 16, 8, 0]
[00:00:01:12:384] Path of length 56 found: [63, 55, 47, 39, 31, 23, 15, 7, 6, 5, 4, 3, 2, 10, 18, 26, 34, 35, 43, 44, 36, 28, 27, 19, 20, 12, 13, 14, 22, 21, 29, 37, 45, 46, 54, 62, 61, 53, 52, 60, 59, 51, 50, 58, 57, 56, 48, 49, 41, 40, 32, 33, 25, 17, 16, 8, 0]
[00:00:01:12:384] ! Unidirectional t-s. expansions: 69,174, time: 72,384 [ms], path length: 56 [edges], generated: 117,071
[00:00:00:00:061] Expansion 55: New longest path found with length 56: [0, 8, 16, 17, 25, 33, 32, 40, 41, 49, 48, 56, 57, 58, 50, 51, 59, 60, 52, 53, 61, 62, 54, 46, 45, 37, 29, 30, 22, 21, 13, 12, 20, 19, 27, 28, 36, 44, 43, 35, 34, 26, 18, 10, 2, 3, 4, 5, 6, 7, 15, 23, 31, 39, 47, 55, 63]
[00:00:00:14:477] Path of length 56 found: [0, 8, 16, 17, 25, 33, 32, 40, 41, 49, 48, 56, 57, 58, 50, 51, 59, 60, 52, 53, 61, 62, 54, 46, 45, 37, 29, 30, 22, 21, 13, 12, 20, 19, 27, 28, 36, 44, 43, 35, 34, 26, 18, 10, 2, 3, 4, 5, 6, 7, 15, 23, 31, 39, 47, 55, 63]
[00:00:00:14:912] ! Bidirectional. expansions: 14,399, time: 14,477 [ms], path length: 56 [edges], g_F: 29, g_B: 27, generated: {'F': 12,766, 'B': 13,061}, MM: 2, MMPER: 2.508771929824561%
[00:00:00:14:913] 
---------- SM_Grids/8x8_grid_with_random_blocks_8per_4 ----------
[00:00:00:00:061] Expansion 49: New longest path found with length 50: [0, 8, 16, 24, 32, 40, 48, 56, 57, 49, 41, 33, 25, 17, 9, 1, 2, 10, 18, 26, 34, 42, 43, 51, 59, 60, 52, 44, 36, 35, 27, 19, 11, 3, 4, 12, 20, 28, 29, 21, 13, 14, 22, 30, 31, 39, 38, 46, 47, 55, 63]
[00:00:00:00:062] Expansion 51: New longest path found with length 52: [0, 8, 16, 24, 32, 40, 48, 56, 57, 49, 41, 33, 25, 17, 9, 1, 2, 10, 18, 26, 34, 42, 43, 51, 59, 60, 52, 44, 36, 35, 27, 19, 11, 3, 4, 12, 20, 28, 29, 21, 13, 14, 22, 30, 31, 39, 38, 46, 47, 55, 54, 62, 63]
[00:00:02:58:596] Valid states checked so far: 200,000, Expansions: 199,998, Global best: 53
[00:00:06:03:703] Valid states checked so far: 400,000, Expansions: 399,998, Global best: 53
[00:00:09:04:321] Valid states checked so far: 600,000, Expansions: 599,998, Global best: 53
[00:00:12:17:546] Valid states checked so far: 800,000, Expansions: 799,998, Global best: 53
[00:00:15:27:948] Valid states checked so far: 1,000,000, Expansions: 999,998, Global best: 53
[00:00:18:18:473] Valid states checked so far: 1,200,000, Expansions: 1,199,998, Global best: 53
[00:00:21:11:035] Valid states checked so far: 1,400,000, Expansions: 1,399,998, Global best: 53
[00:00:22:53:960] Path of length 52 found: [0, 8, 16, 24, 32, 40, 48, 56, 57, 49, 41, 33, 25, 17, 9, 1, 2, 10, 18, 26, 34, 42, 43, 51, 59, 60, 52, 44, 36, 35, 27, 19, 11, 3, 4, 12, 20, 28, 29, 21, 13, 14, 22, 30, 31, 39, 38, 46, 47, 55, 54, 62, 63]
[00:00:22:53:961] ! Unidirectional s-t. expansions: 1,509,255, time: 1,373,961 [ms], path length: 52 [edges], generated: 2,544,464
[00:00:00:00:045] Expansion 29: New longest path found with length 30: [63, 62, 54, 53, 52, 60, 59, 51, 43, 44, 36, 28, 20, 21, 29, 37, 38, 46, 47, 39, 31, 30, 22, 14, 13, 12, 4, 3, 2, 1, 0]
[00:00:00:00:061] Expansion 51: New longest path found with length 52: [63, 62, 54, 53, 52, 60, 59, 51, 43, 44, 36, 28, 20, 21, 29, 37, 38, 46, 47, 39, 31, 30, 22, 14, 13, 12, 4, 3, 2, 1, 9, 17, 25, 26, 18, 10, 11, 19, 27, 35, 34, 42, 41, 49, 57, 56, 48, 40, 32, 24, 16, 8, 0]
[00:00:01:51:787] Path of length 52 found: [63, 62, 54, 53, 52, 60, 59, 51, 43, 44, 36, 28, 20, 21, 29, 37, 38, 46, 47, 39, 31, 30, 22, 14, 13, 12, 4, 3, 2, 1, 9, 17, 25, 26, 18, 10, 11, 19, 27, 35, 34, 42, 41, 49, 57, 56, 48, 40, 32, 24, 16, 8, 0]
[00:00:01:51:787] ! Unidirectional t-s. expansions: 120,695, time: 111,787 [ms], path length: 52 [edges], generated: 210,727
[00:00:00:00:059] Expansion 51: New longest path found with length 52: [0, 8, 16, 24, 32, 40, 48, 56, 57, 49, 41, 42, 34, 33, 25, 17, 9, 1, 2, 10, 18, 26, 27, 19, 11, 3, 4, 12, 13, 14, 22, 30, 31, 39, 47, 46, 38, 37, 29, 21, 20, 28, 36, 44, 43, 51, 59, 60, 52, 53, 54, 62, 63]
[00:00:02:59:286] Valid meeting checks so far: 200,000, state_vs_state: 238, state_vs_prefix: 0, prefix_vs_prefix: 199,762
[00:00:04:56:009] Path of length 52 found: [0, 8, 16, 24, 32, 40, 48, 56, 57, 49, 41, 42, 34, 33, 25, 17, 9, 1, 2, 10, 18, 26, 27, 19, 11, 3, 4, 12, 13, 14, 22, 30, 31, 39, 47, 46, 38, 37, 29, 21, 20, 28, 36, 44, 43, 51, 59, 60, 52, 53, 54, 62, 63]
[00:00:04:56:431] ! Bidirectional. expansions: 332,491, time: 296,009 [ms], path length: 52 [edges], g_F: 27, g_B: 25, generated: {'F': 307,461, 'B': 323,806}, MM: 2, MMPER: 2.7735849056603774%
[00:00:04:56:431] 
---------- SM_Grids/8x8_grid_with_random_blocks_8per_5 ----------
[00:00:00:00:057] Expansion 53: New longest path found with length 54: [0, 1, 2, 3, 11, 12, 4, 5, 13, 21, 20, 28, 27, 26, 18, 17, 16, 24, 25, 33, 32, 40, 48, 56, 57, 49, 41, 42, 34, 35, 43, 51, 50, 58, 59, 60, 61, 53, 52, 44, 36, 37, 29, 30, 22, 14, 6, 7, 15, 23, 31, 39, 47, 55, 63]
