--------------------------
date: cubes
number_of_graphs: 1
graph_type: cube
size_of_graphs: [8, 8]
heuristic: heuristic0
snake: True
run_uni: True
run_bi: False
run_multi: False
cube_first_dims: 8
cube_buffer_dim: 3
backward_sym_generation: False

---------- cubes/8d_cube ----------
[00:00:00:06:738] Expansion 100000: state [255, 223, 207, 203, 75, 73, 72, 88, 24, 56, 184, 186, 154, 138, 142, 140, 172, 44, 46, 42, 43, 171, 169, 137], f=83, g=23
[00:00:00:13:680] Expansion 200000: state [255, 223, 207, 203, 75, 73, 72, 88, 24, 28, 12, 140, 172, 188, 252, 124, 108, 109, 45, 41, 169, 185, 153, 155, 154, 186, 58], f=83, g=26
[00:00:00:20:599] Expansion 300000: state [255, 223, 207, 203, 75, 73, 72, 88, 24, 28, 60, 124, 108, 109, 237, 173, 169, 137, 136, 138, 154, 186, 187], f=83, g=22
[00:00:00:27:696] Expansion 400000: state [255, 223, 207, 203, 75, 73, 72, 88, 24, 26, 154, 186, 187, 171, 43, 42, 40, 44, 60, 188, 189, 157, 153], f=83, g=22
[00:00:00:34:478] Expansion 500000: state [255, 223, 207, 203, 75, 73, 72, 88, 24, 25, 153, 185, 187, 186, 190, 188, 156, 140, 12, 44, 45, 109, 237], f=83, g=22
[00:00:00:41:374] Expansion 600000: state [255, 223, 207, 203, 75, 73, 72, 88, 216, 152, 184, 188, 189, 157, 141, 137, 169, 41, 57, 121], f=83, g=19
[00:00:00:48:626] Expansion 700000: state [255, 223, 207, 203, 75, 73, 72, 88, 216, 220, 156, 28, 60, 44, 46, 42, 58, 26, 154, 138, 136, 137, 153, 185, 187, 171, 175], f=83, g=26
[00:00:00:55:518] Expansion 800000: state [255, 223, 207, 203, 75, 73, 72, 88, 216, 220, 156, 157, 189, 173, 45, 44, 40, 42, 43, 171, 187], f=83, g=20
[00:00:01:02:672] Expansion 900000: state [255, 223, 207, 203, 75, 73, 72, 88, 216, 220, 204, 140, 141, 157, 189, 185, 187, 186, 58, 42, 43, 41, 45, 109], f=83, g=23
[00:00:01:09:549] Expansion 1000000: state [255, 223, 207, 203, 75, 73, 72, 88, 216, 220, 252, 188, 60, 44, 46, 42, 58, 186, 154, 138, 136, 137, 169, 185, 249, 121], f=83, g=25
[00:00:01:17:267] Expansion 1100000: state [255, 223, 207, 203, 75, 73, 72, 88, 216, 218, 154, 26, 58, 56, 40, 41, 43, 171, 187, 185, 189], f=83, g=20
[00:00:01:24:234] Expansion 1200000: state [255, 223, 207, 203, 75, 73, 72, 88, 216, 218, 154, 186, 187, 171, 43, 41, 45, 44, 12, 140], f=83, g=19
[00:00:01:30:974] Expansion 1300000: state [255, 223, 207, 203, 75, 73, 72, 88, 216, 217, 153, 185, 57, 41, 43, 42, 58, 186, 190, 188, 172, 173, 237], f=83, g=22
[00:00:01:37:727] Expansion 1400000: state [255, 223, 207, 203, 75, 73, 72, 88, 216, 217, 153, 155, 187, 171, 175, 173, 237, 109, 108, 124, 252, 188, 184, 56], f=83, g=23
[00:00:01:44:262] Expansion 1500000: state [255, 223, 207, 203, 75, 73, 72, 88, 216, 217, 249, 185, 189, 188, 190, 186, 154, 138, 142, 140, 12, 44, 108, 109], f=83, g=23
[00:00:01:51:707] Expansion 1600000: state [255, 223, 207, 203, 75, 73, 72, 88, 120, 56, 60, 188, 189, 185, 153, 137, 136, 138, 154, 186], f=83, g=19
[00:00:01:58:611] Expansion 1700000: state [255, 223, 207, 203, 75, 73, 72, 88, 120, 124, 60, 44, 12, 140, 136, 138, 154, 26, 58, 42, 43, 41, 57, 25, 153, 157, 189, 173, 237], f=83, g=28
[00:00:02:05:575] Expansion 1800000: state [255, 223, 207, 203, 75, 73, 72, 88, 120, 124, 108, 44, 40, 41, 57, 185, 153, 157, 141, 140, 136, 138, 10, 26, 58, 186], f=83, g=25
[00:00:02:12:420] Expansion 1900000: state [255, 223, 207, 203, 75, 73, 72, 88, 120, 124, 252, 188, 156, 157, 141, 137, 136, 138, 154, 155, 187, 185, 249], f=83, g=22
[00:00:02:19:979] Expansion 2000000: state [255, 223, 207, 203, 75, 73, 72, 88, 120, 124, 252, 220, 204, 140, 141, 157, 153, 25, 57, 41, 45, 44, 46, 42, 10, 26, 154, 218], f=83, g=27
[00:00:02:26:971] Expansion 2100000: state [255, 223, 207, 203, 75, 73, 72, 88, 120, 122, 58, 186, 154, 138, 136, 140, 156, 157, 189, 185, 57, 41, 40], f=83, g=22
[00:00:02:33:796] Expansion 2200000: state [255, 223, 207, 203, 75, 73, 72, 88, 120, 121, 57, 41, 169, 173, 189, 188, 190, 186, 187, 155, 153, 152, 136, 138, 10, 26], f=83, g=25
[00:00:02:40:537] Expansion 2300000: state [255, 223, 207, 203, 75, 73, 72, 88, 120, 121, 249, 185, 169, 173, 237, 109, 108, 44, 46, 42, 58, 186], f=83, g=21
[00:00:02:47:012] Expansion 2400000: state [255, 223, 207, 203, 75, 73, 72, 88, 92, 28, 12, 140, 136, 152, 154, 26, 58, 42, 43, 171, 187, 185, 189, 173, 45, 109, 108], f=83, g=26
[00:00:02:53:977] Expansion 2500000: state [255, 223, 207, 203, 75, 73, 72, 88, 92, 28, 156, 140, 142, 138, 10, 42, 40, 44, 108, 109, 237, 173, 169, 171, 187, 155, 153, 25, 57, 121], f=83, g=29
[00:00:03:01:684] Expansion 2600000: state [255, 223, 207, 203, 75, 73, 72, 88, 92, 28, 60, 56, 40, 42, 10, 138, 142, 140, 141, 157, 153, 185, 169, 171, 175], f=83, g=24
[00:00:03:08:726] Expansion 2700000: state [255, 223, 207, 203, 75, 73, 72, 88, 92, 220, 156, 152, 153, 137, 141, 173, 175, 171, 43, 41, 40, 44, 12], f=83, g=22
[00:00:03:15:737] Expansion 2800000: state [255, 223, 207, 203, 75, 73, 72, 88, 92, 220, 204, 140, 136, 138, 154, 155, 153, 185, 57, 41, 40, 42], f=83, g=21
[00:00:03:22:787] Expansion 2900000: state [255, 223, 207, 203, 75, 73, 72, 88, 92, 220, 252, 188, 60, 56, 40, 42, 43, 171, 187, 185, 153, 157, 141, 140, 136, 138], f=83, g=25
[00:00:03:29:956] Expansion 3000000: state [255, 223, 207, 203, 75, 73, 72, 88, 92, 124, 60, 44, 12, 140, 142, 138, 154, 155, 153, 157, 189, 173, 169, 41, 57, 121, 249], f=83, g=26
[00:00:03:38:044] Expansion 3100000: state [255, 223, 207, 203, 75, 73, 72, 88, 92, 124, 60, 188, 189, 157, 141, 140, 136, 152, 154, 26, 10, 42, 43], f=83, g=22
[00:00:03:45:220] Expansion 3200000: state [255, 223, 207, 203, 75, 73, 72, 88, 92, 124, 108, 44, 45, 41, 57, 121, 249, 217, 153], f=83, g=18
[00:00:03:51:957] Expansion 3300000: state [255, 223, 207, 203, 75, 73, 72, 88, 92, 124, 252, 188, 156, 140, 12, 44, 45, 173, 169, 171, 43, 42, 10, 138, 154, 155, 153, 25, 57], f=83, g=28
[00:00:03:58:968] Expansion 3400000: state [255, 223, 207, 203, 75, 73, 72, 88, 90, 26, 10, 138, 136, 152, 156, 157, 141, 173, 175, 171, 187, 185, 57, 41, 40, 44, 60, 124, 252], f=83, g=28
[00:00:04:05:919] Expansion 3500000: state [255, 223, 207, 203, 75, 73, 72, 88, 90, 26, 10, 42, 40, 41, 57, 121, 249, 217, 153, 137, 141, 173, 237, 109, 108, 124, 60, 188, 156, 220, 204], f=83, g=30
[00:00:04:12:938] Expansion 3600000: state [255, 223, 207, 203, 75, 73, 72, 88, 90, 26, 154, 138, 142, 140, 172, 188, 60, 124, 108, 109, 45, 41, 57, 25, 153], f=83, g=24
[00:00:04:19:860] Expansion 3700000: state [255, 223, 207, 203, 75, 73, 72, 88, 90, 26, 154, 155, 153, 217, 249, 121, 57, 41, 45, 173, 141, 140, 156, 188, 252, 124, 108], f=83, g=26
[00:00:04:28:090] Expansion 3800000: state [255, 223, 207, 203, 75, 73, 72, 88, 90, 26, 58, 56, 57, 41, 43, 171, 187, 155, 153, 137, 141, 140, 172, 44], f=83, g=23
[00:00:04:35:124] Expansion 3900000: state [255, 223, 207, 203, 75, 73, 72, 88, 90, 218, 154, 138, 136, 140, 156, 157, 153, 185, 169, 173, 45], f=83, g=20
[00:00:04:42:068] Expansion 4000000: state [255, 223, 207, 203, 75, 73, 72, 88, 90, 218, 154, 186, 58, 56, 40, 44, 12, 28], f=83, g=17
[00:00:04:48:894] Expansion 4100000: state [255, 223, 207, 203, 75, 73, 72, 88, 90, 218, 154, 155, 187, 171, 175, 173, 189, 157, 156, 140, 12, 44, 46, 42, 58, 56, 57, 41], f=83, g=27
[00:00:04:55:893] Expansion 4200000: state [255, 223, 207, 203, 75, 73, 72, 88, 90, 122, 58, 42, 43, 41, 45, 173, 189, 157, 153, 137, 136, 138, 154], f=83, g=22
[00:00:05:02:916] Expansion 4300000: state [255, 223, 207, 203, 75, 73, 72, 88, 90, 122, 58, 186, 154, 155, 153, 217, 249, 121, 57, 41, 169, 173, 189, 188, 60, 124], f=83, g=25
[00:00:05:09:901] Expansion 4400000: state [255, 223, 207, 203, 75, 73, 72, 76, 12, 140, 136, 138, 10, 26, 90, 122, 120, 124, 60, 188, 189, 173, 169, 171, 187, 155, 153, 217, 216], f=83, g=28
[00:00:05:16:888] Expansion 4500000: state [255, 223, 207, 203, 75, 73, 72, 76, 12, 140, 172, 188, 252, 220, 216, 218, 154, 186, 58, 42, 43, 41, 169, 137], f=83, g=23
[00:00:05:23:747] Expansion 4600000: state [255, 223, 207, 203, 75, 73, 72, 76, 12, 140, 156, 220, 252, 124, 120, 122, 58, 186, 187, 185, 189, 173, 45], f=83, g=22
[00:00:05:30:708] Expansion 4700000: state [255, 223, 207, 203, 75, 73, 72, 76, 12, 140, 142, 138, 10, 26, 58, 56, 120, 121, 249, 217, 216, 220, 252, 188, 189, 173, 169, 171], f=83, g=27
[00:00:05:39:186] Expansion 4800000: state [255, 223, 207, 203, 75, 73, 72, 76, 12, 140, 141, 173, 169, 185, 153, 25, 24, 56, 58, 186, 190, 188, 252, 220, 216], f=83, g=24
[00:00:05:46:015] Expansion 4900000: state [255, 223, 207, 203, 75, 73, 72, 76, 12, 44, 40, 56, 120, 121, 249, 217, 216, 218, 90, 26, 10, 138, 136, 137, 169, 173, 189, 188, 190], f=83, g=28
[00:00:05:52:925] Expansion 5000000: state [255, 223, 207, 203, 75, 73, 72, 76, 12, 44, 40, 41, 43, 171, 175, 173, 141, 137, 136, 152, 24, 26, 58, 122, 120, 124, 252, 188, 190], f=83, g=28
[00:00:05:59:731] Expansion 5100000: state [255, 223, 207, 203, 75, 73, 72, 76, 12, 44, 172, 173, 189, 157, 156, 220, 216, 218, 154, 26, 58, 56, 57, 41], f=83, g=23
[00:00:06:06:634] Expansion 5200000: state [255, 223, 207, 203, 75, 73, 72, 76, 12, 44, 60, 124, 120, 122, 90, 26, 10, 138, 136, 152, 153, 155, 187, 171, 175, 173, 189], f=83, g=26
[00:00:06:13:630] Expansion 5300000: state [255, 223, 207, 203, 75, 73, 72, 76, 12, 44, 46, 42, 58, 122, 120, 121, 249, 185, 153, 137, 141, 173, 175, 171], f=83, g=23
[00:00:06:20:439] Expansion 5400000: state [255, 223, 207, 203, 75, 73, 72, 76, 12, 44, 45, 173, 141, 137, 136, 138, 10, 42, 58, 186, 190, 188, 252, 220, 216, 217, 249, 121, 57, 25, 24], f=83, g=30
[00:00:06:27:233] Expansion 5500000: state [255, 223, 207, 203, 75, 73, 72, 76, 12, 28, 24, 56, 120, 124, 252, 188, 190, 186, 154, 218, 216, 217, 153, 157, 141, 173, 175, 171, 43, 42, 46], f=83, g=30
[00:00:06:34:094] Expansion 5600000: state [255, 223, 207, 203, 75, 73, 72, 76, 12, 28, 156, 220, 216, 217, 249, 121, 120, 56, 184, 186, 154, 138, 10, 42, 43, 171], f=83, g=25
[00:00:06:40:967] Expansion 5700000: state [255, 223, 207, 203, 75, 73, 72, 76, 12, 28, 60, 56, 40, 42, 10, 138, 154, 186, 187, 185, 189, 173, 175], f=83, g=22
[00:00:06:47:930] Expansion 5800000: state [255, 223, 207, 203, 75, 73, 72, 76, 12, 28, 60, 124, 120, 122, 90, 26, 154, 186, 187, 185, 169, 41, 43], f=83, g=22
[00:00:06:54:853] Expansion 5900000: state [255, 223, 207, 203, 75, 73, 72, 76, 204, 140, 136, 138, 10, 42, 43, 171, 187, 185, 249, 121, 120, 124, 60, 44, 45, 109], f=83, g=25
[00:00:07:01:843] Expansion 6000000: state [255, 223, 207, 203, 75, 73, 72, 76, 204, 140, 136, 137, 153, 155, 187, 171, 175, 173, 45, 41, 40, 42, 10, 26, 90, 122, 120, 121, 249], f=83, g=28
[00:00:07:11:220] Expansion 6100000: state [255, 223, 207, 203, 75, 73, 72, 76, 204, 140, 172, 173, 169, 185, 153, 152, 154, 26, 58, 122], f=83, g=19
[00:00:07:18:748] Expansion 6200000: state [255, 223, 207, 203, 75, 73, 72, 76, 204, 140, 156, 188, 60, 56, 58, 42, 43, 171, 169, 185], f=83, g=19
[00:00:07:25:608] Expansion 6300000: state [255, 223, 207, 203, 75, 73, 72, 76, 204, 140, 142, 138, 10, 42, 46, 44, 60, 28, 24, 152, 153, 155], f=83, g=21
[00:00:07:32:470] Expansion 6400000: state [255, 223, 207, 203, 75, 73, 72, 76, 204, 140, 141, 137, 169, 41, 57, 121, 120, 124, 60, 188, 190, 186, 58, 26, 24, 152, 216, 217], f=83, g=27
[00:00:07:39:165] Expansion 6500000: state [255, 223, 207, 203, 75, 73, 72, 76, 204, 140, 141, 173, 189, 185, 57, 121, 120, 124, 60, 44, 46, 42, 58, 26, 90], f=83, g=24
[00:00:07:45:982] Expansion 6600000: state [255, 223, 207, 203, 75, 73, 72, 76, 204, 220, 156, 28, 24, 56, 57, 121, 249, 217, 153, 155, 187, 171, 43, 42, 46, 44, 172], f=83, g=26
[00:00:07:52:842] Expansion 6700000: state [255, 223, 207, 203, 75, 73, 72, 76, 204, 220, 156, 188, 60, 56, 58, 26, 10, 138, 136, 137, 141, 173, 175, 171, 187, 185, 249, 121], f=83, g=27
[00:00:07:59:684] Expansion 6800000: state [255, 223, 207, 203, 75, 73, 72, 76, 204, 220, 156, 157, 153, 137, 169, 173, 172, 44, 46, 42, 10, 26, 24, 56, 184], f=83, g=24
[00:00:08:06:505] Expansion 6900000: state [255, 223, 207, 203, 75, 73, 72, 76, 204, 220, 216, 218, 90, 26, 10, 138, 136, 137, 153, 25, 57, 121, 120, 124, 60, 188, 189, 173, 237, 109], f=83, g=29
[00:00:08:13:434] Expansion 7000000: state [255, 223, 207, 203, 75, 73, 72, 76, 204, 220, 216, 218, 154, 186, 184, 185, 153, 157, 141, 173, 172, 44, 40, 42, 43, 171], f=83, g=25
[00:00:08:20:162] Expansion 7100000: state [255, 223, 207, 203, 75, 73, 72, 76, 204, 220, 216, 217, 249, 121, 120, 56, 58, 186, 190, 188, 172, 173, 169, 137, 136, 138, 142], f=83, g=26
[00:00:08:27:002] Expansion 7200000: state [255, 223, 207, 203, 75, 73, 72, 76, 204, 220, 252, 124, 120, 122, 58, 26, 10, 138, 136, 137, 153, 185, 189, 173], f=83, g=23
[00:00:08:33:917] Expansion 7300000: state [255, 223, 207, 203, 75, 73, 72, 76, 204, 220, 252, 188, 172, 44, 46, 42, 58, 26, 154, 138, 136, 137, 169, 171], f=83, g=23
[00:00:08:40:868] Expansion 7400000: state [255, 223, 207, 203, 75, 73, 72, 76, 108, 44, 40, 56, 24, 28, 156, 140, 136, 138, 154, 218, 216, 217, 249, 185, 169, 171, 43], f=83, g=26
[00:00:08:48:209] Expansion 7500000: state [255, 223, 207, 203, 75, 73, 72, 76, 108, 44, 40, 42, 43, 171, 187, 185, 189, 188, 156, 220, 216, 218, 154, 138, 136, 137], f=83, g=25
[00:00:08:55:115] Expansion 7600000: state [255, 223, 207, 203, 75, 73, 72, 76, 108, 44, 172, 140, 142, 138, 154, 186, 187, 171, 169, 137, 153, 217], f=83, g=21
[00:00:09:01:966] Expansion 7700000: state [255, 223, 207, 203, 75, 73, 72, 76, 108, 44, 172, 173, 175, 171, 43, 42, 10, 26, 154, 155, 153, 185, 184, 56, 120], f=83, g=24
[00:00:09:12:230] Expansion 7800000: state [255, 223, 207, 203, 75, 73, 72, 76, 108, 44, 60, 188, 156, 140, 136, 137, 169, 171, 187, 186, 58, 42], f=83, g=21
[00:00:09:19:214] Expansion 7900000: state [255, 223, 207, 203, 75, 73, 72, 76, 108, 44, 46, 42, 10, 138, 142, 140, 141, 157, 189, 185, 57, 56, 120, 122, 90, 218, 216], f=83, g=26
[00:00:09:26:215] Expansion 8000000: state [255, 223, 207, 203, 75, 73, 72, 76, 108, 44, 46, 42, 43, 171, 187, 185, 184, 56, 24, 26, 154, 138, 136, 140, 141, 157], f=83, g=25
[00:00:09:33:062] Expansion 8100000: state [255, 223, 207, 203, 75, 73, 72, 76, 108, 44, 45, 173, 141, 137, 153, 155, 154, 138], f=83, g=17
[00:00:09:39:922] Expansion 8200000: state [255, 223, 207, 203, 75, 73, 72, 76, 108, 124, 60, 28, 24, 26, 10, 138, 142, 140, 141, 173, 169, 171, 187, 155], f=83, g=23
[00:00:09:46:959] Expansion 8300000: state [255, 223, 207, 203, 75, 73, 72, 76, 108, 124, 60, 56, 58, 42, 43, 171, 175, 173, 141, 157, 153, 217, 216, 218, 154], f=83, g=24
[00:00:09:53:877] Expansion 8400000: state [255, 223, 207, 203, 75, 73, 72, 76, 108, 124, 60, 188, 189, 157, 153, 217, 216, 218, 154, 26, 10, 42, 43, 171, 169], f=83, g=24
[00:00:10:00:921] Expansion 8500000: state [255, 223, 207, 203, 75, 73, 72, 76, 108, 124, 120, 56, 57, 25, 153, 152, 154, 138, 10, 42, 43, 171, 175, 173, 141, 140], f=83, g=25
[00:00:10:08:066] Expansion 8600000: state [255, 223, 207, 203, 75, 73, 72, 76, 108, 124, 120, 122, 90, 26, 154, 155, 153, 185, 184, 188, 172, 173, 45], f=83, g=22
[00:00:10:14:909] Expansion 8700000: state [255, 223, 207, 203, 75, 73, 72, 76, 108, 124, 120, 121, 249, 185, 184, 188, 172, 173, 175, 171, 43, 42, 58, 26, 154, 218, 216], f=83, g=26
[00:00:10:21:851] Expansion 8800000: state [255, 223, 207, 203, 75, 73, 72, 76, 108, 124, 252, 188, 172, 140, 141, 137, 153, 152, 24, 26, 58, 186, 187, 171], f=83, g=23
[00:00:10:29:010] Expansion 8900000: state [255, 223, 207, 203, 75, 73, 72, 76, 108, 124, 252, 220, 156, 140, 136, 138, 154, 186, 58, 42, 43, 171, 169, 173, 237], f=83, g=24
[00:00:10:36:182] Expansion 9000000: state [255, 223, 207, 203, 75, 73, 72, 76, 108, 124, 252, 220, 216, 217, 249, 185, 169, 173, 172, 140, 142, 138, 154, 186, 58, 42], f=83, g=25
[00:00:10:43:166] Expansion 9100000: state [255, 223, 207, 203, 75, 73, 72, 76, 108, 109, 45, 41, 57, 56, 58, 186, 154, 138, 142, 140, 141, 137, 153, 217, 216, 220, 252, 188], f=83, g=27
[00:00:10:50:222] Expansion 9200000: state [255, 223, 207, 203, 75, 73, 72, 76, 108, 109, 45, 173, 141, 140, 156, 28, 60, 56, 57, 185, 187, 186, 154, 138, 10, 42, 43], f=83, g=26
[00:00:10:57:260] Expansion 9300000: state [255, 223, 207, 203, 75, 73, 72, 76, 108, 109, 45, 173, 172, 188, 60, 56, 57, 185, 249, 217, 216, 218, 154, 26, 10, 42, 43, 171], f=83, g=27
[00:00:11:04:170] Expansion 9400000: state [255, 223, 207, 203, 75, 73, 72, 76, 108, 109, 237, 173, 141, 137, 136, 138, 154, 155, 187, 171, 43, 41, 40, 56, 184, 188, 156, 220, 216, 217, 249, 121], f=83, g=31
[00:00:11:10:839] Expansion 9500000: state [255, 223, 207, 203, 75, 73, 72, 76, 108, 109, 237, 173, 169, 137, 153, 217, 216, 218, 90, 26, 24, 56, 184, 188], f=83, g=23
[00:00:11:17:469] Expansion 9600000: state [255, 223, 207, 203, 75, 73, 72, 76, 108, 109, 237, 173, 172, 188, 190, 186, 154, 138, 136, 137, 153, 185, 249], f=83, g=22
[00:00:11:24:438] Expansion 9700000: state [255, 223, 207, 203, 75, 73, 72, 76, 108, 109, 237, 173, 175, 171, 187, 186, 154, 26, 24, 25, 153, 157], f=83, g=21
[00:00:11:31:390] Expansion 9800000: state [255, 223, 207, 203, 75, 73, 72, 76, 92, 28, 24, 26, 154, 155, 153, 157, 189, 173, 175, 171, 43, 41, 57], f=83, g=22
[00:00:11:38:350] Expansion 9900000: state [255, 223, 207, 203, 75, 73, 72, 76, 92, 28, 156, 140, 142, 138, 154, 186, 184, 56, 40, 42, 43, 171, 175, 173], f=83, g=23
[00:00:11:45:353] Expansion 10000000: state [255, 223, 207, 203, 75, 73, 72, 76, 92, 28, 156, 188, 189, 173, 169, 137, 136, 138, 154, 186, 58, 122, 120, 121, 249, 217, 216], f=83, g=26
[00:00:11:52:290] Expansion 10100000: state [255, 223, 207, 203, 75, 73, 72, 76, 92, 28, 60, 44, 46, 42, 10, 26, 90, 122, 120, 121, 57, 185, 184, 152, 136, 140, 141, 173], f=83, g=27
[00:00:11:59:303] Expansion 10200000: state [255, 223, 207, 203, 75, 73, 72, 76, 92, 28, 60, 188, 172, 173, 141, 137, 136, 138, 142], f=83, g=18
[00:00:12:06:343] Expansion 10300000: state [255, 223, 207, 203, 75, 73, 72, 76, 92, 220, 156, 140, 142, 138, 10, 42, 58, 186, 187, 171, 169, 41, 57], f=83, g=22
[00:00:12:18:703] Expansion 10400000: state [255, 223, 207, 203, 75, 73, 72, 76, 92, 220, 156, 188, 172, 173, 175, 171, 187, 186, 154, 26, 10, 42, 40, 56, 57], f=83, g=24
[00:00:12:25:688] Expansion 10500000: state [255, 223, 207, 203, 75, 73, 72, 76, 92, 220, 216, 152, 136, 138, 10, 26, 58, 186, 187, 171, 175, 173, 189, 188], f=83, g=23
[00:00:12:32:720] Expansion 10600000: state [255, 223, 207, 203, 75, 73, 72, 76, 92, 220, 216, 218, 90, 122, 58, 56, 57, 25, 153, 137, 169, 171, 43], f=83, g=22
[00:00:12:39:737] Expansion 10700000: state [255, 223, 207, 203, 75, 73, 72, 76, 92, 220, 216, 217, 153, 25, 57, 56, 40, 42, 43, 171, 187], f=83, g=20
[00:00:12:46:578] Expansion 10800000: state [255, 223, 207, 203, 75, 73, 72, 76, 92, 220, 216, 217, 249, 121, 120, 122, 58, 186, 187, 171, 43, 41, 40, 44, 172, 140, 136, 138, 10], f=83, g=28
[00:00:12:53:546] Expansion 10900000: state [255, 223, 207, 203, 75, 73, 72, 76, 92, 220, 252, 188, 172, 140, 136, 138, 10, 26, 58, 56, 57, 121, 249, 217, 153, 155, 187, 171, 175], f=83, g=28
[00:00:13:00:695] Expansion 11000000: state [255, 223, 207, 203, 75, 73, 72, 76, 92, 220, 252, 188, 189, 157, 153, 25, 57, 41, 40, 42, 58, 186, 154, 138], f=83, g=23
[00:00:13:07:855] Expansion 11100000: state [255, 223, 207, 203, 75, 73, 72, 76, 92, 124, 60, 44, 46, 42, 43, 171, 169, 185, 153, 152, 24, 26, 90, 122], f=83, g=23
[00:00:13:14:917] Expansion 11200000: state [255, 223, 207, 203, 75, 73, 72, 76, 92, 124, 60, 188, 156, 157, 153, 217, 216, 218, 154, 26, 58, 42, 40, 41, 169, 171, 175], f=83, g=26
[00:00:13:21:974] Expansion 11300000: state [255, 223, 207, 203, 75, 73, 72, 76, 92, 124, 120, 56, 40, 42, 43, 171, 169, 137, 136, 140, 156, 157, 189], f=83, g=22
[00:00:13:29:170] Expansion 11400000: state [255, 223, 207, 203, 75, 73, 72, 76, 92, 124, 120, 122, 58, 42, 10, 138, 154, 155, 187, 171, 169, 41, 45, 44, 172, 188, 184], f=83, g=26
[00:00:13:36:322] Expansion 11500000: state [255, 223, 207, 203, 75, 73, 72, 76, 92, 124, 120, 122, 90, 218, 154, 155, 187, 171, 175, 173, 189, 157, 156], f=83, g=22
[00:00:13:43:248] Expansion 11600000: state [255, 223, 207, 203, 75, 73, 72, 76, 92, 124, 120, 121, 249, 185, 169, 41, 40, 42, 58, 26, 90, 218, 216, 152, 156, 140, 141], f=83, g=26
[00:00:13:50:143] Expansion 11700000: state [255, 223, 207, 203, 75, 73, 72, 76, 92, 124, 252, 188, 156, 152, 153, 185, 187, 171, 43, 42, 46], f=83, g=20
[00:00:13:57:276] Expansion 11800000: state [255, 223, 207, 203, 75, 73, 72, 76, 92, 124, 252, 188, 190, 186, 58, 122, 90, 218, 216, 152, 153, 185, 169, 173, 141], f=83, g=24
[00:00:14:04:487] Expansion 11900000: state [255, 223, 207, 203, 75, 73, 72, 76, 92, 94, 90, 26, 10, 42, 46, 44, 60, 56, 184, 152, 156, 157, 141, 173, 169, 41], f=83, g=25
[00:00:14:11:669] Expansion 12000000: state [255, 223, 207, 203, 75, 73, 72, 76, 92, 94, 90, 26, 58, 42, 40, 44, 172, 188, 156, 157, 141, 137, 136], f=83, g=22
[00:00:14:18:881] Expansion 12100000: state [255, 223, 207, 203, 75, 73, 72, 76, 92, 94, 90, 218, 154, 186, 58, 56, 57, 121, 249, 217, 153, 137, 136, 140, 172, 173, 45, 109], f=83, g=27
[00:00:14:25:929] Expansion 12200000: state [255, 223, 207, 203, 75, 73, 72, 76, 92, 94, 90, 218, 216, 217, 249, 121, 57, 56, 40, 44, 172, 173, 169, 171, 43], f=83, g=24
[00:00:14:33:065] Expansion 12300000: state [255, 223, 207, 203, 75, 73, 72, 76, 92, 94, 90, 122, 120, 56, 24, 25, 153, 157, 156, 140, 142, 138, 10, 42, 46], f=83, g=24
[00:00:14:40:082] Expansion 12400000: state [255, 223, 207, 203, 75, 73, 72, 76, 92, 94, 90, 122, 120, 121, 249, 217, 153, 152, 154, 138, 10, 42, 40, 44, 172, 173, 189], f=83, g=26
[00:00:14:47:133] Expansion 12500000: state [255, 223, 207, 203, 75, 73, 72, 76, 78, 94, 90, 26, 10, 42, 40, 44, 172, 173, 141, 157, 156, 220, 216, 217, 249, 121, 120], f=83, g=26
[00:00:14:54:237] Expansion 12600000: state [255, 223, 207, 203, 75, 73, 72, 76, 78, 94, 90, 26, 24, 56, 184, 188, 172, 140, 141, 137, 153, 155, 187, 171, 43, 41, 45], f=83, g=26
[00:00:15:01:219] Expansion 12700000: state [255, 223, 207, 203, 75, 73, 72, 76, 78, 94, 90, 26, 154, 152, 216, 220, 252, 188, 60, 44, 40, 41, 57, 185, 187, 171, 175, 173, 237, 109], f=83, g=29
[00:00:15:18:229] Expansion 12800000: state [255, 223, 207, 203, 75, 73, 72, 76, 78, 94, 90, 26, 58, 42, 40, 41, 57, 121, 120, 124, 252, 220, 216, 152, 153, 137, 141, 173, 175, 171], f=83, g=29
[00:00:15:25:257] Expansion 12900000: state [255, 223, 207, 203, 75, 73, 72, 76, 78, 94, 90, 218, 154, 138, 10, 42, 40, 41, 45, 173, 189, 188, 60, 28, 24, 25], f=83, g=25
[00:00:15:32:341] Expansion 13000000: state [255, 223, 207, 203, 75, 73, 72, 76, 78, 94, 90, 218, 154, 152, 153, 217, 249, 121, 120, 56, 40, 41, 45, 173, 141], f=83, g=24
[00:00:15:39:370] Expansion 13100000: state [255, 223, 207, 203, 75, 73, 72, 76, 78, 94, 90, 218, 154, 155, 187, 185, 249, 121, 120, 124, 252, 188, 172, 173, 45, 41, 43, 42, 58], f=83, g=28
[00:00:15:46:327] Expansion 13200000: state [255, 223, 207, 203, 75, 73, 72, 76, 78, 94, 90, 218, 216, 220, 156, 157, 153, 25, 57, 121, 120, 124, 60, 44, 45, 173, 169, 171, 43, 42, 10, 138, 136], f=83, g=32
[00:00:15:53:228] Expansion 13300000: state [255, 223, 207, 203, 75, 73, 72, 76, 78, 94, 90, 218, 216, 217, 153, 155, 187, 171, 43, 42, 10, 138, 142, 140, 172, 188, 184, 56, 24, 28], f=83, g=29
[00:00:16:00:088] Expansion 13400000: state [255, 223, 207, 203, 75, 73, 72, 76, 78, 94, 90, 122, 58, 42, 46, 44, 60, 124, 252, 220, 216, 217, 153, 157, 189], f=83, g=24
[00:00:16:07:141] Expansion 13500000: state [255, 223, 207, 203, 75, 73, 72, 76, 78, 94, 90, 122, 58, 186, 187, 171, 43, 41, 45, 173, 172, 188, 252, 220, 216, 217, 153, 137], f=83, g=27
[00:00:16:14:197] Expansion 13600000: state [255, 223, 207, 203, 75, 73, 72, 76, 78, 94, 90, 122, 120, 56, 57, 185, 153, 157, 156, 188, 190, 186, 154, 138, 10, 42, 46, 44, 45, 173], f=83, g=29
[00:00:16:21:229] Expansion 13700000: state [255, 223, 207, 203, 75, 73, 72, 76, 78, 94, 90, 122, 120, 124, 252, 220, 216, 152, 184, 186, 187, 171, 175, 173, 45, 41, 40, 42, 46], f=83, g=28
[00:00:16:28:089] Expansion 13800000: state [255, 223, 207, 203, 75, 73, 72, 76, 78, 94, 90, 122, 120, 121, 249, 217, 153, 157, 156, 188, 190, 186, 187, 171, 175, 173, 45, 44, 40], f=83, g=28
[00:00:16:34:855] Expansion 13900000: state [255, 223, 207, 203, 75, 73, 105, 41, 40, 56, 184, 188, 189, 157, 153, 155, 154, 218, 216, 220, 92, 93], f=83, g=21
[00:00:16:41:633] Expansion 14000000: state [255, 223, 207, 203, 75, 73, 105, 41, 40, 56, 120, 122, 90, 26, 154, 186, 187, 185, 189, 173, 141, 140, 12, 76, 92, 220, 252], f=83, g=26
[00:00:16:48:379] Expansion 14100000: state [255, 223, 207, 203, 75, 73, 105, 41, 40, 56, 58, 26, 10, 138, 136, 137, 153, 217, 216, 88, 92, 76, 12], f=83, g=22
[00:00:16:55:178] Expansion 14200000: state [255, 223, 207, 203, 75, 73, 105, 41, 40, 44, 12, 140, 136, 137, 153, 155, 154, 26, 24, 88, 92, 124, 252], f=83, g=22
[00:00:17:01:997] Expansion 14300000: state [255, 223, 207, 203, 75, 73, 105, 41, 40, 44, 12, 28, 156, 188, 184, 185, 187, 171, 175, 173, 141, 137, 136, 138, 154, 218, 216, 88, 120], f=83, g=28
[00:00:17:08:786] Expansion 14400000: state [255, 223, 207, 203, 75, 73, 105, 41, 40, 44, 108, 76, 204, 140, 142, 138, 10, 26, 90, 88, 216, 152, 153, 155, 187, 186, 190, 188, 189, 173], f=83, g=29
[00:00:17:15:552] Expansion 14500000: state [255, 223, 207, 203, 75, 73, 105, 41, 40, 44, 108, 124, 92, 94, 90, 218, 154, 186, 187, 185, 189, 173], f=83, g=21
[00:00:17:22:307] Expansion 14600000: state [255, 223, 207, 203, 75, 73, 105, 41, 40, 44, 60, 188, 252, 220, 92, 94, 90, 26, 154, 155, 153, 217, 249], f=83, g=22
[00:00:17:29:078] Expansion 14700000: state [255, 223, 207, 203, 75, 73, 105, 41, 40, 42, 10, 138, 136, 140, 156, 157, 153, 25, 24, 88, 120], f=83, g=20
[00:00:17:35:897] Expansion 14800000: state [255, 223, 207, 203, 75, 73, 105, 41, 40, 42, 10, 138, 142, 140, 172, 188, 60, 124, 92, 220, 216, 217, 153, 137], f=83, g=23
[00:00:17:43:162] Expansion 14900000: state [255, 223, 207, 203, 75, 73, 105, 41, 40, 42, 10, 26, 90, 218, 216, 217, 153, 185, 184, 188, 60, 124, 92, 76, 12, 140, 141, 173], f=83, g=27
[00:00:17:49:900] Expansion 15000000: state [255, 223, 207, 203, 75, 73, 105, 41, 40, 42, 58, 26, 90, 94, 78, 76, 204, 220, 216, 152, 184, 188, 172, 173, 141, 157], f=83, g=25
[00:00:17:56:655] Expansion 15100000: state [255, 223, 207, 203, 75, 73, 105, 41, 40, 42, 58, 186, 187, 185, 189, 188, 156, 152, 216, 88, 92, 93], f=83, g=21
[00:00:18:03:378] Expansion 15200000: state [255, 223, 207, 203, 75, 73, 105, 41, 169, 137, 136, 152, 24, 88, 120, 124, 60], f=83, g=16
[00:00:18:09:984] Expansion 15300000: state [255, 223, 207, 203, 75, 73, 105, 41, 169, 137, 153, 152, 216, 88, 120, 122, 58, 26, 10, 138, 142, 140, 204, 76], f=83, g=23
[00:00:18:16:531] Expansion 15400000: state [255, 223, 207, 203, 75, 73, 105, 41, 169, 137, 153, 157, 189, 188, 184, 186, 154, 218, 216, 220, 204, 76, 78], f=83, g=22
[00:00:18:23:190] Expansion 15500000: state [255, 223, 207, 203, 75, 73, 105, 41, 169, 137, 141, 140, 172, 188, 184, 56, 24, 26, 90, 218], f=83, g=19
[00:00:18:29:836] Expansion 15600000: state [255, 223, 207, 203, 75, 73, 105, 41, 169, 185, 153, 152, 216, 88, 90, 122, 58, 42, 10, 138, 142, 140, 12, 76, 108], f=83, g=24
[00:00:18:36:595] Expansion 15700000: state [255, 223, 207, 203, 75, 73, 105, 41, 169, 185, 153, 155, 154, 138, 10, 42, 58, 56, 120, 88, 90, 94, 78, 76, 12, 44, 172, 188, 252], f=83, g=28
[00:00:18:43:324] Expansion 15800000: state [255, 223, 207, 203, 75, 73, 105, 41, 169, 185, 249, 217, 216, 152, 154, 138, 10, 42, 58, 56, 120, 124, 108, 44, 12, 140, 204], f=83, g=26
[00:00:18:50:039] Expansion 15900000: state [255, 223, 207, 203, 75, 73, 105, 41, 169, 185, 189, 188, 172, 140, 136, 138, 154, 218, 90, 94, 92, 124], f=83, g=21
[00:00:18:56:775] Expansion 16000000: state [255, 223, 207, 203, 75, 73, 105, 41, 169, 185, 187, 186, 190, 188, 172, 44, 12, 76, 204, 220, 216, 152, 24, 26, 90, 94], f=83, g=25
[00:00:19:03:571] Expansion 16100000: state [255, 223, 207, 203, 75, 73, 105, 41, 169, 173, 141, 140, 142, 138, 154, 152, 216, 220, 92, 94, 90, 122, 58, 42, 46, 44], f=83, g=25
[00:00:19:10:240] Expansion 16200000: state [255, 223, 207, 203, 75, 73, 105, 41, 169, 173, 172, 44, 46, 42, 58, 56, 24, 28, 156, 220, 216, 217, 153, 155], f=83, g=23
[00:00:19:16:921] Expansion 16300000: state [255, 223, 207, 203, 75, 73, 105, 41, 169, 173, 189, 157, 153, 217, 216, 218, 154, 186, 184, 56, 120, 124, 108, 76, 204, 140, 142], f=83, g=26
[00:00:19:23:636] Expansion 16400000: state [255, 223, 207, 203, 75, 73, 105, 41, 169, 173, 189, 188, 252, 124, 108, 44, 12, 140, 136, 152, 24, 56, 58, 122, 90, 94, 78], f=83, g=26
[00:00:19:30:327] Expansion 16500000: state [255, 223, 207, 203, 75, 73, 105, 41, 169, 171, 187, 155, 153, 157, 156, 220, 92, 94, 90, 26, 24, 56, 60, 44, 172], f=83, g=24
[00:00:19:37:120] Expansion 16600000: state [255, 223, 207, 203, 75, 73, 105, 41, 169, 171, 187, 186, 58, 56, 24, 88, 92, 220, 204, 140, 141], f=83, g=20
[00:00:19:43:876] Expansion 16700000: state [255, 223, 207, 203, 75, 73, 105, 41, 169, 171, 187, 186, 190, 188, 60, 124, 120, 122, 90, 26, 10, 138, 136, 152, 153], f=83, g=24
[00:00:19:50:468] Expansion 16800000: state [255, 223, 207, 203, 75, 73, 105, 41, 57, 25, 24, 28, 92, 124, 252, 188, 172, 44, 46, 42, 10, 138, 154, 218], f=83, g=23
[00:00:19:57:189] Expansion 16900000: state [255, 223, 207, 203, 75, 73, 105, 41, 57, 25, 153, 137, 141, 173, 175, 171, 187, 186, 154, 218, 216, 88, 120, 124, 60, 44, 46], f=83, g=26
[00:00:20:03:955] Expansion 17000000: state [255, 223, 207, 203, 75, 73, 105, 41, 57, 25, 153, 217, 216, 218, 90, 94, 92, 76, 12, 140, 136, 138, 10, 42, 58, 186, 184, 188, 189], f=83, g=28
[00:00:20:10:598] Expansion 17100000: state [255, 223, 207, 203, 75, 73, 105, 41, 57, 25, 153, 155, 154, 186, 58, 122, 90, 88, 92, 76, 204, 140, 141, 173, 189], f=83, g=24
[00:00:20:17:313] Expansion 17200000: state [255, 223, 207, 203, 75, 73, 105, 41, 57, 56, 24, 26, 90, 94, 92, 76, 12, 44, 172, 188, 156, 157, 153, 217, 216], f=83, g=24
[00:00:20:24:053] Expansion 17300000: state [255, 223, 207, 203, 75, 73, 105, 41, 57, 56, 120, 124, 92, 76, 204, 140, 141, 173, 175, 171, 187, 186, 154, 26], f=83, g=23
[00:00:20:30:810] Expansion 17400000: state [255, 223, 207, 203, 75, 73, 105, 41, 57, 56, 60, 44, 46, 42, 10, 138, 142, 140, 204, 76, 92, 94, 90, 218, 216], f=83, g=24
[00:00:20:37:670] Expansion 17500000: state [255, 223, 207, 203, 75, 73, 105, 41, 57, 56, 58, 42, 46, 44, 108, 76, 92, 94, 90, 218, 154, 152, 153, 137, 141, 173, 189, 188, 252], f=83, g=28
[00:00:20:44:667] Expansion 17600000: state [255, 223, 207, 203, 75, 73, 105, 41, 57, 185, 153, 137, 141, 173, 172, 44, 60, 28, 156, 220, 216, 218, 154, 138], f=83, g=23
[00:00:20:51:504] Expansion 17700000: state [255, 223, 207, 203, 75, 73, 105, 41, 57, 185, 153, 155, 154, 138, 10, 42, 46, 44, 12, 140, 204, 220, 216, 88], f=83, g=23
[00:00:20:58:358] Expansion 17800000: state [255, 223, 207, 203, 75, 73, 105, 41, 57, 185, 249, 217, 216, 152, 154, 138, 10, 42, 46, 44, 172, 188, 252, 124], f=83, g=23
[00:00:21:05:284] Expansion 17900000: state [255, 223, 207, 203, 75, 73, 105, 41, 57, 185, 189, 188, 60, 28, 92, 88, 90, 218, 154, 186, 58, 42, 10], f=83, g=22
[00:00:21:12:097] Expansion 18000000: state [255, 223, 207, 203, 75, 73, 105, 41, 57, 185, 187, 171, 175, 173, 172, 44, 12, 76, 92, 94, 90, 218], f=83, g=21
[00:00:21:18:971] Expansion 18100000: state [255, 223, 207, 203, 75, 73, 105, 41, 45, 44, 12, 140, 204, 220, 216, 218, 90, 122, 58, 186, 190, 188, 189, 185], f=83, g=23
[00:00:21:25:705] Expansion 18200000: state [255, 223, 207, 203, 75, 73, 105, 41, 45, 44, 12, 28, 24, 56, 184, 186, 187, 155], f=83, g=17
[00:00:21:32:808] Expansion 18300000: state [255, 223, 207, 203, 75, 73, 105, 41, 45, 44, 172, 188, 252, 220, 216, 218, 154, 26, 24, 25, 153, 185, 187, 171], f=83, g=23
[00:00:21:39:841] Expansion 18400000: state [255, 223, 207, 203, 75, 73, 105, 41, 45, 44, 108, 76, 78, 94, 90, 218, 216, 217, 249, 185, 187, 186, 58, 42, 10, 138, 136, 137, 141, 157, 156, 28], f=83, g=31
[00:00:21:46:751] Expansion 18500000: state [255, 223, 207, 203, 75, 73, 105, 41, 45, 44, 60, 28, 92, 76, 204, 140, 141, 137, 153, 185, 187, 186, 58, 26, 10, 138], f=83, g=25
[00:00:21:53:451] Expansion 18600000: state [255, 223, 207, 203, 75, 73, 105, 41, 45, 44, 60, 124, 120, 88, 90, 26, 154, 138, 142, 140, 141, 157, 153, 185, 249], f=83, g=24
[00:00:22:00:221] Expansion 18700000: state [255, 223, 207, 203, 75, 73, 105, 41, 45, 44, 46, 42, 58, 56, 120, 88, 92, 220, 156, 157, 153, 137, 136, 138, 142], f=83, g=24
[00:00:22:06:935] Expansion 18800000: state [255, 223, 207, 203, 75, 73, 105, 41, 45, 173, 141, 140, 12, 76, 108, 124, 120, 56, 58, 26], f=83, g=19
[00:00:22:13:932] Expansion 18900000: state [255, 223, 207, 203, 75, 73, 105, 41, 45, 173, 141, 140, 142, 138, 154, 218, 90, 88, 92, 124, 252, 188, 184], f=83, g=22
[00:00:22:20:801] Expansion 19000000: state [255, 223, 207, 203, 75, 73, 105, 41, 45, 173, 172, 140, 156, 28, 92, 88, 120, 122, 58, 186, 187, 185, 249], f=83, g=22
[00:00:22:27:612] Expansion 19100000: state [255, 223, 207, 203, 75, 73, 105, 41, 45, 173, 189, 157, 153, 217, 216, 218, 154, 138, 142, 140, 204, 76, 92, 28, 60], f=83, g=24
[00:00:22:34:263] Expansion 19200000: state [255, 223, 207, 203, 75, 73, 105, 41, 45, 173, 189, 188, 60, 28, 12, 140, 142, 138, 10, 42, 58, 186, 187, 155, 153, 217, 216, 88], f=83, g=27
[00:00:22:41:001] Expansion 19300000: state [255, 223, 207, 203, 75, 73, 105, 41, 45, 173, 175, 171, 187, 155, 153, 217, 216, 218, 90, 26, 10, 138, 136, 140, 156, 188, 252, 124, 92], f=83, g=28
[00:00:22:47:690] Expansion 19400000: state [255, 223, 207, 203, 75, 73, 105, 41, 45, 173, 175, 171, 187, 186, 58, 122, 90, 94, 78, 76, 108, 124, 252, 188, 156, 157, 153, 137], f=83, g=27
[00:00:22:54:523] Expansion 19500000: state [255, 223, 207, 203, 75, 73, 105, 41, 43, 42, 10, 138, 136, 137, 141, 157, 189, 185, 249, 217, 216, 220, 204, 76, 12, 28, 60, 124, 120, 122, 90, 94], f=83, g=31
[00:00:23:01:501] Expansion 19600000: state [255, 223, 207, 203, 75, 73, 105, 41, 43, 42, 10, 138, 154, 186, 187, 185, 189, 173, 141, 140, 204, 76, 108, 44, 60, 28, 24, 25], f=83, g=27
[00:00:23:08:390] Expansion 19700000: state [255, 223, 207, 203, 75, 73, 105, 41, 43, 42, 10, 26, 24, 88, 92, 76, 108, 44, 172, 188, 190, 186, 187, 155], f=83, g=23
[00:00:23:15:524] Expansion 19800000: state [255, 223, 207, 203, 75, 73, 105, 41, 43, 42, 10, 26, 90, 88, 120, 124, 108, 76, 204, 220, 156, 152, 153, 155, 187], f=83, g=24
[00:00:23:22:585] Expansion 19900000: state [255, 223, 207, 203, 75, 73, 105, 41, 43, 42, 58, 26, 154, 152, 136, 137, 141, 173, 189, 188, 252, 124, 92, 93], f=83, g=23
[00:00:23:29:512] Expansion 20000000: state [255, 223, 207, 203, 75, 73, 105, 41, 43, 42, 58, 56, 184, 188, 189, 173, 141, 140, 136, 138, 154, 218, 216, 88, 92, 76], f=83, g=25
[00:00:23:36:462] Expansion 20100000: state [255, 223, 207, 203, 75, 73, 105, 41, 43, 42, 58, 186, 154, 218, 90, 94, 78, 76, 12, 140, 172, 173, 189, 157, 153], f=83, g=24
[00:00:23:43:313] Expansion 20200000: state [255, 223, 207, 203, 75, 73, 105, 41, 43, 42, 58, 122, 90, 88, 24, 152, 136, 137, 141, 157, 189, 188, 172, 44, 12, 76], f=83, g=25
[00:00:23:50:225] Expansion 20300000: state [255, 223, 207, 203, 75, 73, 105, 41, 43, 42, 58, 122, 120, 124, 92, 76, 12, 44, 172, 173, 141, 137, 136, 138, 154, 155, 187, 185], f=83, g=27
[00:00:23:57:158] Expansion 20400000: state [255, 223, 207, 203, 75, 73, 105, 41, 43, 42, 46, 44, 172, 140, 156, 220, 252, 124, 120, 88, 24, 25, 153, 185, 187, 186, 154, 138], f=83, g=27
[00:00:24:04:050] Expansion 20500000: state [255, 223, 207, 203, 75, 73, 105, 41, 43, 42, 46, 44, 108, 124, 92, 94, 90, 218, 154, 155, 187, 185, 184, 188, 156, 157, 141, 137], f=83, g=27
[00:00:24:10:889] Expansion 20600000: state [255, 223, 207, 203, 75, 73, 105, 41, 43, 171, 187, 155, 153, 25, 24, 56, 58, 122, 90, 94, 78, 76, 12, 44, 172, 188, 252, 220], f=83, g=27
[00:00:24:17:647] Expansion 20700000: state [255, 223, 207, 203, 75, 73, 105, 41, 43, 171, 187, 155, 154, 26, 58, 122, 120, 124, 60, 44, 172, 140, 136], f=83, g=22
[00:00:24:24:625] Expansion 20800000: state [255, 223, 207, 203, 75, 73, 105, 41, 43, 171, 187, 185, 153, 217, 216, 220, 204, 76, 108, 44, 60, 28, 24], f=83, g=22
[00:00:24:31:752] Expansion 20900000: state [255, 223, 207, 203, 75, 73, 105, 41, 43, 171, 187, 185, 189, 157, 141, 140, 12, 28, 60], f=83, g=18
[00:00:24:38:693] Expansion 21000000: state [255, 223, 207, 203, 75, 73, 105, 41, 43, 171, 187, 186, 58, 26, 90, 94, 78, 76, 108, 124, 252, 188, 156, 152, 153, 137], f=83, g=25
[00:00:24:45:666] Expansion 21100000: state [255, 223, 207, 203, 75, 73, 105, 41, 43, 171, 187, 186, 154, 152, 136, 140, 141, 157, 189, 188], f=83, g=19
[00:00:24:52:627] Expansion 21200000: state [255, 223, 207, 203, 75, 73, 105, 41, 43, 171, 187, 186, 190, 188, 252, 124, 120, 88, 24, 25, 153, 157, 141, 140, 204, 76, 78], f=83, g=26
[00:00:24:59:505] Expansion 21300000: state [255, 223, 207, 203, 75, 73, 105, 41, 43, 171, 175, 173, 141, 140, 204, 76, 108, 44, 60, 56, 184, 185], f=83, g=21
[00:00:25:06:361] Expansion 21400000: state [255, 223, 207, 203, 75, 73, 105, 41, 43, 171, 175, 173, 172, 44, 108, 124, 252, 220, 156, 152, 24, 88, 90, 122, 58, 186], f=83, g=25
[00:00:25:13:226] Expansion 21500000: state [255, 223, 207, 203, 75, 73, 105, 41, 43, 171, 175, 173, 189, 157, 153, 217, 216, 220, 92, 28, 12, 140, 142, 138, 154, 186, 58], f=83, g=26
[00:00:25:19:936] Expansion 21600000: state [255, 223, 207, 203, 75, 73, 105, 41, 43, 171, 175, 173, 189, 188, 60, 56, 24, 88, 92, 76, 204, 140, 142, 138, 10], f=83, g=24
[00:00:25:26:707] Expansion 21700000: state [255, 223, 207, 203, 75, 73, 105, 121, 57, 25, 24, 152, 184, 186, 187, 171, 169, 173, 172, 44, 108, 124, 92, 220, 204], f=83, g=24
[00:00:25:33:333] Expansion 21800000: state [255, 223, 207, 203, 75, 73, 105, 121, 57, 25, 24, 88, 92, 124, 60, 44, 46, 42, 43, 171, 169, 173, 141, 140, 136, 138, 154, 186, 190], f=83, g=28
[00:00:25:40:007] Expansion 21900000: state [255, 223, 207, 203, 75, 73, 105, 121, 57, 25, 24, 28, 92, 76, 204, 140, 141, 173, 175, 171, 43, 42, 46, 44], f=83, g=23
[00:00:25:46:640] Expansion 22000000: state [255, 223, 207, 203, 75, 73, 105, 121, 57, 25, 24, 26, 90, 94, 92, 124, 252, 188, 189, 173, 169, 137, 136, 140, 12], f=83, g=24
[00:00:25:53:294] Expansion 22100000: state [255, 223, 207, 203, 75, 73, 105, 121, 57, 25, 153, 137, 169, 173, 189, 188, 60, 28, 92, 88, 216, 218, 154, 138, 142, 140, 204], f=83, g=26
[00:00:25:59:982] Expansion 22200000: state [255, 223, 207, 203, 75, 73, 105, 121, 57, 25, 153, 137, 141, 173, 189, 188, 252, 220, 92, 88, 90, 26, 154, 186, 187, 171, 43, 42, 40, 44], f=83, g=29
[00:00:26:06:586] Expansion 22300000: state [255, 223, 207, 203, 75, 73, 105, 121, 57, 25, 153, 152, 184, 186, 187, 171, 175, 173, 141, 140, 204, 76, 78, 94, 90, 26, 10, 42, 46, 44, 60, 124, 252], f=83, g=32
[00:00:26:13:217] Expansion 22400000: state [255, 223, 207, 203, 75, 73, 105, 121, 57, 25, 153, 217, 216, 220, 92, 28, 60, 188, 189, 173, 169, 171, 43, 42, 58, 26, 154, 138, 136, 140], f=83, g=29
[00:00:26:19:790] Expansion 22500000: state [255, 223, 207, 203, 75, 73, 105, 121, 57, 25, 153, 157, 141, 140, 136, 138, 154, 218, 216, 220, 92, 76, 108, 44, 46, 42, 58, 122], f=83, g=27
[00:00:26:26:572] Expansion 22600000: state [255, 223, 207, 203, 75, 73, 105, 121, 57, 25, 153, 157, 189, 173, 169, 171, 187, 186, 154, 218, 90, 88, 92, 124, 108], f=83, g=24
[00:00:26:33:371] Expansion 22700000: state [255, 223, 207, 203, 75, 73, 105, 121, 57, 25, 153, 155, 154, 186, 58, 122, 90, 94, 78, 76, 204, 220, 156, 188, 172, 44], f=83, g=25
[00:00:26:40:048] Expansion 22800000: state [255, 223, 207, 203, 75, 73, 105, 121, 57, 56, 24, 152, 154, 186, 187, 171, 43, 42, 46, 44, 12, 140, 141, 173, 237], f=83, g=24
[00:00:26:46:688] Expansion 22900000: state [255, 223, 207, 203, 75, 73, 105, 121, 57, 56, 24, 28, 92, 76, 204, 140, 141, 137, 153, 217, 216, 218, 90], f=83, g=22
[00:00:26:53:418] Expansion 23000000: state [255, 223, 207, 203, 75, 73, 105, 121, 57, 56, 40, 44, 12, 76, 78, 94, 90, 88, 216, 220, 252, 188, 189, 173, 175, 171, 187, 155, 154, 138, 136], f=83, g=30
[00:00:27:00:284] Expansion 23100000: state [255, 223, 207, 203, 75, 73, 105, 121, 57, 56, 40, 42, 10, 138, 154, 155, 187, 171, 169, 173, 141, 157, 156, 220, 216, 88, 90, 94, 78, 76, 108, 124], f=83, g=31
[00:00:27:07:104] Expansion 23200000: state [255, 223, 207, 203, 75, 73, 105, 121, 57, 56, 184, 152, 216, 218, 90, 94, 92, 76, 204, 140, 141, 173, 169, 171, 43], f=83, g=24
[00:00:27:13:847] Expansion 23300000: state [255, 223, 207, 203, 75, 73, 105, 121, 57, 56, 184, 188, 189, 173, 169, 171, 43, 42, 10, 138, 154, 218, 216, 88, 92, 124, 108], f=83, g=26
[00:00:27:20:657] Expansion 23400000: state [255, 223, 207, 203, 75, 73, 105, 121, 57, 56, 60, 28, 92, 88, 216, 217, 153, 137, 141, 173, 175, 171, 43, 42, 46], f=83, g=24
[00:00:27:27:381] Expansion 23500000: state [255, 223, 207, 203, 75, 73, 105, 121, 57, 56, 60, 188, 252, 220, 216, 152, 136, 138, 10, 42, 43, 171, 187], f=83, g=22
[00:00:27:34:105] Expansion 23600000: state [255, 223, 207, 203, 75, 73, 105, 121, 57, 56, 58, 26, 90, 88, 216, 152, 153, 157, 189, 173, 45], f=83, g=20
[00:00:27:40:938] Expansion 23700000: state [255, 223, 207, 203, 75, 73, 105, 121, 57, 56, 58, 42, 43, 171, 169, 137, 153, 157, 189, 188, 172, 44, 12, 28, 92, 220, 204], f=83, g=26
[00:00:27:47:809] Expansion 23800000: state [255, 223, 207, 203, 75, 73, 105, 121, 57, 56, 58, 186, 187, 171, 175, 173, 189, 188, 252, 220, 92, 88, 90, 218], f=83, g=23
[00:00:27:54:525] Expansion 23900000: state [255, 223, 207, 203, 75, 73, 105, 121, 57, 185, 153, 137, 141, 140, 142, 138, 10, 42, 58, 122, 90, 88, 92, 220, 252, 188, 60, 44, 45], f=83, g=28
[00:00:28:01:238] Expansion 24000000: state [255, 223, 207, 203, 75, 73, 105, 121, 57, 185, 153, 217, 216, 220, 252, 124, 60, 28, 12, 140, 172, 173, 45], f=83, g=22
[00:00:28:08:151] Expansion 24100000: state [255, 223, 207, 203, 75, 73, 105, 121, 57, 185, 153, 155, 154, 218, 90, 94, 92, 76, 12, 140, 172, 173, 175, 171, 43, 42], f=83, g=25
[00:00:28:15:130] Expansion 24200000: state [255, 223, 207, 203, 75, 73, 105, 121, 57, 185, 169, 173, 45, 44, 46, 42, 10, 26, 24, 88, 92, 76, 204, 140, 156, 188], f=83, g=25
[00:00:28:22:148] Expansion 24300000: state [255, 223, 207, 203, 75, 73, 105, 121, 57, 185, 169, 171, 43, 42, 46, 44, 108, 76, 204, 140, 156, 152], f=83, g=21
[00:00:28:29:081] Expansion 24400000: state [255, 223, 207, 203, 75, 73, 105, 121, 57, 185, 184, 186, 154, 26, 24, 88, 216, 220, 252, 124, 108, 76, 12, 140, 141, 173, 175, 171], f=83, g=27
[00:00:28:35:740] Expansion 24500000: state [255, 223, 207, 203, 75, 73, 105, 121, 57, 185, 189, 173, 172, 44, 40, 42, 10, 138, 154, 218, 90, 94, 92], f=83, g=22
[00:00:28:42:551] Expansion 24600000: state [255, 223, 207, 203, 75, 73, 105, 121, 57, 185, 187, 155, 154, 152, 216, 88, 92, 124, 252, 188, 172, 140, 141], f=83, g=22
[00:00:28:49:512] Expansion 24700000: state [255, 223, 207, 203, 75, 73, 105, 121, 57, 185, 187, 171, 175, 173, 141, 137, 136, 152, 156, 220, 252, 124, 108, 44, 40, 42, 58, 26, 90, 94, 78], f=83, g=30
[00:00:28:56:383] Expansion 24800000: state [255, 223, 207, 203, 75, 73, 105, 121, 57, 185, 187, 186, 190, 188, 60, 124, 108, 76, 78, 94, 90, 26, 10, 138, 136, 137, 141, 173], f=83, g=27
[00:00:29:03:237] Expansion 24900000: state [255, 223, 207, 203, 75, 73, 105, 121, 120, 56, 24, 26, 154, 138, 142, 140, 204, 220, 216, 217, 153, 185, 189, 173, 175, 171, 43, 42, 46, 44, 108], f=83, g=30
[00:00:29:09:998] Expansion 25000000: state [255, 223, 207, 203, 75, 73, 105, 121, 120, 56, 40, 44, 12, 76, 92, 94, 90, 26, 10, 138, 136, 152, 156, 157, 189, 173, 237], f=83, g=26
[00:00:29:16:827] Expansion 25100000: state [255, 223, 207, 203, 75, 73, 105, 121, 120, 56, 40, 42, 10, 26, 90, 94, 92, 28, 12, 140, 136, 152, 153, 155, 187, 171], f=83, g=25
[00:00:29:23:653] Expansion 25200000: state [255, 223, 207, 203, 75, 73, 105, 121, 120, 56, 184, 186, 154, 26, 10, 42, 43, 171, 175, 173, 172, 44, 12, 28, 156, 157, 153, 137], f=83, g=27
[00:00:29:30:433] Expansion 25300000: state [255, 223, 207, 203, 75, 73, 105, 121, 120, 56, 60, 44, 12, 140, 156, 220, 216, 218, 154, 155, 187, 185, 169, 173], f=83, g=23
[00:00:29:37:227] Expansion 25400000: state [255, 223, 207, 203, 75, 73, 105, 121, 120, 56, 60, 188, 190, 186, 187, 171, 43, 42, 10, 138, 142, 140, 141, 137, 153, 152, 216, 220, 92, 93], f=83, g=29
[00:00:29:44:082] Expansion 25500000: state [255, 223, 207, 203, 75, 73, 105, 121, 120, 56, 58, 42, 46, 44, 172, 173, 169, 137, 136, 152, 154, 218], f=83, g=21
[00:00:29:51:001] Expansion 25600000: state [255, 223, 207, 203, 75, 73, 105, 121, 120, 88, 24, 152, 156, 220, 204, 76, 12, 44, 40, 42, 58, 186, 187, 185, 169, 173, 141], f=83, g=26
[00:00:29:58:025] Expansion 25700000: state [255, 223, 207, 203, 75, 73, 105, 121, 120, 88, 24, 26, 58, 42, 43, 171, 169, 185, 189, 188, 172, 44, 12], f=83, g=22
[00:00:30:04:656] Expansion 25800000: state [255, 223, 207, 203, 75, 73, 105, 121, 120, 88, 216, 220, 204, 76, 12, 44, 46, 42, 10, 138, 136, 137, 141, 173, 175, 171, 187, 155], f=83, g=27
[00:00:30:11:346] Expansion 25900000: state [255, 223, 207, 203, 75, 73, 105, 121, 120, 88, 216, 217, 153, 185, 169, 173, 141, 140, 156, 188, 60, 44, 46, 42, 10], f=83, g=24
[00:00:30:18:020] Expansion 26000000: state [255, 223, 207, 203, 75, 73, 105, 121, 120, 88, 92, 76, 12, 44, 60, 188, 190, 186, 154, 138, 10, 42, 43, 171, 169, 137, 153, 25], f=83, g=27
[00:00:30:24:783] Expansion 26100000: state [255, 223, 207, 203, 75, 73, 105, 121, 120, 88, 92, 220, 204, 140, 142, 138, 154, 186, 184, 188, 189, 173, 175, 171, 43, 42, 46, 44, 108], f=83, g=28
[00:00:30:31:840] Expansion 26200000: state [255, 223, 207, 203, 75, 73, 105, 121, 120, 88, 90, 26, 58, 42, 46, 44, 12, 76, 204, 220, 252, 188, 189, 173, 169, 171], f=83, g=25
[00:00:30:38:962] Expansion 26300000: state [255, 223, 207, 203, 75, 73, 105, 121, 120, 88, 90, 94, 78, 76, 204, 140, 156, 28, 60, 44, 45, 173, 169, 185, 187, 186, 154, 138], f=83, g=27
[00:00:30:46:043] Expansion 26400000: state [255, 223, 207, 203, 75, 73, 105, 121, 120, 124, 60, 44, 12, 140, 156, 220, 216, 218, 90, 26, 10], f=83, g=20
[00:00:30:52:926] Expansion 26500000: state [255, 223, 207, 203, 75, 73, 105, 121, 120, 124, 60, 188, 156, 140, 141, 137, 153, 155, 154, 186, 58, 42, 10], f=83, g=22
[00:00:30:59:575] Expansion 26600000: state [255, 223, 207, 203, 75, 73, 105, 121, 120, 124, 92, 28, 156, 140, 141, 173, 189, 185, 187, 171], f=83, g=19
[00:00:31:06:327] Expansion 26700000: state [255, 223, 207, 203, 75, 73, 105, 121, 120, 124, 92, 220, 156, 152, 154, 155, 187, 171, 43, 42, 46, 44, 45], f=83, g=22
[00:00:31:13:133] Expansion 26800000: state [255, 223, 207, 203, 75, 73, 105, 121, 120, 124, 92, 94, 90, 26, 58, 42, 43, 171, 169, 137, 141, 157, 156], f=83, g=22
[00:00:31:19:947] Expansion 26900000: state [255, 223, 207, 203, 75, 73, 105, 121, 120, 124, 108, 44, 172, 173, 169, 185, 153, 217, 216, 218, 154, 138, 142], f=83, g=22
[00:00:31:26:723] Expansion 27000000: state [255, 223, 207, 203, 75, 73, 105, 121, 120, 124, 108, 76, 204, 140, 142, 138, 10, 42, 58, 186, 187, 171, 169, 173, 189, 157, 153, 152], f=83, g=27
[00:00:31:33:460] Expansion 27100000: state [255, 223, 207, 203, 75, 73, 105, 121, 120, 124, 252, 188, 184, 185, 169, 137, 136, 140, 12, 44, 46, 42, 10], f=83, g=22
[00:00:31:40:187] Expansion 27200000: state [255, 223, 207, 203, 75, 73, 105, 121, 120, 124, 252, 220, 204, 140, 12, 44, 46, 42, 10, 26, 24, 25, 153, 185, 187], f=83, g=24
[00:00:31:46:896] Expansion 27300000: state [255, 223, 207, 203, 75, 73, 105, 121, 120, 122, 58, 26, 154, 138, 136, 137, 169, 173, 45, 44, 12, 76, 92], f=83, g=22
[00:00:31:53:809] Expansion 27400000: state [255, 223, 207, 203, 75, 73, 105, 121, 120, 122, 58, 42, 40, 44, 60, 188, 189, 185, 169, 137, 141, 140, 142, 138, 154, 152], f=83, g=25
[00:00:32:00:618] Expansion 27500000: state [255, 223, 207, 203, 75, 73, 105, 121, 120, 122, 58, 186, 154, 218, 216, 220, 204, 76, 12, 28, 24, 25, 153, 157, 141, 173, 169], f=83, g=26
[00:00:32:07:484] Expansion 27600000: state [255, 223, 207, 203, 75, 73, 105, 121, 120, 122, 90, 26, 10, 42, 46, 44, 108, 76, 204, 220, 216, 217, 153, 137, 141, 173, 189, 188, 190], f=83, g=28
[00:00:32:14:384] Expansion 27700000: state [255, 223, 207, 203, 75, 73, 105, 121, 120, 122, 90, 26, 154, 152, 156, 140, 12, 44, 40, 42, 43, 171, 175, 173, 189, 185], f=83, g=25
[00:00:32:21:353] Expansion 27800000: state [255, 223, 207, 203, 75, 73, 105, 121, 120, 122, 90, 218, 154, 186, 190, 188, 252, 220, 204, 140, 12, 44, 40, 42, 43, 171, 169, 137, 153, 25], f=83, g=29
[00:00:32:28:169] Expansion 27900000: state [255, 223, 207, 203, 75, 73, 105, 121, 120, 122, 90, 94, 78, 76, 12, 140, 136, 152, 184, 185, 189, 173, 237], f=83, g=22
[00:00:32:35:036] Expansion 28000000: state [255, 223, 207, 203, 75, 73, 105, 121, 120, 122, 90, 94, 78, 76, 108, 44, 45, 173, 175, 171, 43, 42, 10, 138, 154, 152, 184, 185], f=83, g=27
[00:00:32:41:846] Expansion 28100000: state [255, 223, 207, 203, 75, 73, 105, 121, 120, 122, 90, 94, 92, 220, 204, 140, 142, 138, 10, 42, 46, 44, 45, 173, 189, 185, 153, 137], f=83, g=27
[00:00:32:48:531] Expansion 28200000: state [255, 223, 207, 203, 75, 73, 105, 121, 249, 185, 153, 137, 136, 140, 156, 28, 24, 88, 90, 122, 58, 42, 46, 44, 45, 173, 237], f=83, g=26
[00:00:32:55:213] Expansion 28300000: state [255, 223, 207, 203, 75, 73, 105, 121, 249, 185, 153, 152, 136, 140, 204, 76, 92, 88, 90, 218], f=83, g=19
[00:00:33:01:901] Expansion 28400000: state [255, 223, 207, 203, 75, 73, 105, 121, 249, 185, 153, 157, 141, 173, 175, 171, 43, 42, 46, 44, 108, 124, 252, 188, 190, 186, 154, 138, 142], f=83, g=28
[00:00:33:08:657] Expansion 28500000: state [255, 223, 207, 203, 75, 73, 105, 121, 249, 185, 169, 137, 136, 152, 154, 218, 90, 94, 78, 76, 12, 28, 60, 56, 58, 42, 10], f=83, g=26
[00:00:33:15:486] Expansion 28600000: state [255, 223, 207, 203, 75, 73, 105, 121, 249, 185, 169, 173, 45, 44, 108, 76, 92, 28, 24, 152, 216, 218, 90, 122, 58, 42, 10, 138, 142], f=83, g=28
[00:00:33:22:237] Expansion 28700000: state [255, 223, 207, 203, 75, 73, 105, 121, 249, 185, 169, 171, 43, 42, 10, 138, 136, 140, 12, 44, 108, 124, 92, 94, 90, 122], f=83, g=25
[00:00:33:29:085] Expansion 28800000: state [255, 223, 207, 203, 75, 73, 105, 121, 249, 185, 184, 56, 58, 42, 46, 44, 108, 124, 252, 220, 204, 140, 142, 138, 154, 218, 90, 94], f=83, g=27
[00:00:33:35:870] Expansion 28900000: state [255, 223, 207, 203, 75, 73, 105, 121, 249, 185, 184, 186, 154, 26, 24, 88, 92, 124, 108, 44, 40, 42, 43, 171, 175, 173, 141, 140, 142], f=83, g=28
[00:00:33:42:709] Expansion 29000000: state [255, 223, 207, 203, 75, 73, 105, 121, 249, 185, 189, 173, 141, 137, 136, 152, 24, 88, 90], f=83, g=18
[00:00:33:49:530] Expansion 29100000: state [255, 223, 207, 203, 75, 73, 105, 121, 249, 185, 189, 188, 60, 56, 24, 26, 90, 94, 78, 76, 12], f=83, g=20
[00:00:33:56:369] Expansion 29200000: state [255, 223, 207, 203, 75, 73, 105, 121, 249, 185, 187, 155, 154, 218, 216, 88, 24, 28, 60, 44, 46], f=83, g=20
[00:00:34:03:289] Expansion 29300000: state [255, 223, 207, 203, 75, 73, 105, 121, 249, 185, 187, 171, 175, 173, 45, 44, 40, 42, 10, 138, 154, 218, 216, 88, 24, 28, 156], f=83, g=26
[00:00:34:10:064] Expansion 29400000: state [255, 223, 207, 203, 75, 73, 105, 121, 249, 185, 187, 186, 58, 42, 10, 138, 136, 140, 204, 76, 78, 94, 90, 88, 24, 28, 60, 44], f=83, g=27
[00:00:34:16:875] Expansion 29500000: state [255, 223, 207, 203, 75, 73, 105, 121, 249, 217, 153, 25, 24, 88, 90, 218, 154, 186, 184, 188, 60, 44, 12, 140, 141, 173, 169, 171], f=83, g=27
[00:00:34:23:486] Expansion 29600000: state [255, 223, 207, 203, 75, 73, 105, 121, 249, 217, 153, 25, 24, 26, 90, 94, 92, 220, 156, 140, 172, 173, 237], f=83, g=22
[00:00:34:30:168] Expansion 29700000: state [255, 223, 207, 203, 75, 73, 105, 121, 249, 217, 153, 137, 169, 173, 45, 44, 40, 56, 24, 26, 90], f=83, g=20
[00:00:34:36:926] Expansion 29800000: state [255, 223, 207, 203, 75, 73, 105, 121, 249, 217, 153, 137, 141, 140, 204, 76, 78, 94, 90, 218, 154, 138, 10, 42, 58, 56], f=83, g=25
[00:00:34:43:773] Expansion 29900000: state [255, 223, 207, 203, 75, 73, 105, 121, 249, 217, 153, 152, 24, 26, 90, 94, 92, 76, 12, 44, 46, 42, 43, 171, 187, 186], f=83, g=25
[00:00:34:50:617] Expansion 30000000: state [255, 223, 207, 203, 75, 73, 105, 121, 249, 217, 153, 152, 154, 138, 142, 140, 141, 173, 175, 171, 43, 42, 40, 44, 108, 124, 92, 94], f=83, g=27
[00:00:34:57:604] Expansion 30100000: state [255, 223, 207, 203, 75, 73, 105, 121, 249, 217, 153, 157, 156, 140, 12, 76, 108, 124, 60, 56, 58, 186, 187], f=83, g=22
[00:00:35:04:542] Expansion 30200000: state [255, 223, 207, 203, 75, 73, 105, 121, 249, 217, 153, 157, 189, 188, 60, 124, 92, 88, 90, 218, 154, 186, 58, 42, 40], f=83, g=24
[00:00:35:11:341] Expansion 30300000: state [255, 223, 207, 203, 75, 73, 105, 121, 249, 217, 153, 155, 154, 218, 90, 122, 58, 56, 40, 44, 172, 140, 156, 220], f=83, g=23
[00:00:35:18:119] Expansion 30400000: state [255, 223, 207, 203, 75, 73, 105, 121, 249, 217, 153, 155, 187, 171, 175, 173, 172, 140, 156, 220, 252, 124, 108, 76, 78, 94, 90, 122, 58, 42, 40], f=83, g=30
[00:00:35:24:842] Expansion 30500000: state [255, 223, 207, 203, 75, 73, 105, 121, 249, 217, 216, 88, 92, 28, 156, 140, 136, 138, 10, 26, 58, 186, 187], f=83, g=22
[00:00:35:31:581] Expansion 30600000: state [255, 223, 207, 203, 75, 73, 105, 121, 249, 217, 216, 88, 90, 122, 58, 42, 10, 138, 154, 155, 187, 171, 169, 137, 141, 157, 189, 188, 60], f=83, g=28
[00:00:35:38:284] Expansion 30700000: state [255, 223, 207, 203, 75, 73, 105, 121, 249, 217, 216, 152, 184, 188, 172, 140, 204, 76, 78, 94, 90, 122, 58, 42, 43, 171, 187], f=83, g=26
[00:00:35:45:038] Expansion 30800000: state [255, 223, 207, 203, 75, 73, 105, 121, 249, 217, 216, 220, 92, 124, 108, 44, 40, 42, 58, 26, 154, 138, 136, 140, 141, 173, 169, 171, 187], f=83, g=28
[00:00:35:51:769] Expansion 30900000: state [255, 223, 207, 203, 75, 73, 105, 121, 249, 217, 216, 220, 252, 124, 108, 44, 172, 140, 141, 137, 169, 171, 187, 186, 58, 26, 90, 94], f=83, g=27
[00:00:35:58:522] Expansion 31000000: state [255, 223, 207, 203, 75, 73, 105, 121, 249, 217, 216, 218, 90, 94, 78, 76, 108, 44, 46, 42, 43, 171, 169, 173, 141, 140, 156, 28], f=83, g=27
[00:00:36:05:364] Expansion 31100000: state [255, 223, 207, 203, 75, 73, 105, 121, 249, 217, 216, 218, 154, 155, 187, 171, 169, 137, 136, 140, 172, 44, 60, 28, 92, 93], f=83, g=25
[00:00:36:12:316] Expansion 31200000: state [255, 223, 207, 203, 75, 73, 105, 109, 45, 44, 12, 140, 156, 188, 189, 185, 153, 217, 216, 218, 154, 26, 10, 42], f=83, g=23
[00:00:36:19:185] Expansion 31300000: state [255, 223, 207, 203, 75, 73, 105, 109, 45, 44, 12, 76, 204, 220, 216, 218, 154, 155, 187, 171, 169, 137, 141, 157, 189, 188, 184, 56, 24, 25], f=83, g=29
[00:00:36:26:072] Expansion 31400000: state [255, 223, 207, 203, 75, 73, 105, 109, 45, 44, 12, 76, 78, 94, 90, 88, 120, 124, 252, 188, 189, 157, 153, 152, 136, 138], f=83, g=25
[00:00:36:32:908] Expansion 31500000: state [255, 223, 207, 203, 75, 73, 105, 109, 45, 44, 40, 56, 24, 28, 92, 220, 204, 140, 141, 137, 169, 171, 187, 186, 154], f=83, g=24
[00:00:36:39:768] Expansion 31600000: state [255, 223, 207, 203, 75, 73, 105, 109, 45, 44, 40, 56, 57, 25, 153, 137, 169, 171, 187, 186, 190, 188, 156, 140, 204, 76, 92, 94, 90], f=83, g=28
[00:00:36:46:569] Expansion 31700000: state [255, 223, 207, 203, 75, 73, 105, 109, 45, 44, 40, 42, 58, 186, 154, 138, 136, 140, 204, 76, 78, 94, 90, 88, 120, 124, 252, 188, 189, 185, 169, 171, 175], f=83, g=32
[00:00:36:53:467] Expansion 31800000: state [255, 223, 207, 203, 75, 73, 105, 109, 45, 44, 40, 42, 43, 171, 187, 186, 154, 26, 24, 25, 153, 157, 141, 140, 142], f=83, g=24
[00:00:37:00:303] Expansion 31900000: state [255, 223, 207, 203, 75, 73, 105, 109, 45, 44, 172, 140, 156, 157, 189, 185, 249, 217, 216, 218, 154, 138, 10, 42, 58, 122, 120, 124, 92, 94, 78], f=83, g=30
[00:00:37:07:232] Expansion 32000000: state [255, 223, 207, 203, 75, 73, 105, 109, 45, 44, 172, 188, 252, 124, 92, 94, 90, 218, 154, 186, 58, 56, 57, 25, 153, 137, 141], f=83, g=26
[00:00:37:14:141] Expansion 32100000: state [255, 223, 207, 203, 75, 73, 105, 109, 45, 44, 60, 28, 92, 220, 204, 140, 141, 157, 153, 152, 154, 26, 90, 122], f=83, g=23
[00:00:37:21:016] Expansion 32200000: state [255, 223, 207, 203, 75, 73, 105, 109, 45, 44, 60, 188, 156, 220, 92, 94, 90, 26, 10, 42, 43, 171, 187, 155, 153, 25], f=83, g=25
[00:00:37:27:837] Expansion 32300000: state [255, 223, 207, 203, 75, 73, 105, 109, 45, 44, 60, 124, 92, 88, 90, 122, 58, 186, 184, 185, 189, 157, 141, 140, 204], f=83, g=24
[00:00:37:34:645] Expansion 32400000: state [255, 223, 207, 203, 75, 73, 105, 109, 45, 44, 46, 42, 10, 138, 154, 218, 90, 94, 92, 124, 120, 56, 57, 185, 189, 188, 156, 140, 141, 137], f=83, g=29
[00:00:37:41:494] Expansion 32500000: state [255, 223, 207, 203, 75, 73, 105, 109, 45, 44, 46, 42, 58, 26, 90, 94, 92, 220, 216, 152, 184, 188], f=83, g=21
[00:00:37:48:345] Expansion 32600000: state [255, 223, 207, 203, 75, 73, 105, 109, 45, 44, 46, 42, 43, 171, 169, 137, 141, 140, 156, 28, 92, 88, 216, 218, 154, 155], f=83, g=25
[00:00:37:55:156] Expansion 32700000: state [255, 223, 207, 203, 75, 73, 105, 109, 45, 173, 141, 137, 136, 138, 10, 42, 43, 171, 187, 186, 184, 56, 60, 28, 156, 220, 216, 88, 90, 94, 78], f=83, g=30
[00:00:38:01:877] Expansion 32800000: state [255, 223, 207, 203, 75, 73, 105, 109, 45, 173, 141, 140, 12, 76, 78, 94, 90, 88, 216, 152, 153, 155, 187, 186, 58, 42], f=83, g=25
[00:00:38:08:702] Expansion 32900000: state [255, 223, 207, 203, 75, 73, 105, 109, 45, 173, 141, 140, 204, 220, 216, 217, 153, 155, 154, 26, 90, 122, 120, 124], f=83, g=23
[00:00:38:15:486] Expansion 33000000: state [255, 223, 207, 203, 75, 73, 105, 109, 45, 173, 141, 157, 153, 185, 184, 186, 154, 218, 216, 88, 24, 28, 12, 76, 78, 94], f=83, g=25
[00:00:38:22:197] Expansion 33100000: state [255, 223, 207, 203, 75, 73, 105, 109, 45, 173, 169, 137, 153, 217, 216, 88, 90, 122, 58, 56, 184, 188, 156, 140], f=83, g=23
[00:00:38:29:015] Expansion 33200000: state [255, 223, 207, 203, 75, 73, 105, 109, 45, 173, 169, 185, 153, 157, 156, 188, 60, 124, 120, 122, 58, 26], f=83, g=21
[00:00:38:35:891] Expansion 33300000: state [255, 223, 207, 203, 75, 73, 105, 109, 45, 173, 169, 171, 43, 42, 10, 26, 24, 28, 12, 76, 78], f=83, g=20
[00:00:38:42:794] Expansion 33400000: state [255, 223, 207, 203, 75, 73, 105, 109, 45, 173, 169, 171, 187, 186, 58, 56, 24, 25, 153, 157, 156, 140, 12, 76, 78, 94], f=83, g=25
[00:00:38:49:953] Expansion 33500000: state [255, 223, 207, 203, 75, 73, 105, 109, 45, 173, 172, 140, 204, 76, 92, 28, 24, 56, 40, 42, 43, 171, 187, 185, 153, 137], f=83, g=25
[00:00:38:56:862] Expansion 33600000: state [255, 223, 207, 203, 75, 73, 105, 109, 45, 173, 172, 188, 60, 124, 92, 94, 90, 122, 58, 42, 43, 171, 187, 155, 153, 157], f=83, g=25
[00:00:39:03:640] Expansion 33700000: state [255, 223, 207, 203, 75, 73, 105, 109, 45, 173, 189, 157, 153, 152, 216, 218, 90, 94, 78, 76, 12, 140, 142, 138, 10, 42, 58, 56, 120, 124], f=83, g=29
[00:00:39:10:308] Expansion 33800000: state [255, 223, 207, 203, 75, 73, 105, 109, 45, 173, 189, 185, 184, 152, 136, 140, 12, 28, 92, 88, 120], f=83, g=20
[00:00:39:17:074] Expansion 33900000: state [255, 223, 207, 203, 75, 73, 105, 109, 45, 173, 189, 188, 156, 220, 204, 76, 78, 94, 90, 26, 10, 138, 136, 137, 153, 25, 57, 56, 120, 124], f=83, g=29
[00:00:39:23:889] Expansion 34000000: state [255, 223, 207, 203, 75, 73, 105, 109, 45, 173, 175, 171, 43, 42, 10, 138, 154, 155, 153, 185, 57, 56, 60, 188, 156, 140, 12, 76, 78, 94, 90, 122], f=83, g=31
[00:00:39:30:970] Expansion 34100000: state [255, 223, 207, 203, 75, 73, 105, 109, 45, 173, 175, 171, 43, 42, 58, 186, 184, 185, 153, 137, 136, 140, 156, 28, 92, 88, 216], f=83, g=26
[00:00:39:37:852] Expansion 34200000: state [255, 223, 207, 203, 75, 73, 105, 109, 45, 173, 175, 171, 187, 185, 153, 152, 216, 218, 90, 94, 92, 76, 204, 140, 142, 138, 10, 42, 40, 56, 120], f=83, g=30
[00:00:39:45:544] Expansion 34300000: state [255, 223, 207, 203, 75, 73, 105, 109, 108, 44, 12, 140, 136, 152, 24, 88, 120, 122, 58, 186, 190, 188, 189, 173, 169, 171, 43], f=83, g=26
[00:00:39:52:369] Expansion 34400000: state [255, 223, 207, 203, 75, 73, 105, 109, 108, 44, 12, 140, 142, 138, 10, 42, 58, 122, 90, 88, 24, 152, 184, 188, 189], f=83, g=24
[00:00:39:59:152] Expansion 34500000: state [255, 223, 207, 203, 75, 73, 105, 109, 108, 44, 12, 28, 156, 220, 216, 88, 90, 26, 10, 42, 43, 171, 175, 173, 189], f=83, g=24
[00:00:40:05:890] Expansion 34600000: state [255, 223, 207, 203, 75, 73, 105, 109, 108, 44, 40, 56, 184, 188, 252, 220, 216, 88, 90, 26, 154, 155, 187, 171, 169, 137, 136, 140, 142], f=83, g=28
[00:00:40:12:700] Expansion 34700000: state [255, 223, 207, 203, 75, 73, 105, 109, 108, 44, 40, 42, 10, 138, 136, 137, 169, 185, 189, 188, 156, 220, 216, 217], f=83, g=23
[00:00:40:19:588] Expansion 34800000: state [255, 223, 207, 203, 75, 73, 105, 109, 108, 44, 40, 42, 58, 122, 90, 94, 92, 220, 252, 188, 189, 173, 169, 171, 187, 155, 153, 25], f=83, g=27
[00:00:40:26:410] Expansion 34900000: state [255, 223, 207, 203, 75, 73, 105, 109, 108, 44, 172, 140, 156, 220, 216, 88, 90, 122, 58, 56, 57, 25, 153, 155, 154, 138], f=83, g=25
[00:00:40:33:184] Expansion 35000000: state [255, 223, 207, 203, 75, 73, 105, 109, 108, 44, 172, 173, 141, 137, 136, 152, 216, 220, 92, 94, 90, 26, 58, 42, 43, 171, 187, 185], f=83, g=27
[00:00:40:39:970] Expansion 35100000: state [255, 223, 207, 203, 75, 73, 105, 109, 108, 44, 60, 28, 156, 140, 141, 137, 153, 217, 216, 218, 90, 122, 58, 42, 43, 171, 187], f=83, g=26
[00:00:40:46:727] Expansion 35200000: state [255, 223, 207, 203, 75, 73, 105, 109, 108, 44, 60, 56, 58, 26, 154, 138, 142, 140, 141, 157, 153, 185], f=83, g=21
[00:00:40:53:569] Expansion 35300000: state [255, 223, 207, 203, 75, 73, 105, 109, 108, 44, 60, 188, 252, 220, 216, 88, 90, 122, 58, 186, 154, 138, 142, 140, 141, 137, 169, 171], f=83, g=27
[00:00:41:00:464] Expansion 35400000: state [255, 223, 207, 203, 75, 73, 105, 109, 108, 44, 46, 42, 10, 138, 142, 140, 141, 137, 153, 217, 216, 88, 90, 122], f=83, g=23
[00:00:41:07:378] Expansion 35500000: state [255, 223, 207, 203, 75, 73, 105, 109, 108, 44, 46, 42, 58, 186, 187, 155, 153, 217, 216, 88, 24, 28, 156, 188, 189, 173, 175], f=83, g=26
[00:00:41:14:220] Expansion 35600000: state [255, 223, 207, 203, 75, 73, 105, 109, 108, 44, 46, 42, 43, 171, 175, 173, 141, 140, 204, 220, 92, 88, 120, 56, 184, 185, 153, 155, 154, 138], f=83, g=29
[00:00:41:21:059] Expansion 35700000: state [255, 223, 207, 203, 75, 73, 105, 109, 108, 76, 12, 140, 172, 173, 175, 171, 187, 186, 184, 56, 24, 88, 90, 218], f=83, g=23
[00:00:41:27:902] Expansion 35800000: state [255, 223, 207, 203, 75, 73, 105, 109, 108, 76, 12, 140, 141, 157, 153, 25, 24, 88, 216, 220, 252, 188, 190, 186, 187], f=83, g=24
[00:00:41:34:835] Expansion 35900000: state [255, 223, 207, 203, 75, 73, 105, 109, 108, 76, 12, 28, 60, 56, 58, 186, 187, 185, 153, 152, 136, 138, 142], f=83, g=22
[00:00:41:41:801] Expansion 36000000: state [255, 223, 207, 203, 75, 73, 105, 109, 108, 76, 204, 140, 156, 152, 216, 88, 120, 122, 58, 186, 187, 185, 57, 25], f=83, g=23
[00:00:41:48:729] Expansion 36100000: state [255, 223, 207, 203, 75, 73, 105, 109, 108, 76, 204, 220, 156, 152, 154, 26, 90, 122, 120, 56, 40, 42, 43, 171, 169, 185, 249, 217], f=83, g=27
[00:00:41:55:571] Expansion 36200000: state [255, 223, 207, 203, 75, 73, 105, 109, 108, 76, 204, 220, 252, 188, 60, 56, 57, 25, 153, 155, 187, 171, 43, 42, 10, 26, 90, 88], f=83, g=27
[00:00:42:02:430] Expansion 36300000: state [255, 223, 207, 203, 75, 73, 105, 109, 108, 76, 92, 28, 60, 56, 184, 185, 153, 217, 216, 218, 154, 138, 136, 140], f=83, g=23
[00:00:42:09:196] Expansion 36400000: state [255, 223, 207, 203, 75, 73, 105, 109, 108, 76, 92, 88, 216, 217, 249, 185, 189, 173, 172, 140, 142, 138, 10, 26, 58, 186, 190], f=83, g=26
[00:00:42:16:028] Expansion 36500000: state [255, 223, 207, 203, 75, 73, 105, 109, 108, 76, 92, 220, 156, 152, 153, 155, 187, 171, 43, 42, 10, 138, 142], f=83, g=22
[00:00:42:22:754] Expansion 36600000: state [255, 223, 207, 203, 75, 73, 105, 109, 108, 76, 92, 220, 252, 188, 172, 173, 169, 137, 153, 152, 154, 218], f=83, g=21
[00:00:42:29:537] Expansion 36700000: state [255, 223, 207, 203, 75, 73, 105, 109, 108, 76, 92, 94, 90, 122, 58, 186, 187, 155, 153, 137, 136, 140, 156, 188, 189], f=83, g=24
[00:00:42:36:331] Expansion 36800000: state [255, 223, 207, 203, 75, 73, 105, 109, 108, 76, 78, 94, 90, 88, 216, 152, 156, 28, 60, 56, 58, 42, 43, 171], f=83, g=23
[00:00:42:43:368] Expansion 36900000: state [255, 223, 207, 203, 75, 73, 105, 109, 108, 76, 78, 94, 90, 218, 216, 220, 156, 188, 60, 56, 57, 185, 187, 171, 175, 173, 141, 137, 136, 138], f=83, g=29
[00:00:42:50:386] Expansion 37000000: state [255, 223, 207, 203, 75, 73, 105, 109, 108, 124, 60, 28, 12, 140, 141, 173, 189, 185, 187, 171, 43, 42, 10, 138, 154, 152, 216, 217], f=83, g=27
[00:00:42:57:334] Expansion 37100000: state [255, 223, 207, 203, 75, 73, 105, 109, 108, 124, 60, 56, 58, 186, 187, 185, 153, 217, 216, 218, 90], f=83, g=20
[00:00:43:03:998] Expansion 37200000: state [255, 223, 207, 203, 75, 73, 105, 109, 108, 124, 92, 28, 12, 140, 142, 138, 10, 42, 43, 171, 169, 173, 189, 188, 184, 56, 57, 25, 153, 217], f=83, g=29
[00:00:43:10:719] Expansion 37300000: state [255, 223, 207, 203, 75, 73, 105, 109, 108, 124, 92, 88, 216, 218, 154, 138, 136, 140, 141, 173, 169, 185, 57, 25], f=83, g=23
[00:00:43:17:463] Expansion 37400000: state [255, 223, 207, 203, 75, 73, 105, 109, 108, 124, 92, 220, 204, 140, 141, 173, 169, 185, 153, 25, 24, 26, 58, 42], f=83, g=23
[00:00:43:24:230] Expansion 37500000: state [255, 223, 207, 203, 75, 73, 105, 109, 108, 124, 92, 94, 90, 122, 58, 42, 43, 171, 175, 173, 172, 188, 184, 152, 136, 137], f=83, g=25
[00:00:43:31:125] Expansion 37600000: state [255, 223, 207, 203, 75, 73, 105, 109, 108, 124, 120, 88, 24, 28, 12, 140, 142, 138, 10, 42], f=83, g=19
[00:00:43:38:021] Expansion 37700000: state [255, 223, 207, 203, 75, 73, 105, 109, 108, 124, 120, 122, 90, 26, 10, 42, 43, 171, 187, 186, 190, 188, 172, 140, 204, 220, 216, 152, 153, 157], f=83, g=29
[00:00:43:44:850] Expansion 37800000: state [255, 223, 207, 203, 75, 73, 105, 109, 108, 124, 252, 188, 190, 186, 154, 26, 24, 28, 12, 140, 141, 157, 153, 185, 169, 171, 43, 42], f=83, g=27
[00:00:43:51:672] Expansion 37900000: state [255, 223, 207, 203, 75, 73, 105, 109, 108, 124, 252, 220, 216, 88, 24, 26, 58, 186, 187, 155, 153, 137, 141, 140, 172], f=83, g=24
[00:00:43:58:440] Expansion 38000000: state [255, 223, 207, 203, 75, 73, 105, 109, 237, 173, 141, 137, 136, 138, 154, 26, 58, 42, 40, 44, 12, 28, 92, 88, 216, 217], f=83, g=25
[00:00:44:05:178] Expansion 38100000: state [255, 223, 207, 203, 75, 73, 105, 109, 237, 173, 141, 137, 153, 185, 187, 171, 43, 42, 46, 44, 60, 188, 156, 220, 204, 76, 78, 94, 90], f=83, g=28
[00:00:44:12:042] Expansion 38200000: state [255, 223, 207, 203, 75, 73, 105, 109, 237, 173, 141, 140, 12, 44, 46, 42, 58, 186, 154, 218, 90, 94, 92, 124, 252, 188], f=83, g=25
[00:00:44:18:917] Expansion 38300000: state [255, 223, 207, 203, 75, 73, 105, 109, 237, 173, 141, 140, 204, 76, 78, 94, 90, 88, 24, 152, 184, 185, 187, 171, 43, 42, 40, 44, 60], f=83, g=28
[00:00:44:25:845] Expansion 38400000: state [255, 223, 207, 203, 75, 73, 105, 109, 237, 173, 141, 140, 142, 138, 10, 42, 58, 122, 90, 218, 216, 220, 92, 124, 60, 188, 184, 185, 57, 25], f=83, g=29
[00:00:44:32:628] Expansion 38500000: state [255, 223, 207, 203, 75, 73, 105, 109, 237, 173, 141, 157, 153, 185, 187, 186, 190, 188, 60, 28, 12, 76, 204, 220, 216, 88], f=83, g=25
[00:00:44:39:538] Expansion 38600000: state [255, 223, 207, 203, 75, 73, 105, 109, 237, 173, 169, 137, 136, 140, 204, 220, 252, 188, 60, 56, 58], f=83, g=20
[00:00:44:46:218] Expansion 38700000: state [255, 223, 207, 203, 75, 73, 105, 109, 237, 173, 169, 137, 153, 157, 156, 28, 60, 56, 58, 122, 90, 218, 154, 138], f=83, g=23
[00:00:44:52:918] Expansion 38800000: state [255, 223, 207, 203, 75, 73, 105, 109, 237, 173, 169, 185, 153, 25, 24, 28, 12, 44, 46, 42, 58, 186, 190, 188, 252, 220, 216], f=83, g=26
[00:00:44:59:855] Expansion 38900000: state [255, 223, 207, 203, 75, 73, 105, 109, 237, 173, 169, 185, 184, 152, 156, 140, 12, 44, 60, 124, 92, 88, 90, 122, 58, 42, 43], f=83, g=26
[00:00:45:06:763] Expansion 39000000: state [255, 223, 207, 203, 75, 73, 105, 109, 237, 173, 169, 185, 187, 186, 154, 218, 90, 88, 24, 28, 60, 44, 40, 42], f=83, g=23
[00:00:45:13:947] Expansion 39100000: state [255, 223, 207, 203, 75, 73, 105, 109, 237, 173, 169, 171, 43, 42, 58, 186, 184, 152, 136, 140, 204, 220, 252], f=83, g=22
[00:00:45:20:926] Expansion 39200000: state [255, 223, 207, 203, 75, 73, 105, 109, 237, 173, 169, 171, 187, 155, 154, 138, 136, 140, 156, 28, 60, 44, 40, 42, 58, 122, 90, 88, 216, 217, 249], f=83, g=30
[00:00:45:27:725] Expansion 39300000: state [255, 223, 207, 203, 75, 73, 105, 109, 237, 173, 172, 44, 12, 76, 92, 88, 120, 56, 184, 185, 187, 171, 43, 42, 10], f=83, g=24
[00:00:45:34:589] Expansion 39400000: state [255, 223, 207, 203, 75, 73, 105, 109, 237, 173, 172, 44, 46, 42, 10, 138, 136, 152, 156, 220, 92, 94], f=83, g=21
[00:00:45:41:427] Expansion 39500000: state [255, 223, 207, 203, 75, 73, 105, 109, 237, 173, 172, 140, 204, 76, 92, 124, 60, 56, 57, 25, 153, 155, 187, 171, 43, 42, 10, 26, 90], f=83, g=28
[00:00:45:48:281] Expansion 39600000: state [255, 223, 207, 203, 75, 73, 105, 109, 237, 173, 172, 188, 156, 28, 92, 88, 216, 217, 249, 185, 57, 56, 40, 42, 10, 138, 136, 137], f=83, g=27
[00:00:45:55:055] Expansion 39700000: state [255, 223, 207, 203, 75, 73, 105, 109, 237, 173, 189, 157, 153, 137, 136, 138, 154, 26, 58, 122, 120, 124, 92, 28, 12, 44, 46], f=83, g=26
[00:00:46:01:818] Expansion 39800000: state [255, 223, 207, 203, 75, 73, 105, 109, 237, 173, 189, 185, 57, 25, 24, 88, 92, 124, 60, 44, 46, 42, 43, 171], f=83, g=23
[00:00:46:08:535] Expansion 39900000: state [255, 223, 207, 203, 75, 73, 105, 109, 237, 173, 189, 185, 184, 56, 58, 42, 10, 138, 154, 218, 216, 220, 156, 140, 12, 76, 78, 94], f=83, g=27
[00:00:46:15:334] Expansion 40000000: state [255, 223, 207, 203, 75, 73, 105, 109, 237, 173, 189, 185, 187, 186, 154, 152, 156, 220, 252, 124, 60, 44, 12, 76, 78, 94, 90, 122], f=83, g=27
[00:00:46:22:145] Expansion 40100000: state [255, 223, 207, 203, 75, 73, 105, 109, 237, 173, 189, 188, 184, 56, 57, 25, 153, 155, 187, 171, 43, 42, 46, 44, 12, 140, 204, 220, 92, 94, 78], f=83, g=30
[00:00:46:28:992] Expansion 40200000: state [255, 223, 207, 203, 75, 73, 105, 109, 237, 173, 189, 188, 190, 186, 187, 171, 43, 42, 46, 44, 12, 76, 78, 94, 90, 26, 24, 25, 153, 137, 136], f=83, g=30
[00:00:46:35:970] Expansion 40300000: state [255, 223, 207, 203, 75, 73, 105, 109, 237, 173, 175, 171, 43, 42, 40, 56, 57, 25, 153, 155, 154, 26, 90, 88, 216, 220, 156, 140, 12, 76, 78], f=83, g=30
[00:00:46:43:079] Expansion 40400000: state [255, 223, 207, 203, 75, 73, 105, 109, 237, 173, 175, 171, 43, 42, 46, 44, 12, 140, 136, 138, 154, 155, 153, 25, 57, 56, 184, 188, 252, 220, 92, 94, 78], f=83, g=32
[00:00:46:49:995] Expansion 40500000: state [255, 223, 207, 203, 75, 73, 105, 109, 237, 173, 175, 171, 187, 155, 153, 217, 216, 220, 156, 140, 142, 138, 10, 42, 58, 56, 60, 124], f=83, g=27
[00:00:46:57:117] Expansion 40600000: state [255, 223, 207, 203, 75, 73, 105, 109, 237, 173, 175, 171, 187, 185, 153, 152, 136, 138, 10, 26, 90, 94, 78, 76, 204, 220, 252, 188, 60, 44, 46], f=83, g=30
[00:00:47:03:887] Expansion 40700000: state [255, 223, 207, 203, 75, 73, 105, 109, 237, 173, 175, 171, 187, 186, 58, 42, 46, 44, 12, 28, 156, 220], f=83, g=21
[00:00:47:10:878] Expansion 40800000: state [255, 223, 207, 203, 75, 73, 89, 25, 24, 152, 136, 140, 204, 220, 252, 124, 108, 44, 40, 41, 43, 171, 175, 173, 189, 157], f=83, g=25
[00:00:47:18:048] Expansion 40900000: state [255, 223, 207, 203, 75, 73, 89, 25, 24, 152, 216, 218, 90, 94, 78, 76, 12, 44, 45, 173, 175, 171, 187, 185, 249], f=83, g=24
[00:00:47:25:097] Expansion 41000000: state [255, 223, 207, 203, 75, 73, 89, 25, 24, 152, 154, 138, 10, 42, 40, 44, 60, 124, 252, 220, 204, 140, 141, 173, 175, 171], f=83, g=25
[00:00:47:32:190] Expansion 41100000: state [255, 223, 207, 203, 75, 73, 89, 25, 24, 56, 40, 44, 12, 76, 92, 124, 252, 188, 189, 173, 175, 171, 187, 186, 154, 218, 90], f=83, g=26
[00:00:47:39:211] Expansion 41200000: state [255, 223, 207, 203, 75, 73, 89, 25, 24, 56, 184, 188, 189, 173, 45, 44, 12, 76, 92, 94, 90, 122], f=83, g=21
[00:00:47:46:218] Expansion 41300000: state [255, 223, 207, 203, 75, 73, 89, 25, 24, 56, 120, 124, 252, 188, 189, 173, 169, 41, 43, 42, 10, 138, 136, 140, 204, 76, 78, 94], f=83, g=27
[00:00:47:53:345] Expansion 41400000: state [255, 223, 207, 203, 75, 73, 89, 25, 24, 56, 60, 44, 45, 173, 169, 185, 187, 186, 154, 138, 142, 140, 204, 220, 92], f=83, g=24
[00:00:48:00:567] Expansion 41500000: state [255, 223, 207, 203, 75, 73, 89, 25, 24, 56, 58, 42, 43, 171, 175, 173, 237, 109, 108, 124, 92, 220, 156, 140, 136, 138, 154, 218, 90], f=83, g=28
[00:00:48:07:711] Expansion 41600000: state [255, 223, 207, 203, 75, 73, 89, 25, 24, 28, 12, 44, 40, 42, 10, 138, 154, 155, 187, 185, 189, 173, 175], f=83, g=22
[00:00:48:14:798] Expansion 41700000: state [255, 223, 207, 203, 75, 73, 89, 25, 24, 28, 92, 76, 108, 44, 46, 42, 10, 138, 154, 186, 187, 185, 169, 173, 141, 140], f=83, g=25
[00:00:48:21:866] Expansion 41800000: state [255, 223, 207, 203, 75, 73, 89, 25, 24, 28, 60, 188, 184, 185, 187, 155, 154, 218, 90, 122, 58, 42, 40, 41, 45, 173, 141], f=83, g=26
[00:00:48:28:882] Expansion 41900000: state [255, 223, 207, 203, 75, 73, 89, 25, 24, 26, 10, 42, 43, 171, 187, 185, 189, 188, 60, 44, 108, 76, 204, 220], f=83, g=23
[00:00:48:35:925] Expansion 42000000: state [255, 223, 207, 203, 75, 73, 89, 25, 24, 26, 90, 218, 216, 220, 92, 124, 108, 44, 46], f=83, g=18
[00:00:48:43:028] Expansion 42100000: state [255, 223, 207, 203, 75, 73, 89, 25, 24, 26, 58, 186, 184, 188, 252, 220, 204, 76, 12, 44, 40, 41, 43, 171, 175, 173, 237], f=83, g=26
[00:00:48:50:171] Expansion 42200000: state [255, 223, 207, 203, 75, 73, 89, 25, 153, 137, 136, 140, 172, 173, 175, 171, 187, 186, 58, 122, 90, 94, 78], f=83, g=22
[00:00:49:03:528] Expansion 42300000: state [255, 223, 207, 203, 75, 73, 89, 25, 153, 137, 136, 138, 154, 218, 216, 220, 204, 76, 108, 109, 45, 173, 175, 171, 43], f=83, g=24
[00:00:49:10:303] Expansion 42400000: state [255, 223, 207, 203, 75, 73, 89, 25, 153, 137, 169, 173, 45, 44, 46, 42, 10, 138, 154, 186, 184, 56, 120, 122, 90, 94, 78], f=83, g=26
[00:00:49:16:995] Expansion 42500000: state [255, 223, 207, 203, 75, 73, 89, 25, 153, 137, 169, 171, 187, 186, 154, 218, 90, 94, 92, 220, 156, 140, 142], f=83, g=22
[00:00:49:23:804] Expansion 42600000: state [255, 223, 207, 203, 75, 73, 89, 25, 153, 137, 141, 173, 45, 109, 108, 76, 92, 220, 252, 188, 190, 186, 58, 26, 10, 138, 142], f=83, g=26
[00:00:49:30:601] Expansion 42700000: state [255, 223, 207, 203, 75, 73, 89, 25, 153, 152, 136, 140, 172, 173, 237, 109, 108, 76, 92, 94, 90, 122, 120, 56, 40, 41, 43, 171, 187], f=83, g=28
[00:00:49:37:563] Expansion 42800000: state [255, 223, 207, 203, 75, 73, 89, 25, 153, 152, 216, 218, 90, 26, 58, 186, 187, 171, 43, 41, 45, 109, 108, 124, 60, 188, 172, 140, 142, 138], f=83, g=29
[00:00:49:44:517] Expansion 42900000: state [255, 223, 207, 203, 75, 73, 89, 25, 153, 152, 156, 140, 12, 76, 108, 109, 237, 173, 175, 171, 43, 41, 40, 56, 58, 122, 90, 94], f=83, g=27
[00:00:49:51:764] Expansion 43000000: state [255, 223, 207, 203, 75, 73, 89, 25, 153, 152, 154, 218, 90, 122, 58, 42, 43, 171, 169, 173, 45, 44, 12, 140], f=83, g=23
[00:00:49:58:564] Expansion 43100000: state [255, 223, 207, 203, 75, 73, 89, 25, 153, 185, 169, 41, 43, 42, 58, 186, 190, 188, 172, 44, 12, 76, 92, 94, 90, 218], f=83, g=25
[00:00:50:05:174] Expansion 43200000: state [255, 223, 207, 203, 75, 73, 89, 25, 153, 185, 184, 56, 40, 42, 10, 138, 154, 218, 216, 220, 92, 76, 12, 140, 141], f=83, g=24
[00:00:50:23:600] Expansion 43300000: state [255, 223, 207, 203, 75, 73, 89, 25, 153, 185, 184, 186, 58, 122, 120, 124, 108, 109, 45, 173, 141, 140, 12, 28], f=83, g=23
[00:00:50:30:187] Expansion 43400000: state [255, 223, 207, 203, 75, 73, 89, 25, 153, 185, 189, 188, 60, 56, 58, 42], f=83, g=15
[00:00:50:37:074] Expansion 43500000: state [255, 223, 207, 203, 75, 73, 89, 25, 153, 185, 187, 171, 175, 173, 45, 41, 40, 56, 120, 122, 90, 26, 154, 138, 142, 140, 12, 28, 92, 220, 216], f=83, g=30
[00:00:50:43:828] Expansion 43600000: state [255, 223, 207, 203, 75, 73, 89, 25, 153, 185, 187, 186, 190, 188, 60, 124, 108, 109, 45, 173, 141, 140], f=83, g=21
[00:00:50:50:824] Expansion 43700000: state [255, 223, 207, 203, 75, 73, 89, 25, 153, 157, 141, 173, 45, 109, 108, 76, 92, 94, 90, 26, 58, 56, 184, 188, 190], f=83, g=24
[00:00:50:57:706] Expansion 43800000: state [255, 223, 207, 203, 75, 73, 89, 25, 153, 157, 156, 140, 204, 76, 92, 124, 120, 122, 90, 218, 154, 138, 10, 42], f=83, g=23
[00:00:51:04:757] Expansion 43900000: state [255, 223, 207, 203, 75, 73, 89, 25, 153, 157, 189, 173, 45, 44, 40, 56, 58, 26, 10, 138, 142, 140, 204, 76], f=83, g=23
[00:00:51:11:492] Expansion 44000000: state [255, 223, 207, 203, 75, 73, 89, 25, 153, 157, 189, 188, 172, 44, 40, 41, 169, 171, 187, 186, 154, 218, 216, 220, 92, 124, 120], f=83, g=26
[00:00:51:18:555] Expansion 44100000: state [255, 223, 207, 203, 75, 73, 89, 25, 153, 155, 154, 26, 58, 56, 40, 44, 45, 173, 189, 188, 156], f=83, g=20
[00:00:51:25:609] Expansion 44200000: state [255, 223, 207, 203, 75, 73, 89, 25, 153, 155, 154, 218, 90, 122, 120, 56, 184, 188, 189, 173, 169, 41, 43, 42, 46, 44, 12, 28, 92], f=83, g=28
[00:00:51:32:592] Expansion 44300000: state [255, 223, 207, 203, 75, 73, 89, 25, 153, 155, 187, 171, 43, 41, 45, 173, 141, 140, 156, 188, 252, 124, 92, 76, 78], f=83, g=24
[00:00:51:39:421] Expansion 44400000: state [255, 223, 207, 203, 75, 73, 89, 25, 153, 155, 187, 171, 175, 173, 45, 41, 40, 56, 60, 28, 156, 140, 142, 138, 10, 26, 90, 94, 78, 76, 108], f=83, g=30
[00:00:51:46:332] Expansion 44500000: state [255, 223, 207, 203, 75, 73, 89, 25, 153, 155, 187, 186, 184, 188, 156, 140, 136, 138, 10, 42, 40, 41, 169, 173, 237, 109, 108, 124, 120, 122], f=83, g=29
[00:00:51:53:217] Expansion 44600000: state [255, 223, 207, 203, 75, 73, 89, 25, 57, 41, 40, 42, 10, 138, 136, 152, 216, 218, 90, 94, 92, 124, 252, 188, 190, 186, 187, 171, 175, 173, 141, 157], f=83, g=31
[00:00:52:00:156] Expansion 44700000: state [255, 223, 207, 203, 75, 73, 89, 25, 57, 41, 169, 137, 141, 140, 12, 44, 46, 42, 58, 186, 184, 152, 216, 218, 90], f=83, g=24
[00:00:52:06:824] Expansion 44800000: state [255, 223, 207, 203, 75, 73, 89, 25, 57, 41, 169, 173, 189, 188, 190, 186, 58, 122, 90, 94, 92, 124, 108, 44, 12, 140, 136, 138, 10], f=83, g=28
[00:00:52:13:506] Expansion 44900000: state [255, 223, 207, 203, 75, 73, 89, 25, 57, 41, 45, 173, 141, 157, 156, 152, 154, 186, 187, 171], f=83, g=19
[00:00:52:20:336] Expansion 45000000: state [255, 223, 207, 203, 75, 73, 89, 25, 57, 41, 43, 42, 58, 26, 90, 218, 216, 220, 204, 76, 108, 124, 60, 188, 184], f=83, g=24
[00:00:52:27:443] Expansion 45100000: state [255, 223, 207, 203, 75, 73, 89, 25, 57, 41, 43, 171, 187, 186, 154, 218, 90, 122, 120, 124, 108, 44, 172, 173, 141, 157, 156, 28], f=83, g=27
[00:00:52:34:281] Expansion 45200000: state [255, 223, 207, 203, 75, 73, 89, 25, 57, 56, 40, 44, 45, 173, 169, 171, 187, 155, 154, 138, 142, 140, 156, 220, 92], f=83, g=24
[00:00:52:41:245] Expansion 45300000: state [255, 223, 207, 203, 75, 73, 89, 25, 57, 56, 184, 188, 172, 140, 204, 76, 92, 94, 90, 218, 154, 138, 10, 42], f=83, g=23
[00:00:52:48:300] Expansion 45400000: state [255, 223, 207, 203, 75, 73, 89, 25, 57, 56, 120, 124, 108, 109, 45, 173, 141, 140, 204, 220, 216, 152, 154, 26, 10, 42, 43, 171, 187], f=83, g=28
