--------------------------
date: SM_Grids
number_of_graphs: 10
graph_type: grid
size_of_graphs: [7, 7]
heuristic: bcc_heuristic
snake: False
run_uni: True
run_bi: True
run_multi: False
solution_vertices: []
algorithms: ['DFBnB']
bsd: False
cube_first_dims: 4
cube_buffer_dim: None
backward_sym_generation: False
sym_coil: False
prefix_set: None

---------- SM_Grids/7x7_grid_with_random_blocks_12per_0 ----------
[00:00:00:00:028] Expansion 35: New longest path found with length 36: [0, 7, 14, 21, 28, 35, 42, 43, 36, 29, 22, 15, 8, 1, 2, 9, 16, 17, 10, 3, 4, 11, 18, 19, 26, 33, 32, 31, 30, 37, 44, 45, 38, 39, 46, 47, 48]
[00:00:00:00:028] Expansion 37: New longest path found with length 38: [0, 7, 14, 21, 28, 35, 42, 43, 36, 29, 22, 15, 8, 1, 2, 9, 16, 17, 10, 3, 4, 11, 18, 19, 26, 33, 32, 31, 30, 37, 44, 45, 38, 39, 46, 47, 40, 41, 48]
[00:00:00:00:782] Path of length 38 found: [0, 7, 14, 21, 28, 35, 42, 43, 36, 29, 22, 15, 8, 1, 2, 9, 16, 17, 10, 3, 4, 11, 18, 19, 26, 33, 32, 31, 30, 37, 44, 45, 38, 39, 46, 47, 40, 41, 48]
[00:00:00:00:783] ! Unidirectional s-t. expansions: 931, time: 782 [ms], path length: 38 [edges], generated: 1,693
[00:00:00:00:017] Expansion 15: New longest path found with length 16: [48, 41, 40, 47, 46, 39, 32, 33, 26, 19, 18, 11, 4, 3, 2, 1, 0]
[00:00:00:00:030] Expansion 37: New longest path found with length 38: [48, 41, 40, 47, 46, 39, 32, 33, 26, 19, 18, 11, 4, 3, 2, 1, 8, 15, 16, 9, 10, 17, 24, 31, 30, 29, 36, 37, 38, 45, 44, 43, 42, 35, 28, 21, 14, 7, 0]
[00:00:00:00:552] Path of length 38 found: [48, 41, 40, 47, 46, 39, 32, 33, 26, 19, 18, 11, 4, 3, 2, 1, 8, 15, 16, 9, 10, 17, 24, 31, 30, 29, 36, 37, 38, 45, 44, 43, 42, 35, 28, 21, 14, 7, 0]
[00:00:00:00:552] ! Unidirectional t-s. expansions: 749, time: 552 [ms], path length: 38 [edges], generated: 1,276
[00:00:00:00:021] Expansion 19:New longest path found with length 38: [0, 7, 14, 21, 28, 35, 42, 43, 36, 29, 30, 37, 44, 45, 38, 31, 24, 17, 10, 9, 16, 15, 8, 1, 2, 3, 4, 11, 18, 19, 26, 33, 32, 39, 46, 47, 40, 41, 48]
[00:00:00:01:155] Path of length 38 found: [0, 7, 14, 21, 28, 35, 42, 43, 36, 29, 30, 37, 44, 45, 38, 31, 24, 17, 10, 9, 16, 15, 8, 1, 2, 3, 4, 11, 18, 19, 26, 33, 32, 39, 46, 47, 40, 41, 48]
[00:00:00:01:529] ! Bidirectional. expansions: 1,235, time: 1,155 [ms], path length: 38 [edges], g_F: 19, g_B: 19, generated: {'F': 2,318, 'B': 2,301}, MM: 0, MMPER: -1.0%
[00:00:00:01:529] 
---------- SM_Grids/7x7_grid_with_random_blocks_12per_1 ----------
[00:00:00:00:033] Expansion 37: New longest path found with length 38: [0, 7, 14, 21, 28, 35, 42, 43, 44, 45, 46, 39, 32, 31, 30, 29, 22, 23, 16, 15, 8, 1, 2, 9, 10, 3, 4, 11, 18, 25, 26, 19, 20, 27, 34, 33, 40, 47, 48]
[00:00:00:00:707] Expansion 1,031: New longest path found with length 40: [0, 7, 14, 21, 28, 29, 36, 35, 42, 43, 44, 45, 46, 39, 32, 31, 30, 23, 22, 15, 8, 1, 2, 9, 16, 17, 10, 3, 4, 11, 18, 25, 26, 19, 20, 27, 34, 33, 40, 47, 48]
[00:00:00:02:554] Path of length 40 found: [0, 7, 14, 21, 28, 29, 36, 35, 42, 43, 44, 45, 46, 39, 32, 31, 30, 23, 22, 15, 8, 1, 2, 9, 16, 17, 10, 3, 4, 11, 18, 25, 26, 19, 20, 27, 34, 33, 40, 47, 48]
[00:00:00:02:554] ! Unidirectional s-t. expansions: 3,592, time: 2,554 [ms], path length: 40 [edges], generated: 5,951
[00:00:00:00:014] Expansion 11: New longest path found with length 12: [48, 41, 34, 27, 20, 19, 18, 11, 4, 3, 2, 1, 0]
[00:00:00:00:031] Expansion 39: New longest path found with length 40: [48, 41, 34, 27, 20, 19, 18, 11, 4, 3, 2, 1, 8, 9, 10, 17, 16, 15, 22, 23, 30, 31, 32, 25, 26, 33, 40, 39, 46, 45, 44, 43, 42, 35, 36, 29, 28, 21, 14, 7, 0]
[00:00:00:00:492] Path of length 40 found: [48, 41, 34, 27, 20, 19, 18, 11, 4, 3, 2, 1, 8, 9, 10, 17, 16, 15, 22, 23, 30, 31, 32, 25, 26, 33, 40, 39, 46, 45, 44, 43, 42, 35, 36, 29, 28, 21, 14, 7, 0]
[00:00:00:00:493] ! Unidirectional t-s. expansions: 563, time: 492 [ms], path length: 40 [edges], generated: 1,008
[00:00:00:00:023] Expansion 20:New longest path found with length 38: [0, 7, 14, 21, 28, 35, 42, 43, 44, 45, 46, 47, 40, 33, 26, 25, 32, 31, 30, 29, 22, 15, 16, 17, 10, 9, 8, 1, 2, 3, 4, 11, 18, 19, 20, 27, 34, 41, 48]
[00:00:00:00:264] Expansion 428:New longest path found with length 40: [0, 7, 14, 21, 28, 29, 36, 35, 42, 43, 44, 45, 46, 47, 40, 33, 26, 25, 32, 31, 30, 23, 22, 15, 16, 17, 10, 9, 8, 1, 2, 3, 4, 11, 18, 19, 20, 27, 34, 41, 48]
[00:00:00:01:772] Path of length 40 found: [0, 7, 14, 21, 28, 29, 36, 35, 42, 43, 44, 45, 46, 47, 40, 33, 26, 25, 32, 31, 30, 23, 22, 15, 16, 17, 10, 9, 8, 1, 2, 3, 4, 11, 18, 19, 20, 27, 34, 41, 48]
[00:00:00:02:148] ! Bidirectional. expansions: 1,698, time: 1,773 [ms], path length: 40 [edges], g_F: 20, g_B: 20, generated: {'F': 3,315, 'B': 3,298}, MM: 0, MMPER: -1.0%
[00:00:00:02:148] 
---------- SM_Grids/7x7_grid_with_random_blocks_12per_2 ----------
[00:00:00:00:035] Expansion 37: New longest path found with length 38: [0, 7, 14, 21, 28, 29, 22, 15, 8, 1, 2, 9, 16, 23, 30, 37, 36, 43, 44, 45, 38, 31, 24, 17, 10, 3, 4, 11, 18, 19, 26, 25, 32, 39, 40, 33, 34, 41, 48]
[00:00:00:03:662] Path of length 38 found: [0, 7, 14, 21, 28, 29, 22, 15, 8, 1, 2, 9, 16, 23, 30, 37, 36, 43, 44, 45, 38, 31, 24, 17, 10, 3, 4, 11, 18, 19, 26, 25, 32, 39, 40, 33, 34, 41, 48]
[00:00:00:03:663] ! Unidirectional s-t. expansions: 4,991, time: 3,662 [ms], path length: 38 [edges], generated: 8,660
[00:00:00:00:016] Expansion 13: New longest path found with length 14: [48, 47, 40, 41, 34, 33, 26, 19, 18, 11, 4, 3, 2, 1, 0]
[00:00:00:00:031] Expansion 37: New longest path found with length 38: [48, 47, 40, 41, 34, 33, 26, 19, 18, 11, 4, 3, 2, 1, 8, 15, 22, 23, 16, 9, 10, 17, 24, 25, 32, 39, 38, 31, 30, 37, 44, 43, 36, 29, 28, 21, 14, 7, 0]
[00:00:00:00:495] Path of length 38 found: [48, 47, 40, 41, 34, 33, 26, 19, 18, 11, 4, 3, 2, 1, 8, 15, 22, 23, 16, 9, 10, 17, 24, 25, 32, 39, 38, 31, 30, 37, 44, 43, 36, 29, 28, 21, 14, 7, 0]
[00:00:00:00:496] ! Unidirectional t-s. expansions: 681, time: 495 [ms], path length: 38 [edges], generated: 1,240
[00:00:00:00:023] Expansion 20:New longest path found with length 38: [0, 7, 14, 21, 28, 29, 22, 15, 8, 1, 2, 9, 16, 23, 30, 37, 36, 43, 44, 45, 38, 31, 32, 25, 24, 17, 10, 3, 4, 11, 18, 19, 26, 33, 34, 41, 40, 47, 48]
[00:00:00:00:888] Path of length 38 found: [0, 7, 14, 21, 28, 29, 22, 15, 8, 1, 2, 9, 16, 23, 30, 37, 36, 43, 44, 45, 38, 31, 32, 25, 24, 17, 10, 3, 4, 11, 18, 19, 26, 33, 34, 41, 40, 47, 48]
[00:00:00:01:225] ! Bidirectional. expansions: 903, time: 888 [ms], path length: 38 [edges], g_F: 19, g_B: 19, generated: {'F': 1,758, 'B': 1,822}, MM: 0, MMPER: -1.0%
[00:00:00:01:225] 
---------- SM_Grids/7x7_grid_with_random_blocks_12per_3 ----------
[00:00:00:00:031] Expansion 37: New longest path found with length 38: [0, 7, 14, 21, 28, 35, 42, 43, 36, 37, 30, 29, 22, 15, 8, 1, 2, 9, 16, 23, 24, 17, 10, 3, 4, 5, 6, 13, 12, 19, 20, 27, 26, 25, 32, 39, 46, 47, 48]
[00:00:00:00:032] Expansion 41: New longest path found with length 42: [0, 7, 14, 21, 28, 35, 42, 43, 36, 37, 30, 29, 22, 15, 8, 1, 2, 9, 16, 23, 24, 17, 10, 3, 4, 5, 6, 13, 12, 19, 20, 27, 26, 25, 32, 39, 46, 47, 40, 33, 34, 41, 48]
[00:00:00:00:033] Path of length 42 found: [0, 7, 14, 21, 28, 35, 42, 43, 36, 37, 30, 29, 22, 15, 8, 1, 2, 9, 16, 23, 24, 17, 10, 3, 4, 5, 6, 13, 12, 19, 20, 27, 26, 25, 32, 39, 46, 47, 40, 33, 34, 41, 48]
[00:00:00:00:034] ! Unidirectional s-t. expansions: 42, time: 33 [ms], path length: 42 [edges], generated: 67
[00:00:00:00:023] Expansion 23: New longest path found with length 24: [48, 41, 34, 27, 20, 13, 6, 5, 12, 19, 26, 33, 40, 47, 46, 39, 32, 25, 24, 17, 10, 3, 2, 1, 0]
[00:00:00:00:031] Expansion 39: New longest path found with length 40: [48, 41, 34, 27, 20, 13, 6, 5, 12, 19, 26, 33, 40, 47, 46, 39, 32, 25, 24, 17, 10, 3, 2, 1, 8, 9, 16, 15, 22, 23, 30, 37, 36, 43, 42, 35, 28, 21, 14, 7, 0]
[00:00:00:00:149] Expansion 234: New longest path found with length 42: [48, 41, 34, 33, 40, 47, 46, 39, 32, 25, 26, 27, 20, 19, 12, 13, 6, 5, 4, 3, 2, 1, 8, 15, 16, 9, 10, 17, 24, 23, 22, 29, 30, 37, 36, 43, 42, 35, 28, 21, 14, 7, 0]
[00:00:00:00:150] Path of length 42 found: [48, 41, 34, 33, 40, 47, 46, 39, 32, 25, 26, 27, 20, 19, 12, 13, 6, 5, 4, 3, 2, 1, 8, 15, 16, 9, 10, 17, 24, 23, 22, 29, 30, 37, 36, 43, 42, 35, 28, 21, 14, 7, 0]
[00:00:00:00:150] ! Unidirectional t-s. expansions: 235, time: 150 [ms], path length: 42 [edges], generated: 406
[00:00:00:00:021] Expansion 20:New longest path found with length 40: [0, 7, 14, 21, 28, 35, 42, 43, 36, 37, 30, 29, 22, 15, 8, 1, 2, 3, 10, 9, 16, 17, 24, 25, 32, 39, 46, 47, 40, 33, 26, 19, 12, 5, 6, 13, 20, 27, 34, 41, 48]
[00:00:00:00:066] Expansion 66:New longest path found with length 42: [0, 7, 14, 21, 28, 35, 42, 43, 36, 37, 30, 29, 22, 15, 8, 1, 2, 9, 16, 23, 24, 17, 10, 3, 4, 5, 6, 13, 12, 19, 20, 27, 26, 25, 32, 39, 46, 47, 40, 33, 34, 41, 48]
[00:00:00:00:067] Path of length 42 found: [0, 7, 14, 21, 28, 35, 42, 43, 36, 37, 30, 29, 22, 15, 8, 1, 2, 9, 16, 23, 24, 17, 10, 3, 4, 5, 6, 13, 12, 19, 20, 27, 26, 25, 32, 39, 46, 47, 40, 33, 34, 41, 48]
[00:00:00:00:405] ! Bidirectional. expansions: 66, time: 67 [ms], path length: 42 [edges], g_F: 21, g_B: 21, generated: {'F': 115, 'B': 108}, MM: 0, MMPER: -1.0%
[00:00:00:00:405] 
---------- SM_Grids/7x7_grid_with_random_blocks_12per_4 ----------
[00:00:00:00:033] Expansion 39: New longest path found with length 40: [0, 7, 8, 1, 2, 9, 16, 15, 22, 21, 28, 29, 36, 43, 44, 45, 38, 31, 30, 23, 24, 17, 10, 3, 4, 11, 18, 19, 12, 5, 6, 13, 20, 27, 26, 33, 32, 39, 46, 47, 48]
[00:00:00:00:034] Expansion 41: New longest path found with length 42: [0, 7, 8, 1, 2, 9, 16, 15, 22, 21, 28, 29, 36, 43, 44, 45, 38, 31, 30, 23, 24, 17, 10, 3, 4, 11, 18, 19, 12, 5, 6, 13, 20, 27, 26, 33, 32, 39, 46, 47, 40, 41, 48]
[00:00:00:00:036] Path of length 42 found: [0, 7, 8, 1, 2, 9, 16, 15, 22, 21, 28, 29, 36, 43, 44, 45, 38, 31, 30, 23, 24, 17, 10, 3, 4, 11, 18, 19, 12, 5, 6, 13, 20, 27, 26, 33, 32, 39, 46, 47, 40, 41, 48]
[00:00:00:00:036] ! Unidirectional s-t. expansions: 42, time: 36 [ms], path length: 42 [edges], generated: 67
[00:00:00:00:032] Expansion 39: New longest path found with length 40: [48, 41, 40, 47, 46, 39, 32, 33, 26, 27, 20, 13, 6, 5, 4, 3, 2, 9, 10, 11, 12, 19, 18, 17, 16, 23, 24, 31, 38, 45, 44, 43, 36, 29, 28, 21, 22, 15, 8, 1, 0]
[00:00:00:00:079] Expansion 135: New longest path found with length 42: [48, 41, 40, 47, 46, 39, 32, 33, 26, 27, 20, 13, 6, 5, 4, 3, 10, 11, 12, 19, 18, 17, 24, 23, 30, 31, 38, 45, 44, 43, 36, 29, 28, 21, 22, 15, 16, 9, 2, 1, 8, 7, 0]
[00:00:00:00:081] Path of length 42 found: [48, 41, 40, 47, 46, 39, 32, 33, 26, 27, 20, 13, 6, 5, 4, 3, 10, 11, 12, 19, 18, 17, 24, 23, 30, 31, 38, 45, 44, 43, 36, 29, 28, 21, 22, 15, 16, 9, 2, 1, 8, 7, 0]
[00:00:00:00:081] ! Unidirectional t-s. expansions: 136, time: 81 [ms], path length: 42 [edges], generated: 211
[00:00:00:00:023] Expansion 21:New longest path found with length 42: [0, 7, 8, 1, 2, 9, 16, 15, 22, 21, 28, 29, 36, 43, 44, 45, 38, 31, 30, 23, 24, 17, 18, 19, 12, 11, 10, 3, 4, 5, 6, 13, 20, 27, 26, 33, 32, 39, 46, 47, 40, 41, 48]
[00:00:00:00:023] Path of length 42 found: [0, 7, 8, 1, 2, 9, 16, 15, 22, 21, 28, 29, 36, 43, 44, 45, 38, 31, 30, 23, 24, 17, 18, 19, 12, 11, 10, 3, 4, 5, 6, 13, 20, 27, 26, 33, 32, 39, 46, 47, 40, 41, 48]
[00:00:00:00:359] ! Bidirectional. expansions: 21, time: 23 [ms], path length: 42 [edges], g_F: 21, g_B: 21, generated: {'F': 36, 'B': 36}, MM: 0, MMPER: -1.0%
[00:00:00:00:359] 
---------- SM_Grids/7x7_grid_with_random_blocks_12per_5 ----------
[00:00:00:00:033] Expansion 37: New longest path found with length 38: [0, 7, 14, 21, 28, 35, 42, 43, 36, 29, 22, 15, 8, 1, 2, 9, 16, 23, 30, 37, 38, 31, 24, 25, 32, 33, 26, 19, 18, 11, 4, 5, 12, 13, 20, 27, 34, 41, 48]
[00:00:00:00:047] Expansion 61: New longest path found with length 40: [0, 7, 14, 21, 28, 35, 42, 43, 36, 29, 22, 15, 8, 1, 2, 9, 16, 23, 24, 25, 18, 11, 4, 5, 6, 13, 12, 19, 20, 27, 26, 33, 32, 31, 30, 37, 38, 45, 46, 47, 48]
[00:00:00:04:553] Path of length 40 found: [0, 7, 14, 21, 28, 35, 42, 43, 36, 29, 22, 15, 8, 1, 2, 9, 16, 23, 24, 25, 18, 11, 4, 5, 6, 13, 12, 19, 20, 27, 26, 33, 32, 31, 30, 37, 38, 45, 46, 47, 48]
[00:00:00:04:554] ! Unidirectional s-t. expansions: 6,203, time: 4,554 [ms], path length: 40 [edges], generated: 10,764
[00:00:00:00:024] Expansion 23: New longest path found with length 24: [48, 47, 46, 45, 38, 31, 24, 25, 32, 33, 34, 27, 26, 19, 20, 13, 6, 5, 4, 11, 10, 9, 2, 1, 0]
[00:00:00:00:031] Expansion 39: New longest path found with length 40: [48, 47, 46, 45, 38, 31, 24, 25, 32, 33, 34, 27, 26, 19, 20, 13, 6, 5, 4, 11, 10, 9, 2, 1, 8, 15, 16, 23, 22, 29, 30, 37, 36, 43, 42, 35, 28, 21, 14, 7, 0]
[00:00:00:01:558] Path of length 40 found: [48, 47, 46, 45, 38, 31, 24, 25, 32, 33, 34, 27, 26, 19, 20, 13, 6, 5, 4, 11, 10, 9, 2, 1, 8, 15, 16, 23, 22, 29, 30, 37, 36, 43, 42, 35, 28, 21, 14, 7, 0]
[00:00:00:01:558] ! Unidirectional t-s. expansions: 2,019, time: 1,558 [ms], path length: 40 [edges], generated: 3,682
[00:00:00:00:021] Expansion 22:New longest path found with length 40: [0, 7, 14, 21, 28, 35, 42, 43, 36, 37, 30, 29, 22, 23, 16, 15, 8, 1, 2, 9, 10, 11, 4, 5, 6, 13, 20, 19, 26, 27, 34, 33, 32, 25, 24, 31, 38, 45, 46, 47, 48]
[00:00:00:01:275] Path of length 40 found: [0, 7, 14, 21, 28, 35, 42, 43, 36, 37, 30, 29, 22, 23, 16, 15, 8, 1, 2, 9, 10, 11, 4, 5, 6, 13, 20, 19, 26, 27, 34, 33, 32, 25, 24, 31, 38, 45, 46, 47, 48]
[00:00:00:01:614] ! Bidirectional. expansions: 1,680, time: 1,275 [ms], path length: 40 [edges], g_F: 20, g_B: 20, generated: {'F': 2,994, 'B': 3,166}, MM: 0, MMPER: -1.0%
[00:00:00:01:614] 
---------- SM_Grids/7x7_grid_with_random_blocks_12per_6 ----------
[00:00:00:00:070] Expansion 39: New longest path found with length 40: [0, 7, 14, 21, 28, 35, 42, 43, 36, 29, 22, 15, 8, 1, 2, 3, 4, 11, 12, 5, 6, 13, 20, 27, 26, 25, 18, 17, 16, 23, 24, 31, 30, 37, 44, 45, 38, 39, 46, 47, 48]
[00:00:00:08:896] Path of length 40 found: [0, 7, 14, 21, 28, 35, 42, 43, 36, 29, 22, 15, 8, 1, 2, 3, 4, 11, 12, 5, 6, 13, 20, 27, 26, 25, 18, 17, 16, 23, 24, 31, 30, 37, 44, 45, 38, 39, 46, 47, 48]
[00:00:00:08:896] ! Unidirectional s-t. expansions: 13,071, time: 8,896 [ms], path length: 40 [edges], generated: 21,750
[00:00:00:00:013] Expansion 13: New longest path found with length 14: [48, 41, 34, 27, 20, 13, 6, 5, 12, 11, 4, 3, 2, 1, 0]
[00:00:00:00:029] Expansion 39: New longest path found with length 40: [48, 41, 34, 27, 20, 13, 6, 5, 12, 11, 4, 3, 2, 1, 8, 15, 22, 29, 36, 37, 30, 23, 16, 17, 18, 25, 24, 31, 32, 39, 38, 45, 44, 43, 42, 35, 28, 21, 14, 7, 0]
[00:00:00:03:000] Path of length 40 found: [48, 41, 34, 27, 20, 13, 6, 5, 12, 11, 4, 3, 2, 1, 8, 15, 22, 29, 36, 37, 30, 23, 16, 17, 18, 25, 24, 31, 32, 39, 38, 45, 44, 43, 42, 35, 28, 21, 14, 7, 0]
[00:00:00:03:001] ! Unidirectional t-s. expansions: 3,973, time: 3,000 [ms], path length: 40 [edges], generated: 6,774
[00:00:00:00:019] Expansion 24:New longest path found with length 40: [0, 7, 14, 21, 28, 35, 42, 43, 36, 29, 22, 23, 30, 37, 44, 45, 46, 39, 38, 31, 24, 25, 18, 17, 16, 15, 8, 1, 2, 3, 4, 11, 12, 5, 6, 13, 20, 27, 34, 41, 48]
[00:00:00:02:348] Path of length 40 found: [0, 7, 14, 21, 28, 35, 42, 43, 36, 29, 22, 23, 30, 37, 44, 45, 46, 39, 38, 31, 24, 25, 18, 17, 16, 15, 8, 1, 2, 3, 4, 11, 12, 5, 6, 13, 20, 27, 34, 41, 48]
[00:00:00:02:702] ! Bidirectional. expansions: 3,218, time: 2,348 [ms], path length: 40 [edges], g_F: 20, g_B: 20, generated: {'F': 5,627, 'B': 6,004}, MM: 0, MMPER: -1.0%
[00:00:00:02:702] 
---------- SM_Grids/7x7_grid_with_random_blocks_12per_7 ----------
[00:00:00:00:032] Expansion 39: New longest path found with length 40: [0, 7, 14, 21, 28, 35, 42, 43, 36, 29, 30, 23, 16, 15, 8, 1, 2, 9, 10, 3, 4, 11, 12, 13, 20, 19, 18, 17, 24, 31, 38, 45, 46, 39, 32, 25, 26, 33, 40, 41, 48]
[00:00:00:02:183] Path of length 40 found: [0, 7, 14, 21, 28, 35, 42, 43, 36, 29, 30, 23, 16, 15, 8, 1, 2, 9, 10, 3, 4, 11, 12, 13, 20, 19, 18, 17, 24, 31, 38, 45, 46, 39, 32, 25, 26, 33, 40, 41, 48]
[00:00:00:02:183] ! Unidirectional s-t. expansions: 3,256, time: 2,183 [ms], path length: 40 [edges], generated: 5,451
[00:00:00:00:022] Expansion 21: New longest path found with length 22: [48, 41, 34, 33, 40, 39, 46, 45, 38, 31, 32, 25, 26, 19, 20, 13, 12, 11, 4, 3, 2, 1, 0]
[00:00:00:00:030] Expansion 39: New longest path found with length 40: [48, 41, 34, 33, 40, 39, 46, 45, 38, 31, 32, 25, 26, 19, 20, 13, 12, 11, 4, 3, 2, 1, 8, 15, 16, 9, 10, 17, 24, 23, 30, 29, 36, 43, 42, 35, 28, 21, 14, 7, 0]
[00:00:00:00:587] Path of length 40 found: [48, 41, 34, 33, 40, 39, 46, 45, 38, 31, 32, 25, 26, 19, 20, 13, 12, 11, 4, 3, 2, 1, 8, 15, 16, 9, 10, 17, 24, 23, 30, 29, 36, 43, 42, 35, 28, 21, 14, 7, 0]
[00:00:00:00:587] ! Unidirectional t-s. expansions: 704, time: 587 [ms], path length: 40 [edges], generated: 1,323
[00:00:00:00:020] Expansion 20:New longest path found with length 40: [0, 7, 14, 21, 28, 35, 42, 43, 36, 29, 30, 23, 24, 17, 10, 9, 16, 15, 8, 1, 2, 3, 4, 11, 12, 13, 20, 19, 26, 25, 32, 31, 38, 45, 46, 39, 40, 33, 34, 41, 48]
[00:00:00:01:087] Path of length 40 found: [0, 7, 14, 21, 28, 35, 42, 43, 36, 29, 30, 23, 24, 17, 10, 9, 16, 15, 8, 1, 2, 3, 4, 11, 12, 13, 20, 19, 26, 25, 32, 31, 38, 45, 46, 39, 40, 33, 34, 41, 48]
[00:00:00:01:398] ! Bidirectional. expansions: 990, time: 1,087 [ms], path length: 40 [edges], g_F: 20, g_B: 20, generated: {'F': 1,788, 'B': 1,910}, MM: 0, MMPER: -1.0%
[00:00:00:01:399] 
---------- SM_Grids/7x7_grid_with_random_blocks_12per_8 ----------
[00:00:00:00:072] Expansion 39: New longest path found with length 40: [0, 7, 14, 21, 28, 35, 42, 43, 44, 37, 36, 29, 22, 15, 8, 1, 2, 9, 16, 23, 30, 31, 24, 17, 10, 3, 4, 5, 6, 13, 12, 19, 20, 27, 26, 25, 32, 39, 46, 47, 48]
[00:00:00:00:084] Expansion 66: New longest path found with length 42: [0, 7, 14, 21, 28, 35, 42, 43, 44, 37, 36, 29, 22, 15, 8, 1, 2, 9, 16, 23, 30, 31, 24, 25, 18, 17, 10, 3, 4, 5, 6, 13, 12, 19, 20, 27, 26, 33, 32, 39, 46, 47, 48]
[00:00:00:01:895] Path of length 42 found: [0, 7, 14, 21, 28, 35, 42, 43, 44, 37, 36, 29, 22, 15, 8, 1, 2, 9, 16, 23, 30, 31, 24, 25, 18, 17, 10, 3, 4, 5, 6, 13, 12, 19, 20, 27, 26, 33, 32, 39, 46, 47, 48]
[00:00:00:01:895] ! Unidirectional s-t. expansions: 2,567, time: 1,895 [ms], path length: 42 [edges], generated: 4,335
[00:00:00:00:021] Expansion 21: New longest path found with length 22: [48, 47, 46, 39, 32, 33, 26, 27, 20, 13, 6, 5, 12, 19, 18, 25, 24, 17, 10, 3, 2, 1, 0]
[00:00:00:00:030] Expansion 41: New longest path found with length 42: [48, 47, 46, 39, 32, 33, 26, 27, 20, 13, 6, 5, 12, 19, 18, 25, 24, 17, 10, 3, 2, 1, 8, 9, 16, 15, 22, 23, 30, 31, 38, 37, 44, 43, 42, 35, 36, 29, 28, 21, 14, 7, 0]
[00:00:00:00:859] Path of length 42 found: [48, 47, 46, 39, 32, 33, 26, 27, 20, 13, 6, 5, 12, 19, 18, 25, 24, 17, 10, 3, 2, 1, 8, 9, 16, 15, 22, 23, 30, 31, 38, 37, 44, 43, 42, 35, 36, 29, 28, 21, 14, 7, 0]
[00:00:00:00:859] ! Unidirectional t-s. expansions: 1,185, time: 859 [ms], path length: 42 [edges], generated: 2,127
[00:00:00:00:020] Expansion 20:New longest path found with length 40: [0, 7, 14, 21, 28, 35, 42, 43, 44, 37, 36, 29, 22, 15, 8, 1, 2, 3, 10, 9, 16, 23, 30, 31, 24, 25, 18, 19, 12, 5, 6, 13, 20, 27, 26, 33, 32, 39, 46, 47, 48]
[00:00:00:00:044] Expansion 55:New longest path found with length 42: [0, 7, 14, 21, 28, 35, 42, 43, 44, 37, 36, 29, 22, 15, 8, 1, 2, 9, 16, 23, 30, 31, 24, 25, 18, 17, 10, 3, 4, 5, 6, 13, 12, 19, 20, 27, 26, 33, 32, 39, 46, 47, 48]
[00:00:00:01:652] Path of length 42 found: [0, 7, 14, 21, 28, 35, 42, 43, 44, 37, 36, 29, 22, 15, 8, 1, 2, 9, 16, 23, 30, 31, 24, 25, 18, 17, 10, 3, 4, 5, 6, 13, 12, 19, 20, 27, 26, 33, 32, 39, 46, 47, 48]
[00:00:00:01:962] ! Bidirectional. expansions: 1,835, time: 1,652 [ms], path length: 42 [edges], g_F: 21, g_B: 21, generated: {'F': 3,322, 'B': 3,211}, MM: 0, MMPER: -1.0%
[00:00:00:01:962] 
---------- SM_Grids/7x7_grid_with_random_blocks_12per_9 ----------
[00:00:00:00:031] Expansion 39: New longest path found with length 40: [0, 7, 14, 21, 28, 29, 36, 37, 30, 23, 16, 15, 8, 1, 2, 9, 10, 3, 4, 11, 18, 17, 24, 31, 38, 45, 46, 39, 32, 25, 26, 19, 12, 5, 6, 13, 20, 27, 34, 41, 48]
[00:00:00:02:098] Path of length 40 found: [0, 7, 14, 21, 28, 29, 36, 37, 30, 23, 16, 15, 8, 1, 2, 9, 10, 3, 4, 11, 18, 17, 24, 31, 38, 45, 46, 39, 32, 25, 26, 19, 12, 5, 6, 13, 20, 27, 34, 41, 48]
[00:00:00:02:098] ! Unidirectional s-t. expansions: 2,956, time: 2,098 [ms], path length: 40 [edges], generated: 5,128
[00:00:00:00:012] Expansion 11: New longest path found with length 12: [48, 41, 34, 27, 20, 13, 6, 5, 4, 3, 2, 1, 0]
[00:00:00:00:030] Expansion 39: New longest path found with length 40: [48, 41, 34, 27, 20, 13, 6, 5, 4, 3, 2, 1, 8, 15, 16, 9, 10, 17, 24, 25, 18, 11, 12, 19, 26, 33, 32, 39, 46, 45, 38, 31, 30, 37, 36, 29, 28, 21, 14, 7, 0]
[00:00:00:03:920] Path of length 40 found: [48, 41, 34, 27, 20, 13, 6, 5, 4, 3, 2, 1, 8, 15, 16, 9, 10, 17, 24, 25, 18, 11, 12, 19, 26, 33, 32, 39, 46, 45, 38, 31, 30, 37, 36, 29, 28, 21, 14, 7, 0]
[00:00:00:03:921] ! Unidirectional t-s. expansions: 6,361, time: 3,921 [ms], path length: 40 [edges], generated: 10,559
[00:00:00:00:021] Expansion 20:New longest path found with length 40: [0, 7, 14, 21, 28, 29, 36, 37, 30, 23, 16, 17, 24, 31, 38, 45, 46, 39, 32, 33, 26, 25, 18, 19, 12, 11, 10, 9, 8, 1, 2, 3, 4, 5, 6, 13, 20, 27, 34, 41, 48]
[00:00:00:01:975] Path of length 40 found: [0, 7, 14, 21, 28, 29, 36, 37, 30, 23, 16, 17, 24, 31, 38, 45, 46, 39, 32, 33, 26, 25, 18, 19, 12, 11, 10, 9, 8, 1, 2, 3, 4, 5, 6, 13, 20, 27, 34, 41, 48]
[00:00:00:02:295] ! Bidirectional. expansions: 2,362, time: 1,976 [ms], path length: 40 [edges], g_F: 20, g_B: 20, generated: {'F': 4,571, 'B': 4,551}, MM: 0, MMPER: -1.0%
[00:00:00:02:295] average expansions: (3,765, 1,661, 1,401, 0)
[00:00:00:02:295] average time: (2,669, 1,170, 1,224, 0)
[00:00:00:02:295] X-DFBnB: 1,661 , 1,170 (expansions , time[ms])
[00:00:00:02:295] BiX-DFBnB: 1,401 , 1,224 (expansions , time[ms])

