--------------------------
date: SM_Grids
number_of_graphs: 10
graph_type: grid
size_of_graphs: [8, 8]
heuristic: bcc_heuristic
snake: False
run_uni: True
run_bi: True
run_multi: False
solution_vertices: []
algorithms: ['DFBnB']
bsd: False
cube_first_dims: 4
cube_buffer_dim: None
backward_sym_generation: False
sym_coil: False
prefix_set: None

---------- SM_Grids/8x8_grid_with_random_blocks_20per_0 ----------
[00:00:00:01:612] Path of length 44 found: [0, 1, 9, 10, 2, 3, 4, 12, 20, 28, 29, 21, 13, 5, 6, 7, 15, 14, 22, 23, 31, 30, 38, 37, 36, 35, 34, 26, 25, 17, 16, 24, 32, 40, 48, 49, 41, 42, 43, 44, 52, 53, 61, 62, 63]
[00:00:00:01:613] ! Unidirectional s-t. expansions: 1,920, time: 1,612 [ms], path length: 44 [edges], generated: 3,067
[00:00:00:00:761] Path of length 44 found: [63, 62, 61, 53, 52, 44, 43, 42, 50, 49, 41, 40, 32, 24, 16, 17, 25, 26, 34, 35, 36, 28, 20, 12, 13, 21, 29, 37, 38, 39, 31, 30, 22, 23, 15, 7, 6, 5, 4, 3, 2, 10, 9, 1, 0]
[00:00:00:00:761] ! Unidirectional t-s. expansions: 832, time: 761 [ms], path length: 44 [edges], generated: 1,461
[00:00:00:00:370] Path of length 44 found: [0, 1, 9, 10, 2, 3, 4, 12, 20, 28, 29, 21, 13, 5, 6, 7, 15, 14, 22, 23, 31, 30, 38, 37, 36, 35, 34, 26, 25, 17, 16, 24, 32, 40, 41, 49, 50, 42, 43, 44, 52, 53, 61, 62, 63]
[00:00:00:00:839] ! Bidirectional. expansions: 854, time: 370 [ms], path length: 44 [edges], g_F: 22, g_B: 22, generated: {'F': 769, 'B': 601}, MM: 0, MMPER: -1.0%
[00:00:00:00:840] 
---------- SM_Grids/8x8_grid_with_random_blocks_20per_1 ----------
[00:00:00:10:312] Path of length 38 found: [0, 8, 16, 24, 25, 17, 9, 1, 2, 3, 11, 10, 18, 26, 34, 33, 41, 40, 48, 56, 57, 49, 50, 42, 43, 35, 27, 19, 20, 28, 29, 30, 31, 39, 47, 46, 54, 62, 63]
[00:00:00:10:312] ! Unidirectional s-t. expansions: 11,458, time: 10,312 [ms], path length: 38 [edges], generated: 20,246
[00:00:00:02:213] Path of length 38 found: [63, 62, 54, 55, 47, 39, 31, 30, 29, 21, 20, 28, 27, 19, 11, 3, 2, 10, 9, 17, 18, 26, 34, 35, 43, 51, 50, 49, 57, 56, 48, 40, 41, 33, 25, 24, 16, 8, 0]
[00:00:00:02:213] ! Unidirectional t-s. expansions: 2,910, time: 2,213 [ms], path length: 38 [edges], generated: 5,149
[00:00:00:02:447] Path of length 38 found: [0, 8, 16, 24, 25, 17, 9, 1, 2, 3, 11, 10, 18, 26, 34, 33, 41, 40, 48, 56, 57, 49, 50, 51, 43, 35, 27, 28, 20, 21, 29, 30, 31, 39, 47, 55, 54, 62, 63]
[00:00:00:02:885] ! Bidirectional. expansions: 4,014, time: 2,447 [ms], path length: 38 [edges], g_F: 19, g_B: 19, generated: {'F': 3,963, 'B': 4,072}, MM: 0, MMPER: -1.0%
[00:00:00:02:885] 
---------- SM_Grids/8x8_grid_with_random_blocks_20per_2 ----------
[00:00:00:00:701] Path of length 48 found: [0, 8, 16, 17, 9, 1, 2, 3, 4, 12, 20, 19, 18, 26, 34, 33, 41, 40, 48, 56, 57, 49, 50, 58, 59, 60, 61, 53, 45, 37, 36, 28, 29, 21, 13, 5, 6, 14, 15, 23, 22, 30, 31, 39, 38, 46, 54, 62, 63]
[00:00:00:00:701] ! Unidirectional s-t. expansions: 759, time: 701 [ms], path length: 48 [edges], generated: 1,328
[00:00:00:01:019] Path of length 48 found: [63, 62, 54, 46, 47, 39, 31, 23, 15, 14, 6, 5, 13, 21, 22, 30, 29, 28, 36, 37, 45, 53, 61, 60, 59, 58, 50, 49, 57, 56, 48, 40, 41, 33, 34, 26, 18, 19, 20, 12, 4, 3, 2, 1, 9, 17, 16, 8, 0]
[00:00:00:01:019] ! Unidirectional t-s. expansions: 1,033, time: 1,019 [ms], path length: 48 [edges], generated: 1,658
[00:00:00:00:466] Path of length 48 found: [0, 8, 16, 17, 9, 1, 2, 3, 4, 12, 20, 19, 18, 26, 34, 33, 41, 40, 48, 56, 57, 49, 50, 58, 59, 60, 61, 53, 45, 37, 36, 28, 29, 30, 22, 21, 13, 5, 6, 14, 15, 23, 31, 39, 47, 46, 54, 62, 63]
[00:00:00:00:883] ! Bidirectional. expansions: 980, time: 466 [ms], path length: 48 [edges], g_F: 24, g_B: 24, generated: {'F': 932, 'B': 779}, MM: 0, MMPER: -1.0%
[00:00:00:00:883] 
---------- SM_Grids/8x8_grid_with_random_blocks_20per_3 ----------
[00:00:00:00:516] Path of length 46 found: [0, 1, 9, 8, 16, 24, 32, 40, 41, 49, 57, 58, 50, 51, 43, 35, 34, 26, 27, 19, 18, 10, 11, 3, 4, 12, 13, 5, 6, 7, 15, 23, 22, 30, 31, 39, 38, 37, 36, 44, 45, 53, 52, 60, 61, 62, 63]
[00:00:00:00:516] ! Unidirectional s-t. expansions: 505, time: 516 [ms], path length: 46 [edges], generated: 855
[00:00:00:00:566] Path of length 46 found: [63, 62, 61, 60, 52, 53, 45, 37, 29, 30, 38, 39, 31, 23, 15, 7, 6, 5, 13, 12, 4, 3, 11, 10, 9, 17, 18, 19, 27, 26, 34, 35, 36, 44, 43, 51, 50, 58, 57, 49, 41, 40, 32, 24, 16, 8, 0]
[00:00:00:00:566] ! Unidirectional t-s. expansions: 683, time: 566 [ms], path length: 46 [edges], generated: 1,092
[00:00:00:00:530] Path of length 46 found: [0, 1, 9, 8, 16, 24, 32, 40, 41, 49, 57, 58, 50, 51, 43, 44, 36, 35, 34, 26, 27, 19, 18, 10, 11, 3, 4, 12, 13, 5, 6, 7, 15, 23, 31, 39, 38, 30, 29, 37, 45, 53, 52, 60, 61, 62, 63]
[00:00:00:00:951] ! Bidirectional. expansions: 976, time: 530 [ms], path length: 46 [edges], g_F: 23, g_B: 23, generated: {'F': 800, 'B': 864}, MM: 0, MMPER: -1.0%
[00:00:00:00:951] 
---------- SM_Grids/8x8_grid_with_random_blocks_20per_4 ----------
[00:00:00:29:337] Path of length 44 found: [0, 8, 16, 24, 32, 40, 48, 49, 57, 58, 59, 51, 43, 44, 36, 28, 20, 19, 27, 26, 34, 33, 25, 17, 18, 10, 9, 1, 2, 3, 4, 5, 6, 7, 15, 23, 22, 21, 29, 37, 45, 46, 54, 62, 63]
[00:00:00:29:337] ! Unidirectional s-t. expansions: 42,032, time: 29,337 [ms], path length: 44 [edges], generated: 66,562
[00:00:00:11:351] Path of length 44 found: [63, 55, 54, 46, 38, 37, 45, 44, 43, 51, 59, 58, 57, 49, 48, 40, 41, 33, 32, 24, 16, 17, 25, 26, 18, 10, 11, 19, 27, 28, 29, 21, 22, 23, 15, 7, 6, 5, 4, 3, 2, 1, 9, 8, 0]
[00:00:00:11:352] ! Unidirectional t-s. expansions: 13,376, time: 11,351 [ms], path length: 44 [edges], generated: 24,268
[00:00:00:14:169] Path of length 44 found: [0, 8, 16, 24, 32, 40, 48, 49, 57, 58, 59, 51, 43, 44, 36, 28, 20, 19, 11, 10, 18, 26, 34, 33, 25, 17, 9, 1, 2, 3, 4, 5, 6, 7, 15, 23, 22, 21, 29, 37, 38, 46, 54, 55, 63]
[00:00:00:14:584] ! Bidirectional. expansions: 35,234, time: 14,169 [ms], path length: 44 [edges], g_F: 22, g_B: 22, generated: {'F': 28,408, 'B': 30,772}, MM: 0, MMPER: -1.0%
[00:00:00:14:584] 
---------- SM_Grids/8x8_grid_with_random_blocks_20per_5 ----------
[00:00:00:03:014] Path of length 46 found: [0, 1, 9, 8, 16, 24, 32, 40, 48, 49, 57, 58, 59, 51, 50, 42, 41, 33, 25, 17, 18, 26, 34, 35, 36, 28, 20, 12, 13, 21, 22, 14, 15, 23, 31, 39, 38, 37, 45, 46, 47, 55, 54, 53, 61, 62, 63]
[00:00:00:03:014] ! Unidirectional s-t. expansions: 3,202, time: 3,014 [ms], path length: 46 [edges], generated: 5,840
[00:00:00:01:412] Path of length 46 found: [63, 55, 47, 39, 31, 23, 15, 14, 22, 21, 13, 12, 20, 28, 29, 37, 38, 46, 54, 62, 61, 53, 52, 51, 59, 58, 57, 49, 48, 40, 32, 33, 41, 42, 43, 35, 34, 26, 18, 17, 25, 24, 16, 8, 9, 1, 0]
[00:00:00:01:412] ! Unidirectional t-s. expansions: 1,460, time: 1,412 [ms], path length: 46 [edges], generated: 2,747
[00:00:00:04:779] Path of length 46 found: [0, 1, 9, 8, 16, 24, 32, 40, 48, 49, 57, 58, 50, 42, 41, 33, 25, 17, 18, 26, 34, 35, 43, 51, 52, 53, 61, 62, 54, 46, 38, 37, 29, 28, 20, 12, 13, 21, 22, 14, 15, 23, 31, 39, 47, 55, 63]
[00:00:00:05:203] ! Bidirectional. expansions: 8,284, time: 4,779 [ms], path length: 46 [edges], g_F: 23, g_B: 23, generated: {'F': 7,386, 'B': 7,453}, MM: 0, MMPER: -1.0%
[00:00:00:05:203] 
---------- SM_Grids/8x8_grid_with_random_blocks_20per_6 ----------
[00:00:00:01:343] Path of length 46 found: [0, 1, 9, 8, 16, 17, 18, 10, 11, 19, 27, 28, 20, 21, 13, 12, 4, 5, 6, 14, 15, 23, 31, 39, 38, 37, 36, 44, 45, 53, 52, 51, 43, 42, 50, 49, 48, 56, 57, 58, 59, 60, 61, 62, 54, 55, 63]
[00:00:00:01:343] ! Unidirectional s-t. expansions: 1,464, time: 1,343 [ms], path length: 46 [edges], generated: 2,366
[00:00:00:02:014] Path of length 46 found: [63, 55, 47, 39, 31, 23, 15, 14, 6, 5, 4, 12, 13, 21, 29, 37, 45, 53, 54, 62, 61, 60, 52, 51, 59, 58, 57, 56, 48, 49, 50, 42, 43, 44, 36, 28, 20, 19, 27, 26, 18, 10, 9, 17, 16, 8, 0]
[00:00:00:02:014] ! Unidirectional t-s. expansions: 2,486, time: 2,014 [ms], path length: 46 [edges], generated: 4,121
[00:00:00:01:309] Path of length 46 found: [0, 1, 9, 8, 16, 17, 18, 10, 11, 19, 27, 28, 36, 44, 43, 42, 50, 49, 48, 56, 57, 58, 59, 51, 52, 60, 61, 62, 54, 53, 45, 37, 29, 21, 20, 12, 4, 5, 6, 14, 15, 23, 31, 39, 47, 55, 63]
[00:00:00:01:739] ! Bidirectional. expansions: 2,516, time: 1,309 [ms], path length: 46 [edges], g_F: 23, g_B: 23, generated: {'F': 2,253, 'B': 2,156}, MM: 0, MMPER: -1.0%
[00:00:00:01:739] 
---------- SM_Grids/8x8_grid_with_random_blocks_20per_7 ----------
[00:00:00:02:316] Path of length 42 found: [0, 8, 16, 24, 32, 40, 41, 33, 25, 17, 9, 1, 2, 3, 11, 19, 18, 26, 34, 42, 50, 51, 43, 35, 27, 28, 20, 12, 4, 5, 6, 7, 15, 23, 31, 30, 38, 39, 47, 55, 54, 62, 63]
[00:00:00:02:316] ! Unidirectional s-t. expansions: 2,323, time: 2,316 [ms], path length: 42 [edges], generated: 3,782
[00:00:00:00:298] Path of length 42 found: [63, 62, 54, 55, 47, 39, 38, 30, 31, 23, 15, 7, 6, 5, 4, 3, 11, 12, 20, 19, 18, 17, 25, 26, 27, 28, 36, 35, 43, 51, 50, 42, 34, 33, 41, 40, 32, 24, 16, 8, 9, 1, 0]
[00:00:00:00:298] ! Unidirectional t-s. expansions: 347, time: 298 [ms], path length: 42 [edges], generated: 633
[00:00:00:00:613] Path of length 42 found: [0, 8, 16, 24, 32, 40, 41, 33, 25, 17, 9, 1, 2, 3, 11, 19, 18, 26, 34, 42, 50, 51, 43, 35, 27, 28, 20, 12, 4, 5, 6, 7, 15, 23, 31, 30, 38, 39, 47, 55, 54, 62, 63]
[00:00:00:01:037] ! Bidirectional. expansions: 1,114, time: 613 [ms], path length: 42 [edges], g_F: 21, g_B: 21, generated: {'F': 1,047, 'B': 969}, MM: 0, MMPER: -1.0%
[00:00:00:01:037] 
---------- SM_Grids/8x8_grid_with_random_blocks_20per_8 ----------
[00:00:00:00:186] Path of length 48 found: [0, 8, 16, 24, 32, 33, 25, 17, 9, 10, 2, 3, 11, 19, 20, 12, 4, 5, 13, 14, 6, 7, 15, 23, 22, 21, 29, 28, 27, 35, 36, 44, 52, 51, 50, 42, 41, 49, 57, 58, 59, 60, 61, 53, 45, 46, 47, 55, 63]
[00:00:00:00:187] ! Unidirectional s-t. expansions: 221, time: 186 [ms], path length: 48 [edges], generated: 346
[00:00:00:00:132] Path of length 48 found: [63, 55, 47, 46, 45, 53, 61, 60, 59, 58, 57, 49, 41, 42, 50, 51, 52, 44, 36, 35, 27, 19, 11, 12, 20, 28, 29, 21, 13, 14, 22, 23, 15, 7, 6, 5, 4, 3, 2, 10, 9, 17, 25, 33, 32, 24, 16, 8, 0]
[00:00:00:00:132] ! Unidirectional t-s. expansions: 140, time: 132 [ms], path length: 48 [edges], generated: 217
[00:00:00:00:038] Path of length 48 found: [0, 8, 16, 24, 32, 33, 25, 17, 9, 10, 2, 3, 11, 19, 20, 12, 4, 5, 13, 14, 6, 7, 15, 23, 22, 21, 29, 28, 27, 35, 36, 44, 52, 51, 50, 42, 41, 49, 57, 58, 59, 60, 61, 53, 45, 46, 47, 55, 63]
[00:00:00:00:514] ! Bidirectional. expansions: 74, time: 38 [ms], path length: 48 [edges], g_F: 24, g_B: 24, generated: {'F': 61, 'B': 64}, MM: 0, MMPER: -1.0%
[00:00:00:00:514] 
---------- SM_Grids/8x8_grid_with_random_blocks_20per_9 ----------
[00:00:00:00:075] Path of length 36 found: [0, 8, 9, 1, 2, 10, 18, 26, 34, 35, 27, 28, 36, 44, 45, 37, 29, 21, 22, 14, 13, 5, 6, 7, 15, 23, 31, 30, 38, 39, 47, 55, 54, 53, 61, 62, 63]
[00:00:00:00:075] ! Unidirectional s-t. expansions: 84, time: 75 [ms], path length: 36 [edges], generated: 129
[00:00:00:00:290] Path of length 36 found: [63, 62, 61, 53, 54, 55, 47, 39, 31, 23, 15, 7, 6, 5, 13, 14, 22, 21, 29, 30, 38, 37, 45, 44, 36, 28, 27, 35, 34, 26, 18, 17, 9, 10, 2, 1, 0]
[00:00:00:00:290] ! Unidirectional t-s. expansions: 322, time: 290 [ms], path length: 36 [edges], generated: 546
[00:00:00:00:047] Path of length 36 found: [0, 8, 9, 1, 2, 10, 18, 26, 34, 35, 27, 28, 36, 44, 45, 37, 38, 30, 29, 21, 22, 14, 13, 5, 6, 7, 15, 23, 31, 39, 47, 55, 54, 53, 61, 62, 63]
[00:00:00:00:482] ! Bidirectional. expansions: 88, time: 47 [ms], path length: 36 [edges], g_F: 18, g_B: 18, generated: {'F': 81, 'B': 76}, MM: 0, MMPER: -1.0%
[00:00:00:00:482] average expansions: (6,397, 2,359, 5,413, 0)
[00:00:00:00:482] average time: (4,941, 2,006, 2,477, 0)
[00:00:00:00:482] X-DFBnB: 2,359 , 2,006 (expansions , time[ms])
[00:00:00:00:482] BiX-DFBnB: 5,413 , 2,477 (expansions , time[ms])

