--------------------------
date: SM_Grids
number_of_graphs: 10
graph_type: grid
size_of_graphs: [7, 8]
heuristic: bcc_heuristic
snake: False
run_uni: True
run_bi: True
run_multi: False
solution_vertices: []
algorithms: ['DFBnB']
bsd: False
cube_first_dims: 4
cube_buffer_dim: None
backward_sym_generation: False
sym_coil: False
prefix_set: None

---------- SM_Grids/7x8_grid_with_random_blocks_8per_0 ----------
[00:00:02:10:567] Valid states checked so far: 200,000, Expansions: 199,998, Global best: 48
[00:00:04:30:221] Valid states checked so far: 400,000, Expansions: 399,998, Global best: 48
[00:00:06:51:646] Valid states checked so far: 600,000, Expansions: 599,998, Global best: 48
[00:00:07:15:717] Path of length 47 found: [0, 8, 16, 24, 32, 33, 25, 17, 9, 1, 2, 10, 18, 26, 34, 42, 50, 51, 52, 53, 45, 44, 36, 35, 27, 19, 11, 3, 4, 12, 20, 28, 29, 37, 38, 30, 22, 21, 13, 5, 6, 14, 15, 23, 31, 39, 47, 55]
[00:00:07:15:717] ! Unidirectional s-t. expansions: 633,785, time: 435,717 [ms], path length: 47 [edges], generated: 1,027,929
[00:00:02:49:569] Valid states checked so far: 200,000, Expansions: 199,997, Global best: 48
[00:00:03:56:834] Path of length 47 found: [55, 47, 39, 31, 23, 15, 7, 6, 5, 4, 3, 2, 10, 9, 17, 25, 26, 18, 19, 11, 12, 20, 28, 27, 35, 36, 37, 29, 21, 13, 14, 22, 30, 38, 46, 45, 44, 52, 51, 50, 42, 34, 33, 32, 24, 16, 8, 0]
[00:00:03:56:834] ! Unidirectional t-s. expansions: 286,603, time: 236,834 [ms], path length: 47 [edges], generated: 507,319
[00:00:02:57:980] Valid meeting checks so far: 200,000, state_vs_state: 0, state_vs_prefix: 0, prefix_vs_prefix: 200,000
[00:00:03:37:013] Path of length 47 found: [0, 8, 16, 24, 32, 33, 25, 17, 9, 1, 2, 3, 11, 10, 18, 26, 34, 42, 50, 51, 52, 44, 45, 46, 38, 30, 22, 14, 13, 21, 29, 37, 36, 35, 27, 28, 20, 12, 4, 5, 6, 7, 15, 23, 31, 39, 47, 55]
[00:00:03:37:449] ! Bidirectional. expansions: 486,066, time: 217,013 [ms], path length: 47 [edges], g_F: 24, g_B: 23, generated: {'F': 445,870, 'B': 469,251}, MM: 1, MMPER: 1.0833333333333335%
[00:00:03:37:449] 
---------- SM_Grids/7x8_grid_with_random_blocks_8per_1 ----------
[00:00:00:11:749] Path of length 49 found: [0, 1, 9, 17, 16, 24, 32, 40, 48, 49, 41, 33, 25, 26, 34, 42, 43, 51, 52, 44, 36, 28, 27, 19, 11, 3, 4, 12, 20, 21, 13, 5, 6, 7, 15, 14, 22, 23, 31, 30, 29, 37, 38, 39, 47, 46, 45, 53, 54, 55]
[00:00:00:11:749] ! Unidirectional s-t. expansions: 14,474, time: 11,749 [ms], path length: 49 [edges], generated: 25,681
[00:00:01:12:622] Path of length 49 found: [55, 47, 39, 31, 23, 15, 7, 6, 5, 4, 3, 11, 19, 18, 26, 27, 28, 20, 12, 13, 14, 22, 21, 29, 30, 38, 37, 36, 44, 45, 46, 54, 53, 52, 51, 43, 42, 34, 33, 41, 49, 48, 40, 32, 24, 16, 17, 9, 1, 0]
[00:00:01:12:622] ! Unidirectional t-s. expansions: 88,816, time: 72,622 [ms], path length: 49 [edges], generated: 148,663
[00:00:00:21:501] Path of length 49 found: [0, 1, 9, 17, 16, 24, 32, 40, 48, 49, 41, 33, 25, 26, 34, 42, 43, 51, 52, 44, 45, 53, 54, 46, 38, 30, 22, 14, 13, 21, 29, 37, 36, 28, 27, 19, 20, 12, 11, 3, 4, 5, 6, 7, 15, 23, 31, 39, 47, 55]
[00:00:00:21:897] ! Bidirectional. expansions: 43,656, time: 21,501 [ms], path length: 49 [edges], g_F: 25, g_B: 24, generated: {'F': 40,817, 'B': 38,407}, MM: 1, MMPER: 1.0%
[00:00:00:21:897] 
---------- SM_Grids/7x8_grid_with_random_blocks_8per_2 ----------
[00:00:00:37:200] Path of length 47 found: [0, 8, 16, 24, 32, 40, 41, 49, 50, 42, 34, 33, 25, 17, 9, 1, 2, 3, 11, 10, 18, 26, 27, 19, 20, 12, 13, 21, 29, 28, 36, 35, 43, 51, 52, 44, 45, 53, 54, 46, 38, 30, 22, 23, 31, 39, 47, 55]
[00:00:00:37:201] ! Unidirectional s-t. expansions: 42,098, time: 37,200 [ms], path length: 47 [edges], generated: 75,920
[00:00:02:03:736] Path of length 47 found: [55, 47, 39, 31, 23, 22, 21, 13, 12, 11, 3, 2, 10, 9, 17, 25, 33, 34, 26, 18, 19, 20, 28, 27, 35, 36, 44, 45, 37, 29, 30, 38, 46, 54, 53, 52, 51, 43, 42, 50, 49, 41, 40, 32, 24, 16, 8, 0]
[00:00:02:03:736] ! Unidirectional t-s. expansions: 178,041, time: 123,736 [ms], path length: 47 [edges], generated: 299,389
[00:00:01:01:723] Path of length 47 found: [0, 8, 16, 24, 32, 40, 41, 49, 50, 42, 34, 33, 25, 26, 27, 35, 43, 51, 52, 44, 45, 53, 54, 46, 45, 37, 38, 30, 29, 28, 20, 19, 18, 17, 9, 1, 2, 3, 11, 12, 13, 21, 22, 23, 31, 39, 47, 55]
[00:00:01:02:125] ! Bidirectional. expansions: 121,768, time: 61,723 [ms], path length: 47 [edges], g_F: 20, g_B: 27, generated: {'F': 117,699, 'B': 119,213}, MM: 7, MMPER: 13.583333333333334%
[00:00:01:02:125] 
---------- SM_Grids/7x8_grid_with_random_blocks_8per_3 ----------
[00:00:00:07:900] Path of length 49 found: [0, 8, 16, 24, 32, 40, 48, 49, 41, 33, 34, 42, 50, 51, 43, 35, 27, 26, 18, 17, 9, 1, 2, 10, 11, 3, 4, 12, 20, 28, 36, 44, 45, 37, 29, 21, 13, 5, 6, 7, 15, 14, 22, 23, 31, 39, 38, 46, 47, 55]
[00:00:00:07:900] ! Unidirectional s-t. expansions: 8,692, time: 7,900 [ms], path length: 49 [edges], generated: 14,934
[00:00:00:40:293] Path of length 49 found: [55, 47, 39, 31, 23, 15, 7, 6, 5, 4, 3, 2, 10, 9, 17, 18, 26, 27, 19, 11, 12, 13, 14, 22, 21, 20, 28, 29, 37, 38, 46, 45, 44, 36, 35, 34, 33, 41, 42, 43, 51, 50, 49, 48, 40, 32, 24, 16, 8, 0]
[00:00:00:40:293] ! Unidirectional t-s. expansions: 55,548, time: 40,293 [ms], path length: 49 [edges], generated: 91,749
[00:00:00:18:735] Path of length 49 found: [0, 8, 16, 24, 32, 40, 48, 49, 41, 33, 34, 42, 50, 51, 43, 35, 27, 28, 36, 44, 45, 46, 38, 37, 29, 21, 22, 14, 13, 12, 20, 19, 11, 10, 18, 17, 9, 1, 2, 3, 4, 5, 6, 7, 15, 23, 31, 39, 47, 55]
[00:00:00:19:105] ! Bidirectional. expansions: 40,758, time: 18,735 [ms], path length: 49 [edges], g_F: 25, g_B: 24, generated: {'F': 37,225, 'B': 38,226}, MM: 1, MMPER: 1.0%
[00:00:00:19:105] 
---------- SM_Grids/7x8_grid_with_random_blocks_8per_4 ----------
[00:00:00:20:515] Path of length 49 found: [0, 8, 16, 24, 32, 40, 48, 49, 41, 33, 25, 17, 9, 1, 2, 10, 11, 19, 27, 26, 34, 42, 50, 51, 43, 35, 36, 28, 20, 21, 29, 30, 22, 14, 13, 5, 6, 7, 15, 23, 31, 39, 47, 46, 45, 44, 52, 53, 54, 55]
[00:00:00:20:515] ! Unidirectional s-t. expansions: 26,456, time: 20,515 [ms], path length: 49 [edges], generated: 46,505
[00:00:00:06:218] Path of length 49 found: [55, 47, 39, 31, 23, 15, 7, 6, 5, 13, 14, 22, 30, 29, 21, 20, 28, 27, 19, 11, 10, 2, 1, 9, 17, 25, 26, 34, 33, 41, 42, 43, 35, 36, 37, 45, 46, 54, 53, 52, 51, 50, 49, 48, 40, 32, 24, 16, 8, 0]
[00:00:00:06:218] ! Unidirectional t-s. expansions: 6,777, time: 6,218 [ms], path length: 49 [edges], generated: 11,445
[00:00:00:00:032] Path of length 51 found: [0, 8, 16, 24, 32, 40, 48, 49, 41, 33, 25, 17, 9, 1, 2, 10, 11, 19, 27, 26, 34, 35, 43, 42, 50, 51, 43, 44, 52, 53, 54, 46, 45, 37, 36, 28, 20, 21, 29, 30, 22, 14, 13, 5, 6, 7, 15, 23, 31, 39, 47, 55]
[00:00:00:00:395] ! Bidirectional. expansions: 50, time: 32 [ms], path length: 51 [edges], g_F: 22, g_B: 29, generated: {'F': 43, 'B': 43}, MM: 7, MMPER: 12.461538461538462%
[00:00:00:00:395] 
---------- SM_Grids/7x8_grid_with_random_blocks_8per_5 ----------
[00:00:00:10:872] Path of length 49 found: [0, 8, 16, 24, 32, 40, 48, 49, 41, 33, 34, 26, 25, 17, 9, 1, 2, 10, 18, 19, 27, 28, 36, 44, 43, 51, 52, 53, 45, 37, 38, 30, 22, 21, 13, 12, 11, 3, 4, 5, 6, 7, 15, 23, 31, 39, 47, 46, 54, 55]
[00:00:00:10:872] ! Unidirectional s-t. expansions: 11,423, time: 10,872 [ms], path length: 49 [edges], generated: 19,366
[00:00:00:07:878] Path of length 49 found: [55, 47, 39, 31, 23, 15, 7, 6, 5, 4, 3, 2, 10, 18, 19, 11, 12, 13, 21, 22, 30, 38, 37, 45, 46, 54, 53, 52, 51, 43, 44, 36, 28, 27, 26, 34, 33, 41, 49, 48, 40, 32, 24, 25, 17, 16, 8, 9, 1, 0]
[00:00:00:07:878] ! Unidirectional t-s. expansions: 9,120, time: 7,878 [ms], path length: 49 [edges], generated: 15,297
[00:00:00:21:022] Path of length 49 found: [0, 8, 16, 24, 32, 40, 48, 49, 41, 33, 34, 26, 25, 17, 9, 1, 2, 10, 18, 19, 27, 28, 36, 37, 45, 44, 43, 51, 52, 53, 54, 46, 38, 30, 22, 21, 13, 12, 11, 3, 4, 5, 6, 7, 15, 23, 31, 39, 47, 55]
[00:00:00:21:384] ! Bidirectional. expansions: 31,086, time: 21,022 [ms], path length: 49 [edges], g_F: 25, g_B: 24, generated: {'F': 28,713, 'B': 28,958}, MM: 1, MMPER: 1.0%
[00:00:00:21:384] 
---------- SM_Grids/7x8_grid_with_random_blocks_8per_6 ----------
[00:00:00:25:133] Path of length 49 found: [0, 8, 16, 24, 32, 40, 48, 49, 41, 33, 25, 17, 9, 1, 2, 10, 18, 26, 34, 42, 50, 51, 43, 35, 27, 19, 11, 12, 20, 28, 36, 44, 45, 37, 38, 30, 29, 21, 22, 14, 6, 7, 15, 23, 31, 39, 47, 46, 54, 55]
[00:00:00:25:134] ! Unidirectional s-t. expansions: 30,854, time: 25,133 [ms], path length: 49 [edges], generated: 53,542
[00:00:00:12:392] Path of length 49 found: [55, 47, 39, 31, 23, 15, 7, 6, 14, 22, 21, 20, 12, 11, 19, 18, 10, 2, 1, 9, 17, 25, 33, 41, 42, 34, 26, 27, 35, 36, 28, 29, 30, 38, 46, 54, 53, 45, 44, 43, 51, 50, 49, 48, 40, 32, 24, 16, 8, 0]
[00:00:00:12:393] ! Unidirectional t-s. expansions: 14,255, time: 12,392 [ms], path length: 49 [edges], generated: 25,171
[00:00:00:24:785] Path of length 49 found: [0, 8, 16, 24, 32, 40, 48, 49, 41, 33, 25, 17, 9, 1, 2, 10, 18, 26, 34, 42, 50, 51, 43, 44, 45, 53, 54, 46, 38, 30, 29, 28, 36, 35, 27, 19, 11, 12, 20, 21, 22, 14, 6, 7, 15, 23, 31, 39, 47, 55]
[00:00:00:25:181] ! Bidirectional. expansions: 53,662, time: 24,785 [ms], path length: 49 [edges], g_F: 25, g_B: 24, generated: {'F': 48,223, 'B': 48,801}, MM: 1, MMPER: 1.0%
[00:00:00:25:181] 
---------- SM_Grids/7x8_grid_with_random_blocks_8per_7 ----------
[00:00:00:00:057] Path of length 51 found: [0, 1, 9, 17, 16, 24, 32, 40, 48, 49, 41, 33, 25, 26, 18, 10, 2, 3, 11, 19, 20, 12, 4, 5, 13, 21, 29, 28, 36, 35, 34, 42, 43, 51, 52, 53, 54, 46, 45, 37, 38, 30, 22, 14, 6, 7, 15, 23, 31, 39, 47, 55]
[00:00:00:00:057] ! Unidirectional s-t. expansions: 63, time: 57 [ms], path length: 51 [edges], generated: 103
[00:00:00:00:052] Path of length 51 found: [55, 47, 39, 31, 23, 15, 7, 6, 5, 4, 3, 2, 10, 18, 26, 25, 33, 34, 35, 36, 28, 20, 19, 11, 12, 13, 14, 22, 21, 29, 30, 38, 37, 45, 46, 54, 53, 52, 51, 43, 42, 41, 49, 48, 40, 32, 24, 16, 17, 9, 1, 0]
[00:00:00:00:052] ! Unidirectional t-s. expansions: 50, time: 52 [ms], path length: 51 [edges], generated: 82
[00:00:00:00:032] Path of length 51 found: [0, 1, 9, 17, 16, 24, 32, 40, 48, 49, 41, 33, 25, 26, 18, 19, 20, 28, 36, 35, 34, 42, 43, 51, 52, 53, 54, 46, 45, 37, 38, 30, 29, 21, 22, 14, 13, 12, 11, 10, 2, 3, 4, 5, 6, 7, 15, 23, 31, 39, 47, 55]
[00:00:00:00:403] ! Bidirectional. expansions: 50, time: 32 [ms], path length: 51 [edges], g_F: 26, g_B: 25, generated: {'F': 42, 'B': 48}, MM: 1, MMPER: 0.9230769230769231%
[00:00:00:00:403] 
---------- SM_Grids/7x8_grid_with_random_blocks_8per_8 ----------
[00:00:00:00:091] Path of length 51 found: [0, 8, 16, 24, 32, 40, 48, 49, 41, 33, 25, 17, 9, 1, 2, 10, 18, 26, 27, 35, 34, 42, 43, 51, 52, 44, 45, 53, 54, 46, 38, 37, 29, 30, 22, 14, 13, 12, 20, 19, 11, 3, 4, 5, 6, 7, 15, 23, 31, 39, 47, 55]
[00:00:00:00:091] ! Unidirectional s-t. expansions: 107, time: 91 [ms], path length: 51 [edges], generated: 174
[00:00:00:00:422] Path of length 51 found: [55, 47, 39, 31, 23, 15, 7, 6, 5, 4, 3, 2, 10, 11, 19, 20, 12, 13, 14, 22, 30, 29, 37, 38, 46, 54, 53, 45, 44, 52, 51, 43, 35, 27, 26, 18, 17, 25, 33, 34, 42, 41, 49, 48, 40, 32, 24, 16, 8, 9, 1, 0]
[00:00:00:00:422] ! Unidirectional t-s. expansions: 573, time: 422 [ms], path length: 51 [edges], generated: 885
[00:00:00:00:041] Path of length 51 found: [0, 8, 16, 24, 32, 40, 48, 49, 41, 33, 25, 17, 18, 26, 27, 35, 34, 42, 43, 51, 52, 44, 45, 53, 54, 46, 38, 37, 29, 30, 22, 14, 13, 12, 20, 19, 11, 10, 9, 1, 2, 3, 4, 5, 6, 7, 15, 23, 31, 39, 47, 55]
[00:00:00:00:409] ! Bidirectional. expansions: 74, time: 41 [ms], path length: 51 [edges], g_F: 26, g_B: 25, generated: {'F': 68, 'B': 64}, MM: 1, MMPER: 0.9230769230769231%
[00:00:00:00:409] 
---------- SM_Grids/7x8_grid_with_random_blocks_8per_9 ----------
[00:00:01:24:842] Path of length 49 found: [0, 1, 9, 8, 16, 24, 32, 40, 41, 49, 50, 42, 34, 33, 25, 17, 18, 10, 11, 3, 4, 12, 20, 19, 27, 35, 43, 51, 52, 44, 36, 28, 29, 37, 45, 46, 38, 30, 22, 14, 13, 5, 6, 7, 15, 23, 31, 39, 47, 55]
[00:00:01:24:843] ! Unidirectional s-t. expansions: 123,314, time: 84,842 [ms], path length: 49 [edges], generated: 196,958
[00:00:01:16:384] Path of length 49 found: [55, 54, 46, 47, 39, 31, 23, 15, 7, 6, 5, 4, 3, 11, 10, 9, 17, 25, 33, 34, 26, 18, 19, 27, 35, 36, 28, 20, 12, 13, 14, 22, 30, 29, 37, 45, 44, 52, 51, 43, 42, 50, 49, 41, 40, 32, 24, 16, 8, 0]
[00:00:01:16:384] ! Unidirectional t-s. expansions: 111,672, time: 76,384 [ms], path length: 49 [edges], generated: 177,605
[00:00:00:17:487] Path of length 49 found: [0, 1, 9, 8, 16, 24, 32, 40, 41, 49, 50, 42, 34, 33, 25, 17, 18, 26, 27, 35, 43, 51, 52, 44, 36, 28, 29, 37, 38, 30, 22, 14, 13, 12, 20, 19, 11, 3, 4, 5, 6, 7, 15, 23, 31, 39, 47, 46, 54, 55]
[00:00:00:17:882] ! Bidirectional. expansions: 31,382, time: 17,487 [ms], path length: 49 [edges], g_F: 25, g_B: 24, generated: {'F': 29,724, 'B': 28,852}, MM: 1, MMPER: 1.0%
[00:00:00:17:882] average expansions: (89,127, 75,146, 80,855, 0)
[00:00:00:17:882] average time: (63,408, 57,683, 38,237, 0)
[00:00:00:17:882] X-DFBnB: 75,146 , 57,683 (expansions , time[ms])
[00:00:00:17:882] BiX-DFBnB: 80,855 , 38,237 (expansions , time[ms])

