--------------------------
date: SM_Grids
number_of_graphs: 10
graph_type: grid
size_of_graphs: [8, 8]
heuristic: bcc_heuristic
snake: False
run_uni: True
run_bi: True
run_multi: False
solution_vertices: []
algorithms: ['DFBnB']
bsd: False
cube_first_dims: 4
cube_buffer_dim: None
backward_sym_generation: False
sym_coil: False
prefix_set: None

---------- SM_Grids/8x8_grid_with_random_blocks_16per_0 ----------
[00:00:00:00:650] Path of length 44 found: [0, 1, 9, 10, 2, 3, 11, 19, 18, 26, 25, 24, 32, 40, 48, 49, 41, 33, 34, 42, 50, 51, 43, 35, 36, 28, 20, 12, 13, 5, 6, 7, 15, 14, 22, 23, 31, 30, 29, 37, 38, 46, 47, 55, 63]
[00:00:00:00:651] ! Unidirectional s-t. expansions: 856, time: 650 [ms], path length: 44 [edges], generated: 1,442
[00:00:00:00:287] Path of length 44 found: [63, 55, 47, 46, 38, 39, 31, 23, 15, 7, 6, 5, 13, 14, 22, 30, 29, 37, 36, 44, 43, 35, 34, 33, 41, 42, 50, 49, 48, 40, 32, 24, 25, 26, 18, 19, 20, 12, 11, 3, 2, 10, 9, 1, 0]
[00:00:00:00:287] ! Unidirectional t-s. expansions: 241, time: 287 [ms], path length: 44 [edges], generated: 425
[00:00:00:00:758] Path of length 44 found: [0, 1, 9, 10, 2, 3, 11, 19, 18, 26, 25, 24, 32, 40, 48, 49, 41, 33, 34, 42, 50, 51, 43, 35, 36, 37, 29, 28, 20, 12, 13, 5, 6, 7, 15, 14, 22, 23, 31, 39, 38, 46, 47, 55, 63]
[00:00:00:01:229] ! Bidirectional. expansions: 1,662, time: 758 [ms], path length: 44 [edges], g_F: 22, g_B: 22, generated: {'F': 1,582, 'B': 1,368}, MM: 0, MMPER: -1.0%
[00:00:00:01:229] 
---------- SM_Grids/8x8_grid_with_random_blocks_16per_1 ----------
[00:00:00:01:300] Path of length 44 found: [0, 8, 16, 24, 32, 33, 41, 42, 34, 26, 18, 10, 2, 3, 4, 12, 11, 19, 27, 35, 43, 44, 36, 28, 20, 21, 29, 30, 22, 14, 15, 23, 31, 39, 38, 46, 47, 55, 54, 53, 52, 60, 61, 62, 63]
[00:00:00:01:301] ! Unidirectional s-t. expansions: 1,465, time: 1,301 [ms], path length: 44 [edges], generated: 2,453
[00:00:00:13:926] Path of length 44 found: [63, 62, 61, 60, 52, 53, 54, 55, 47, 46, 38, 39, 31, 23, 15, 14, 22, 30, 29, 21, 20, 12, 4, 3, 2, 10, 11, 19, 18, 26, 34, 35, 27, 28, 36, 44, 43, 42, 41, 33, 25, 24, 16, 8, 0]
[00:00:00:13:926] ! Unidirectional t-s. expansions: 15,207, time: 13,926 [ms], path length: 44 [edges], generated: 27,624
[00:00:00:05:042] Path of length 44 found: [0, 8, 16, 24, 32, 33, 25, 26, 18, 10, 2, 3, 4, 12, 11, 19, 27, 35, 34, 42, 43, 44, 36, 28, 20, 21, 29, 30, 22, 14, 15, 23, 31, 39, 38, 46, 47, 55, 54, 53, 52, 60, 61, 62, 63]
[00:00:00:05:465] ! Bidirectional. expansions: 8,224, time: 5,042 [ms], path length: 44 [edges], g_F: 22, g_B: 22, generated: {'F': 8,189, 'B': 7,579}, MM: 0, MMPER: -1.0%
[00:00:00:05:465] 
---------- SM_Grids/8x8_grid_with_random_blocks_16per_2 ----------
[00:00:00:03:924] Path of length 44 found: [0, 8, 16, 24, 32, 40, 48, 56, 57, 49, 41, 33, 34, 42, 50, 58, 59, 51, 43, 44, 36, 28, 27, 26, 18, 10, 2, 3, 11, 19, 20, 21, 29, 30, 38, 46, 45, 53, 52, 60, 61, 62, 54, 55, 63]
[00:00:00:03:924] ! Unidirectional s-t. expansions: 4,154, time: 3,924 [ms], path length: 44 [edges], generated: 7,511
[00:00:00:12:056] Path of length 44 found: [63, 55, 47, 46, 38, 30, 29, 21, 20, 19, 11, 3, 2, 10, 18, 26, 27, 28, 36, 44, 45, 53, 54, 62, 61, 60, 52, 51, 43, 42, 34, 33, 41, 49, 50, 58, 57, 56, 48, 40, 32, 24, 16, 8, 0]
[00:00:00:12:057] ! Unidirectional t-s. expansions: 13,597, time: 12,056 [ms], path length: 44 [edges], generated: 22,333
[00:00:00:02:734] Path of length 44 found: [0, 8, 16, 24, 32, 40, 48, 56, 57, 49, 41, 33, 34, 42, 50, 58, 59, 51, 52, 60, 61, 62, 54, 53, 45, 44, 36, 28, 27, 26, 18, 10, 2, 3, 11, 19, 20, 21, 29, 30, 38, 46, 47, 55, 63]
[00:00:00:03:183] ! Bidirectional. expansions: 4,202, time: 2,734 [ms], path length: 44 [edges], g_F: 22, g_B: 22, generated: {'F': 3,946, 'B': 3,857}, MM: 0, MMPER: -1.0%
[00:00:00:03:183] 
---------- SM_Grids/8x8_grid_with_random_blocks_16per_3 ----------
[00:00:00:14:146] Path of length 44 found: [0, 8, 16, 24, 25, 17, 18, 10, 11, 19, 27, 26, 34, 33, 41, 49, 50, 42, 43, 35, 36, 28, 29, 21, 20, 12, 13, 14, 15, 23, 31, 30, 38, 39, 47, 46, 45, 44, 52, 60, 61, 53, 54, 62, 63]
[00:00:00:14:146] ! Unidirectional s-t. expansions: 17,012, time: 14,146 [ms], path length: 44 [edges], generated: 30,231
[00:00:00:42:641] Path of length 44 found: [63, 55, 47, 39, 31, 23, 15, 14, 13, 12, 11, 10, 18, 26, 34, 42, 43, 35, 36, 28, 27, 19, 20, 21, 29, 30, 38, 46, 45, 53, 54, 62, 61, 60, 52, 51, 50, 49, 41, 33, 25, 17, 16, 8, 0]
[00:00:00:42:641] ! Unidirectional t-s. expansions: 54,934, time: 42,641 [ms], path length: 44 [edges], generated: 94,653
[00:00:00:14:377] Path of length 44 found: [0, 8, 16, 24, 25, 17, 18, 10, 11, 19, 27, 26, 34, 33, 41, 49, 50, 42, 43, 35, 36, 44, 52, 60, 61, 62, 54, 53, 45, 46, 38, 30, 29, 21, 20, 12, 13, 14, 15, 23, 31, 39, 47, 55, 63]
[00:00:00:14:818] ! Bidirectional. expansions: 24,704, time: 14,377 [ms], path length: 44 [edges], g_F: 22, g_B: 22, generated: {'F': 25,101, 'B': 23,978}, MM: 0, MMPER: -1.0%
[00:00:00:14:818] 
---------- SM_Grids/8x8_grid_with_random_blocks_16per_4 ----------
[00:00:00:00:742] Path of length 48 found: [0, 1, 9, 8, 16, 17, 25, 33, 32, 40, 48, 56, 57, 49, 41, 42, 50, 51, 52, 60, 61, 53, 45, 44, 36, 28, 27, 35, 34, 26, 18, 10, 11, 3, 4, 12, 13, 14, 22, 30, 29, 37, 38, 39, 47, 46, 54, 62, 63]
[00:00:00:00:742] ! Unidirectional s-t. expansions: 851, time: 742 [ms], path length: 48 [edges], generated: 1,429
[00:00:00:02:279] Path of length 48 found: [63, 55, 47, 39, 38, 30, 22, 14, 13, 12, 4, 3, 11, 10, 18, 26, 34, 35, 27, 28, 29, 37, 36, 44, 45, 46, 54, 62, 61, 60, 52, 51, 50, 42, 41, 49, 57, 56, 48, 40, 32, 33, 25, 17, 16, 8, 9, 1, 0]
[00:00:00:02:279] ! Unidirectional t-s. expansions: 1,924, time: 2,279 [ms], path length: 48 [edges], generated: 3,436
[00:00:00:01:341] Path of length 48 found: [0, 1, 9, 8, 16, 17, 25, 33, 32, 40, 48, 56, 57, 49, 41, 42, 50, 51, 52, 60, 61, 62, 54, 46, 45, 44, 36, 37, 29, 28, 27, 35, 34, 26, 18, 10, 11, 3, 4, 12, 13, 14, 22, 30, 38, 39, 47, 55, 63]
[00:00:00:01:775] ! Bidirectional. expansions: 1,844, time: 1,341 [ms], path length: 48 [edges], g_F: 24, g_B: 24, generated: {'F': 1,507, 'B': 1,692}, MM: 0, MMPER: -1.0%
[00:00:00:01:775] 
---------- SM_Grids/8x8_grid_with_random_blocks_16per_5 ----------
[00:00:00:03:388] Path of length 50 found: [0, 8, 16, 24, 32, 33, 34, 26, 25, 17, 9, 1, 2, 10, 11, 19, 20, 12, 4, 5, 6, 14, 15, 23, 22, 30, 29, 28, 36, 35, 43, 51, 50, 49, 48, 56, 57, 58, 59, 60, 61, 53, 52, 44, 45, 46, 38, 39, 47, 55, 63]
[00:00:00:03:388] ! Unidirectional s-t. expansions: 3,819, time: 3,388 [ms], path length: 50 [edges], generated: 6,320
[00:00:00:04:775] Path of length 50 found: [63, 55, 47, 39, 38, 46, 54, 53, 45, 44, 52, 60, 59, 58, 57, 56, 48, 49, 50, 51, 43, 35, 36, 28, 29, 30, 31, 23, 15, 14, 6, 5, 4, 12, 20, 19, 11, 3, 2, 10, 9, 17, 25, 26, 34, 33, 32, 24, 16, 8, 0]
[00:00:00:04:775] ! Unidirectional t-s. expansions: 5,857, time: 4,775 [ms], path length: 50 [edges], generated: 9,482
[00:00:00:02:865] Path of length 50 found: [0, 8, 16, 24, 32, 33, 34, 26, 25, 17, 9, 1, 2, 10, 11, 19, 20, 12, 4, 5, 6, 14, 15, 23, 22, 30, 29, 28, 36, 35, 43, 51, 50, 49, 48, 56, 57, 58, 59, 60, 52, 44, 45, 53, 54, 46, 38, 39, 47, 55, 63]
[00:00:00:03:283] ! Bidirectional. expansions: 4,650, time: 2,865 [ms], path length: 50 [edges], g_F: 25, g_B: 25, generated: {'F': 3,858, 'B': 3,900}, MM: 0, MMPER: -1.0%
[00:00:00:03:283] 
---------- SM_Grids/8x8_grid_with_random_blocks_16per_6 ----------
[00:00:00:00:244] Path of length 48 found: [0, 1, 9, 8, 16, 24, 32, 40, 48, 49, 50, 42, 41, 33, 25, 17, 18, 10, 11, 19, 27, 26, 34, 35, 36, 44, 52, 53, 45, 37, 29, 21, 22, 14, 13, 5, 6, 7, 15, 23, 31, 30, 38, 46, 47, 55, 54, 62, 63]
[00:00:00:00:244] ! Unidirectional s-t. expansions: 264, time: 244 [ms], path length: 48 [edges], generated: 440
[00:00:00:00:120] Path of length 48 found: [63, 62, 54, 55, 47, 46, 38, 30, 31, 23, 15, 7, 6, 5, 13, 14, 22, 21, 29, 37, 45, 53, 52, 44, 36, 35, 27, 19, 11, 10, 18, 17, 25, 26, 34, 33, 41, 42, 50, 49, 48, 40, 32, 24, 16, 8, 9, 1, 0]
[00:00:00:00:121] ! Unidirectional t-s. expansions: 88, time: 120 [ms], path length: 48 [edges], generated: 153
[00:00:00:00:189] Path of length 48 found: [0, 1, 9, 8, 16, 24, 32, 40, 48, 49, 50, 42, 41, 33, 25, 17, 18, 10, 11, 19, 27, 26, 34, 35, 36, 44, 52, 53, 45, 37, 29, 21, 22, 14, 13, 5, 6, 7, 15, 23, 31, 30, 38, 46, 47, 55, 54, 62, 63]
[00:00:00:00:598] ! Bidirectional. expansions: 294, time: 189 [ms], path length: 48 [edges], g_F: 24, g_B: 24, generated: {'F': 269, 'B': 242}, MM: 0, MMPER: -1.0%
[00:00:00:00:598] 
---------- SM_Grids/8x8_grid_with_random_blocks_16per_7 ----------
[00:00:00:27:420] Path of length 48 found: [0, 8, 16, 24, 32, 40, 48, 56, 57, 49, 41, 33, 34, 26, 18, 17, 9, 10, 2, 3, 11, 19, 27, 28, 20, 12, 13, 14, 6, 7, 15, 23, 31, 30, 38, 37, 45, 44, 43, 42, 50, 58, 59, 60, 61, 53, 54, 55, 63]
[00:00:00:27:421] ! Unidirectional s-t. expansions: 32,791, time: 27,420 [ms], path length: 48 [edges], generated: 54,619
[00:00:00:14:267] Path of length 48 found: [63, 55, 54, 46, 38, 30, 31, 23, 15, 7, 6, 14, 13, 21, 20, 12, 11, 3, 2, 10, 9, 17, 18, 19, 27, 26, 34, 35, 43, 44, 45, 53, 61, 60, 59, 51, 50, 42, 41, 49, 57, 56, 48, 40, 32, 24, 16, 8, 0]
[00:00:00:14:267] ! Unidirectional t-s. expansions: 17,152, time: 14,267 [ms], path length: 48 [edges], generated: 29,879
[00:00:00:15:622] Path of length 48 found: [0, 8, 16, 24, 32, 40, 48, 56, 57, 49, 41, 33, 34, 42, 50, 58, 59, 60, 61, 53, 45, 44, 43, 35, 27, 26, 18, 17, 9, 10, 2, 3, 11, 12, 20, 21, 13, 14, 6, 7, 15, 23, 31, 30, 38, 46, 54, 55, 63]
[00:00:00:16:066] ! Bidirectional. expansions: 34,168, time: 15,622 [ms], path length: 48 [edges], g_F: 24, g_B: 24, generated: {'F': 30,223, 'B': 31,887}, MM: 0, MMPER: -1.0%
[00:00:00:16:066] 
---------- SM_Grids/8x8_grid_with_random_blocks_16per_8 ----------
[00:00:00:04:464] Path of length 50 found: [0, 8, 16, 17, 9, 1, 2, 10, 18, 19, 11, 3, 4, 5, 6, 7, 15, 23, 22, 14, 13, 12, 20, 21, 29, 28, 36, 35, 34, 33, 32, 40, 48, 56, 57, 49, 41, 42, 50, 51, 59, 60, 61, 53, 45, 37, 38, 46, 54, 62, 63]
[00:00:00:04:464] ! Unidirectional s-t. expansions: 4,611, time: 4,464 [ms], path length: 50 [edges], generated: 7,667
[00:00:00:00:293] Path of length 50 found: [63, 62, 54, 46, 38, 37, 45, 53, 61, 60, 59, 51, 43, 42, 50, 49, 57, 56, 48, 40, 32, 33, 34, 35, 36, 28, 29, 21, 13, 14, 22, 23, 15, 7, 6, 5, 4, 3, 11, 12, 20, 19, 18, 10, 2, 1, 9, 17, 16, 8, 0]
[00:00:00:00:293] ! Unidirectional t-s. expansions: 343, time: 293 [ms], path length: 50 [edges], generated: 591
[00:00:00:01:497] Path of length 50 found: [0, 8, 16, 17, 9, 1, 2, 10, 18, 19, 11, 3, 4, 5, 6, 7, 15, 23, 22, 14, 13, 12, 20, 21, 29, 28, 36, 35, 34, 33, 32, 40, 48, 56, 57, 49, 50, 42, 43, 51, 59, 60, 61, 53, 45, 37, 38, 46, 54, 62, 63]
[00:00:00:01:907] ! Bidirectional. expansions: 2,908, time: 1,497 [ms], path length: 50 [edges], g_F: 25, g_B: 25, generated: {'F': 2,643, 'B': 2,397}, MM: 0, MMPER: -1.0%
[00:00:00:01:907] 
---------- SM_Grids/8x8_grid_with_random_blocks_16per_9 ----------
[00:00:00:00:928] Path of length 46 found: [0, 8, 16, 24, 32, 33, 25, 17, 9, 1, 2, 3, 11, 12, 4, 5, 6, 7, 15, 14, 13, 21, 20, 28, 27, 26, 34, 42, 50, 58, 59, 51, 43, 44, 36, 37, 38, 30, 31, 39, 47, 55, 54, 53, 61, 62, 63]
[00:00:00:00:928] ! Unidirectional s-t. expansions: 922, time: 928 [ms], path length: 46 [edges], generated: 1,612
[00:00:00:00:533] Path of length 46 found: [63, 62, 61, 53, 54, 55, 47, 39, 31, 30, 38, 37, 45, 44, 52, 51, 59, 58, 50, 42, 41, 33, 32, 24, 16, 8, 9, 17, 25, 26, 27, 28, 20, 21, 13, 14, 15, 7, 6, 5, 4, 12, 11, 3, 2, 1, 0]
[00:00:00:00:533] ! Unidirectional t-s. expansions: 495, time: 533 [ms], path length: 46 [edges], generated: 969
[00:00:00:01:111] Path of length 46 found: [0, 8, 16, 24, 32, 33, 25, 17, 9, 1, 2, 3, 11, 12, 4, 5, 6, 7, 15, 14, 13, 21, 20, 28, 27, 26, 34, 42, 50, 58, 59, 51, 52, 44, 45, 37, 38, 30, 31, 39, 47, 55, 54, 53, 61, 62, 63]
[00:00:00:01:520] ! Bidirectional. expansions: 1,862, time: 1,111 [ms], path length: 46 [edges], g_F: 23, g_B: 23, generated: {'F': 1,466, 'B': 1,765}, MM: 0, MMPER: -1.0%
[00:00:00:01:520] average expansions: (6,674, 10,984, 8,452, 0)
[00:00:00:01:520] average time: (5,721, 9,118, 4,554, 0)
[00:00:00:01:520] X-DFBnB: 6,674 , 5,721 (expansions , time[ms])
[00:00:00:01:520] BiX-DFBnB: 8,452 , 4,554 (expansions , time[ms])

