--------------------------
date: SM_Grids
number_of_graphs: 10
graph_type: grid
size_of_graphs: [7, 8]
heuristic: bcc_heuristic
snake: False
run_uni: True
run_bi: True
run_multi: False
solution_vertices: []
algorithms: ['DFBnB']
bsd: False
cube_first_dims: 4
cube_buffer_dim: None
backward_sym_generation: False
sym_coil: False
prefix_set: None

---------- SM_Grids/7x8_grid_with_random_blocks_12per_0 ----------
[00:00:00:12:999] Path of length 47 found: [0, 1, 2, 10, 18, 17, 16, 24, 32, 40, 48, 49, 41, 33, 25, 26, 34, 42, 50, 51, 43, 44, 45, 37, 29, 21, 13, 12, 20, 28, 27, 19, 11, 3, 4, 5, 6, 7, 15, 14, 22, 23, 31, 30, 38, 46, 47, 55]
[00:00:00:13:000] ! Unidirectional s-t. expansions: 20,325, time: 12,999 [ms], path length: 47 [edges], generated: 32,935
[00:00:00:04:000] Path of length 47 found: [55, 47, 39, 31, 23, 15, 7, 6, 5, 4, 3, 11, 19, 27, 28, 20, 12, 13, 14, 22, 21, 29, 30, 38, 37, 45, 44, 43, 51, 50, 42, 34, 26, 25, 33, 41, 49, 48, 40, 32, 24, 16, 17, 18, 10, 2, 1, 0]
[00:00:00:04:000] ! Unidirectional t-s. expansions: 5,610, time: 4,000 [ms], path length: 47 [edges], generated: 9,639
[00:00:00:06:693] Path of length 47 found: [0, 1, 2, 10, 18, 17, 16, 24, 32, 40, 48, 49, 41, 33, 25, 26, 34, 42, 50, 51, 43, 44, 45, 37, 38, 30, 29, 21, 22, 14, 13, 12, 20, 28, 27, 19, 11, 3, 4, 5, 6, 7, 15, 23, 31, 39, 47, 55]
[00:00:00:07:089] ! Bidirectional. expansions: 14,242, time: 6,693 [ms], path length: 47 [edges], g_F: 24, g_B: 23, generated: {'F': 12,360, 'B': 12,894}, MM: 1, MMPER: 1.0833333333333335%
[00:00:00:07:090] 
---------- SM_Grids/7x8_grid_with_random_blocks_12per_1 ----------
[00:00:00:04:685] Path of length 47 found: [0, 8, 16, 24, 32, 40, 41, 33, 25, 17, 9, 10, 2, 3, 11, 19, 18, 26, 34, 42, 50, 51, 43, 35, 27, 28, 20, 21, 13, 12, 4, 5, 6, 14, 15, 23, 22, 30, 38, 37, 36, 44, 45, 53, 54, 46, 47, 55]
[00:00:00:04:685] ! Unidirectional s-t. expansions: 5,629, time: 4,685 [ms], path length: 47 [edges], generated: 9,241
[00:00:00:00:054] Path of length 47 found: [55, 47, 39, 38, 46, 54, 53, 45, 37, 36, 44, 43, 51, 50, 42, 34, 35, 27, 28, 20, 12, 13, 21, 22, 23, 15, 14, 6, 5, 4, 3, 2, 10, 11, 19, 18, 26, 25, 33, 41, 40, 32, 24, 16, 17, 9, 8, 0]
[00:00:00:00:054] ! Unidirectional t-s. expansions: 53, time: 54 [ms], path length: 47 [edges], generated: 90
[00:00:00:00:218] Path of length 47 found: [0, 8, 16, 24, 32, 40, 41, 33, 25, 26, 18, 17, 9, 10, 2, 3, 4, 5, 6, 14, 15, 23, 22, 21, 13, 12, 11, 19, 20, 28, 27, 35, 34, 42, 50, 51, 43, 44, 36, 37, 45, 53, 54, 46, 38, 39, 47, 55]
[00:00:00:00:589] ! Bidirectional. expansions: 360, time: 218 [ms], path length: 47 [edges], g_F: 24, g_B: 23, generated: {'F': 368, 'B': 363}, MM: 1, MMPER: 1.0833333333333335%
[00:00:00:00:589] 
---------- SM_Grids/7x8_grid_with_random_blocks_12per_2 ----------
[00:00:00:07:112] Path of length 45 found: [0, 8, 16, 24, 32, 40, 48, 49, 41, 33, 34, 26, 18, 17, 9, 1, 2, 10, 11, 3, 4, 5, 13, 21, 22, 14, 6, 7, 15, 23, 31, 39, 38, 37, 29, 28, 20, 19, 27, 35, 43, 44, 52, 53, 54, 55]
[00:00:00:07:112] ! Unidirectional s-t. expansions: 8,705, time: 7,112 [ms], path length: 45 [edges], generated: 14,608
[00:00:00:01:196] Path of length 45 found: [55, 47, 39, 31, 23, 15, 7, 6, 5, 13, 14, 22, 21, 29, 37, 45, 53, 52, 44, 43, 35, 36, 28, 20, 19, 27, 26, 34, 33, 41, 49, 48, 40, 32, 24, 16, 8, 9, 17, 18, 10, 11, 3, 2, 1, 0]
[00:00:00:01:197] ! Unidirectional t-s. expansions: 1,422, time: 1,197 [ms], path length: 45 [edges], generated: 2,516
[00:00:00:01:607] Path of length 45 found: [0, 8, 16, 24, 32, 40, 48, 49, 41, 33, 34, 26, 27, 35, 43, 44, 52, 53, 45, 37, 29, 28, 20, 19, 11, 10, 18, 17, 9, 1, 2, 3, 4, 5, 13, 21, 22, 14, 6, 7, 15, 23, 31, 39, 47, 55]
[00:00:00:02:025] ! Bidirectional. expansions: 3,076, time: 1,607 [ms], path length: 45 [edges], g_F: 23, g_B: 22, generated: {'F': 2,633, 'B': 2,788}, MM: 1, MMPER: 1.1739130434782608%
[00:00:00:02:026] 
---------- SM_Grids/7x8_grid_with_random_blocks_12per_3 ----------
[00:00:00:39:032] Path of length 45 found: [0, 8, 16, 24, 32, 33, 25, 17, 9, 1, 2, 10, 11, 3, 4, 5, 6, 14, 22, 21, 20, 19, 27, 26, 34, 42, 41, 49, 50, 51, 43, 35, 36, 44, 52, 53, 45, 37, 29, 30, 31, 39, 38, 46, 47, 55]
[00:00:00:39:032] ! Unidirectional s-t. expansions: 51,631, time: 39,032 [ms], path length: 45 [edges], generated: 89,546
[00:00:00:44:697] Path of length 45 found: [55, 47, 39, 31, 30, 22, 14, 6, 5, 4, 3, 2, 10, 9, 17, 25, 26, 34, 42, 43, 35, 27, 19, 11, 12, 20, 21, 29, 28, 36, 37, 38, 46, 45, 44, 52, 51, 50, 49, 41, 33, 32, 24, 16, 8, 0]
[00:00:00:44:697] ! Unidirectional t-s. expansions: 63,952, time: 44,697 [ms], path length: 45 [edges], generated: 105,718
[00:00:00:00:029] Path of length 47 found: [0, 8, 16, 24, 32, 33, 25, 17, 9, 1, 2, 10, 11, 19, 27, 26, 34, 42, 41, 49, 50, 51, 43, 35, 27, 28, 36, 44, 52, 53, 45, 46, 38, 37, 29, 21, 20, 12, 4, 5, 6, 14, 22, 30, 31, 39, 47, 55]
[00:00:00:00:407] ! Bidirectional. expansions: 46, time: 29 [ms], path length: 47 [edges], g_F: 14, g_B: 33, generated: {'F': 43, 'B': 40}, MM: 19, MMPER: 38.583333333333336%
[00:00:00:00:407] 
---------- SM_Grids/7x8_grid_with_random_blocks_12per_4 ----------
[00:00:00:25:275] Path of length 45 found: [0, 1, 2, 10, 9, 17, 16, 24, 25, 33, 32, 40, 48, 49, 41, 42, 34, 35, 43, 51, 52, 53, 45, 37, 36, 28, 27, 19, 11, 12, 20, 21, 13, 5, 6, 7, 15, 23, 22, 30, 31, 39, 38, 46, 54, 55]
[00:00:00:25:275] ! Unidirectional s-t. expansions: 33,894, time: 25,275 [ms], path length: 45 [edges], generated: 58,661
[00:00:00:37:067] Path of length 45 found: [55, 47, 39, 31, 23, 15, 7, 6, 5, 4, 12, 13, 21, 22, 30, 38, 37, 45, 46, 54, 53, 52, 51, 43, 42, 50, 49, 48, 40, 32, 24, 16, 17, 25, 33, 34, 35, 36, 28, 20, 19, 11, 10, 2, 1, 0]
[00:00:00:37:067] ! Unidirectional t-s. expansions: 54,577, time: 37,067 [ms], path length: 45 [edges], generated: 91,101
[00:00:00:29:119] Path of length 45 found: [0, 1, 2, 10, 9, 17, 16, 24, 25, 33, 32, 40, 48, 49, 41, 42, 50, 51, 43, 35, 36, 37, 45, 53, 54, 46, 38, 30, 22, 21, 20, 28, 27, 19, 11, 12, 4, 5, 6, 7, 15, 23, 31, 39, 47, 55]
[00:00:00:29:476] ! Bidirectional. expansions: 64,684, time: 29,119 [ms], path length: 45 [edges], g_F: 23, g_B: 22, generated: {'F': 57,334, 'B': 54,401}, MM: 1, MMPER: 1.1739130434782608%
[00:00:00:29:476] 
---------- SM_Grids/7x8_grid_with_random_blocks_12per_5 ----------
[00:00:00:34:186] Path of length 45 found: [0, 8, 16, 17, 9, 1, 2, 10, 18, 26, 25, 33, 32, 40, 48, 49, 50, 51, 52, 53, 45, 46, 38, 30, 29, 21, 13, 12, 20, 28, 36, 35, 27, 19, 11, 3, 4, 5, 6, 14, 22, 23, 31, 39, 47, 55]
[00:00:00:34:187] ! Unidirectional s-t. expansions: 38,116, time: 34,187 [ms], path length: 45 [edges], generated: 67,594
[00:00:00:09:049] Path of length 45 found: [55, 47, 39, 31, 23, 22, 14, 6, 5, 4, 3, 2, 10, 18, 26, 34, 35, 36, 28, 27, 19, 11, 12, 20, 21, 29, 30, 38, 46, 45, 53, 52, 51, 50, 49, 48, 40, 41, 33, 25, 17, 16, 8, 9, 1, 0]
[00:00:00:09:049] ! Unidirectional t-s. expansions: 11,405, time: 9,049 [ms], path length: 45 [edges], generated: 19,317
[00:00:00:15:068] Path of length 45 found: [0, 8, 16, 17, 9, 1, 2, 10, 18, 26, 25, 33, 32, 40, 48, 49, 50, 51, 52, 53, 45, 46, 38, 30, 29, 21, 13, 12, 20, 28, 36, 35, 27, 19, 11, 3, 4, 5, 6, 14, 22, 23, 31, 39, 47, 55]
[00:00:00:15:431] ! Bidirectional. expansions: 31,408, time: 15,068 [ms], path length: 45 [edges], g_F: 23, g_B: 22, generated: {'F': 29,646, 'B': 29,607}, MM: 1, MMPER: 1.1739130434782608%
[00:00:00:15:431] 
---------- SM_Grids/7x8_grid_with_random_blocks_12per_6 ----------
[00:00:00:00:053] Path of length 47 found: [0, 8, 9, 17, 18, 10, 2, 3, 11, 19, 27, 26, 34, 33, 32, 40, 48, 49, 41, 42, 50, 51, 43, 35, 36, 28, 20, 21, 29, 37, 38, 30, 22, 14, 6, 7, 15, 23, 31, 39, 47, 46, 45, 44, 52, 53, 54, 55]
[00:00:00:00:053] ! Unidirectional s-t. expansions: 63, time: 53 [ms], path length: 47 [edges], generated: 104
[00:00:00:00:558] Path of length 47 found: [55, 47, 39, 31, 23, 15, 7, 6, 14, 22, 21, 20, 28, 36, 35, 43, 44, 45, 37, 29, 30, 38, 46, 54, 53, 52, 51, 50, 42, 41, 49, 48, 40, 32, 33, 34, 26, 27, 19, 11, 3, 2, 10, 18, 17, 9, 8, 0]
[00:00:00:00:559] ! Unidirectional t-s. expansions: 748, time: 558 [ms], path length: 47 [edges], generated: 1,211
[00:00:00:00:029] Path of length 47 found: [0, 8, 9, 17, 18, 10, 2, 3, 11, 19, 27, 26, 34, 33, 32, 40, 48, 49, 41, 42, 50, 51, 52, 53, 54, 46, 38, 30, 29, 37, 45, 44, 43, 35, 36, 28, 20, 21, 22, 14, 6, 7, 15, 23, 31, 39, 47, 55]
[00:00:00:00:387] ! Bidirectional. expansions: 46, time: 29 [ms], path length: 47 [edges], g_F: 24, g_B: 23, generated: {'F': 39, 'B': 45}, MM: 1, MMPER: 1.0833333333333335%
[00:00:00:00:387] 
---------- SM_Grids/7x8_grid_with_random_blocks_12per_7 ----------
[00:00:00:00:152] Path of length 47 found: [0, 8, 9, 1, 2, 10, 18, 17, 25, 33, 41, 49, 50, 42, 34, 26, 27, 35, 43, 51, 52, 44, 36, 28, 20, 19, 11, 3, 4, 12, 13, 5, 6, 14, 15, 23, 31, 30, 29, 37, 45, 53, 54, 46, 38, 39, 47, 55]
[00:00:00:00:152] ! Unidirectional s-t. expansions: 217, time: 152 [ms], path length: 47 [edges], generated: 387
[00:00:00:02:807] Path of length 47 found: [55, 47, 39, 31, 23, 15, 14, 6, 5, 13, 12, 4, 3, 11, 19, 20, 28, 27, 26, 34, 42, 43, 35, 36, 44, 45, 37, 29, 30, 38, 46, 54, 53, 52, 51, 50, 49, 41, 33, 25, 17, 18, 10, 2, 1, 9, 8, 0]
[00:00:00:02:807] ! Unidirectional t-s. expansions: 4,672, time: 2,807 [ms], path length: 47 [edges], generated: 7,507
[00:00:00:00:039] Path of length 47 found: [0, 8, 9, 1, 2, 10, 18, 17, 25, 33, 41, 49, 50, 42, 43, 51, 52, 53, 54, 46, 38, 30, 29, 37, 45, 44, 36, 35, 34, 26, 27, 28, 20, 19, 11, 3, 4, 12, 13, 5, 6, 14, 15, 23, 31, 39, 47, 55]
[00:00:00:00:426] ! Bidirectional. expansions: 74, time: 39 [ms], path length: 47 [edges], g_F: 24, g_B: 23, generated: {'F': 75, 'B': 75}, MM: 1, MMPER: 1.0833333333333335%
[00:00:00:00:427] 
---------- SM_Grids/7x8_grid_with_random_blocks_12per_8 ----------
[00:00:00:08:601] Path of length 47 found: [0, 8, 16, 24, 32, 33, 34, 26, 18, 17, 9, 1, 2, 10, 11, 3, 4, 12, 20, 19, 27, 35, 43, 42, 50, 51, 52, 44, 36, 37, 29, 21, 13, 5, 6, 7, 15, 14, 22, 30, 31, 39, 47, 46, 45, 53, 54, 55]
[00:00:00:08:601] ! Unidirectional s-t. expansions: 10,096, time: 8,601 [ms], path length: 47 [edges], generated: 17,923
[00:00:00:27:101] Path of length 47 found: [55, 47, 39, 31, 30, 22, 14, 15, 7, 6, 5, 4, 3, 2, 10, 9, 17, 18, 26, 27, 19, 11, 12, 13, 21, 20, 28, 29, 37, 36, 35, 43, 44, 45, 46, 54, 53, 52, 51, 50, 42, 34, 33, 32, 24, 16, 8, 0]
[00:00:00:27:102] ! Unidirectional t-s. expansions: 39,451, time: 27,101 [ms], path length: 47 [edges], generated: 64,530
[00:00:00:11:481] Path of length 47 found: [0, 8, 16, 24, 32, 33, 34, 26, 18, 17, 9, 1, 2, 10, 11, 19, 20, 28, 27, 35, 43, 42, 50, 51, 43, 44, 52, 53, 54, 46, 45, 37, 29, 21, 13, 12, 4, 5, 6, 7, 15, 14, 22, 30, 31, 39, 47, 55]
[00:00:00:11:845] ! Bidirectional. expansions: 24,938, time: 11,481 [ms], path length: 47 [edges], g_F: 20, g_B: 27, generated: {'F': 23,140, 'B': 23,122}, MM: 7, MMPER: 13.583333333333334%
[00:00:00:11:845] 
---------- SM_Grids/7x8_grid_with_random_blocks_12per_9 ----------
[00:00:00:00:671] Path of length 47 found: [0, 8, 16, 24, 32, 40, 48, 49, 41, 33, 25, 17, 18, 10, 2, 3, 11, 19, 27, 26, 34, 42, 50, 51, 43, 35, 36, 28, 29, 21, 20, 12, 13, 5, 6, 7, 15, 14, 22, 23, 31, 30, 38, 39, 47, 46, 54, 55]
[00:00:00:00:671] ! Unidirectional s-t. expansions: 637, time: 671 [ms], path length: 47 [edges], generated: 1,099
[00:00:00:00:482] Path of length 47 found: [55, 54, 46, 47, 39, 38, 30, 31, 23, 15, 7, 6, 5, 13, 14, 22, 21, 29, 28, 20, 12, 11, 3, 2, 10, 18, 19, 27, 26, 25, 33, 41, 42, 34, 35, 36, 44, 43, 51, 50, 49, 48, 40, 32, 24, 16, 8, 0]
[00:00:00:00:482] ! Unidirectional t-s. expansions: 721, time: 482 [ms], path length: 47 [edges], generated: 1,224
[00:00:00:00:581] Path of length 47 found: [0, 8, 16, 24, 32, 40, 48, 49, 41, 33, 25, 26, 34, 42, 50, 51, 43, 44, 36, 35, 27, 28, 29, 21, 20, 19, 18, 10, 2, 3, 11, 12, 13, 5, 6, 7, 15, 14, 22, 23, 31, 30, 38, 39, 47, 46, 54, 55]
[00:00:00:00:967] ! Bidirectional. expansions: 1,354, time: 581 [ms], path length: 47 [edges], g_F: 24, g_B: 23, generated: {'F': 1,205, 'B': 1,191}, MM: 1, MMPER: 1.0833333333333335%
[00:00:00:00:967] average expansions: (16,931, 18,261, 14,023, 0)
[00:00:00:00:967] average time: (13,277, 12,701, 6,486, 0)
[00:00:00:00:967] X-DFBnB: 16,931 , 12,701 (expansions , time[ms])
[00:00:00:00:967] BiX-DFBnB: 14,023 , 6,486 (expansions , time[ms])

