--------------------------
date: SM_Grids
number_of_graphs: 10
graph_type: grid
size_of_graphs: [7, 7]
heuristic: bcc_heuristic
snake: False
run_uni: True
run_bi: True
run_multi: False
solution_vertices: []
algorithms: ['DFBnB']
bsd: False
cube_first_dims: 4
cube_buffer_dim: None
backward_sym_generation: False
sym_coil: False
prefix_set: None

---------- SM_Grids/7x7_grid_with_random_blocks_8per_0 ----------
[00:00:00:02:688] Path of length 44 found: [0, 7, 8, 1, 2, 9, 16, 15, 22, 21, 28, 35, 42, 43, 36, 29, 30, 37, 44, 45, 38, 31, 32, 25, 18, 17, 10, 3, 4, 11, 12, 5, 6, 13, 20, 19, 26, 27, 34, 33, 40, 39, 46, 47, 48]
[00:00:00:02:688] ! Unidirectional s-t. expansions: 5,016, time: 2,688 [ms], path length: 44 [edges], generated: 8,517
[00:00:00:12:425] Path of length 44 found: [48, 41, 34, 27, 20, 13, 6, 5, 4, 3, 2, 9, 16, 17, 10, 11, 12, 19, 18, 25, 26, 33, 32, 31, 30, 29, 36, 37, 38, 39, 40, 47, 46, 45, 44, 43, 42, 35, 28, 21, 22, 15, 8, 1, 0]
[00:00:00:12:425] ! Unidirectional t-s. expansions: 21,116, time: 12,425 [ms], path length: 44 [edges], generated: 33,830
[00:00:00:04:595] Path of length 44 found: [0, 7, 8, 1, 2, 9, 16, 15, 22, 21, 28, 35, 42, 43, 36, 29, 30, 37, 44, 45, 46, 47, 40, 39, 38, 31, 32, 25, 26, 19, 12, 11, 18, 17, 10, 3, 4, 5, 6, 13, 20, 27, 34, 41, 48]
[00:00:00:05:004] ! Bidirectional. expansions: 9,990, time: 4,596 [ms], path length: 44 [edges], g_F: 22, g_B: 22, generated: {'F': 9,679, 'B': 8,778}, MM: 0, MMPER: -1.0%
[00:00:00:05:004] 
---------- SM_Grids/7x7_grid_with_random_blocks_8per_1 ----------
[00:00:00:18:373] Path of length 42 found: [0, 7, 14, 21, 28, 35, 42, 43, 36, 29, 22, 15, 8, 9, 2, 3, 10, 17, 16, 23, 30, 31, 24, 25, 18, 11, 4, 5, 6, 13, 12, 19, 20, 27, 26, 33, 34, 41, 40, 39, 46, 47, 48]
[00:00:00:18:373] ! Unidirectional s-t. expansions: 26,150, time: 18,373 [ms], path length: 42 [edges], generated: 46,384
[00:00:00:34:383] Path of length 42 found: [48, 41, 34, 27, 20, 13, 6, 5, 4, 3, 2, 9, 8, 15, 22, 23, 16, 17, 10, 11, 12, 19, 18, 25, 26, 33, 40, 47, 46, 39, 32, 31, 30, 29, 36, 43, 42, 35, 28, 21, 14, 7, 0]
[00:00:00:34:384] ! Unidirectional t-s. expansions: 50,418, time: 34,383 [ms], path length: 42 [edges], generated: 86,654
[00:00:00:16:573] Path of length 42 found: [0, 7, 14, 21, 28, 35, 42, 43, 36, 29, 22, 15, 16, 23, 30, 31, 38, 39, 46, 47, 40, 33, 26, 19, 12, 11, 18, 25, 24, 17, 10, 9, 2, 3, 4, 5, 6, 13, 20, 27, 34, 41, 48]
[00:00:00:16:935] ! Bidirectional. expansions: 38,616, time: 16,573 [ms], path length: 42 [edges], g_F: 21, g_B: 21, generated: {'F': 38,171, 'B': 36,952}, MM: 0, MMPER: -1.0%
[00:00:00:16:935] 
---------- SM_Grids/7x7_grid_with_random_blocks_8per_2 ----------
[00:00:00:05:633] Path of length 44 found: [0, 7, 14, 21, 28, 35, 36, 43, 44, 37, 30, 29, 22, 15, 8, 9, 2, 3, 10, 17, 16, 23, 24, 31, 38, 45, 46, 39, 32, 33, 26, 19, 18, 11, 4, 5, 6, 13, 20, 27, 34, 41, 40, 47, 48]
[00:00:00:05:634] ! Unidirectional s-t. expansions: 7,787, time: 5,634 [ms], path length: 44 [edges], generated: 13,543
[00:00:00:10:883] Path of length 44 found: [48, 41, 34, 27, 20, 13, 6, 5, 4, 3, 2, 9, 8, 15, 22, 29, 30, 37, 38, 31, 24, 23, 16, 17, 10, 11, 18, 19, 26, 33, 32, 39, 40, 47, 46, 45, 44, 43, 36, 35, 28, 21, 14, 7, 0]
[00:00:00:10:883] ! Unidirectional t-s. expansions: 15,052, time: 10,883 [ms], path length: 44 [edges], generated: 25,381
[00:00:00:09:114] Path of length 44 found: [0, 7, 14, 21, 28, 35, 36, 43, 44, 37, 30, 29, 22, 23, 24, 31, 38, 45, 46, 47, 40, 39, 32, 33, 26, 19, 18, 11, 10, 17, 16, 15, 8, 9, 2, 3, 4, 5, 6, 13, 20, 27, 34, 41, 48]
[00:00:00:09:446] ! Bidirectional. expansions: 21,682, time: 9,114 [ms], path length: 44 [edges], g_F: 22, g_B: 22, generated: {'F': 20,566, 'B': 20,239}, MM: 0, MMPER: -1.0%
[00:00:00:09:446] 
---------- SM_Grids/7x7_grid_with_random_blocks_8per_3 ----------
[00:00:00:17:554] Path of length 44 found: [0, 7, 14, 21, 28, 35, 42, 43, 44, 37, 30, 29, 22, 23, 16, 9, 8, 1, 2, 3, 10, 17, 24, 31, 38, 45, 46, 39, 32, 25, 18, 11, 4, 5, 6, 13, 12, 19, 20, 27, 26, 33, 40, 47, 48]
[00:00:00:17:555] ! Unidirectional s-t. expansions: 31,468, time: 17,554 [ms], path length: 44 [edges], generated: 48,488
[00:00:00:00:759] Path of length 44 found: [48, 41, 40, 47, 46, 39, 32, 33, 26, 27, 20, 13, 6, 5, 4, 3, 2, 9, 16, 17, 10, 11, 12, 19, 18, 25, 24, 23, 22, 29, 30, 31, 38, 45, 44, 43, 42, 35, 28, 21, 14, 7, 8, 1, 0]
[00:00:00:00:759] ! Unidirectional t-s. expansions: 946, time: 759 [ms], path length: 44 [edges], generated: 1,691
[00:00:00:01:150] Path of length 44 found: [0, 7, 14, 21, 28, 35, 42, 43, 44, 45, 38, 37, 30, 29, 22, 23, 16, 17, 24, 25, 18, 19, 12, 11, 10, 9, 8, 1, 2, 3, 4, 5, 6, 13, 20, 27, 26, 33, 32, 39, 46, 47, 40, 41, 48]
[00:00:00:01:496] ! Bidirectional. expansions: 2,500, time: 1,150 [ms], path length: 44 [edges], g_F: 22, g_B: 22, generated: {'F': 2,307, 'B': 2,403}, MM: 0, MMPER: -1.0%
[00:00:00:01:496] 
---------- SM_Grids/7x7_grid_with_random_blocks_8per_4 ----------
[00:00:00:00:667] Path of length 44 found: [0, 7, 14, 21, 28, 35, 42, 43, 36, 29, 22, 15, 8, 1, 2, 9, 16, 23, 30, 37, 38, 45, 46, 39, 32, 31, 24, 25, 18, 19, 12, 11, 4, 5, 6, 13, 20, 27, 26, 33, 34, 41, 40, 47, 48]
[00:00:00:00:667] ! Unidirectional s-t. expansions: 653, time: 667 [ms], path length: 44 [edges], generated: 1,083
[00:00:00:02:007] Path of length 44 found: [48, 41, 34, 27, 20, 13, 6, 5, 4, 11, 12, 19, 18, 25, 26, 33, 32, 39, 40, 47, 46, 45, 38, 31, 24, 23, 16, 9, 2, 1, 8, 15, 22, 29, 30, 37, 36, 43, 42, 35, 28, 21, 14, 7, 0]
[00:00:00:02:007] ! Unidirectional t-s. expansions: 2,385, time: 2,007 [ms], path length: 44 [edges], generated: 4,033
[00:00:00:01:729] Path of length 44 found: [0, 7, 14, 21, 28, 35, 42, 43, 36, 29, 22, 15, 8, 1, 2, 9, 16, 23, 24, 31, 30, 37, 38, 45, 46, 47, 40, 39, 32, 33, 26, 25, 18, 19, 12, 11, 4, 5, 6, 13, 20, 27, 34, 41, 48]
[00:00:00:02:061] ! Bidirectional. expansions: 3,380, time: 1,730 [ms], path length: 44 [edges], g_F: 22, g_B: 22, generated: {'F': 2,906, 'B': 2,988}, MM: 0, MMPER: -1.0%
[00:00:00:02:061] 
---------- SM_Grids/7x7_grid_with_random_blocks_8per_5 ----------
[00:00:00:01:172] Path of length 44 found: [0, 7, 14, 21, 28, 35, 42, 43, 36, 29, 22, 15, 8, 1, 2, 9, 10, 17, 24, 23, 30, 37, 44, 45, 46, 39, 38, 31, 32, 25, 18, 11, 12, 5, 6, 13, 20, 19, 26, 27, 34, 33, 40, 41, 48]
[00:00:00:01:172] ! Unidirectional s-t. expansions: 1,375, time: 1,172 [ms], path length: 44 [edges], generated: 2,303
[00:00:00:06:345] Path of length 44 found: [48, 41, 34, 27, 20, 13, 6, 5, 12, 11, 10, 3, 2, 9, 8, 15, 22, 29, 36, 37, 38, 31, 30, 23, 24, 17, 18, 19, 26, 25, 32, 33, 40, 39, 46, 45, 44, 43, 42, 35, 28, 21, 14, 7, 0]
[00:00:00:06:345] ! Unidirectional t-s. expansions: 9,930, time: 6,345 [ms], path length: 44 [edges], generated: 15,682
[00:00:00:01:921] Path of length 44 found: [0, 7, 14, 21, 28, 35, 42, 43, 36, 29, 22, 15, 8, 1, 2, 9, 10, 17, 24, 23, 30, 31, 38, 37, 44, 45, 46, 39, 40, 33, 32, 25, 26, 19, 18, 11, 12, 5, 6, 13, 20, 27, 34, 41, 48]
[00:00:00:02:304] ! Bidirectional. expansions: 4,104, time: 1,921 [ms], path length: 44 [edges], g_F: 22, g_B: 22, generated: {'F': 3,658, 'B': 3,757}, MM: 0, MMPER: -1.0%
[00:00:00:02:304] 
---------- SM_Grids/7x7_grid_with_random_blocks_8per_6 ----------
[00:00:00:07:814] Path of length 44 found: [0, 1, 8, 15, 14, 21, 28, 35, 42, 43, 36, 29, 22, 23, 16, 9, 2, 3, 4, 11, 18, 17, 24, 25, 26, 19, 12, 5, 6, 13, 20, 27, 34, 33, 40, 39, 38, 31, 30, 37, 44, 45, 46, 47, 48]
[00:00:00:07:814] ! Unidirectional s-t. expansions: 12,604, time: 7,814 [ms], path length: 44 [edges], generated: 20,069
[00:00:00:02:899] Path of length 44 found: [48, 41, 34, 27, 20, 13, 6, 5, 4, 3, 2, 9, 16, 23, 22, 29, 36, 37, 30, 31, 24, 17, 18, 11, 12, 19, 26, 33, 40, 47, 46, 39, 38, 45, 44, 43, 42, 35, 28, 21, 14, 15, 8, 1, 0]
[00:00:00:02:899] ! Unidirectional t-s. expansions: 3,533, time: 2,899 [ms], path length: 44 [edges], generated: 6,036
[00:00:00:04:387] Path of length 44 found: [0, 1, 8, 15, 14, 21, 28, 35, 42, 43, 36, 29, 22, 23, 30, 31, 38, 37, 44, 45, 46, 39, 40, 33, 26, 19, 12, 11, 18, 25, 24, 17, 16, 9, 2, 3, 4, 5, 6, 13, 20, 27, 34, 41, 48]
[00:00:00:04:722] ! Bidirectional. expansions: 9,948, time: 4,387 [ms], path length: 44 [edges], g_F: 22, g_B: 22, generated: {'F': 9,108, 'B': 9,137}, MM: 0, MMPER: -1.0%
[00:00:00:04:723] 
---------- SM_Grids/7x7_grid_with_random_blocks_8per_7 ----------
[00:00:01:20:429] Path of length 42 found: [0, 7, 14, 21, 28, 35, 42, 43, 36, 29, 22, 15, 8, 1, 2, 9, 16, 23, 30, 37, 44, 45, 38, 31, 24, 17, 10, 3, 4, 5, 12, 11, 18, 19, 26, 25, 32, 33, 40, 39, 46, 47, 48]
[00:00:01:20:430] ! Unidirectional s-t. expansions: 129,817, time: 80,430 [ms], path length: 42 [edges], generated: 217,410
[00:00:00:14:994] Path of length 42 found: [48, 41, 40, 47, 46, 39, 32, 33, 26, 19, 12, 5, 4, 3, 2, 9, 8, 15, 22, 29, 36, 37, 30, 23, 16, 17, 10, 11, 18, 25, 24, 31, 38, 45, 44, 43, 42, 35, 28, 21, 14, 7, 0]
[00:00:00:14:995] ! Unidirectional t-s. expansions: 21,619, time: 14,995 [ms], path length: 42 [edges], generated: 38,434
[00:00:00:14:500] Path of length 42 found: [0, 7, 14, 21, 28, 35, 42, 43, 36, 29, 22, 15, 8, 1, 2, 9, 16, 23, 30, 37, 44, 45, 38, 31, 24, 17, 18, 11, 10, 3, 4, 5, 12, 19, 26, 33, 32, 39, 46, 47, 40, 41, 48]
[00:00:00:14:870] ! Bidirectional. expansions: 35,520, time: 14,500 [ms], path length: 42 [edges], g_F: 21, g_B: 21, generated: {'F': 35,037, 'B': 35,875}, MM: 0, MMPER: -1.0%
[00:00:00:14:870] 
---------- SM_Grids/7x7_grid_with_random_blocks_8per_8 ----------
[00:00:00:49:549] Path of length 42 found: [0, 7, 8, 1, 2, 9, 16, 15, 22, 21, 28, 35, 42, 43, 44, 37, 38, 45, 46, 39, 32, 31, 24, 17, 10, 3, 4, 11, 18, 25, 26, 19, 12, 5, 6, 13, 20, 27, 34, 33, 40, 47, 48]
[00:00:00:49:549] ! Unidirectional s-t. expansions: 69,641, time: 49,549 [ms], path length: 42 [edges], generated: 121,723
[00:00:01:30:524] Path of length 42 found: [48, 41, 34, 27, 20, 13, 6, 5, 4, 3, 2, 9, 16, 23, 24, 17, 10, 11, 12, 19, 18, 25, 26, 33, 32, 31, 38, 39, 40, 47, 46, 45, 44, 43, 42, 35, 28, 21, 22, 15, 8, 1, 0]
[00:00:01:30:524] ! Unidirectional t-s. expansions: 133,538, time: 90,524 [ms], path length: 42 [edges], generated: 226,953
[00:00:01:01:211] Path of length 42 found: [0, 7, 8, 1, 2, 9, 16, 15, 22, 21, 28, 35, 42, 43, 44, 45, 46, 47, 40, 33, 26, 19, 12, 11, 18, 25, 32, 39, 38, 31, 24, 17, 10, 3, 4, 5, 6, 13, 20, 27, 34, 41, 48]
[00:00:01:01:541] ! Bidirectional. expansions: 134,582, time: 61,211 [ms], path length: 42 [edges], g_F: 21, g_B: 21, generated: {'F': 124,681, 'B': 120,321}, MM: 0, MMPER: -1.0%
[00:00:01:01:541] 
---------- SM_Grids/7x7_grid_with_random_blocks_8per_9 ----------
[00:00:00:08:207] Path of length 44 found: [0, 7, 14, 21, 28, 35, 42, 43, 36, 29, 22, 15, 8, 1, 2, 9, 16, 23, 30, 37, 44, 45, 46, 39, 38, 31, 32, 25, 18, 17, 10, 3, 4, 11, 12, 5, 6, 13, 20, 27, 26, 33, 40, 41, 48]
[00:00:00:08:208] ! Unidirectional s-t. expansions: 11,934, time: 8,207 [ms], path length: 44 [edges], generated: 19,388
[00:00:00:01:621] Path of length 44 found: [48, 41, 34, 27, 20, 13, 6, 5, 12, 11, 4, 3, 2, 9, 10, 17, 18, 25, 26, 33, 40, 39, 32, 31, 30, 29, 36, 37, 38, 45, 44, 43, 42, 35, 28, 21, 22, 23, 16, 15, 14, 7, 8, 1, 0]
[00:00:00:01:621] ! Unidirectional t-s. expansions: 2,057, time: 1,621 [ms], path length: 44 [edges], generated: 3,486
[00:00:00:04:345] Path of length 44 found: [0, 7, 14, 21, 28, 35, 42, 43, 36, 29, 22, 15, 8, 1, 2, 9, 16, 23, 30, 37, 44, 45, 38, 31, 32, 39, 40, 33, 26, 25, 18, 17, 10, 3, 4, 11, 12, 5, 6, 13, 20, 27, 34, 41, 48]
[00:00:00:04:671] ! Bidirectional. expansions: 9,514, time: 4,345 [ms], path length: 44 [edges], g_F: 22, g_B: 22, generated: {'F': 8,357, 'B': 8,622}, MM: 0, MMPER: -1.0%
[00:00:00:04:672] average expansions: (29,644, 26,059, 26,984, 0)
[00:00:00:04:672] average time: (19,209, 17,684, 11,953, 0)
[00:00:00:04:672] X-DFBnB: 26,059 , 17,684 (expansions , time[ms])
[00:00:00:04:672] BiX-DFBnB: 26,984 , 11,953 (expansions , time[ms])

