--------------------------
date: SM_Grids
number_of_graphs: 10
graph_type: grid
size_of_graphs: [8, 8]
heuristic: bcc_heuristic
snake: False
run_uni: True
run_bi: True
run_multi: False
solution_vertices: []
algorithms: ['DFBnB']
bsd: False
cube_first_dims: 4
cube_buffer_dim: None
backward_sym_generation: False
sym_coil: False
prefix_set: None

---------- SM_Grids/8x8_grid_with_random_blocks_12per_0 ----------
[00:00:00:13:135] Path of length 52 found: [0, 8, 16, 24, 25, 17, 9, 1, 2, 10, 18, 26, 34, 33, 41, 40, 48, 56, 57, 58, 50, 42, 43, 35, 27, 28, 20, 19, 11, 3, 4, 12, 13, 21, 22, 30, 31, 39, 47, 55, 54, 53, 45, 37, 36, 44, 52, 51, 59, 60, 61, 62, 63]
[00:00:00:13:135] ! Unidirectional s-t. expansions: 14,674, time: 13,135 [ms], path length: 52 [edges], generated: 24,048
[00:00:00:18:061] Path of length 52 found: [63, 55, 47, 39, 31, 30, 22, 14, 13, 21, 20, 12, 4, 3, 2, 10, 11, 19, 18, 26, 34, 42, 50, 51, 43, 35, 27, 28, 36, 37, 45, 44, 52, 53, 54, 62, 61, 60, 59, 58, 57, 56, 48, 40, 41, 33, 25, 24, 16, 17, 9, 1, 0]
[00:00:00:18:062] ! Unidirectional t-s. expansions: 23,802, time: 18,061 [ms], path length: 52 [edges], generated: 37,301
[00:00:00:09:381] Path of length 52 found: [0, 8, 16, 24, 25, 17, 9, 1, 2, 10, 18, 26, 34, 33, 41, 40, 48, 56, 57, 58, 59, 60, 61, 62, 54, 53, 45, 44, 52, 51, 50, 42, 43, 35, 36, 28, 27, 19, 11, 3, 4, 12, 20, 21, 13, 14, 22, 30, 31, 39, 47, 55, 63]
[00:00:00:09:819] ! Bidirectional. expansions: 16,782, time: 9,382 [ms], path length: 52 [edges], g_F: 26, g_B: 26, generated: {'F': 15,423, 'B': 15,547}, MM: 0, MMPER: -1.0%
[00:00:00:09:819] 
---------- SM_Grids/8x8_grid_with_random_blocks_12per_1 ----------
[00:00:00:01:512] Path of length 52 found: [0, 8, 16, 24, 32, 33, 25, 17, 9, 1, 2, 10, 11, 3, 4, 12, 13, 5, 6, 7, 15, 14, 22, 21, 20, 19, 27, 26, 34, 42, 41, 49, 50, 58, 59, 51, 52, 60, 61, 53, 45, 44, 36, 28, 29, 37, 38, 39, 47, 46, 54, 62, 63]
[00:00:00:01:513] ! Unidirectional s-t. expansions: 1,632, time: 1,512 [ms], path length: 52 [edges], generated: 2,703
[00:00:00:01:120] Path of length 52 found: [63, 55, 47, 39, 38, 37, 29, 21, 22, 14, 15, 7, 6, 5, 13, 12, 4, 3, 11, 10, 2, 1, 9, 17, 25, 26, 27, 19, 20, 28, 36, 44, 52, 53, 45, 46, 54, 62, 61, 60, 59, 51, 50, 49, 41, 42, 34, 33, 32, 24, 16, 8, 0]
[00:00:00:01:120] ! Unidirectional t-s. expansions: 1,053, time: 1,120 [ms], path length: 52 [edges], generated: 1,801
[00:00:00:04:052] Path of length 52 found: [0, 8, 16, 24, 32, 33, 25, 17, 9, 1, 2, 10, 11, 3, 4, 12, 13, 5, 6, 7, 15, 14, 22, 21, 20, 19, 27, 26, 34, 42, 41, 49, 50, 51, 59, 60, 61, 62, 54, 46, 45, 53, 52, 44, 36, 28, 29, 37, 38, 39, 47, 55, 63]
[00:00:00:04:466] ! Bidirectional. expansions: 5,670, time: 4,052 [ms], path length: 52 [edges], g_F: 26, g_B: 26, generated: {'F': 4,904, 'B': 5,059}, MM: 0, MMPER: -1.0%
[00:00:00:04:466] 
---------- SM_Grids/8x8_grid_with_random_blocks_12per_2 ----------
[00:00:00:20:298] Path of length 50 found: [0, 8, 16, 24, 32, 33, 25, 17, 9, 1, 2, 10, 18, 19, 27, 28, 20, 12, 11, 3, 4, 5, 13, 21, 22, 14, 15, 23, 31, 30, 29, 37, 36, 44, 52, 51, 43, 42, 50, 49, 57, 58, 59, 60, 61, 62, 54, 46, 47, 55, 63]
[00:00:00:20:299] ! Unidirectional s-t. expansions: 19,818, time: 20,298 [ms], path length: 50 [edges], generated: 35,594
[00:00:00:06:367] Path of length 50 found: [63, 55, 47, 46, 54, 62, 61, 60, 52, 44, 43, 51, 59, 58, 57, 49, 50, 42, 34, 33, 32, 24, 25, 17, 18, 10, 11, 19, 27, 28, 36, 37, 38, 30, 31, 23, 15, 14, 22, 21, 20, 12, 13, 5, 4, 3, 2, 1, 9, 8, 0]
[00:00:00:06:367] ! Unidirectional t-s. expansions: 6,389, time: 6,367 [ms], path length: 50 [edges], generated: 11,950
[00:00:00:13:758] Path of length 50 found: [0, 8, 16, 24, 32, 33, 25, 17, 9, 1, 2, 10, 18, 19, 27, 28, 20, 12, 11, 3, 4, 5, 13, 14, 15, 23, 22, 21, 29, 30, 38, 37, 36, 44, 43, 42, 50, 49, 57, 58, 59, 51, 52, 60, 61, 62, 54, 46, 47, 55, 63]
[00:00:00:14:180] ! Bidirectional. expansions: 22,520, time: 13,758 [ms], path length: 50 [edges], g_F: 25, g_B: 25, generated: {'F': 21,947, 'B': 20,703}, MM: 0, MMPER: -1.0%
[00:00:00:14:180] 
---------- SM_Grids/8x8_grid_with_random_blocks_12per_3 ----------
[00:00:00:06:194] Path of length 54 found: [0, 8, 16, 24, 32, 33, 41, 49, 48, 56, 57, 58, 50, 51, 59, 60, 52, 44, 43, 35, 36, 37, 45, 46, 38, 30, 22, 14, 13, 12, 20, 19, 27, 26, 25, 17, 18, 10, 9, 1, 2, 3, 4, 5, 6, 7, 15, 23, 31, 39, 47, 55, 54, 62, 63]
[00:00:00:06:195] ! Unidirectional s-t. expansions: 6,578, time: 6,194 [ms], path length: 54 [edges], generated: 10,860
[00:00:00:05:578] Path of length 54 found: [63, 55, 47, 39, 31, 23, 15, 7, 6, 5, 4, 3, 2, 10, 18, 17, 25, 26, 27, 19, 20, 12, 13, 14, 22, 30, 29, 37, 38, 46, 54, 62, 61, 60, 52, 44, 36, 35, 43, 51, 59, 58, 57, 56, 48, 49, 41, 33, 32, 24, 16, 8, 9, 1, 0]
[00:00:00:05:578] ! Unidirectional t-s. expansions: 5,200, time: 5,578 [ms], path length: 54 [edges], generated: 8,665
[00:00:00:11:763] Path of length 54 found: [0, 8, 16, 24, 32, 33, 41, 49, 48, 56, 57, 58, 50, 51, 59, 60, 61, 62, 54, 46, 45, 44, 43, 35, 36, 37, 29, 30, 22, 14, 13, 12, 20, 19, 27, 26, 25, 17, 18, 10, 9, 1, 2, 3, 4, 5, 6, 7, 15, 23, 31, 39, 47, 55, 63]
[00:00:00:12:182] ! Bidirectional. expansions: 19,430, time: 11,763 [ms], path length: 54 [edges], g_F: 27, g_B: 27, generated: {'F': 16,307, 'B': 16,902}, MM: 0, MMPER: -1.0%
[00:00:00:12:182] 
---------- SM_Grids/8x8_grid_with_random_blocks_12per_4 ----------
[00:00:00:00:351] Path of length 54 found: [0, 8, 16, 24, 25, 17, 9, 10, 18, 26, 34, 33, 41, 49, 48, 56, 57, 58, 50, 42, 43, 51, 59, 60, 52, 44, 36, 35, 27, 19, 11, 12, 4, 5, 6, 14, 13, 21, 20, 28, 29, 37, 38, 30, 22, 23, 31, 39, 47, 55, 54, 53, 61, 62, 63]
[00:00:00:00:351] ! Unidirectional s-t. expansions: 399, time: 351 [ms], path length: 54 [edges], generated: 703
[00:00:00:00:056] Path of length 54 found: [63, 55, 47, 39, 31, 23, 22, 14, 6, 5, 4, 12, 13, 21, 20, 19, 11, 10, 9, 17, 18, 26, 34, 42, 50, 51, 43, 35, 27, 28, 29, 30, 38, 37, 36, 44, 52, 53, 54, 62, 61, 60, 59, 58, 57, 56, 48, 49, 41, 33, 25, 24, 16, 8, 0]
[00:00:00:00:057] ! Unidirectional t-s. expansions: 53, time: 56 [ms], path length: 54 [edges], generated: 90
[00:00:00:00:415] Path of length 54 found: [0, 8, 16, 24, 25, 17, 9, 10, 11, 19, 18, 26, 27, 35, 34, 33, 41, 49, 48, 56, 57, 58, 50, 42, 43, 51, 59, 60, 61, 62, 54, 53, 52, 44, 36, 37, 38, 30, 29, 28, 20, 21, 13, 12, 4, 5, 6, 14, 22, 23, 31, 39, 47, 55, 63]
[00:00:00:00:837] ! Bidirectional. expansions: 806, time: 415 [ms], path length: 54 [edges], g_F: 27, g_B: 27, generated: {'F': 757, 'B': 806}, MM: 0, MMPER: -1.0%
[00:00:00:00:837] 
---------- SM_Grids/8x8_grid_with_random_blocks_12per_5 ----------
[00:00:00:17:634] Path of length 52 found: [0, 8, 16, 24, 32, 40, 41, 33, 25, 17, 9, 1, 2, 3, 11, 19, 27, 35, 34, 42, 50, 58, 59, 51, 43, 44, 52, 60, 61, 53, 45, 37, 29, 28, 20, 21, 13, 12, 4, 5, 6, 14, 15, 23, 22, 30, 31, 39, 38, 46, 47, 55, 63]
[00:00:00:17:634] ! Unidirectional s-t. expansions: 17,135, time: 17,634 [ms], path length: 52 [edges], generated: 30,424
[00:00:00:08:478] Path of length 52 found: [63, 55, 47, 39, 31, 23, 15, 14, 6, 5, 4, 3, 11, 19, 18, 17, 25, 33, 34, 35, 27, 28, 20, 12, 13, 21, 22, 30, 29, 37, 38, 46, 45, 44, 52, 53, 61, 60, 59, 58, 50, 51, 43, 42, 41, 40, 32, 24, 16, 8, 9, 1, 0]
[00:00:00:08:478] ! Unidirectional t-s. expansions: 9,275, time: 8,478 [ms], path length: 52 [edges], generated: 15,526
[00:00:00:05:510] Path of length 52 found: [0, 8, 16, 24, 32, 40, 41, 33, 25, 17, 9, 1, 2, 3, 11, 19, 20, 28, 27, 35, 34, 42, 50, 58, 59, 60, 61, 53, 52, 51, 43, 44, 45, 46, 38, 37, 29, 30, 22, 21, 13, 12, 4, 5, 6, 14, 15, 23, 31, 39, 47, 55, 63]
[00:00:00:05:930] ! Bidirectional. expansions: 8,724, time: 5,510 [ms], path length: 52 [edges], g_F: 26, g_B: 26, generated: {'F': 7,835, 'B': 8,310}, MM: 0, MMPER: -1.0%
[00:00:00:05:931] 
---------- SM_Grids/8x8_grid_with_random_blocks_12per_6 ----------
[00:00:00:26:026] Path of length 52 found: [0, 8, 16, 24, 32, 40, 48, 49, 41, 42, 50, 51, 59, 60, 61, 53, 45, 44, 43, 35, 34, 26, 25, 17, 9, 1, 2, 10, 18, 19, 27, 28, 20, 12, 11, 3, 4, 5, 13, 14, 6, 7, 15, 23, 22, 21, 29, 37, 38, 46, 54, 62, 63]
[00:00:00:26:026] ! Unidirectional s-t. expansions: 31,301, time: 26,026 [ms], path length: 52 [edges], generated: 50,526
[00:00:00:20:653] Path of length 52 found: [63, 62, 54, 46, 38, 37, 29, 21, 13, 14, 22, 23, 15, 7, 6, 5, 4, 3, 2, 10, 18, 17, 25, 26, 34, 42, 43, 35, 27, 19, 11, 12, 20, 28, 36, 44, 45, 53, 61, 60, 59, 51, 50, 49, 41, 40, 32, 24, 16, 8, 9, 1, 0]
[00:00:00:20:653] ! Unidirectional t-s. expansions: 24,432, time: 20,653 [ms], path length: 52 [edges], generated: 41,008
[00:00:00:21:334] Path of length 52 found: [0, 8, 16, 24, 32, 40, 48, 49, 41, 42, 50, 51, 59, 60, 61, 53, 45, 44, 43, 35, 34, 26, 25, 17, 18, 19, 27, 28, 20, 12, 11, 10, 9, 1, 2, 3, 4, 5, 6, 7, 15, 23, 22, 14, 13, 21, 29, 37, 38, 46, 54, 62, 63]
[00:00:00:21:741] ! Bidirectional. expansions: 37,602, time: 21,334 [ms], path length: 52 [edges], g_F: 26, g_B: 26, generated: {'F': 34,256, 'B': 34,926}, MM: 0, MMPER: -1.0%
[00:00:00:21:742] 
---------- SM_Grids/8x8_grid_with_random_blocks_12per_7 ----------
[00:00:02:43:420] Valid states checked so far: 200,000, Expansions: 199,996, Global best: 53
[00:00:03:43:925] Path of length 52 found: [0, 8, 16, 24, 32, 40, 48, 56, 57, 58, 59, 60, 52, 44, 36, 28, 27, 26, 34, 35, 43, 42, 41, 33, 25, 17, 9, 10, 18, 19, 20, 12, 13, 5, 6, 7, 15, 14, 22, 23, 31, 30, 38, 37, 45, 46, 47, 55, 54, 53, 61, 62, 63]
[00:00:03:43:926] ! Unidirectional s-t. expansions: 273,375, time: 223,925 [ms], path length: 52 [edges], generated: 469,508
[00:00:02:49:546] Valid states checked so far: 200,000, Expansions: 199,998, Global best: 53
[00:00:03:24:938] Path of length 52 found: [63, 55, 47, 39, 31, 23, 15, 7, 6, 5, 13, 12, 20, 21, 22, 30, 38, 37, 36, 28, 27, 19, 18, 10, 9, 17, 25, 26, 34, 35, 43, 44, 52, 53, 45, 46, 54, 62, 61, 60, 59, 58, 57, 56, 48, 49, 41, 33, 32, 24, 16, 8, 0]
[00:00:03:24:938] ! Unidirectional t-s. expansions: 239,509, time: 204,938 [ms], path length: 52 [edges], generated: 403,864
[00:00:03:44:916] Valid meeting checks so far: 200,000, state_vs_state: 294, state_vs_prefix: 0, prefix_vs_prefix: 199,706
[00:00:04:20:399] Path of length 52 found: [0, 8, 16, 24, 32, 40, 48, 56, 57, 58, 59, 60, 52, 44, 43, 35, 34, 42, 41, 33, 25, 17, 9, 10, 18, 26, 27, 28, 36, 37, 45, 53, 61, 62, 54, 46, 38, 30, 22, 21, 20, 12, 13, 5, 6, 7, 15, 23, 31, 39, 47, 55, 63]
[00:00:04:20:847] ! Bidirectional. expansions: 461,484, time: 260,399 [ms], path length: 52 [edges], g_F: 26, g_B: 26, generated: {'F': 410,948, 'B': 428,312}, MM: 0, MMPER: -1.0%
[00:00:04:20:847] 
---------- SM_Grids/8x8_grid_with_random_blocks_12per_8 ----------
[00:00:00:07:269] Path of length 54 found: [0, 8, 16, 24, 32, 33, 41, 49, 48, 56, 57, 58, 59, 60, 52, 53, 45, 37, 29, 21, 13, 12, 20, 19, 27, 28, 36, 44, 43, 35, 34, 26, 25, 17, 18, 10, 9, 1, 2, 3, 4, 5, 6, 7, 15, 14, 22, 23, 31, 30, 38, 46, 47, 55, 63]
[00:00:00:07:270] ! Unidirectional s-t. expansions: 8,424, time: 7,269 [ms], path length: 54 [edges], generated: 13,870
[00:00:00:06:388] Path of length 54 found: [63, 55, 47, 39, 31, 23, 15, 7, 6, 5, 4, 3, 2, 10, 18, 17, 25, 26, 34, 35, 43, 44, 36, 28, 27, 19, 20, 12, 13, 14, 22, 21, 29, 30, 38, 37, 45, 53, 52, 60, 59, 58, 57, 56, 48, 49, 41, 33, 32, 24, 16, 8, 9, 1, 0]
[00:00:00:06:389] ! Unidirectional t-s. expansions: 7,008, time: 6,388 [ms], path length: 54 [edges], generated: 11,816
[00:00:00:04:630] Path of length 54 found: [0, 8, 16, 24, 32, 33, 41, 49, 48, 56, 57, 58, 59, 60, 52, 53, 45, 46, 38, 30, 22, 14, 13, 12, 20, 19, 27, 28, 29, 37, 36, 44, 43, 35, 34, 26, 25, 17, 18, 10, 9, 1, 2, 3, 4, 5, 6, 7, 15, 23, 31, 39, 47, 55, 63]
[00:00:00:05:035] ! Bidirectional. expansions: 7,906, time: 4,630 [ms], path length: 54 [edges], g_F: 27, g_B: 27, generated: {'F': 6,966, 'B': 7,370}, MM: 0, MMPER: -1.0%
[00:00:00:05:035] 
---------- SM_Grids/8x8_grid_with_random_blocks_12per_9 ----------
[00:00:01:32:753] Path of length 52 found: [0, 8, 9, 1, 2, 10, 18, 26, 25, 24, 32, 40, 48, 56, 57, 49, 41, 33, 34, 35, 43, 51, 50, 58, 59, 60, 52, 53, 45, 37, 36, 28, 27, 19, 20, 21, 13, 12, 4, 5, 6, 7, 15, 23, 31, 30, 38, 46, 47, 55, 54, 62, 63]
[00:00:01:32:754] ! Unidirectional s-t. expansions: 107,873, time: 92,753 [ms], path length: 52 [edges], generated: 181,749
[00:00:02:19:645] Path of length 52 found: [63, 55, 47, 46, 38, 30, 31, 23, 15, 7, 6, 5, 4, 12, 13, 21, 20, 19, 11, 10, 18, 26, 25, 33, 34, 35, 27, 28, 36, 37, 45, 53, 54, 62, 61, 60, 52, 51, 59, 58, 57, 56, 48, 49, 41, 40, 32, 24, 16, 8, 9, 1, 0]
[00:00:02:19:646] ! Unidirectional t-s. expansions: 154,942, time: 139,645 [ms], path length: 52 [edges], generated: 263,796
[00:00:01:40:983] Path of length 52 found: [0, 8, 9, 1, 2, 10, 18, 26, 25, 24, 32, 40, 48, 56, 57, 49, 41, 33, 34, 35, 43, 51, 50, 58, 59, 60, 61, 62, 54, 53, 45, 37, 29, 21, 20, 28, 27, 19, 11, 12, 4, 5, 6, 7, 15, 23, 31, 30, 38, 46, 47, 55, 63]
[00:00:01:41:394] ! Bidirectional. expansions: 206,522, time: 100,983 [ms], path length: 52 [edges], g_F: 26, g_B: 26, generated: {'F': 188,396, 'B': 183,238}, MM: 0, MMPER: -1.0%
[00:00:01:41:394] average expansions: (48,121, 47,166, 78,745, 0)
[00:00:01:41:394] average time: (40,910, 41,128, 43,223, 0)
[00:00:01:41:394] X-DFBnB: 47,166 , 40,910 (expansions , time[ms])
[00:00:01:41:394] BiX-DFBnB: 78,745 , 43,223 (expansions , time[ms])

