--------------------------
date: SM_Grids
number_of_graphs: 10
graph_type: grid
size_of_graphs: [7, 8]
heuristic: bcc_heuristic
snake: False
run_uni: True
run_bi: True
run_multi: False
solution_vertices: []
algorithms: ['DFBnB']
bsd: False
cube_first_dims: 4
cube_buffer_dim: None
backward_sym_generation: False
sym_coil: False
prefix_set: None

---------- SM_Grids/7x8_grid_with_random_blocks_16per_0 ----------
[00:00:00:00:661] Path of length 43 found: [0, 1, 2, 3, 4, 5, 13, 12, 20, 19, 18, 17, 25, 24, 32, 33, 41, 40, 48, 49, 50, 42, 43, 51, 52, 44, 45, 37, 36, 35, 27, 28, 29, 30, 22, 14, 15, 23, 31, 39, 47, 46, 54, 55]
[00:00:00:00:662] ! Unidirectional s-t. expansions: 904, time: 662 [ms], path length: 43 [edges], generated: 1,604
[00:00:00:05:210] Path of length 43 found: [55, 47, 39, 31, 23, 15, 14, 22, 30, 29, 28, 27, 35, 43, 44, 36, 37, 45, 46, 54, 53, 52, 51, 50, 42, 41, 49, 48, 40, 32, 24, 25, 26, 18, 19, 20, 12, 13, 5, 4, 3, 2, 1, 0]
[00:00:00:05:210] ! Unidirectional t-s. expansions: 6,603, time: 5,210 [ms], path length: 43 [edges], generated: 11,262
[00:00:00:01:190] Path of length 43 found: [0, 1, 9, 17, 25, 24, 32, 33, 41, 40, 48, 49, 50, 42, 43, 51, 52, 53, 54, 46, 45, 37, 29, 28, 36, 35, 27, 26, 18, 19, 20, 12, 4, 5, 13, 14, 15, 23, 22, 30, 31, 39, 47, 55]
[00:00:00:01:648] ! Bidirectional. expansions: 2,554, time: 1,191 [ms], path length: 43 [edges], g_F: 22, g_B: 21, generated: {'F': 2,280, 'B': 2,310}, MM: 1, MMPER: 1.272727272727273%
[00:00:00:01:648] 
---------- SM_Grids/7x8_grid_with_random_blocks_16per_1 ----------
[00:00:00:00:041] Path of length 39 found: [0, 1, 9, 8, 16, 17, 25, 26, 18, 10, 11, 19, 27, 35, 34, 42, 43, 51, 52, 44, 36, 28, 20, 12, 13, 14, 22, 21, 29, 37, 38, 30, 31, 39, 47, 46, 45, 53, 54, 55]
[00:00:00:00:041] ! Unidirectional s-t. expansions: 45, time: 41 [ms], path length: 39 [edges], generated: 79
[00:00:00:00:092] Path of length 39 found: [55, 47, 39, 31, 30, 22, 14, 13, 12, 11, 10, 18, 19, 20, 21, 29, 28, 27, 35, 36, 44, 45, 37, 38, 46, 54, 53, 52, 51, 43, 42, 34, 26, 25, 17, 16, 8, 9, 1, 0]
[00:00:00:00:092] ! Unidirectional t-s. expansions: 109, time: 92 [ms], path length: 39 [edges], generated: 190
[00:00:00:00:057] Path of length 39 found: [0, 1, 9, 8, 16, 17, 25, 26, 18, 10, 11, 12, 20, 19, 27, 35, 34, 42, 43, 51, 52, 53, 54, 46, 38, 37, 45, 44, 36, 28, 29, 21, 13, 14, 22, 30, 31, 39, 47, 55]
[00:00:00:00:432] ! Bidirectional. expansions: 96, time: 57 [ms], path length: 39 [edges], g_F: 20, g_B: 19, generated: {'F': 99, 'B': 94}, MM: 1, MMPER: 1.5%
[00:00:00:00:432] 
---------- SM_Grids/7x8_grid_with_random_blocks_16per_2 ----------
[00:00:00:00:622] Path of length 43 found: [0, 8, 16, 24, 32, 40, 48, 49, 50, 51, 52, 44, 43, 35, 27, 26, 34, 33, 25, 17, 9, 1, 2, 3, 11, 12, 4, 5, 13, 14, 6, 7, 15, 23, 22, 21, 20, 28, 29, 37, 38, 39, 47, 55]
[00:00:00:00:622] ! Unidirectional s-t. expansions: 825, time: 622 [ms], path length: 43 [edges], generated: 1,396
[00:00:00:00:280] Path of length 43 found: [55, 47, 39, 38, 37, 29, 21, 13, 14, 22, 23, 15, 7, 6, 5, 4, 3, 11, 12, 20, 28, 27, 26, 18, 17, 25, 33, 34, 35, 43, 44, 52, 51, 50, 49, 48, 40, 32, 24, 16, 8, 9, 1, 0]
[00:00:00:00:281] ! Unidirectional t-s. expansions: 321, time: 280 [ms], path length: 43 [edges], generated: 555
[00:00:00:00:586] Path of length 43 found: [0, 8, 16, 24, 32, 40, 48, 49, 50, 51, 52, 44, 43, 35, 27, 26, 34, 33, 25, 17, 9, 1, 2, 3, 11, 12, 4, 5, 6, 7, 15, 23, 22, 14, 13, 21, 20, 28, 29, 37, 38, 39, 47, 55]
[00:00:00:00:960] ! Bidirectional. expansions: 1,080, time: 586 [ms], path length: 43 [edges], g_F: 22, g_B: 21, generated: {'F': 899, 'B': 983}, MM: 1, MMPER: 1.272727272727273%
[00:00:00:00:960] 
---------- SM_Grids/7x8_grid_with_random_blocks_16per_3 ----------
[00:00:00:03:108] Path of length 43 found: [0, 1, 9, 17, 16, 24, 32, 40, 48, 49, 41, 33, 34, 42, 50, 51, 43, 44, 52, 53, 45, 46, 38, 30, 22, 21, 29, 28, 27, 19, 18, 10, 2, 3, 11, 12, 13, 14, 15, 23, 31, 39, 47, 55]
[00:00:00:03:108] ! Unidirectional s-t. expansions: 3,536, time: 3,108 [ms], path length: 43 [edges], generated: 6,193
[00:00:00:03:646] Path of length 43 found: [55, 47, 39, 31, 23, 15, 14, 13, 12, 4, 3, 2, 10, 11, 19, 27, 28, 20, 21, 29, 30, 38, 46, 45, 53, 52, 44, 43, 51, 50, 42, 34, 33, 41, 49, 48, 40, 32, 24, 16, 17, 9, 1, 0]
[00:00:00:03:647] ! Unidirectional t-s. expansions: 5,046, time: 3,646 [ms], path length: 43 [edges], generated: 8,693
[00:00:00:05:745] Path of length 43 found: [0, 1, 9, 17, 16, 24, 32, 40, 48, 49, 41, 33, 34, 42, 50, 51, 43, 44, 52, 53, 45, 46, 38, 30, 29, 21, 20, 28, 27, 19, 18, 10, 2, 3, 4, 12, 13, 14, 15, 23, 31, 39, 47, 55]
[00:00:00:06:121] ! Bidirectional. expansions: 11,388, time: 5,745 [ms], path length: 43 [edges], g_F: 22, g_B: 21, generated: {'F': 10,084, 'B': 10,866}, MM: 1, MMPER: 1.272727272727273%
[00:00:00:06:121] 
---------- SM_Grids/7x8_grid_with_random_blocks_16per_4 ----------
[00:00:00:00:042] Path of length 47 found: [0, 8, 16, 24, 32, 40, 48, 49, 41, 33, 25, 17, 9, 1, 2, 3, 11, 19, 18, 26, 34, 42, 50, 51, 43, 35, 36, 28, 20, 12, 13, 5, 6, 14, 22, 30, 31, 39, 47, 46, 38, 37, 45, 44, 52, 53, 54, 55]
[00:00:00:00:042] ! Unidirectional s-t. expansions: 53, time: 42 [ms], path length: 47 [edges], generated: 84
[00:00:00:00:096] Path of length 47 found: [55, 47, 39, 31, 30, 22, 14, 6, 5, 13, 12, 20, 28, 36, 35, 34, 26, 18, 19, 11, 3, 2, 1, 9, 17, 25, 33, 41, 42, 43, 44, 45, 37, 38, 46, 54, 53, 52, 51, 50, 49, 48, 40, 32, 24, 16, 8, 0]
[00:00:00:00:096] ! Unidirectional t-s. expansions: 128, time: 96 [ms], path length: 47 [edges], generated: 199
[00:00:00:00:027] Path of length 47 found: [0, 8, 16, 24, 32, 40, 48, 49, 41, 33, 25, 17, 9, 1, 2, 3, 11, 19, 18, 26, 34, 42, 50, 51, 52, 53, 54, 46, 38, 37, 45, 44, 43, 35, 36, 28, 20, 12, 13, 5, 6, 14, 22, 30, 31, 39, 47, 55]
[00:00:00:00:403] ! Bidirectional. expansions: 50, time: 27 [ms], path length: 47 [edges], g_F: 24, g_B: 23, generated: {'F': 41, 'B': 41}, MM: 1, MMPER: 1.0833333333333335%
[00:00:00:00:404] 
---------- SM_Grids/7x8_grid_with_random_blocks_16per_5 ----------
[00:00:00:02:711] Path of length 45 found: [0, 8, 16, 17, 9, 1, 2, 10, 18, 26, 34, 33, 32, 40, 41, 49, 50, 42, 43, 35, 27, 19, 11, 3, 4, 12, 20, 28, 29, 21, 13, 5, 6, 14, 15, 23, 31, 30, 38, 37, 45, 44, 52, 53, 54, 55]
[00:00:00:02:711] ! Unidirectional s-t. expansions: 3,116, time: 2,711 [ms], path length: 45 [edges], generated: 5,228
[00:00:00:00:526] Path of length 45 found: [55, 54, 53, 52, 44, 45, 37, 29, 30, 38, 39, 31, 23, 15, 7, 6, 14, 13, 5, 4, 3, 2, 10, 11, 12, 20, 19, 27, 35, 43, 42, 50, 49, 41, 40, 32, 33, 34, 26, 18, 17, 16, 8, 9, 1, 0]
[00:00:00:00:526] ! Unidirectional t-s. expansions: 643, time: 526 [ms], path length: 45 [edges], generated: 1,148
[00:00:00:01:046] Path of length 45 found: [0, 8, 16, 17, 9, 1, 2, 10, 18, 26, 34, 33, 32, 40, 41, 49, 50, 42, 43, 35, 27, 28, 20, 19, 11, 3, 4, 5, 13, 14, 6, 7, 15, 23, 31, 39, 38, 30, 29, 37, 45, 44, 52, 53, 54, 55]
[00:00:00:01:415] ! Bidirectional. expansions: 2,222, time: 1,046 [ms], path length: 45 [edges], g_F: 23, g_B: 22, generated: {'F': 1,961, 'B': 1,851}, MM: 1, MMPER: 1.1739130434782608%
[00:00:00:01:416] 
---------- SM_Grids/7x8_grid_with_random_blocks_16per_6 ----------
[00:00:00:00:079] Path of length 45 found: [0, 1, 9, 17, 16, 24, 32, 33, 25, 26, 34, 35, 27, 19, 18, 10, 2, 3, 11, 12, 4, 5, 13, 14, 6, 7, 15, 23, 31, 30, 29, 21, 20, 28, 36, 44, 43, 51, 52, 53, 45, 37, 38, 46, 54, 55]
[00:00:00:00:079] ! Unidirectional s-t. expansions: 44, time: 79 [ms], path length: 45 [edges], generated: 74
[00:00:00:00:135] Path of length 45 found: [55, 54, 46, 38, 30, 31, 23, 15, 7, 6, 14, 13, 5, 4, 3, 2, 10, 18, 19, 11, 12, 20, 21, 29, 37, 45, 53, 52, 51, 43, 44, 36, 28, 27, 35, 34, 26, 25, 33, 32, 24, 16, 17, 9, 1, 0]
[00:00:00:00:135] ! Unidirectional t-s. expansions: 209, time: 135 [ms], path length: 45 [edges], generated: 353
[00:00:00:00:027] Path of length 45 found: [0, 1, 9, 17, 16, 24, 32, 33, 25, 26, 34, 35, 27, 28, 36, 44, 43, 51, 52, 53, 45, 37, 29, 21, 20, 12, 11, 19, 18, 10, 2, 3, 4, 5, 13, 14, 6, 7, 15, 23, 31, 30, 38, 46, 54, 55]
[00:00:00:00:406] ! Bidirectional. expansions: 44, time: 27 [ms], path length: 45 [edges], g_F: 23, g_B: 22, generated: {'F': 43, 'B': 40}, MM: 1, MMPER: 1.1739130434782608%
[00:00:00:00:406] 
---------- SM_Grids/7x8_grid_with_random_blocks_16per_7 ----------
[00:00:00:00:059] Path of length 47 found: [0, 1, 9, 8, 16, 17, 25, 24, 32, 40, 48, 49, 41, 33, 34, 42, 50, 51, 43, 44, 52, 53, 54, 46, 45, 37, 36, 28, 27, 19, 11, 3, 4, 12, 20, 21, 13, 14, 6, 7, 15, 23, 22, 30, 38, 39, 47, 55]
[00:00:00:00:059] ! Unidirectional s-t. expansions: 77, time: 59 [ms], path length: 47 [edges], generated: 118
[00:00:00:00:049] Path of length 47 found: [55, 47, 39, 38, 30, 22, 23, 15, 7, 6, 14, 13, 21, 20, 12, 4, 3, 11, 19, 27, 28, 36, 37, 45, 46, 54, 53, 52, 44, 43, 51, 50, 49, 48, 40, 41, 42, 34, 33, 32, 24, 25, 17, 16, 8, 9, 1, 0]
[00:00:00:00:050] ! Unidirectional t-s. expansions: 73, time: 50 [ms], path length: 47 [edges], generated: 114
[00:00:00:00:023] Path of length 47 found: [0, 1, 9, 8, 16, 17, 25, 24, 32, 40, 48, 49, 41, 33, 34, 42, 50, 51, 43, 44, 52, 53, 54, 46, 45, 37, 36, 28, 27, 19, 11, 3, 4, 12, 20, 21, 13, 14, 6, 7, 15, 23, 22, 30, 38, 39, 47, 55]
[00:00:00:00:398] ! Bidirectional. expansions: 46, time: 23 [ms], path length: 47 [edges], g_F: 24, g_B: 23, generated: {'F': 37, 'B': 35}, MM: 1, MMPER: 1.0833333333333335%
[00:00:00:00:399] 
---------- SM_Grids/7x8_grid_with_random_blocks_16per_8 ----------
[00:00:00:02:389] Path of length 43 found: [0, 8, 16, 17, 9, 10, 2, 3, 4, 12, 20, 19, 18, 26, 25, 33, 32, 40, 41, 42, 50, 51, 43, 35, 36, 28, 29, 21, 13, 5, 6, 7, 15, 23, 31, 30, 38, 39, 47, 46, 45, 53, 54, 55]
[00:00:00:02:390] ! Unidirectional s-t. expansions: 3,018, time: 2,390 [ms], path length: 43 [edges], generated: 5,289
[00:00:00:04:756] Path of length 43 found: [55, 47, 39, 31, 23, 15, 7, 6, 5, 4, 3, 2, 10, 18, 19, 20, 12, 13, 21, 29, 28, 36, 37, 38, 46, 54, 53, 45, 44, 43, 51, 50, 42, 41, 40, 32, 33, 34, 26, 25, 17, 9, 8, 0]
[00:00:00:04:756] ! Unidirectional t-s. expansions: 6,329, time: 4,756 [ms], path length: 43 [edges], generated: 10,362
[00:00:00:03:171] Path of length 43 found: [0, 8, 16, 17, 9, 10, 18, 19, 20, 28, 36, 35, 34, 26, 25, 33, 32, 40, 41, 42, 50, 51, 43, 44, 45, 53, 54, 46, 38, 30, 29, 21, 13, 12, 4, 5, 6, 7, 15, 23, 31, 39, 47, 55]
[00:00:00:03:544] ! Bidirectional. expansions: 7,360, time: 3,171 [ms], path length: 43 [edges], g_F: 22, g_B: 21, generated: {'F': 6,362, 'B': 6,480}, MM: 1, MMPER: 1.272727272727273%
[00:00:00:03:544] 
---------- SM_Grids/7x8_grid_with_random_blocks_16per_9 ----------
[00:00:00:00:271] Path of length 45 found: [0, 8, 16, 24, 25, 17, 9, 1, 2, 10, 18, 19, 20, 28, 27, 26, 34, 35, 43, 42, 41, 49, 50, 51, 52, 44, 45, 37, 38, 30, 22, 14, 13, 12, 4, 5, 6, 7, 15, 23, 31, 39, 47, 46, 54, 55]
[00:00:00:00:271] ! Unidirectional s-t. expansions: 293, time: 271 [ms], path length: 45 [edges], generated: 488
[00:00:00:00:267] Path of length 45 found: [55, 54, 46, 47, 39, 31, 23, 15, 7, 6, 5, 4, 3, 2, 10, 9, 17, 18, 19, 27, 28, 20, 12, 13, 14, 22, 30, 38, 37, 45, 44, 52, 51, 50, 49, 41, 42, 43, 35, 34, 26, 25, 24, 16, 8, 0]
[00:00:00:00:267] ! Unidirectional t-s. expansions: 376, time: 267 [ms], path length: 45 [edges], generated: 591
[00:00:00:00:284] Path of length 45 found: [0, 8, 16, 24, 25, 17, 9, 1, 2, 3, 4, 5, 13, 12, 20, 28, 27, 19, 18, 26, 34, 35, 43, 42, 41, 49, 50, 51, 52, 44, 45, 37, 38, 30, 22, 14, 6, 7, 15, 23, 31, 39, 47, 46, 54, 55]
[00:00:00:00:689] ! Bidirectional. expansions: 600, time: 284 [ms], path length: 45 [edges], g_F: 23, g_B: 22, generated: {'F': 507, 'B': 462}, MM: 1, MMPER: 1.1739130434782608%
[00:00:00:00:689] average expansions: (1,191, 1,984, 2,544, 0)
[00:00:00:00:690] average time: (998, 1,506, 1,216, 0)
[00:00:00:00:690] X-DFBnB: 1,191 , 998 (expansions , time[ms])
[00:00:00:00:690] BiX-DFBnB: 2,544 , 1,216 (expansions , time[ms])

