--------------------------
date: SM_Grids
number_of_graphs: 10
graph_type: grid
size_of_graphs: [8, 8]
heuristic: bcc_heuristic
snake: False
run_uni: True
run_bi: True
run_multi: False
solution_vertices: []
algorithms: ['DFBnB']
bsd: False
cube_first_dims: 4
cube_buffer_dim: None
backward_sym_generation: False
sym_coil: False
prefix_set: None

---------- SM_Grids/8x8_grid_with_random_blocks_16per_0 ----------
[00:00:00:00:653] Path of length 44 found: [0, 1, 9, 10, 2, 3, 11, 19, 18, 26, 25, 24, 32, 40, 48, 49, 41, 33, 34, 42, 50, 51, 43, 35, 36, 28, 20, 12, 13, 5, 6, 7, 15, 14, 22, 23, 31, 30, 29, 37, 38, 46, 47, 55, 63]
[00:00:00:00:653] ! Unidirectional s-t. expansions: 857, time: 653 [ms], path length: 44 [edges], generated: 1,443
[00:00:00:00:277] Path of length 44 found: [63, 55, 47, 46, 38, 39, 31, 23, 15, 7, 6, 5, 13, 14, 22, 30, 29, 37, 36, 44, 43, 35, 34, 33, 41, 42, 50, 49, 48, 40, 32, 24, 25, 26, 18, 19, 20, 12, 11, 3, 2, 10, 9, 1, 0]
[00:00:00:00:278] ! Unidirectional t-s. expansions: 242, time: 277 [ms], path length: 44 [edges], generated: 426
[00:00:00:05:517] Path of length 44 found: [0, 1, 9, 10, 2, 3, 11, 19, 18, 26, 25, 24, 32, 40, 48, 49, 41, 33, 34, 42, 50, 51, 43, 44, 36, 37, 29, 28, 20, 12, 13, 5, 6, 7, 15, 14, 22, 23, 31, 39, 38, 46, 47, 55, 63]
[00:00:00:05:993] ! Bidirectional. expansions: 2,338, time: 5,517 [ms], path length: 44 [edges], g_F: 22, g_B: 22, generated: {'F': 4,424, 'B': 3,888}, MM: 0, MMPER: -1.0%
[00:00:00:05:993] 
---------- SM_Grids/8x8_grid_with_random_blocks_16per_1 ----------
[00:00:00:00:072] Path of length 44 found: [0, 8, 16, 24, 32, 33, 25, 26, 18, 10, 2, 3, 4, 12, 11, 19, 27, 35, 34, 42, 43, 44, 36, 28, 20, 21, 29, 30, 22, 14, 15, 23, 31, 39, 38, 46, 47, 55, 54, 53, 52, 60, 61, 62, 63]
[00:00:00:00:072] ! Unidirectional s-t. expansions: 62, time: 72 [ms], path length: 44 [edges], generated: 107
[00:00:00:13:517] Path of length 44 found: [63, 62, 61, 60, 52, 53, 54, 55, 47, 46, 38, 39, 31, 23, 15, 14, 22, 30, 29, 21, 20, 12, 4, 3, 2, 10, 11, 19, 18, 26, 34, 35, 27, 28, 36, 44, 43, 42, 41, 33, 25, 24, 16, 8, 0]
[00:00:00:13:517] ! Unidirectional t-s. expansions: 15,211, time: 13,517 [ms], path length: 44 [edges], generated: 27,628
[00:00:03:20:402] Path of length 44 found: [0, 8, 16, 24, 32, 33, 25, 26, 18, 10, 2, 3, 4, 12, 11, 19, 27, 35, 34, 42, 43, 44, 36, 28, 20, 21, 29, 30, 22, 14, 15, 23, 31, 39, 38, 46, 47, 55, 54, 53, 52, 60, 61, 62, 63]
[00:00:03:20:825] ! Bidirectional. expansions: 80,753, time: 200,402 [ms], path length: 44 [edges], g_F: 22, g_B: 22, generated: {'F': 152,107, 'B': 146,575}, MM: 0, MMPER: -1.0%
[00:00:03:20:825] 
---------- SM_Grids/8x8_grid_with_random_blocks_16per_2 ----------
[00:00:00:04:011] Path of length 44 found: [0, 8, 16, 24, 32, 40, 48, 56, 57, 49, 41, 33, 34, 26, 18, 10, 2, 3, 11, 19, 27, 28, 20, 21, 29, 30, 38, 46, 47, 55, 54, 53, 45, 44, 43, 42, 50, 58, 59, 51, 52, 60, 61, 62, 63]
[00:00:00:04:011] ! Unidirectional s-t. expansions: 4,123, time: 4,011 [ms], path length: 44 [edges], generated: 7,453
[00:00:00:11:762] Path of length 44 found: [63, 55, 47, 46, 38, 30, 29, 21, 20, 19, 11, 3, 2, 10, 18, 26, 27, 28, 36, 44, 45, 53, 54, 62, 61, 60, 52, 51, 43, 42, 34, 33, 41, 49, 50, 58, 57, 56, 48, 40, 32, 24, 16, 8, 0]
[00:00:00:11:762] ! Unidirectional t-s. expansions: 13,598, time: 11,762 [ms], path length: 44 [edges], generated: 22,334
[00:00:02:00:417] Path of length 44 found: [0, 8, 16, 24, 32, 40, 48, 56, 57, 49, 41, 33, 34, 42, 50, 58, 59, 51, 52, 60, 61, 62, 54, 53, 45, 44, 36, 28, 27, 26, 18, 10, 2, 3, 11, 19, 20, 21, 29, 30, 38, 46, 47, 55, 63]
[00:00:02:00:870] ! Bidirectional. expansions: 48,360, time: 120,417 [ms], path length: 44 [edges], g_F: 22, g_B: 22, generated: {'F': 88,967, 'B': 90,002}, MM: 0, MMPER: -1.0%
[00:00:02:00:870] 
---------- SM_Grids/8x8_grid_with_random_blocks_16per_3 ----------
[00:00:00:14:174] Path of length 44 found: [0, 8, 16, 24, 25, 17, 18, 10, 11, 19, 27, 26, 34, 33, 41, 49, 50, 42, 43, 35, 36, 28, 29, 21, 20, 12, 13, 14, 15, 23, 31, 30, 38, 39, 47, 46, 45, 44, 52, 60, 61, 53, 54, 62, 63]
[00:00:00:14:174] ! Unidirectional s-t. expansions: 17,014, time: 14,174 [ms], path length: 44 [edges], generated: 30,233
[00:00:00:41:880] Path of length 44 found: [63, 55, 47, 39, 31, 23, 15, 14, 13, 12, 11, 10, 18, 26, 34, 42, 43, 35, 36, 28, 27, 19, 20, 21, 29, 30, 38, 46, 45, 53, 54, 62, 61, 60, 52, 51, 50, 49, 41, 33, 25, 17, 16, 8, 0]
[00:00:00:41:880] ! Unidirectional t-s. expansions: 54,936, time: 41,880 [ms], path length: 44 [edges], generated: 94,655
[00:00:05:21:219] Valid meeting checks so far: 200,000, state_vs_state: 18,110, state_vs_prefix: 0, prefix_vs_prefix: 181,890
[00:00:10:46:324] Path of length 44 found: [0, 8, 16, 24, 25, 17, 18, 10, 11, 19, 27, 26, 34, 33, 41, 49, 50, 42, 43, 35, 36, 44, 52, 60, 61, 62, 54, 53, 45, 46, 38, 30, 29, 21, 20, 12, 13, 14, 15, 23, 31, 39, 47, 55, 63]
[00:00:10:46:743] ! Bidirectional. expansions: 263,607, time: 646,325 [ms], path length: 44 [edges], g_F: 22, g_B: 22, generated: {'F': 480,160, 'B': 492,156}, MM: 0, MMPER: -1.0%
[00:00:10:46:743] 
---------- SM_Grids/8x8_grid_with_random_blocks_16per_4 ----------
[00:00:00:00:759] Path of length 48 found: [0, 1, 9, 8, 16, 17, 25, 33, 32, 40, 48, 56, 57, 49, 41, 42, 50, 51, 52, 60, 61, 53, 45, 44, 36, 28, 27, 35, 34, 26, 18, 10, 11, 3, 4, 12, 13, 14, 22, 30, 29, 37, 38, 39, 47, 46, 54, 62, 63]
[00:00:00:00:759] ! Unidirectional s-t. expansions: 852, time: 759 [ms], path length: 48 [edges], generated: 1,430
[00:00:00:02:145] Path of length 48 found: [63, 55, 47, 39, 38, 30, 22, 14, 13, 12, 4, 3, 11, 10, 18, 26, 34, 35, 27, 28, 29, 37, 36, 44, 45, 46, 54, 62, 61, 53, 52, 51, 50, 42, 41, 49, 57, 56, 48, 40, 32, 33, 25, 17, 16, 8, 9, 1, 0]
[00:00:00:02:146] ! Unidirectional t-s. expansions: 1,903, time: 2,145 [ms], path length: 48 [edges], generated: 3,405
[00:00:00:10:746] Path of length 48 found: [0, 1, 9, 8, 16, 17, 25, 33, 32, 40, 48, 56, 57, 49, 41, 42, 50, 51, 52, 60, 61, 53, 54, 46, 45, 44, 36, 37, 29, 28, 27, 35, 34, 26, 18, 10, 11, 3, 4, 12, 13, 14, 22, 30, 38, 39, 47, 55, 63]
[00:00:00:11:180] ! Bidirectional. expansions: 4,194, time: 10,747 [ms], path length: 48 [edges], g_F: 24, g_B: 24, generated: {'F': 7,816, 'B': 7,487}, MM: 0, MMPER: -1.0%
[00:00:00:11:180] 
---------- SM_Grids/8x8_grid_with_random_blocks_16per_5 ----------
[00:00:00:03:246] Path of length 50 found: [0, 8, 16, 24, 32, 33, 34, 26, 25, 17, 9, 1, 2, 10, 11, 19, 20, 12, 4, 5, 6, 14, 15, 23, 22, 30, 29, 28, 36, 35, 43, 51, 50, 49, 48, 56, 57, 58, 59, 60, 61, 53, 52, 44, 45, 46, 38, 39, 47, 55, 63]
[00:00:00:03:247] ! Unidirectional s-t. expansions: 3,823, time: 3,246 [ms], path length: 50 [edges], generated: 6,324
[00:00:00:04:946] Path of length 50 found: [63, 55, 47, 39, 38, 46, 54, 53, 45, 44, 52, 60, 59, 58, 57, 56, 48, 49, 50, 51, 43, 35, 36, 28, 29, 30, 31, 23, 15, 14, 6, 5, 4, 12, 20, 19, 11, 3, 2, 10, 9, 17, 25, 26, 34, 33, 32, 24, 16, 8, 0]
[00:00:00:04:946] ! Unidirectional t-s. expansions: 6,143, time: 4,946 [ms], path length: 50 [edges], generated: 9,959
[00:00:01:00:242] Path of length 50 found: [0, 8, 16, 24, 32, 33, 34, 26, 25, 17, 9, 1, 2, 10, 11, 19, 20, 12, 4, 5, 6, 14, 15, 23, 22, 30, 29, 28, 36, 35, 43, 51, 50, 49, 48, 56, 57, 58, 59, 60, 52, 44, 45, 53, 54, 46, 38, 39, 47, 55, 63]
[00:00:01:00:650] ! Bidirectional. expansions: 24,881, time: 60,242 [ms], path length: 50 [edges], g_F: 25, g_B: 25, generated: {'F': 42,483, 'B': 42,366}, MM: 0, MMPER: -1.0%
[00:00:01:00:650] 
---------- SM_Grids/8x8_grid_with_random_blocks_16per_6 ----------
[00:00:00:00:232] Path of length 48 found: [0, 1, 9, 8, 16, 24, 32, 40, 48, 49, 50, 42, 41, 33, 25, 17, 18, 10, 11, 19, 27, 26, 34, 35, 36, 44, 52, 53, 45, 37, 29, 21, 13, 5, 6, 7, 15, 14, 22, 23, 31, 30, 38, 46, 47, 55, 54, 62, 63]
[00:00:00:00:232] ! Unidirectional s-t. expansions: 242, time: 232 [ms], path length: 48 [edges], generated: 404
[00:00:00:00:089] Path of length 48 found: [63, 62, 54, 55, 47, 46, 38, 30, 31, 23, 15, 7, 6, 5, 13, 14, 22, 21, 29, 37, 45, 53, 52, 44, 36, 35, 27, 19, 11, 10, 18, 17, 25, 26, 34, 33, 41, 42, 50, 49, 48, 40, 32, 24, 16, 8, 9, 1, 0]
[00:00:00:00:089] ! Unidirectional t-s. expansions: 90, time: 89 [ms], path length: 48 [edges], generated: 155
[00:00:00:00:432] Path of length 48 found: [0, 1, 9, 8, 16, 24, 32, 40, 48, 49, 50, 42, 41, 33, 25, 17, 18, 10, 11, 19, 27, 26, 34, 35, 36, 44, 52, 53, 45, 37, 29, 21, 22, 14, 13, 5, 6, 7, 15, 23, 31, 30, 38, 46, 47, 55, 54, 62, 63]
[00:00:00:00:844] ! Bidirectional. expansions: 155, time: 432 [ms], path length: 48 [edges], g_F: 24, g_B: 24, generated: {'F': 285, 'B': 254}, MM: 0, MMPER: -1.0%
[00:00:00:00:844] 
---------- SM_Grids/8x8_grid_with_random_blocks_16per_7 ----------
[00:00:00:26:920] Path of length 48 found: [0, 8, 16, 24, 32, 40, 48, 56, 57, 49, 41, 33, 34, 26, 18, 17, 9, 10, 2, 3, 11, 19, 27, 28, 20, 12, 13, 14, 6, 7, 15, 23, 31, 30, 38, 37, 45, 44, 43, 42, 50, 58, 59, 60, 61, 53, 54, 55, 63]
[00:00:00:26:920] ! Unidirectional s-t. expansions: 32,792, time: 26,920 [ms], path length: 48 [edges], generated: 54,620
[00:00:00:14:236] Path of length 48 found: [63, 55, 54, 46, 38, 30, 31, 23, 15, 7, 6, 14, 13, 21, 20, 12, 11, 3, 2, 10, 9, 17, 18, 19, 27, 26, 34, 35, 43, 44, 45, 53, 61, 60, 59, 51, 50, 42, 41, 49, 57, 56, 48, 40, 32, 24, 16, 8, 0]
[00:00:00:14:236] ! Unidirectional t-s. expansions: 17,153, time: 14,236 [ms], path length: 48 [edges], generated: 29,880
[00:00:05:22:578] Valid meeting checks so far: 200,000, state_vs_state: 26,470, state_vs_prefix: 0, prefix_vs_prefix: 173,530
[00:00:07:09:895] Path of length 48 found: [0, 8, 16, 24, 32, 40, 48, 56, 57, 49, 41, 33, 34, 42, 50, 58, 59, 60, 61, 53, 45, 44, 43, 35, 27, 19, 18, 17, 9, 10, 2, 3, 11, 12, 20, 21, 13, 14, 6, 7, 15, 23, 31, 30, 38, 46, 54, 55, 63]
[00:00:07:10:343] ! Bidirectional. expansions: 187,024, time: 429,895 [ms], path length: 48 [edges], g_F: 24, g_B: 24, generated: {'F': 317,190, 'B': 327,927}, MM: 0, MMPER: -1.0%
[00:00:07:10:343] 
---------- SM_Grids/8x8_grid_with_random_blocks_16per_8 ----------
[00:00:00:04:282] Path of length 50 found: [0, 8, 16, 17, 9, 1, 2, 10, 18, 19, 11, 3, 4, 5, 6, 7, 15, 23, 22, 14, 13, 12, 20, 21, 29, 28, 36, 35, 34, 33, 32, 40, 48, 56, 57, 49, 41, 42, 50, 51, 59, 60, 61, 53, 45, 37, 38, 46, 54, 62, 63]
[00:00:00:04:283] ! Unidirectional s-t. expansions: 4,614, time: 4,282 [ms], path length: 50 [edges], generated: 7,670
[00:00:00:00:294] Path of length 50 found: [63, 62, 54, 46, 38, 37, 45, 53, 61, 60, 59, 51, 43, 42, 50, 49, 57, 56, 48, 40, 32, 33, 34, 35, 36, 28, 29, 21, 13, 14, 22, 23, 15, 7, 6, 5, 4, 3, 2, 1, 9, 10, 11, 12, 20, 19, 18, 17, 16, 8, 0]
[00:00:00:00:294] ! Unidirectional t-s. expansions: 334, time: 294 [ms], path length: 50 [edges], generated: 575
[00:00:00:18:030] Path of length 50 found: [0, 8, 16, 17, 9, 1, 2, 10, 18, 19, 11, 3, 4, 5, 6, 7, 15, 23, 22, 14, 13, 12, 20, 21, 29, 28, 36, 35, 34, 33, 32, 40, 48, 56, 57, 49, 41, 42, 43, 51, 59, 60, 61, 53, 45, 37, 38, 46, 54, 62, 63]
[00:00:00:18:439] ! Bidirectional. expansions: 7,684, time: 18,030 [ms], path length: 50 [edges], g_F: 25, g_B: 25, generated: {'F': 12,792, 'B': 12,438}, MM: 0, MMPER: -1.0%
[00:00:00:18:439] 
---------- SM_Grids/8x8_grid_with_random_blocks_16per_9 ----------
[00:00:00:00:879] Path of length 46 found: [0, 8, 16, 24, 32, 33, 25, 17, 9, 1, 2, 3, 11, 12, 4, 5, 6, 7, 15, 14, 13, 21, 20, 28, 27, 26, 34, 42, 50, 58, 59, 51, 43, 44, 36, 37, 38, 30, 31, 39, 47, 55, 54, 53, 61, 62, 63]
[00:00:00:00:879] ! Unidirectional s-t. expansions: 877, time: 879 [ms], path length: 46 [edges], generated: 1,528
[00:00:00:00:532] Path of length 46 found: [63, 62, 61, 53, 54, 55, 47, 39, 31, 30, 38, 37, 45, 44, 52, 51, 59, 58, 50, 42, 41, 33, 32, 24, 16, 8, 9, 17, 25, 26, 27, 28, 20, 21, 13, 14, 15, 7, 6, 5, 4, 12, 11, 3, 2, 1, 0]
[00:00:00:00:532] ! Unidirectional t-s. expansions: 480, time: 532 [ms], path length: 46 [edges], generated: 947
[00:00:00:12:056] Path of length 46 found: [0, 8, 16, 24, 32, 33, 25, 17, 9, 1, 2, 3, 11, 12, 4, 5, 6, 7, 15, 14, 13, 21, 20, 28, 27, 26, 34, 42, 50, 58, 59, 51, 43, 44, 36, 37, 38, 30, 31, 39, 47, 55, 54, 53, 61, 62, 63]
[00:00:00:12:492] ! Bidirectional. expansions: 5,075, time: 12,056 [ms], path length: 46 [edges], g_F: 23, g_B: 23, generated: {'F': 7,808, 'B': 9,436}, MM: 0, MMPER: -1.0%
[00:00:00:12:492] average expansions: (6,526, 11,009, 62,407, 0)
[00:00:00:12:492] average time: (5,523, 8,968, 150,406, 0)
[00:00:00:12:493] X-DFBnB: 6,526 , 5,523 (expansions , time[ms])
[00:00:00:12:493] BiX-DFBnB: 62,407 , 150,406 (expansions , time[ms])

