--------------------------
date: SM_Grids
number_of_graphs: 10
graph_type: grid
size_of_graphs: [7, 8]
heuristic: bcc_heuristic
snake: False
run_uni: True
run_bi: True
run_multi: False
solution_vertices: []
algorithms: ['full']
bsd: True
cube_first_dims: 4
cube_buffer_dim: None
backward_sym_generation: False
sym_coil: False
prefix_set: None

---------- SM_Grids/7x8_grid_with_random_blocks_16per_0 ----------
[00:00:58:25:657] Path of length 43 found: [0, 1, 9, 17, 25, 24, 32, 40, 48, 49, 41, 42, 50, 51, 43, 35, 27, 26, 18, 19, 20, 12, 4, 5, 13, 14, 15, 23, 22, 30, 31, 39, 47, 46, 45, 37, 29, 28, 36, 44, 52, 53, 54, 55]
[00:00:58:25:666] ! Unidirectional s-t. expansions: 7,960,903, time: 3,505,665 [ms], path length: 43 [edges], generated: 7,960,902
[00:01:04:57:323] Path of length 43 found: [55, 47, 39, 31, 23, 15, 14, 22, 30, 29, 28, 27, 35, 43, 44, 36, 37, 45, 46, 54, 53, 52, 51, 50, 42, 41, 49, 48, 40, 32, 24, 25, 17, 18, 19, 20, 12, 13, 5, 4, 3, 2, 1, 0]
[00:01:04:57:338] ! Unidirectional t-s. expansions: 7,014,570, time: 3,897,335 [ms], path length: 43 [edges], generated: 7,392,135
[00:01:12:08:213] Path of length 43 found: [0, 1, 2, 3, 4, 5, 13, 12, 20, 19, 18, 17, 25, 24, 32, 40, 48, 49, 41, 42, 50, 51, 52, 53, 54, 46, 45, 37, 36, 44, 43, 35, 27, 28, 29, 30, 22, 14, 15, 23, 31, 39, 47, 55]
[00:01:12:10:623] ! Bidirectional. expansions: 7,014,569, time: 4,328,213 [ms], path length: 43 [edges], g_F: 1, g_B: 42, generated: 7,392,135, MM: 41, MMPER: 92.18181818181819%
[00:01:12:10:623] 
---------- SM_Grids/7x8_grid_with_random_blocks_16per_1 ----------
[00:01:52:45:837] Path of length 39 found: [0, 1, 9, 8, 16, 17, 25, 26, 18, 10, 11, 19, 27, 35, 34, 42, 43, 51, 52, 44, 36, 28, 20, 12, 13, 14, 22, 21, 29, 37, 45, 53, 54, 46, 38, 30, 31, 39, 47, 55]
[00:01:52:45:885] ! Unidirectional s-t. expansions: 12,939,936, time: 6,765,846 [ms], path length: 39 [edges], generated: 13,493,039
[00:00:01:12:994] Path of length 39 found: [55, 47, 39, 31, 30, 22, 14, 13, 12, 11, 10, 18, 19, 27, 35, 36, 28, 20, 21, 29, 37, 38, 46, 54, 53, 45, 44, 52, 51, 43, 42, 34, 26, 25, 17, 16, 8, 9, 1, 0]
[00:00:01:12:996] ! Unidirectional t-s. expansions: 114,643, time: 72,994 [ms], path length: 39 [edges], generated: 114,729
[00:02:28:27:060] Path of length 39 found: [0, 1, 9, 8, 16, 17, 25, 26, 34, 42, 43, 51, 52, 44, 45, 53, 54, 46, 38, 37, 29, 21, 20, 28, 36, 35, 27, 19, 18, 10, 11, 12, 13, 14, 22, 30, 31, 39, 47, 55]
[00:02:28:30:927] ! Bidirectional. expansions: 15,714,168, time: 8,907,060 [ms], path length: 39 [edges], g_F: 0, g_B: 39, generated: 16,721,943, MM: 39, MMPER: 96.5%
[00:02:28:30:929] 
---------- SM_Grids/7x8_grid_with_random_blocks_16per_2 ----------
[00:00:12:43:547] Path of length 43 found: [0, 8, 16, 24, 32, 40, 48, 49, 50, 51, 52, 44, 43, 35, 27, 26, 34, 33, 25, 17, 9, 1, 2, 3, 11, 12, 4, 5, 13, 14, 6, 7, 15, 23, 22, 21, 20, 28, 29, 37, 38, 39, 47, 55]
[00:00:12:43:619] ! Unidirectional s-t. expansions: 1,228,934, time: 763,559 [ms], path length: 43 [edges], generated: 1,301,812
[00:00:14:54:822] Path of length 43 found: [55, 47, 39, 38, 37, 29, 21, 13, 14, 22, 23, 15, 7, 6, 5, 4, 3, 11, 12, 20, 28, 27, 26, 18, 17, 25, 33, 34, 35, 43, 44, 52, 51, 50, 49, 41, 40, 32, 24, 16, 8, 9, 1, 0]
[00:00:14:54:828] ! Unidirectional t-s. expansions: 1,855,598, time: 894,825 [ms], path length: 43 [edges], generated: 1,855,597
[00:00:16:23:499] Path of length 43 found: [0, 1, 9, 8, 16, 24, 32, 40, 41, 49, 50, 51, 52, 44, 43, 35, 34, 33, 25, 17, 18, 26, 27, 28, 20, 12, 11, 3, 4, 5, 6, 7, 15, 23, 22, 14, 13, 21, 29, 37, 38, 39, 47, 55]
[00:00:16:28:250] ! Bidirectional. expansions: 1,782,718, time: 983,499 [ms], path length: 43 [edges], g_F: 0, g_B: 43, generated: 1,855,597, MM: 43, MMPER: 96.72727272727273%
[00:00:16:28:251] 
---------- SM_Grids/7x8_grid_with_random_blocks_16per_3 ----------
[00:01:10:29:655] Path of length 43 found: [0, 1, 9, 17, 16, 24, 32, 40, 48, 49, 41, 33, 34, 42, 50, 51, 43, 44, 52, 53, 45, 46, 38, 30, 22, 21, 20, 28, 27, 19, 11, 10, 2, 3, 4, 12, 13, 14, 15, 23, 31, 39, 47, 55]
[00:01:10:29:691] ! Unidirectional s-t. expansions: 8,606,819, time: 4,229,675 [ms], path length: 43 [edges], generated: 8,950,243
[00:01:17:49:729] Path of length 43 found: [55, 47, 39, 31, 23, 15, 14, 13, 12, 4, 3, 2, 10, 18, 19, 27, 28, 20, 21, 29, 30, 38, 46, 45, 53, 52, 44, 43, 51, 50, 42, 34, 33, 41, 49, 48, 40, 32, 24, 16, 17, 9, 1, 0]
[00:01:17:49:759] ! Unidirectional t-s. expansions: 8,960,783, time: 4,669,747 [ms], path length: 43 [edges], generated: 9,304,207
[00:01:26:14:024] Path of length 43 found: [0, 1, 9, 17, 16, 24, 32, 40, 48, 49, 41, 33, 34, 42, 50, 51, 43, 44, 52, 53, 45, 46, 38, 30, 29, 21, 20, 28, 27, 19, 18, 10, 2, 3, 4, 12, 13, 14, 15, 23, 31, 39, 47, 55]
[00:01:26:17:901] ! Bidirectional. expansions: 8,960,782, time: 5,174,024 [ms], path length: 43 [edges], g_F: 1, g_B: 42, generated: 9,304,207, MM: 41, MMPER: 92.18181818181819%
[00:01:26:17:903] 
---------- SM_Grids/7x8_grid_with_random_blocks_16per_4 ----------
[00:00:00:01:586] Path of length 47 found: [0, 8, 16, 24, 32, 40, 48, 49, 41, 33, 25, 17, 9, 1, 2, 3, 11, 19, 18, 26, 34, 42, 50, 51, 43, 35, 36, 28, 20, 12, 13, 5, 6, 14, 22, 30, 31, 39, 38, 37, 45, 44, 52, 53, 54, 46, 47, 55]
[00:00:00:01:616] ! Unidirectional s-t. expansions: 123, time: 1,586 [ms], path length: 47 [edges], generated: 161
[00:00:02:24:719] Path of length 47 found: [55, 47, 39, 31, 30, 22, 14, 6, 5, 13, 12, 11, 3, 2, 1, 9, 17, 25, 33, 41, 42, 34, 26, 18, 19, 20, 28, 36, 35, 43, 44, 45, 37, 38, 46, 54, 53, 52, 51, 50, 49, 48, 40, 32, 24, 16, 8, 0]
[00:00:02:24:722] ! Unidirectional t-s. expansions: 277,698, time: 144,719 [ms], path length: 47 [edges], generated: 277,723
[00:03:50:17:697] Path of length 47 found: [0, 8, 16, 24, 32, 40, 48, 49, 50, 51, 52, 53, 54, 46, 38, 37, 45, 44, 43, 35, 36, 28, 20, 19, 18, 26, 34, 42, 41, 33, 25, 17, 9, 1, 2, 3, 11, 12, 13, 5, 6, 14, 22, 30, 31, 39, 47, 55]
[00:03:50:21:546] ! Bidirectional. expansions: 25,709,111, time: 13,817,698 [ms], path length: 47 [edges], g_F: 0, g_B: 47, generated: 27,023,792, MM: 47, MMPER: 96.91666666666667%
[00:03:50:21:547] 
---------- SM_Grids/7x8_grid_with_random_blocks_16per_5 ----------
[00:01:27:03:271] Path of length 45 found: [0, 8, 16, 17, 9, 1, 2, 10, 18, 26, 34, 33, 32, 40, 41, 49, 50, 42, 43, 35, 27, 19, 11, 3, 4, 12, 20, 28, 29, 21, 13, 5, 6, 14, 15, 23, 31, 30, 38, 37, 45, 44, 52, 53, 54, 55]
[00:01:27:03:361] ! Unidirectional s-t. expansions: 9,708,190, time: 5,223,277 [ms], path length: 45 [edges], generated: 10,141,000
[00:01:13:00:492] Path of length 45 found: [55, 54, 53, 52, 44, 45, 37, 29, 30, 38, 39, 31, 23, 15, 7, 6, 5, 4, 3, 2, 1, 9, 10, 11, 12, 13, 21, 20, 19, 27, 35, 43, 42, 50, 49, 41, 40, 32, 33, 34, 26, 18, 17, 16, 8, 0]
[00:01:13:00:505] ! Unidirectional t-s. expansions: 8,704,371, time: 4,380,503 [ms], path length: 45 [edges], generated: 8,704,370
[00:01:19:17:222] Path of length 45 found: [0, 8, 16, 17, 18, 26, 34, 33, 32, 40, 41, 49, 50, 42, 43, 35, 27, 19, 20, 21, 13, 12, 11, 10, 9, 1, 2, 3, 4, 5, 6, 7, 15, 23, 31, 39, 38, 30, 29, 37, 45, 44, 52, 53, 54, 55]
[00:01:19:19:819] ! Bidirectional. expansions: 8,271,559, time: 4,757,222 [ms], path length: 45 [edges], g_F: 0, g_B: 45, generated: 8,704,370, MM: 45, MMPER: 96.82608695652173%
[00:01:19:19:819] 
---------- SM_Grids/7x8_grid_with_random_blocks_16per_6 ----------
[00:00:07:30:919] Path of length 45 found: [0, 1, 9, 17, 16, 24, 32, 33, 25, 26, 34, 35, 27, 19, 18, 10, 2, 3, 11, 12, 4, 5, 13, 14, 6, 7, 15, 23, 31, 30, 29, 21, 20, 28, 36, 44, 43, 51, 52, 53, 45, 37, 38, 46, 54, 55]
[00:00:07:30:943] ! Unidirectional s-t. expansions: 667,312, time: 450,919 [ms], path length: 45 [edges], generated: 715,812
[00:00:36:06:583] Path of length 45 found: [55, 54, 46, 38, 30, 31, 23, 15, 7, 6, 14, 13, 5, 4, 3, 2, 10, 18, 19, 11, 12, 20, 21, 29, 37, 45, 53, 52, 51, 43, 44, 36, 28, 27, 35, 34, 26, 25, 33, 32, 24, 16, 17, 9, 1, 0]
[00:00:36:06:615] ! Unidirectional t-s. expansions: 4,145,879, time: 2,166,604 [ms], path length: 45 [edges], generated: 4,300,918
