--------------------------
date: cubes
number_of_graphs: 1
graph_type: cube
size_of_graphs: [8, 8]
heuristic: heuristic0
snake: True
run_uni: True
run_bi: False
run_multi: False
cube_first_dims: 8
cube_buffer_dim: 6
backward_sym_generation: False

---------- cubes/8d_cube ----------
[00:00:00:06:953] Expansion 100000: state [255, 223, 207, 199, 195, 193, 192, 200, 72, 104, 120, 112, 80, 81, 89, 217, 249, 241, 245, 117, 101, 97, 99], f=83, g=22
[00:00:00:13:819] Expansion 200000: state [255, 223, 207, 199, 195, 193, 192, 200, 72, 104, 120, 124, 92, 84, 85, 81, 83, 91, 75, 107, 99, 103, 101], f=83, g=22
[00:00:00:21:001] Expansion 300000: state [255, 223, 207, 199, 195, 193, 192, 200, 72, 104, 120, 121, 113, 97, 99, 103, 102, 70, 68, 84, 116], f=83, g=20
[00:00:00:27:730] Expansion 400000: state [255, 223, 207, 199, 195, 193, 192, 200, 72, 104, 105, 121, 89, 93, 92, 84, 212, 244, 245, 117, 101, 103, 102, 118], f=83, g=23
[00:00:00:34:438] Expansion 500000: state [255, 223, 207, 199, 195, 193, 192, 200, 72, 104, 105, 107, 99, 115, 83, 91, 90, 94, 86, 84, 212, 213, 245, 117, 101, 100], f=83, g=25
[00:00:00:41:493] Expansion 600000: state [255, 223, 207, 199, 195, 193, 192, 200, 72, 88, 120, 124, 116, 100, 102, 103, 99, 107, 75, 91, 83, 81, 113, 241], f=83, g=23
[00:00:00:48:469] Expansion 700000: state [255, 223, 207, 199, 195, 193, 192, 200, 72, 88, 92, 93, 77, 109, 105, 233, 249, 241, 113, 117, 116, 118, 86], f=83, g=22
[00:00:00:55:780] Expansion 800000: state [255, 223, 207, 199, 195, 193, 192, 200, 72, 88, 89, 217, 249, 233, 105, 109, 77, 69, 85, 87, 83, 115, 113, 112, 116, 100, 102, 70], f=83, g=27
[00:00:01:02:644] Expansion 900000: state [255, 223, 207, 199, 195, 193, 192, 200, 72, 76, 68, 84, 86, 94, 90, 91, 75, 107, 105, 121, 249, 241, 245, 229], f=83, g=23
[00:00:01:09:999] Expansion 1000000: state [255, 223, 207, 199, 195, 193, 192, 200, 72, 76, 92, 84, 116, 118, 102, 103, 99, 107, 75, 91, 90, 122, 120, 121, 249, 241], f=83, g=25
[00:00:01:16:895] Expansion 1100000: state [255, 223, 207, 199, 195, 193, 192, 200, 72, 76, 92, 124, 120, 121, 89, 91, 75, 107, 99, 97, 96, 100, 102, 70, 86, 87, 85, 117, 245, 244, 212], f=83, g=30
[00:00:01:23:865] Expansion 1200000: state [255, 223, 207, 199, 195, 193, 192, 200, 72, 76, 78, 70, 102, 100, 116, 112, 113, 121, 89, 91, 90, 122], f=83, g=21
[00:00:01:31:249] Expansion 1300000: state [255, 223, 207, 199, 195, 193, 192, 200, 72, 76, 78, 70, 86, 87, 85, 69, 101, 103, 99, 107, 105, 121, 113, 241, 245], f=83, g=24
[00:00:01:38:243] Expansion 1400000: state [255, 223, 207, 199, 195, 193, 192, 200, 72, 76, 78, 94, 90, 91, 83, 115, 99, 103, 102, 100, 96, 112, 80, 84, 85, 117, 245, 241], f=83, g=27
[00:00:01:45:137] Expansion 1500000: state [255, 223, 207, 199, 195, 193, 192, 200, 72, 76, 77, 109, 101, 100, 102, 118, 86, 87, 85, 213], f=83, g=19
[00:00:01:51:783] Expansion 1600000: state [255, 223, 207, 199, 195, 193, 192, 200, 72, 76, 77, 93, 89, 81, 80, 84, 86, 118, 102, 100, 96, 97, 105, 233, 249, 248, 120], f=83, g=26
[00:00:01:59:263] Expansion 1700000: state [255, 223, 207, 199, 195, 193, 192, 200, 72, 74, 66, 70, 102, 100, 101, 229, 245, 241, 249, 248, 120, 124, 92, 93, 85, 87, 83, 115, 99], f=83, g=28
[00:00:02:06:521] Expansion 1800000: state [255, 223, 207, 199, 195, 193, 192, 200, 72, 74, 66, 70, 86, 94, 92, 124, 120, 248, 249, 217, 89, 81, 83, 115, 99, 97, 101, 229, 245], f=83, g=28
[00:00:02:13:779] Expansion 1900000: state [255, 223, 207, 199, 195, 193, 192, 200, 72, 74, 90, 122, 120, 248, 249, 241, 245, 244, 116, 84, 86, 87, 83, 115], f=83, g=23
[00:00:02:20:981] Expansion 2000000: state [255, 223, 207, 199, 195, 193, 192, 200, 72, 74, 90, 94, 86, 118, 116, 244, 212, 213, 85, 69, 101, 97, 105, 233, 249, 241], f=83, g=25
[00:00:02:28:732] Expansion 2100000: state [255, 223, 207, 199, 195, 193, 192, 200, 72, 74, 90, 91, 83, 115, 99, 97, 96, 112, 116, 118, 86, 70, 68, 69, 85, 213, 245, 241], f=83, g=27
[00:00:02:35:753] Expansion 2200000: state [255, 223, 207, 199, 195, 193, 192, 200, 72, 74, 90, 91, 89, 121, 120, 112, 96, 97, 101, 103, 102, 118, 86, 84, 212, 213, 245, 241], f=83, g=27
[00:00:02:42:855] Expansion 2300000: state [255, 223, 207, 199, 195, 193, 192, 200, 72, 74, 78, 70, 102, 118, 116, 112, 113, 241, 245, 229, 101, 109, 77, 93, 89, 217], f=83, g=25
[00:00:02:50:168] Expansion 2400000: state [255, 223, 207, 199, 195, 193, 192, 200, 72, 74, 78, 94, 86, 84, 68, 100, 101, 117, 113, 241, 249, 248, 120], f=83, g=22
[00:00:02:57:465] Expansion 2500000: state [255, 223, 207, 199, 195, 193, 192, 200, 72, 74, 78, 94, 92, 124, 120, 112, 96, 97, 105, 233, 249, 217, 89, 91, 83, 87, 85, 117, 245], f=83, g=28
[00:00:03:05:901] Expansion 2600000: state [255, 223, 207, 199, 195, 193, 192, 200, 72, 74, 75, 107, 99, 103, 102, 118, 86, 87, 83, 81, 80, 112, 120, 248, 249, 241, 245, 213], f=83, g=27
[00:00:03:12:677] Expansion 2700000: state [255, 223, 207, 199, 195, 193, 192, 200, 72, 74, 75, 91, 83, 81, 113, 121, 120, 124, 92, 94, 86, 118, 102, 103, 101, 229, 245, 213], f=83, g=27
[00:00:03:19:762] Expansion 2800000: state [255, 223, 207, 199, 195, 193, 192, 200, 72, 74, 75, 91, 89, 217, 249, 241, 245, 213, 212, 84, 68, 69, 101, 103, 102], f=83, g=24
[00:00:03:26:615] Expansion 2900000: state [255, 223, 207, 199, 195, 193, 192, 200, 72, 73, 105, 233, 249, 241, 245, 244, 116, 118, 86, 70, 68, 69, 85, 93], f=83, g=23
[00:00:03:33:275] Expansion 3000000: state [255, 223, 207, 199, 195, 193, 192, 200, 72, 73, 105, 107, 99, 115, 83, 87, 86, 118, 102, 100, 101, 229, 245, 241, 249, 248, 120, 124, 92, 220, 212], f=83, g=30
[00:00:03:40:352] Expansion 3100000: state [255, 223, 207, 199, 195, 193, 192, 200, 72, 73, 89, 121, 120, 122, 90, 94, 86, 118, 102, 103], f=83, g=19
[00:00:03:47:255] Expansion 3200000: state [255, 223, 207, 199, 195, 193, 192, 200, 72, 73, 77, 69, 85, 81, 113, 115, 99], f=83, g=16
[00:00:03:54:024] Expansion 3300000: state [255, 223, 207, 199, 195, 193, 192, 200, 72, 73, 75, 107, 99, 97, 96, 112, 120, 121, 249, 241, 245, 244, 212, 84, 68, 70, 66], f=83, g=26
[00:00:04:02:305] Expansion 3400000: state [255, 223, 207, 199, 195, 193, 192, 200, 72, 73, 75, 91, 83, 87, 85, 117, 101, 103, 102, 70, 78], f=83, g=20
[00:00:04:09:239] Expansion 3500000: state [255, 223, 207, 199, 195, 193, 192, 200, 216, 88, 80, 112, 113, 241, 249, 233, 105, 109, 77, 93, 85, 87, 83, 91, 75, 74, 66, 70, 102], f=83, g=28
[00:00:04:16:069] Expansion 3600000: state [255, 223, 207, 199, 195, 193, 192, 200, 216, 88, 80, 81, 83, 87, 86, 70, 78, 76, 77, 109, 105, 107, 99], f=83, g=22
[00:00:04:22:922] Expansion 3700000: state [255, 223, 207, 199, 195, 193, 192, 200, 216, 88, 120, 112, 96, 100, 68, 76, 77, 93, 85, 81, 83, 115, 99, 107, 105, 233, 249, 241, 245, 244], f=83, g=29
[00:00:04:29:861] Expansion 3800000: state [255, 223, 207, 199, 195, 193, 192, 200, 216, 88, 120, 124, 116, 100, 68, 69, 77, 73, 75, 74, 78, 94, 86, 87, 83, 81, 113, 97, 99], f=83, g=28
[00:00:04:36:786] Expansion 3900000: state [255, 223, 207, 199, 195, 193, 192, 200, 216, 88, 120, 121, 113, 241, 245, 244, 116, 118, 102, 103, 99, 107, 75, 74, 78, 76, 77, 69], f=83, g=27
[00:00:04:43:708] Expansion 4000000: state [255, 223, 207, 199, 195, 193, 192, 200, 216, 88, 92, 76, 77, 73, 105, 97, 99, 115, 83, 81, 85, 213, 245, 241], f=83, g=23
[00:00:04:50:625] Expansion 4100000: state [255, 223, 207, 199, 195, 193, 192, 200, 216, 88, 92, 94, 78, 70, 68, 69, 101, 117, 245, 241, 249, 121, 105, 107], f=83, g=23
[00:00:04:59:079] Expansion 4200000: state [255, 223, 207, 199, 195, 193, 192, 200, 216, 88, 92, 93, 85, 81, 83, 91, 75, 73, 105, 97, 96, 100, 102, 70], f=83, g=23
[00:00:05:06:124] Expansion 4300000: state [255, 223, 207, 199, 195, 193, 192, 200, 216, 88, 90, 74, 78, 76, 77, 69, 101, 103, 102, 118, 116, 112, 96, 104, 105, 121, 249, 241], f=83, g=27
[00:00:05:13:105] Expansion 4400000: state [255, 223, 207, 199, 195, 193, 192, 200, 216, 88, 90, 94, 78, 76, 77, 69, 101, 103, 99, 107, 105, 121, 113, 241, 245, 213, 212, 84], f=83, g=27
[00:00:05:20:133] Expansion 4500000: state [255, 223, 207, 199, 195, 193, 192, 200, 216, 88, 90, 91, 75, 107, 105, 121, 249, 241, 245, 244, 212, 84, 85, 93, 77, 76, 78, 70, 102, 103, 101], f=83, g=30
[00:00:05:27:056] Expansion 4600000: state [255, 223, 207, 199, 195, 193, 192, 200, 216, 88, 89, 73, 75, 74, 78, 70, 86, 87, 85, 117, 116, 244, 212], f=83, g=22
[00:00:05:33:920] Expansion 4700000: state [255, 223, 207, 199, 195, 193, 192, 200, 216, 88, 89, 93, 77, 109, 101, 103, 99, 115, 113, 112, 116, 84, 68, 70, 66, 74, 75], f=83, g=26
[00:00:05:40:892] Expansion 4800000: state [255, 223, 207, 199, 195, 193, 192, 200, 216, 248, 120, 104, 96, 100, 116, 244, 245, 213, 85, 87, 83, 91, 90, 94, 92, 76], f=83, g=25
[00:00:05:47:826] Expansion 4900000: state [255, 223, 207, 199, 195, 193, 192, 200, 216, 248, 120, 104, 96, 97, 99, 103, 102, 70, 78, 94, 90, 91, 75, 73, 77, 69, 85, 213, 245, 229], f=83, g=29
[00:00:05:54:632] Expansion 5000000: state [255, 223, 207, 199, 195, 193, 192, 200, 216, 248, 120, 104, 105, 97, 99, 103, 102, 70, 66, 74, 90, 91, 83, 81, 80, 84, 116, 117, 245, 241], f=83, g=29
[00:00:06:01:415] Expansion 5100000: state [255, 223, 207, 199, 195, 193, 192, 200, 216, 248, 120, 104, 105, 107, 99, 103, 101, 100, 68, 84, 92, 94, 78, 74], f=83, g=23
[00:00:06:10:173] Expansion 5200000: state [255, 223, 207, 199, 195, 193, 192, 200, 216, 248, 120, 112, 96, 97, 101, 229, 245, 213, 85, 93, 89, 91, 75, 74, 78, 70, 102, 118], f=83, g=27
[00:00:06:17:198] Expansion 5300000: state [255, 223, 207, 199, 195, 193, 192, 200, 216, 248, 120, 112, 116, 117, 101, 69, 77, 73, 105, 107, 99, 115, 83, 91, 90], f=83, g=24
[00:00:06:24:153] Expansion 5400000: state [255, 223, 207, 199, 195, 193, 192, 200, 216, 248, 120, 112, 113, 115, 99, 107, 105, 109, 101, 100, 68, 70, 78, 94, 90, 91], f=83, g=25
[00:00:06:31:168] Expansion 5500000: state [255, 223, 207, 199, 195, 193, 192, 200, 216, 248, 120, 124, 92, 93, 89, 91, 75, 107, 99, 115, 113, 117, 101, 100, 96], f=83, g=24
[00:00:06:38:241] Expansion 5600000: state [255, 223, 207, 199, 195, 193, 192, 200, 216, 248, 120, 124, 116, 118, 86, 87, 83, 91, 75, 73, 105, 97, 101, 229, 245, 213], f=83, g=25
[00:00:06:45:483] Expansion 5700000: state [255, 223, 207, 199, 195, 193, 192, 200, 216, 248, 120, 122, 90, 74, 75, 73, 89, 93, 85, 69, 101, 229, 245, 241, 113], f=83, g=24
[00:00:06:52:827] Expansion 5800000: state [255, 223, 207, 199, 195, 193, 192, 200, 216, 248, 120, 122, 90, 91, 75, 73, 105, 109, 101, 69, 68, 70, 102, 118, 116, 244, 245, 213], f=83, g=27
[00:00:07:00:001] Expansion 5900000: state [255, 223, 207, 199, 195, 193, 192, 200, 216, 248, 120, 121, 89, 81, 85, 117, 101, 100, 68, 70, 66, 74, 90, 94], f=83, g=23
[00:00:07:07:428] Expansion 6000000: state [255, 223, 207, 199, 195, 193, 192, 200, 216, 248, 120, 121, 105, 107, 75, 74, 66, 70, 102, 100, 101, 117, 85, 93, 92, 76], f=83, g=25
[00:00:07:14:293] Expansion 6100000: state [255, 223, 207, 199, 195, 193, 192, 200, 216, 248, 120, 121, 113, 115, 99, 107, 75, 74, 78, 76, 92, 93, 85, 69, 101, 100, 116], f=83, g=26
[00:00:07:21:054] Expansion 6200000: state [255, 223, 207, 199, 195, 193, 192, 200, 216, 248, 249, 121, 89, 91, 90, 94, 86, 84, 212, 244, 245, 117, 101, 103, 99, 115], f=83, g=25
[00:00:07:27:737] Expansion 6300000: state [255, 223, 207, 199, 195, 193, 192, 200, 216, 248, 249, 121, 105, 109, 101, 69, 68, 76, 92, 94, 86, 87, 83, 81, 80, 112, 116, 244], f=83, g=27
[00:00:07:34:563] Expansion 6400000: state [255, 223, 207, 199, 195, 193, 192, 200, 216, 248, 249, 121, 113, 112, 96, 100, 102, 70, 78, 94, 90, 91, 75, 73, 77, 93, 85, 87], f=83, g=27
[00:00:07:43:721] Expansion 6500000: state [255, 223, 207, 199, 195, 193, 192, 200, 216, 248, 249, 233, 105, 73, 77, 93, 85, 84, 116, 100, 102, 70, 66], f=83, g=22
[00:00:07:50:294] Expansion 6600000: state [255, 223, 207, 199, 195, 193, 192, 200, 216, 248, 249, 233, 105, 97, 99, 103, 102, 100, 116, 84, 86, 87, 83, 91, 89, 93], f=83, g=25
[00:00:07:56:778] Expansion 6700000: state [255, 223, 207, 199, 195, 193, 192, 200, 216, 248, 249, 233, 105, 109, 101, 103, 99, 115, 113, 112, 116, 244, 212, 213, 85, 93, 89, 91, 75, 74, 66], f=83, g=30
[00:00:08:03:384] Expansion 6800000: state [255, 223, 207, 199, 195, 193, 192, 200, 216, 248, 249, 241, 113, 81, 89, 73, 77, 109, 101, 100, 102, 70, 78, 94, 92, 84, 212, 213], f=83, g=27
[00:00:08:10:048] Expansion 6900000: state [255, 223, 207, 199, 195, 193, 192, 200, 216, 248, 249, 241, 113, 112, 116, 244, 212, 213, 85, 93, 92, 76, 78, 70, 102, 103, 101, 109, 105, 107, 75, 91, 83], f=83, g=32
[00:00:08:16:722] Expansion 7000000: state [255, 223, 207, 199, 195, 193, 192, 200, 216, 248, 249, 241, 245, 117, 101, 97, 96, 112, 80, 81, 83, 91, 75, 73, 77, 93, 92, 94], f=83, g=27
[00:00:08:23:189] Expansion 7100000: state [255, 223, 207, 199, 195, 193, 192, 200, 216, 248, 249, 241, 245, 213, 85, 93, 89, 91, 90, 94, 86, 118, 116, 100, 101, 109], f=83, g=25
[00:00:08:29:607] Expansion 7200000: state [255, 223, 207, 199, 195, 193, 192, 200, 216, 248, 249, 241, 245, 229, 101, 103, 99, 115, 83, 87, 86, 70, 68, 76, 92, 93, 89, 73, 75, 74, 90, 122], f=83, g=31
[00:00:08:36:142] Expansion 7300000: state [255, 223, 207, 199, 195, 193, 192, 200, 216, 248, 249, 241, 245, 244, 212, 84, 80, 112, 96, 100, 101, 109, 105, 73, 75, 91, 90], f=83, g=26
[00:00:08:42:963] Expansion 7400000: state [255, 223, 207, 199, 195, 193, 192, 200, 216, 220, 92, 76, 68, 69, 85, 87, 83, 91, 90, 122, 120, 121, 105, 97, 99], f=83, g=24
[00:00:08:50:077] Expansion 7500000: state [255, 223, 207, 199, 195, 193, 192, 200, 216, 220, 92, 76, 78, 74, 75, 91, 89, 121, 249, 241, 245, 244, 116, 100, 101, 103], f=83, g=25
[00:00:08:56:832] Expansion 7600000: state [255, 223, 207, 199, 195, 193, 192, 200, 216, 220, 92, 76, 77, 109, 105, 107, 99, 103, 102, 118, 116, 112, 120, 122, 90, 91, 83, 87, 85, 213, 245, 241], f=83, g=31
[00:00:09:03:777] Expansion 7700000: state [255, 223, 207, 199, 195, 193, 192, 200, 216, 220, 92, 84, 85, 81, 113, 112, 120, 122, 90, 74, 78, 70, 102, 103, 99, 107, 105], f=83, g=26
[00:00:09:11:001] Expansion 7800000: state [255, 223, 207, 199, 195, 193, 192, 200, 216, 220, 92, 124, 116, 118, 102, 103, 101, 69, 85, 213, 245, 241, 249, 233, 105, 107, 75, 74, 66], f=83, g=28
[00:00:09:18:213] Expansion 7900000: state [255, 223, 207, 199, 195, 193, 192, 200, 216, 220, 92, 124, 120, 121, 249, 241, 245, 229, 101, 103, 99, 107, 75, 91, 83, 87, 86, 70, 68], f=83, g=28
[00:00:09:25:613] Expansion 8000000: state [255, 223, 207, 199, 195, 193, 192, 200, 216, 220, 92, 94, 86, 70, 102, 103, 101, 69, 85, 81, 80, 112, 120, 121, 105, 73, 75], f=83, g=26
[00:00:09:32:960] Expansion 8100000: state [255, 223, 207, 199, 195, 193, 192, 200, 216, 220, 92, 94, 90, 91, 75, 73, 105, 104, 96, 100, 101, 69, 85, 213, 245, 241, 113, 115, 99], f=83, g=28
[00:00:09:39:910] Expansion 8200000: state [255, 223, 207, 199, 195, 193, 192, 200, 216, 220, 92, 93, 77, 109, 105, 121, 249, 241, 245, 244, 116, 118, 102, 70, 66, 74, 75, 91], f=83, g=27
[00:00:09:46:775] Expansion 8300000: state [255, 223, 207, 199, 195, 193, 192, 200, 216, 220, 92, 93, 89, 81, 113, 115, 99, 103, 102, 70, 66], f=83, g=20
[00:00:09:53:976] Expansion 8400000: state [255, 223, 207, 199, 195, 193, 192, 200, 216, 220, 212, 84, 80, 81, 83, 91, 90, 122, 120, 104, 105, 97, 101, 69, 77, 76, 78, 70, 102], f=83, g=28
[00:00:10:04:338] Expansion 8500000: state [255, 223, 207, 199, 195, 193, 192, 200, 216, 220, 212, 84, 86, 94, 78, 76, 77, 73, 89, 81, 113, 117, 101, 100, 96, 104, 120], f=83, g=26
[00:00:10:11:234] Expansion 8600000: state [255, 223, 207, 199, 195, 193, 192, 200, 216, 220, 212, 244, 116, 100, 102, 70, 66, 74, 90, 122, 120, 104, 105, 233, 249, 241], f=83, g=25
[00:00:10:18:081] Expansion 8700000: state [255, 223, 207, 199, 195, 193, 192, 200, 216, 220, 212, 244, 116, 124, 120, 122, 90, 74, 78, 70, 68, 69, 77, 93, 89, 81, 113, 241, 249, 233, 105, 107, 99, 103], f=83, g=33
[00:00:10:25:075] Expansion 8800000: state [255, 223, 207, 199, 195, 193, 192, 200, 216, 220, 212, 244, 245, 117, 85, 69, 68, 100, 96, 112, 120, 122, 90, 91, 75], f=83, g=24
[00:00:10:31:756] Expansion 8900000: state [255, 223, 207, 199, 195, 193, 192, 200, 216, 220, 212, 244, 245, 229, 101, 100, 68, 76, 78, 74, 90, 91, 83, 81, 113, 121, 105, 104], f=83, g=27
[00:00:10:38:344] Expansion 9000000: state [255, 223, 207, 199, 195, 193, 192, 200, 216, 220, 212, 244, 245, 241, 113, 115, 99, 103, 101, 109, 105], f=83, g=20
[00:00:10:44:893] Expansion 9100000: state [255, 223, 207, 199, 195, 193, 192, 200, 216, 220, 212, 213, 85, 69, 101, 103, 99, 115, 113, 121, 89, 91, 75, 74, 78, 94, 86, 118, 116, 124], f=83, g=29
[00:00:10:51:751] Expansion 9200000: state [255, 223, 207, 199, 195, 193, 192, 200, 216, 220, 212, 213, 85, 117, 116, 118, 86, 70, 78, 74, 90, 122, 120, 121, 105, 97, 99, 103], f=83, g=27
[00:00:10:58:724] Expansion 9300000: state [255, 223, 207, 199, 195, 193, 192, 200, 216, 220, 212, 213, 85, 87, 86, 94, 90, 122, 120, 121, 113, 97, 101, 100], f=83, g=23
[00:00:11:05:640] Expansion 9400000: state [255, 223, 207, 199, 195, 193, 192, 200, 216, 220, 212, 213, 245, 229, 101, 97, 113, 112, 116, 118, 86, 94, 90, 91, 89, 93, 77], f=83, g=26
[00:00:11:12:484] Expansion 9500000: state [255, 223, 207, 199, 195, 193, 192, 200, 216, 220, 212, 213, 245, 241, 113, 115, 83, 91, 90, 94, 78, 70, 68, 69, 77, 73, 105, 104, 96], f=83, g=28
[00:00:11:19:259] Expansion 9600000: state [255, 223, 207, 199, 195, 193, 192, 200, 216, 217, 89, 73, 105, 104, 96, 112, 113, 115, 99, 103, 102, 70, 86, 84, 85, 213, 245, 229], f=83, g=27
[00:00:11:26:029] Expansion 9700000: state [255, 223, 207, 199, 195, 193, 192, 200, 216, 217, 89, 73, 75, 74, 66, 70, 102, 103, 101, 229, 245, 213, 85, 84, 80, 112, 120], f=83, g=26
[00:00:11:32:927] Expansion 9800000: state [255, 223, 207, 199, 195, 193, 192, 200, 216, 217, 89, 81, 113, 241, 245, 229, 101, 103, 102, 118, 116, 124, 92, 76, 78, 74], f=83, g=25
[00:00:11:39:795] Expansion 9900000: state [255, 223, 207, 199, 195, 193, 192, 200, 216, 217, 89, 81, 83, 87, 86, 94, 92, 76, 68, 69, 101, 103, 99, 107, 105, 233], f=83, g=25
[00:00:11:46:607] Expansion 10000000: state [255, 223, 207, 199, 195, 193, 192, 200, 216, 217, 89, 93, 77, 69, 68, 70, 66, 74, 90, 122, 120, 124, 116, 244, 245, 241, 113, 115, 99, 107], f=83, g=29
[00:00:11:53:450] Expansion 10100000: state [255, 223, 207, 199, 195, 193, 192, 200, 216, 217, 89, 93, 92, 76, 78, 70, 86, 87, 83, 115, 113, 97, 101], f=83, g=22
[00:00:12:00:535] Expansion 10200000: state [255, 223, 207, 199, 195, 193, 192, 200, 216, 217, 89, 91, 75, 107, 105, 104, 120, 112, 113, 241, 245, 229, 101, 100, 68, 76], f=83, g=25
[00:00:12:07:535] Expansion 10300000: state [255, 223, 207, 199, 195, 193, 192, 200, 216, 217, 89, 91, 90, 122, 120, 104, 96, 97, 113, 241, 245, 213, 85, 69, 68, 70, 86, 118], f=83, g=27
[00:00:12:14:438] Expansion 10400000: state [255, 223, 207, 199, 195, 193, 192, 200, 216, 217, 249, 121, 105, 97, 101, 100, 116, 112, 80, 81, 85, 93, 77, 76, 78, 94, 90, 91, 75], f=83, g=28
[00:00:12:21:321] Expansion 10500000: state [255, 223, 207, 199, 195, 193, 192, 200, 216, 217, 249, 121, 105, 107, 99, 103, 102, 100, 116, 112, 80, 81, 85, 69, 77, 76, 92, 94, 90, 74, 66], f=83, g=30
[00:00:12:28:438] Expansion 10600000: state [255, 223, 207, 199, 195, 193, 192, 200, 216, 217, 249, 121, 113, 115, 99, 103, 101, 100, 116, 244, 245, 213, 85, 93, 77, 76, 78], f=83, g=26
[00:00:12:35:576] Expansion 10700000: state [255, 223, 207, 199, 195, 193, 192, 200, 216, 217, 249, 121, 120, 112, 116, 244, 212, 213, 85, 87, 86, 70, 68, 76, 77, 109, 101, 97, 99], f=83, g=28
[00:00:12:46:517] Expansion 10800000: state [255, 223, 207, 199, 195, 193, 192, 200, 216, 217, 249, 233, 105, 73, 77, 69, 68, 100, 102, 118, 86, 87, 83, 81, 80, 112, 120, 122, 90, 74, 78], f=83, g=30
[00:00:12:53:049] Expansion 10900000: state [255, 223, 207, 199, 195, 193, 192, 200, 216, 217, 249, 233, 105, 97, 96, 112, 116, 118, 86, 94, 78, 74, 75, 91, 83, 81, 85, 69], f=83, g=27
[00:00:12:59:582] Expansion 11000000: state [255, 223, 207, 199, 195, 193, 192, 200, 216, 217, 249, 233, 105, 104, 120, 112, 116, 118, 102, 103, 101, 229, 245, 213, 85, 93, 92, 94, 78, 74, 75, 91, 83], f=83, g=32
[00:00:13:06:109] Expansion 11100000: state [255, 223, 207, 199, 195, 193, 192, 200, 216, 217, 249, 233, 105, 109, 101, 103, 102, 70, 86, 94, 92, 93, 85, 81, 113, 112, 116, 244], f=83, g=27
[00:00:13:12:776] Expansion 11200000: state [255, 223, 207, 199, 195, 193, 192, 200, 216, 217, 249, 233, 105, 107, 99, 103, 102, 118, 86, 94, 90, 74, 66], f=83, g=22
[00:00:13:19:495] Expansion 11300000: state [255, 223, 207, 199, 195, 193, 192, 200, 216, 217, 249, 241, 113, 112, 96, 104, 105, 107, 99, 103, 102, 70, 68, 76, 77, 93, 85, 87], f=83, g=27
[00:00:13:26:298] Expansion 11400000: state [255, 223, 207, 199, 195, 193, 192, 200, 216, 217, 249, 241, 113, 115, 99, 107, 105, 73, 77, 76, 92, 124, 116, 118, 86, 87, 85, 213], f=83, g=27
[00:00:13:32:870] Expansion 11500000: state [255, 223, 207, 199, 195, 193, 192, 200, 216, 217, 249, 241, 245, 117, 116, 100, 102, 103, 99, 115, 83, 91, 90, 94, 86], f=83, g=24
[00:00:13:39:437] Expansion 11600000: state [255, 223, 207, 199, 195, 193, 192, 200, 216, 217, 249, 241, 245, 213, 85, 93, 92, 124, 120, 112, 96, 97, 105, 73, 75, 91, 90], f=83, g=26
[00:00:13:45:980] Expansion 11700000: state [255, 223, 207, 199, 195, 193, 192, 200, 216, 217, 249, 241, 245, 229, 101, 100, 96, 112, 120, 122, 90, 74, 75, 73, 77, 93, 85, 81], f=83, g=27
[00:00:13:52:477] Expansion 11800000: state [255, 223, 207, 199, 195, 193, 192, 200, 216, 217, 249, 241, 245, 244, 116, 112, 120, 104, 105, 107, 99, 115, 83, 91, 90, 74, 78, 76, 77, 93], f=83, g=29
[00:00:13:59:187] Expansion 11900000: state [255, 223, 207, 199, 195, 193, 192, 196, 68, 100, 96, 112, 113, 115, 83, 87, 86, 94, 90, 74, 75, 73, 89, 217, 216, 248], f=83, g=25
[00:00:14:06:312] Expansion 12000000: state [255, 223, 207, 199, 195, 193, 192, 196, 68, 100, 116, 244, 245, 213, 85, 93, 92, 220, 216, 248, 249, 121, 113, 97, 99, 107, 75, 74, 90, 122], f=83, g=29
[00:00:14:13:364] Expansion 12100000: state [255, 223, 207, 199, 195, 193, 192, 196, 68, 100, 116, 117, 85, 93, 92, 220, 216, 217, 249, 233, 105, 107, 99, 115, 83, 91, 90, 122, 120], f=83, g=28
[00:00:14:20:496] Expansion 12200000: state [255, 223, 207, 199, 195, 193, 192, 196, 68, 100, 102, 103, 99, 97, 113, 121, 89, 91, 90, 74, 66], f=83, g=20
[00:00:14:27:612] Expansion 12300000: state [255, 223, 207, 199, 195, 193, 192, 196, 68, 100, 101, 97, 99, 107, 75, 74, 72, 104, 120, 124, 92, 94, 86, 87, 83, 81, 89], f=83, g=26
[00:00:14:34:266] Expansion 12400000: state [255, 223, 207, 199, 195, 193, 192, 196, 68, 100, 101, 109, 105, 233, 249, 217, 216, 88, 92, 94, 86, 87, 85, 81], f=83, g=23
[00:00:14:41:117] Expansion 12500000: state [255, 223, 207, 199, 195, 193, 192, 196, 68, 84, 116, 244, 245, 241, 249, 248, 120, 122, 90, 91, 89, 93, 77, 109, 105, 107, 99, 103, 102], f=83, g=28
[00:00:14:48:084] Expansion 12600000: state [255, 223, 207, 199, 195, 193, 192, 196, 68, 84, 92, 93, 89, 217, 249, 248, 120, 122, 90, 74, 75, 107, 99, 97, 113, 117, 245], f=83, g=26
[00:00:14:55:078] Expansion 12700000: state [255, 223, 207, 199, 195, 193, 192, 196, 68, 84, 85, 213, 245, 241, 249, 217, 89, 73, 72, 104, 96, 97, 99, 115], f=83, g=23
[00:00:15:02:059] Expansion 12800000: state [255, 223, 207, 199, 195, 193, 192, 196, 68, 76, 72, 74, 90, 122, 120, 248, 216, 217, 89, 81, 85, 213, 245, 229, 101, 109, 105, 107, 99], f=83, g=28
[00:00:15:09:106] Expansion 12900000: state [255, 223, 207, 199, 195, 193, 192, 196, 68, 76, 92, 88, 120, 248, 249, 241, 245, 229, 101, 103, 99, 115, 83, 91, 75, 73], f=83, g=25
[00:00:15:16:077] Expansion 13000000: state [255, 223, 207, 199, 195, 193, 192, 196, 68, 76, 92, 94, 86, 118, 102, 103, 101, 97, 96, 112, 80, 81, 85, 213, 245], f=83, g=24
[00:00:15:24:356] Expansion 13100000: state [255, 223, 207, 199, 195, 193, 192, 196, 68, 76, 78, 74, 90, 88, 120, 124, 116, 118, 102, 103, 101, 229, 245, 241, 113, 81, 85], f=83, g=26
[00:00:15:31:298] Expansion 13200000: state [255, 223, 207, 199, 195, 193, 192, 196, 68, 76, 78, 74, 75, 91, 89, 88, 120, 104, 105, 97, 101, 229, 245, 244, 116, 118, 86, 87, 85], f=83, g=28
[00:00:15:38:315] Expansion 13300000: state [255, 223, 207, 199, 195, 193, 192, 196, 68, 76, 78, 94, 90, 91, 75, 107, 99, 97, 96, 112, 80, 81, 85, 117, 245, 241, 249, 217, 216, 220], f=83, g=29
[00:00:15:45:169] Expansion 13400000: state [255, 223, 207, 199, 195, 193, 192, 196, 68, 76, 77, 109, 101, 229, 245, 244, 116, 124, 120, 88, 80, 81, 83, 91, 75, 74], f=83, g=25
[00:00:15:52:032] Expansion 13500000: state [255, 223, 207, 199, 195, 193, 192, 196, 68, 76, 77, 93, 89, 88, 216, 248, 249, 241, 245, 244, 116, 112, 96, 104, 105, 107, 99, 115, 83], f=83, g=28
[00:00:15:59:040] Expansion 13600000: state [255, 223, 207, 199, 195, 193, 192, 196, 68, 70, 66, 74, 90, 94, 92, 220, 216, 217, 249, 241, 113, 112, 96, 104, 105, 107, 99, 103, 101], f=83, g=28
[00:00:16:06:104] Expansion 13700000: state [255, 223, 207, 199, 195, 193, 192, 196, 68, 70, 66, 74, 75, 91, 83, 81, 85, 93, 92, 124, 120, 112, 96], f=83, g=22
[00:00:16:13:163] Expansion 13800000: state [255, 223, 207, 199, 195, 193, 192, 196, 68, 70, 102, 118, 116, 244, 245, 241, 249, 233, 105, 104, 120, 122, 90, 91, 89, 93, 92, 220, 216], f=83, g=28
[00:00:16:20:315] Expansion 13900000: state [255, 223, 207, 199, 195, 193, 192, 196, 68, 70, 102, 103, 99, 115, 83, 81, 89, 93, 92, 124, 120, 104, 105, 233, 249, 241, 245, 244], f=83, g=27
[00:00:16:32:418] Expansion 14000000: state [255, 223, 207, 199, 195, 193, 192, 196, 68, 70, 102, 103, 101, 229, 245, 213, 85, 87, 83, 91, 75, 107, 105, 233, 249, 248, 216, 88, 80, 112], f=83, g=29
[00:00:16:39:264] Expansion 14100000: state [255, 223, 207, 199, 195, 193, 192, 196, 68, 70, 86, 118, 116, 112, 113, 241, 249, 217, 216, 88, 92, 93, 77, 73, 75, 74], f=83, g=25
[00:00:16:46:209] Expansion 14200000: state [255, 223, 207, 199, 195, 193, 192, 196, 68, 70, 86, 94, 90, 74, 72, 73, 77, 93, 85, 81, 83, 115, 99, 97, 101, 229, 245, 244, 116, 124, 120, 121, 249, 217, 216, 220], f=83, g=35
[00:00:16:53:299] Expansion 14300000: state [255, 223, 207, 199, 195, 193, 192, 196, 68, 70, 86, 94, 92, 124, 120, 104, 105, 233, 249, 217, 89, 81, 83, 115], f=83, g=23
[00:00:17:00:416] Expansion 14400000: state [255, 223, 207, 199, 195, 193, 192, 196, 68, 70, 86, 87, 83, 91, 90, 122, 120, 104, 105, 233, 249, 241, 113, 117, 116], f=83, g=24
[00:00:17:07:398] Expansion 14500000: state [255, 223, 207, 199, 195, 193, 192, 196, 68, 70, 78, 74, 72, 73, 105, 97, 99, 115, 83, 87, 85, 117, 245, 241, 249, 248], f=83, g=25
[00:00:17:14:367] Expansion 14600000: state [255, 223, 207, 199, 195, 193, 192, 196, 68, 70, 78, 74, 75, 107, 99, 97, 101, 109, 77, 93, 89, 88, 120, 104], f=83, g=23
[00:00:17:21:387] Expansion 14700000: state [255, 223, 207, 199, 195, 193, 192, 196, 68, 70, 78, 94, 90, 91, 89, 81, 85, 117, 101, 97, 96, 112, 120, 248, 249, 241], f=83, g=25
[00:00:17:28:355] Expansion 14800000: state [255, 223, 207, 199, 195, 193, 192, 196, 68, 69, 101, 97, 105, 233, 249, 248, 120, 88, 72, 74, 75, 91, 83, 87, 86, 118, 116, 244], f=83, g=27
[00:00:17:34:904] Expansion 14900000: state [255, 223, 207, 199, 195, 193, 192, 196, 68, 69, 101, 109, 105, 73, 89, 217, 216, 220, 92, 94, 86, 87, 83, 115, 113], f=83, g=24
[00:00:17:41:670] Expansion 15000000: state [255, 223, 207, 199, 195, 193, 192, 196, 68, 69, 85, 81, 80, 112, 116, 244, 245, 241, 249, 121, 105, 104, 72, 74, 90, 94, 86], f=83, g=26
[00:00:17:48:475] Expansion 15100000: state [255, 223, 207, 199, 195, 193, 192, 196, 68, 69, 85, 117, 116, 112, 96, 97, 99, 107, 75, 73], f=83, g=19
[00:00:17:55:424] Expansion 15200000: state [255, 223, 207, 199, 195, 193, 192, 196, 68, 69, 85, 87, 86, 94, 90, 91, 75, 107, 99, 115, 113, 241, 249, 248, 216], f=83, g=24
[00:00:18:02:241] Expansion 15300000: state [255, 223, 207, 199, 195, 193, 192, 196, 68, 69, 77, 109, 105, 107, 75, 74, 78, 94, 86, 118, 116, 117, 113, 241, 249, 248, 216], f=83, g=26
[00:00:18:09:082] Expansion 15400000: state [255, 223, 207, 199, 195, 193, 192, 196, 212, 84, 80, 112, 120, 121, 249, 241, 245, 229, 101, 103, 102, 70, 78, 76, 77, 73, 75], f=83, g=26
[00:00:18:15:972] Expansion 15500000: state [255, 223, 207, 199, 195, 193, 192, 196, 212, 84, 116, 100, 102, 70, 78, 74, 72, 73, 105, 121, 249, 248, 216], f=83, g=22
[00:00:18:23:081] Expansion 15600000: state [255, 223, 207, 199, 195, 193, 192, 196, 212, 84, 116, 124, 120, 104, 72, 76, 77, 109, 101, 229, 245, 241, 113, 115, 83, 91, 75], f=83, g=26
