--------------------------
date: cubes
number_of_graphs: 1
graph_type: cube
size_of_graphs: [8, 8]
heuristic: heuristic0
snake: True
run_uni: True
run_bi: False
run_multi: False
cube_first_dims: 8
cube_buffer_dim: 6
backward_sym_generation: False

---------- cubes/8d_cube ----------
[00:00:00:06:849] Expansion 100000: state [255, 223, 207, 199, 195, 193, 225, 97, 96, 98, 102, 70, 68, 76, 92, 93, 85, 87, 83, 91, 75, 74], f=83, g=21
[00:00:00:13:903] Expansion 200000: state [255, 223, 207, 199, 195, 193, 225, 97, 113, 121, 89, 88, 90, 218, 210, 242, 114, 98, 102, 70], f=83, g=19
[00:00:00:20:929] Expansion 300000: state [255, 223, 207, 199, 195, 193, 225, 97, 105, 73, 72, 76, 68, 69, 85, 81, 83, 115, 114, 122, 90], f=83, g=20
[00:00:00:27:584] Expansion 400000: state [255, 223, 207, 199, 195, 193, 225, 97, 105, 121, 249, 217, 216, 88, 72, 76, 78, 70, 86, 87, 83, 81], f=83, g=21
[00:00:00:34:394] Expansion 500000: state [255, 223, 207, 199, 195, 193, 225, 97, 105, 107, 75, 91, 89, 93, 85, 69, 68, 76, 78, 110, 102, 118, 114, 112, 80], f=83, g=24
[00:00:00:41:250] Expansion 600000: state [255, 223, 207, 199, 195, 193, 225, 97, 101, 69, 77, 93, 89, 121, 120, 112, 114, 98, 66, 74, 90, 94, 86], f=83, g=22
[00:00:00:48:225] Expansion 700000: state [255, 223, 207, 199, 195, 193, 225, 97, 101, 109, 77, 76, 78, 70, 102, 118, 114, 112, 80, 88, 216, 217, 249, 121], f=83, g=23
[00:00:00:55:471] Expansion 800000: state [255, 223, 207, 199, 195, 193, 225, 97, 99, 98, 66, 70, 68, 69, 85, 81, 83, 91, 75, 73, 72, 88, 216, 218], f=83, g=23
[00:00:01:02:195] Expansion 900000: state [255, 223, 207, 199, 195, 193, 225, 97, 99, 115, 114, 118, 102, 70, 78, 74, 75, 73, 89, 121, 120], f=83, g=20
[00:00:01:08:838] Expansion 1000000: state [255, 223, 207, 199, 195, 193, 225, 97, 99, 103, 102, 118, 114, 82, 66, 74, 78, 76, 77, 73, 89, 81, 85, 117], f=83, g=23
[00:00:01:15:915] Expansion 1100000: state [255, 223, 207, 199, 195, 193, 225, 241, 113, 81, 85, 69, 77, 109, 105, 107, 99, 103, 102, 118, 86, 82, 66, 74, 72, 88, 92], f=83, g=26
[00:00:01:23:034] Expansion 1200000: state [255, 223, 207, 199, 195, 193, 225, 241, 113, 112, 96, 98, 102, 70, 86, 82, 90, 91, 89, 73, 72, 76], f=83, g=21
[00:00:01:29:876] Expansion 1300000: state [255, 223, 207, 199, 195, 193, 225, 241, 113, 112, 114, 82, 83, 87, 85, 69, 101, 103, 102, 70, 78, 74, 72, 88, 216, 218], f=83, g=25
[00:00:01:37:348] Expansion 1400000: state [255, 223, 207, 199, 195, 193, 225, 241, 113, 121, 105, 73, 75, 91, 83, 82, 86, 118, 102, 110, 78, 76, 92], f=83, g=22
[00:00:01:44:208] Expansion 1500000: state [255, 223, 207, 199, 195, 193, 225, 241, 113, 117, 85, 69, 77, 73, 75, 107, 99, 98, 102, 70, 86, 82, 90, 88, 216, 217], f=83, g=25
[00:00:01:51:028] Expansion 1600000: state [255, 223, 207, 199, 195, 193, 225, 241, 113, 117, 101, 109, 105, 73, 89, 93, 92, 76, 78, 110, 102, 118, 86, 82, 90, 218], f=83, g=25
[00:00:01:58:500] Expansion 1700000: state [255, 223, 207, 199, 195, 193, 225, 241, 113, 115, 99, 103, 102, 70, 66, 82, 90, 91, 89, 93, 77], f=83, g=20
[00:00:02:05:483] Expansion 1800000: state [255, 223, 207, 199, 195, 193, 225, 241, 249, 121, 89, 88, 90, 74, 78, 70, 102, 103, 101, 117, 85, 87], f=83, g=21
[00:00:02:12:298] Expansion 1900000: state [255, 223, 207, 199, 195, 193, 225, 241, 249, 121, 105, 109, 77, 69, 68, 70, 66, 98, 114, 242, 210, 218, 216, 88, 92, 94], f=83, g=25
[00:00:02:19:117] Expansion 2000000: state [255, 223, 207, 199, 195, 193, 225, 241, 249, 121, 105, 107, 99, 98, 114, 118, 86, 70, 78, 76, 77, 69, 85, 81, 83, 91, 90, 88, 216], f=83, g=28
[00:00:02:25:881] Expansion 2100000: state [255, 223, 207, 199, 195, 193, 225, 241, 249, 121, 120, 112, 96, 98, 66, 74, 78, 76, 68, 69, 101], f=83, g=20
[00:00:02:33:260] Expansion 2200000: state [255, 223, 207, 199, 195, 193, 225, 241, 249, 217, 89, 73, 72, 76, 78, 94, 86, 82, 66, 98, 99, 115], f=83, g=21
[00:00:02:40:212] Expansion 2300000: state [255, 223, 207, 199, 195, 193, 225, 241, 249, 217, 89, 88, 92, 76, 78, 74, 66, 98, 102, 118, 86, 87, 85, 117, 101, 109], f=83, g=25
[00:00:02:46:967] Expansion 2400000: state [255, 223, 207, 199, 195, 193, 225, 241, 249, 217, 216, 88, 80, 81, 85, 69, 68, 70, 102, 103, 99, 115, 114, 122], f=83, g=23
[00:00:02:53:722] Expansion 2500000: state [255, 223, 207, 199, 195, 193, 225, 241, 249, 217, 216, 218, 90, 74, 75, 107, 105, 109, 101, 117, 85, 87, 86, 118, 102, 98, 96, 112, 120, 124, 92, 76, 68], f=83, g=32
[00:00:03:00:834] Expansion 2600000: state [255, 223, 207, 199, 195, 193, 225, 241, 249, 217, 216, 218, 210, 242, 114, 118, 86, 87, 85, 117, 101, 109, 77, 76, 78, 74, 75, 91], f=83, g=27
[00:00:03:08:213] Expansion 2700000: state [255, 223, 207, 199, 195, 193, 225, 241, 243, 115, 83, 87, 85, 93, 77, 109, 105, 107, 75, 74, 78, 70, 102, 98, 96, 112, 120, 88, 216, 217], f=83, g=29
[00:00:03:14:748] Expansion 2800000: state [255, 223, 207, 199, 195, 193, 225, 241, 243, 115, 99, 107, 105, 73, 77, 76, 92, 88, 216, 218, 210, 82, 86], f=83, g=22
[00:00:03:21:796] Expansion 2900000: state [255, 223, 207, 199, 195, 193, 225, 241, 243, 115, 114, 98, 66, 74, 78, 76, 68, 69, 85, 81, 89], f=83, g=20
[00:00:03:28:679] Expansion 3000000: state [255, 223, 207, 199, 195, 193, 225, 241, 243, 242, 114, 82, 80, 81, 89, 73, 105, 107, 99, 103, 101, 69, 68, 76, 92, 124], f=83, g=25
[00:00:03:35:546] Expansion 3100000: state [255, 223, 207, 199, 195, 193, 225, 241, 243, 242, 114, 112, 80, 88, 89, 93, 77, 69, 101, 103, 102, 70, 86, 87], f=83, g=23
[00:00:03:42:807] Expansion 3200000: state [255, 223, 207, 199, 195, 193, 225, 241, 243, 242, 114, 118, 102, 70, 66, 74, 75, 107, 105, 109, 77, 93, 89, 88, 216], f=83, g=24
[00:00:03:50:370] Expansion 3300000: state [255, 223, 207, 199, 195, 193, 225, 241, 243, 242, 210, 82, 83, 81, 85, 69, 101, 109, 105, 73, 72, 76, 92, 124, 120, 112, 96, 98, 102, 70], f=83, g=29
[00:00:03:57:254] Expansion 3400000: state [255, 223, 207, 199, 195, 193, 225, 241, 243, 242, 210, 218, 216, 88, 80, 81, 85, 87, 86, 94, 78, 74, 75, 107, 99, 98, 102], f=83, g=26
[00:00:04:04:306] Expansion 3500000: state [255, 223, 207, 199, 195, 193, 209, 81, 80, 88, 120, 121, 105, 109, 101, 69, 68, 76, 78, 110, 102, 118, 114, 115, 99], f=83, g=24
[00:00:04:11:283] Expansion 3600000: state [255, 223, 207, 199, 195, 193, 209, 81, 113, 112, 120, 124, 92, 76, 68, 70, 66, 82, 210, 242], f=83, g=19
[00:00:04:18:065] Expansion 3700000: state [255, 223, 207, 199, 195, 193, 209, 81, 113, 115, 99, 98, 66, 74, 78, 76, 92], f=83, g=16
[00:00:04:25:107] Expansion 3800000: state [255, 223, 207, 199, 195, 193, 209, 81, 89, 121, 105, 97, 101, 103, 102, 70, 66, 74, 90, 218, 210, 242, 114], f=83, g=22
[00:00:04:31:825] Expansion 3900000: state [255, 223, 207, 199, 195, 193, 209, 81, 85, 69, 68, 70, 102, 98, 114, 122, 120, 121, 105, 73, 75, 91], f=83, g=21
[00:00:04:38:543] Expansion 4000000: state [255, 223, 207, 199, 195, 193, 209, 81, 85, 117, 101, 97, 96, 112, 114, 118, 86, 94, 90], f=83, g=18
[00:00:04:46:656] Expansion 4100000: state [255, 223, 207, 199, 195, 193, 209, 81, 85, 93, 77, 76, 78, 74, 75, 107, 99, 98, 96, 112, 120, 124], f=83, g=21
[00:00:04:53:383] Expansion 4200000: state [255, 223, 207, 199, 195, 193, 209, 81, 85, 87, 86, 94, 78, 74, 72, 73, 105, 109, 101, 103, 99, 98, 114, 112, 120], f=83, g=24
[00:00:05:00:233] Expansion 4300000: state [255, 223, 207, 199, 195, 193, 209, 81, 83, 115, 243, 242, 210, 218, 90, 122, 120, 112, 96, 97, 101, 109, 77, 93], f=83, g=23
[00:00:05:07:204] Expansion 4400000: state [255, 223, 207, 199, 195, 193, 209, 81, 83, 87, 86, 118, 114, 112, 96, 97, 105, 73, 75, 74, 78, 76, 68], f=83, g=22
[00:00:05:13:974] Expansion 4500000: state [255, 223, 207, 199, 195, 193, 209, 241, 113, 97, 101, 109, 77, 73, 75, 74, 78, 110, 102, 98, 114, 82, 80], f=83, g=22
[00:00:05:20:898] Expansion 4600000: state [255, 223, 207, 199, 195, 193, 209, 241, 113, 112, 96, 98, 102, 70, 78, 76, 72, 73, 75, 91, 83, 87, 85, 69, 101, 109], f=83, g=25
[00:00:05:28:083] Expansion 4700000: state [255, 223, 207, 199, 195, 193, 209, 241, 113, 112, 114, 98, 99, 103, 101, 109, 77, 73, 75, 74, 90, 218], f=83, g=21
[00:00:05:34:886] Expansion 4800000: state [255, 223, 207, 199, 195, 193, 209, 241, 113, 121, 105, 107, 99, 98, 102, 70, 68, 69, 85, 93, 92, 88, 90, 91], f=83, g=23
[00:00:05:41:839] Expansion 4900000: state [255, 223, 207, 199, 195, 193, 209, 241, 113, 117, 85, 87, 83, 91, 89, 88, 120, 122, 114, 98, 99, 107, 105], f=83, g=22
[00:00:05:49:007] Expansion 5000000: state [255, 223, 207, 199, 195, 193, 209, 241, 113, 115, 83, 87, 85, 93, 92, 94, 78, 74, 66, 98, 102, 103, 101], f=83, g=22
[00:00:05:57:141] Expansion 5100000: state [255, 223, 207, 199, 195, 193, 209, 241, 249, 121, 89, 73, 75, 74, 90, 94, 92, 76, 68, 70, 102, 98, 99, 97, 101, 117], f=83, g=25
[00:00:06:03:869] Expansion 5200000: state [255, 223, 207, 199, 195, 193, 209, 241, 249, 121, 105, 73, 77, 69, 68, 70, 102, 103, 99, 115, 114, 122, 90, 94], f=83, g=23
[00:00:06:10:715] Expansion 5300000: state [255, 223, 207, 199, 195, 193, 209, 241, 249, 121, 105, 109, 101, 69, 68, 76, 78, 74, 90, 88, 80, 112, 114, 118, 102], f=83, g=24
[00:00:06:17:427] Expansion 5400000: state [255, 223, 207, 199, 195, 193, 209, 241, 249, 121, 120, 88, 92, 76, 77, 73, 75, 107, 99, 115, 114, 82, 86, 87, 85, 117], f=83, g=25
[00:00:06:24:314] Expansion 5500000: state [255, 223, 207, 199, 195, 193, 209, 241, 249, 121, 120, 124, 92, 94, 78, 70, 102, 118, 114, 82, 83, 87, 85, 69, 101, 97, 99], f=83, g=26
[00:00:06:31:393] Expansion 5600000: state [255, 223, 207, 199, 195, 193, 209, 241, 243, 115, 83, 91, 75, 74, 78, 94, 92, 124, 120, 121, 105, 109, 101, 103], f=83, g=23
[00:00:06:38:165] Expansion 5700000: state [255, 223, 207, 199, 195, 193, 209, 241, 243, 115, 99, 97, 101, 109, 77, 73, 72, 88, 216, 218, 210, 82, 66, 70, 102, 118], f=83, g=25
[00:00:06:44:746] Expansion 5800000: state [255, 223, 207, 199, 195, 193, 209, 241, 243, 115, 114, 82, 66, 70, 102, 103, 101, 117, 85, 93, 89, 73, 105, 107], f=83, g=23
[00:00:06:51:783] Expansion 5900000: state [255, 223, 207, 199, 195, 193, 209, 241, 243, 115, 114, 118, 86, 87, 85, 69, 101, 97, 105, 121, 89, 91, 75, 74, 78, 110], f=83, g=25
[00:00:06:58:746] Expansion 6000000: state [255, 223, 207, 199, 195, 193, 209, 241, 243, 242, 114, 98, 99, 97, 101, 69, 68, 70, 78, 74, 75, 73, 89, 93], f=83, g=23
[00:00:07:05:731] Expansion 6100000: state [255, 223, 207, 199, 195, 193, 209, 241, 243, 242, 114, 122, 120, 121, 89, 73, 72, 74, 78, 94, 86], f=83, g=20
[00:00:07:12:738] Expansion 6200000: state [255, 223, 207, 199, 195, 193, 209, 241, 243, 242, 210, 82, 90, 94, 92, 93, 77, 73, 75, 107, 99, 103, 101, 117], f=83, g=23
[00:00:07:19:411] Expansion 6300000: state [255, 223, 207, 199, 195, 193, 209, 241, 243, 242, 210, 218, 90, 122, 120, 112, 96, 97, 101, 109, 77, 76, 68, 70, 86, 87], f=83, g=25
[00:00:07:26:274] Expansion 6400000: state [255, 223, 207, 199, 195, 193, 209, 217, 89, 73, 72, 74, 78, 70, 68, 69, 101, 97, 96, 98, 114, 118], f=83, g=21
[00:00:07:33:042] Expansion 6500000: state [255, 223, 207, 199, 195, 193, 209, 217, 89, 73, 75, 74, 78, 76, 92, 124, 120, 112, 113, 97, 101, 69, 85, 87, 86, 82], f=83, g=25
[00:00:07:41:629] Expansion 6600000: state [255, 223, 207, 199, 195, 193, 209, 217, 89, 88, 90, 74, 78, 110, 102, 118, 114, 112, 96, 97, 99, 107], f=83, g=21
[00:00:07:48:604] Expansion 6700000: state [255, 223, 207, 199, 195, 193, 209, 217, 89, 121, 120, 124, 92, 76, 72, 74, 75, 107, 99, 98, 102, 70, 86, 87, 85, 117], f=83, g=25
[00:00:07:55:453] Expansion 6800000: state [255, 223, 207, 199, 195, 193, 209, 217, 89, 93, 92, 76, 78, 70, 86, 82, 80, 112, 96, 98, 99, 107, 105, 109, 101, 69], f=83, g=25
[00:00:08:02:230] Expansion 6900000: state [255, 223, 207, 199, 195, 193, 209, 217, 89, 91, 90, 218, 210, 242, 114, 98, 99, 107, 105, 109, 101, 69, 68, 76, 92], f=83, g=24
[00:00:08:09:182] Expansion 7000000: state [255, 223, 207, 199, 195, 193, 209, 217, 216, 88, 80, 112, 113, 115, 99, 98, 66, 74, 78, 76, 77, 93, 85, 87, 86, 118], f=83, g=25
[00:00:08:16:128] Expansion 7100000: state [255, 223, 207, 199, 195, 193, 209, 217, 216, 88, 120, 121, 113, 97, 99, 103, 102, 118, 114, 82, 66, 74, 75, 73, 77, 69], f=83, g=25
[00:00:08:23:114] Expansion 7200000: state [255, 223, 207, 199, 195, 193, 209, 217, 216, 88, 90, 74, 66, 70, 68, 69, 85, 117, 113], f=83, g=18
[00:00:08:30:107] Expansion 7300000: state [255, 223, 207, 199, 195, 193, 209, 217, 216, 218, 90, 74, 78, 76, 68, 69, 101, 103, 99, 107, 105, 121, 120, 112, 80], f=83, g=24
[00:00:08:37:110] Expansion 7400000: state [255, 223, 207, 199, 195, 193, 209, 217, 216, 218, 90, 94, 78, 110, 102, 98, 114, 115, 113, 121, 105, 73, 77, 69, 85, 87], f=83, g=25
[00:00:08:43:944] Expansion 7500000: state [255, 223, 207, 199, 195, 193, 209, 217, 216, 218, 210, 82, 114, 98, 99, 107, 105, 73, 77, 93, 92, 124], f=83, g=21
[00:00:08:50:788] Expansion 7600000: state [255, 223, 207, 199, 195, 193, 209, 217, 216, 218, 210, 242, 114, 112, 120, 124, 92, 93, 85, 87, 86, 70, 66, 74], f=83, g=23
[00:00:08:58:251] Expansion 7700000: state [255, 223, 207, 199, 195, 193, 209, 217, 249, 121, 105, 73, 72, 76, 68, 70, 86, 82, 80, 112, 96, 98, 99, 103, 101, 117], f=83, g=25
[00:00:09:05:030] Expansion 7800000: state [255, 223, 207, 199, 195, 193, 209, 217, 249, 121, 105, 109, 77, 93, 85, 87, 83, 82, 114, 98, 102, 103], f=83, g=21
[00:00:09:11:806] Expansion 7900000: state [255, 223, 207, 199, 195, 193, 209, 217, 249, 121, 113, 97, 99, 98, 102, 70, 78, 74, 90, 82, 83, 87, 85, 93, 92, 124], f=83, g=25
[00:00:09:18:843] Expansion 8000000: state [255, 223, 207, 199, 195, 193, 209, 217, 249, 121, 113, 115, 99, 98, 102, 70, 78, 76, 72, 88, 90], f=83, g=20
[00:00:09:25:873] Expansion 8100000: state [255, 223, 207, 199, 195, 193, 209, 217, 249, 121, 120, 112, 96, 98, 99, 115, 83, 91, 75, 74, 78, 70, 68, 69, 85, 93], f=83, g=25
[00:00:09:32:708] Expansion 8200000: state [255, 223, 207, 199, 195, 193, 209, 217, 249, 121, 120, 122, 90, 91, 75, 107, 99, 98, 66, 70, 68, 76, 77, 109], f=83, g=23
[00:00:09:41:521] Expansion 8300000: state [255, 223, 207, 199, 195, 193, 201, 73, 72, 76, 92, 94, 86, 87, 85, 69, 101, 97, 113, 112, 114, 98], f=83, g=21
[00:00:09:48:378] Expansion 8400000: state [255, 223, 207, 199, 195, 193, 201, 73, 72, 74, 78, 94, 92, 93, 85, 117, 101, 103, 99, 115, 243, 241, 249, 121, 120, 112, 80, 82], f=83, g=27
[00:00:09:55:155] Expansion 8500000: state [255, 223, 207, 199, 195, 193, 201, 73, 105, 121, 113, 112, 114, 82, 86, 94, 92, 93, 85, 69, 101], f=83, g=20
[00:00:10:01:773] Expansion 8600000: state [255, 223, 207, 199, 195, 193, 201, 73, 105, 109, 101, 69, 68, 70, 78, 94, 90, 91, 83, 81, 80, 112, 114, 242, 243, 241], f=83, g=25
[00:00:10:08:498] Expansion 8700000: state [255, 223, 207, 199, 195, 193, 201, 73, 105, 107, 99, 98, 102, 110, 78, 76, 92, 93, 85, 81, 113, 241, 243, 242, 210, 218, 90, 122, 120], f=83, g=28
[00:00:10:15:382] Expansion 8800000: state [255, 223, 207, 199, 195, 193, 201, 73, 89, 88, 92, 76, 78, 70, 102, 103, 101, 117, 113, 241, 243, 242, 210, 82], f=83, g=23
[00:00:10:22:117] Expansion 8900000: state [255, 223, 207, 199, 195, 193, 201, 73, 89, 93, 92, 94, 78, 110, 102, 98, 96, 97, 101, 69], f=83, g=19
[00:00:10:28:996] Expansion 9000000: state [255, 223, 207, 199, 195, 193, 201, 73, 77, 69, 85, 81, 83, 91, 90, 88, 120, 121], f=83, g=17
[00:00:10:36:014] Expansion 9100000: state [255, 223, 207, 199, 195, 193, 201, 73, 77, 76, 78, 110, 102, 103, 99, 115, 114, 82, 66], f=83, g=18
[00:00:10:42:754] Expansion 9200000: state [255, 223, 207, 199, 195, 193, 201, 73, 77, 93, 85, 87, 86, 70, 78, 74, 90, 122, 120, 112, 96, 98, 99, 115, 243, 241, 249], f=83, g=26
[00:00:10:49:743] Expansion 9300000: state [255, 223, 207, 199, 195, 193, 201, 73, 75, 74, 78, 70, 68, 69, 85, 93, 92, 124, 120, 121, 113, 97, 99], f=83, g=22
[00:00:10:56:812] Expansion 9400000: state [255, 223, 207, 199, 195, 193, 201, 73, 75, 107, 99, 98, 102, 70, 68, 69, 85, 87, 83, 82, 90, 88, 120, 112], f=83, g=23
[00:00:11:03:533] Expansion 9500000: state [255, 223, 207, 199, 195, 193, 201, 73, 75, 91, 83, 87, 86, 118, 114, 112, 120, 88, 92, 76, 68, 69], f=83, g=21
[00:00:11:10:443] Expansion 9600000: state [255, 223, 207, 199, 195, 193, 201, 217, 89, 81, 113, 115, 99, 98, 102, 118, 86, 94, 78, 76, 77, 69], f=83, g=21
[00:00:11:17:416] Expansion 9700000: state [255, 223, 207, 199, 195, 193, 201, 217, 89, 88, 72, 74, 78, 94, 86, 118, 102, 98, 99, 107, 105, 109, 101, 117, 113, 241, 243], f=83, g=26
[00:00:11:24:317] Expansion 9800000: state [255, 223, 207, 199, 195, 193, 201, 217, 89, 88, 90, 94, 78, 76, 77, 109, 101, 117, 113, 115, 114], f=83, g=20
[00:00:11:31:202] Expansion 9900000: state [255, 223, 207, 199, 195, 193, 201, 217, 89, 121, 120, 124, 92, 94, 90, 82, 114, 118, 102, 103, 101, 69, 77], f=83, g=22
[00:00:11:38:313] Expansion 10000000: state [255, 223, 207, 199, 195, 193, 201, 217, 89, 93, 92, 76, 68, 70, 86, 82, 90, 122, 120, 112, 113, 97, 101], f=83, g=22
[00:00:11:45:071] Expansion 10100000: state [255, 223, 207, 199, 195, 193, 201, 217, 89, 91, 83, 87, 85, 69, 101, 97, 99, 98, 66, 70, 78], f=83, g=20
[00:00:11:52:079] Expansion 10200000: state [255, 223, 207, 199, 195, 193, 201, 217, 216, 88, 72, 74, 66, 70, 86, 87, 83, 115, 99, 107, 105, 109, 101, 117], f=83, g=23
[00:00:11:59:144] Expansion 10300000: state [255, 223, 207, 199, 195, 193, 201, 217, 216, 88, 120, 112, 113, 81, 83, 82, 66, 98, 99, 107, 105, 109], f=83, g=21
[00:00:12:06:051] Expansion 10400000: state [255, 223, 207, 199, 195, 193, 201, 217, 216, 88, 92, 76, 77, 69, 85, 81, 113, 112, 114, 82, 66, 70, 102], f=83, g=22
[00:00:12:13:122] Expansion 10500000: state [255, 223, 207, 199, 195, 193, 201, 217, 216, 88, 90, 82, 114, 118, 102, 70, 78, 76, 77, 93, 85, 117, 113, 241, 243], f=83, g=24
[00:00:12:20:229] Expansion 10600000: state [255, 223, 207, 199, 195, 193, 201, 217, 216, 218, 90, 74, 78, 110, 102, 118, 114, 112, 96, 97, 101, 109], f=83, g=21
[00:00:12:27:065] Expansion 10700000: state [255, 223, 207, 199, 195, 193, 201, 217, 216, 218, 90, 94, 86, 118, 114, 112, 96, 97, 105, 107], f=83, g=19
[00:00:12:36:917] Expansion 10800000: state [255, 223, 207, 199, 195, 193, 201, 217, 216, 218, 210, 82, 114, 118, 102, 70, 78, 76, 77, 69, 85, 81, 113, 121, 105, 107, 99], f=83, g=26
[00:00:12:43:936] Expansion 10900000: state [255, 223, 207, 199, 195, 193, 201, 217, 216, 218, 210, 242, 114, 122, 120, 121, 113, 117, 85, 69, 77], f=83, g=20
[00:00:12:50:761] Expansion 11000000: state [255, 223, 207, 199, 195, 193, 201, 217, 249, 121, 105, 97, 96, 98, 114, 115, 83, 91, 90, 88, 72, 76, 68, 69, 85, 93], f=83, g=25
[00:00:12:57:476] Expansion 11100000: state [255, 223, 207, 199, 195, 193, 201, 217, 249, 121, 105, 109, 101, 69, 85, 87, 83, 115, 99, 98, 66, 70, 78, 76, 92, 88, 90], f=83, g=26
[00:00:13:04:351] Expansion 11200000: state [255, 223, 207, 199, 195, 193, 201, 217, 249, 121, 113, 81, 85, 87, 86, 82, 90, 88, 72, 76], f=83, g=19
[00:00:13:11:495] Expansion 11300000: state [255, 223, 207, 199, 195, 193, 201, 217, 249, 121, 113, 115, 99, 103, 102, 70, 86], f=83, g=16
[00:00:13:18:370] Expansion 11400000: state [255, 223, 207, 199, 195, 193, 201, 217, 249, 121, 120, 112, 96, 97, 101, 69, 85, 81, 83, 115], f=83, g=19
[00:00:13:25:441] Expansion 11500000: state [255, 223, 207, 199, 195, 193, 201, 217, 249, 241, 113, 81, 80, 88, 72, 74, 66, 98, 114, 118, 86], f=83, g=20
[00:00:13:32:534] Expansion 11600000: state [255, 223, 207, 199, 195, 193, 201, 217, 249, 241, 113, 97, 99, 103, 102, 110, 78, 94, 90, 82, 83], f=83, g=20
[00:00:13:39:552] Expansion 11700000: state [255, 223, 207, 199, 195, 193, 201, 217, 249, 241, 113, 117, 101, 103, 99, 107, 75, 91, 83, 87, 86, 70, 78, 76, 72, 88, 120, 124], f=83, g=27
[00:00:13:46:531] Expansion 11800000: state [255, 223, 207, 199, 195, 193, 201, 217, 249, 241, 243, 115, 99, 98, 102, 70, 78, 76, 72, 88, 120, 124], f=83, g=21
[00:00:13:53:613] Expansion 11900000: state [255, 223, 207, 199, 195, 193, 201, 217, 249, 241, 243, 242, 114, 112, 80, 81, 85, 93, 77, 109, 101, 97, 99, 107, 75, 74, 90, 94, 86, 70, 102, 110], f=83, g=31
[00:00:14:00:574] Expansion 12000000: state [255, 223, 207, 199, 195, 193, 201, 217, 249, 241, 243, 242, 210, 218, 90, 74, 75, 107, 99, 98, 102, 70, 68, 69, 85, 81, 80, 112, 120, 124], f=83, g=29
[00:00:14:07:622] Expansion 12100000: state [255, 223, 207, 199, 195, 194, 66, 98, 96, 97, 101, 69, 77, 76, 72, 88, 90, 94, 86, 87, 83, 115, 243, 241, 249], f=83, g=24
[00:00:14:14:728] Expansion 12200000: state [255, 223, 207, 199, 195, 194, 66, 98, 114, 122, 90, 94, 92, 76, 77, 69, 85, 81, 209, 241, 225, 97], f=83, g=21
[00:00:14:21:694] Expansion 12300000: state [255, 223, 207, 199, 195, 194, 66, 98, 114, 115, 243, 241, 225, 97, 105, 121, 120, 124, 92, 76, 77, 69], f=83, g=21
[00:00:14:28:872] Expansion 12400000: state [255, 223, 207, 199, 195, 194, 66, 98, 102, 110, 78, 76, 92, 124, 120, 122, 90, 218, 216, 217, 249, 241, 243, 115, 83, 81, 85, 69, 101, 97, 105, 107, 75], f=83, g=32
[00:00:14:36:035] Expansion 12500000: state [255, 223, 207, 199, 195, 194, 66, 98, 102, 103, 101, 117, 113, 112, 120, 88, 72, 76, 78], f=83, g=18
[00:00:14:42:792] Expansion 12600000: state [255, 223, 207, 199, 195, 194, 66, 98, 99, 107, 75, 73, 77, 109, 101, 117, 113, 121, 120, 122, 90, 94, 92], f=83, g=22
[00:00:14:49:676] Expansion 12700000: state [255, 223, 207, 199, 195, 194, 66, 82, 114, 112, 96, 97, 105, 109, 77, 93, 89, 88], f=83, g=17
[00:00:14:56:864] Expansion 12800000: state [255, 223, 207, 199, 195, 194, 66, 82, 114, 115, 243, 241, 249, 121, 105, 109, 77, 93, 92, 94], f=83, g=19
[00:00:15:03:798] Expansion 12900000: state [255, 223, 207, 199, 195, 194, 66, 82, 86, 118, 102, 103, 99, 97, 225, 241, 249, 217, 201, 73, 77, 76, 68], f=83, g=22
[00:00:15:10:815] Expansion 13000000: state [255, 223, 207, 199, 195, 194, 66, 82, 83, 81, 85, 93, 92, 94, 78, 110, 102, 118], f=83, g=17
[00:00:15:21:083] Expansion 13100000: state [255, 223, 207, 199, 195, 194, 66, 74, 72, 76, 92, 93, 85, 69, 101, 103, 99, 115, 114, 112, 120, 121, 249, 217, 209], f=83, g=24
[00:00:15:28:023] Expansion 13200000: state [255, 223, 207, 199, 195, 194, 66, 74, 90, 218, 216, 217, 89, 73, 77, 109, 101, 117, 113, 115, 114, 118, 102, 110], f=83, g=23
[00:00:15:34:759] Expansion 13300000: state [255, 223, 207, 199, 195, 194, 66, 74, 90, 94, 92, 124, 120, 112, 113, 241, 209, 217, 201, 73, 105, 107, 99, 103, 101, 69, 85], f=83, g=26
[00:00:15:41:702] Expansion 13400000: state [255, 223, 207, 199, 195, 194, 66, 74, 78, 76, 77, 73, 201, 217, 249, 121, 120, 122, 114, 115, 99, 97, 96], f=83, g=22
[00:00:15:48:762] Expansion 13500000: state [255, 223, 207, 199, 195, 194, 66, 74, 78, 94, 86, 118, 114, 122, 120, 88, 89, 81, 209, 241, 225, 97, 96], f=83, g=22
[00:00:15:55:501] Expansion 13600000: state [255, 223, 207, 199, 195, 194, 66, 74, 75, 73, 105, 109, 101, 69, 85, 93, 92, 88, 120, 112, 114, 115, 243, 241, 209], f=83, g=24
[00:00:16:02:488] Expansion 13700000: state [255, 223, 207, 199, 195, 194, 66, 74, 75, 107, 105, 109, 77, 93, 92, 88, 120, 112, 114, 242, 243, 241, 209, 81], f=83, g=23
[00:00:16:09:489] Expansion 13800000: state [255, 223, 207, 199, 195, 194, 66, 70, 68, 76, 92, 94, 90, 91, 75, 107, 99], f=83, g=16
[00:00:16:16:492] Expansion 13900000: state [255, 223, 207, 199, 195, 194, 66, 70, 68, 69, 85, 93, 92, 94, 90, 122, 114, 112, 113, 241, 249, 217, 201, 73, 105, 107, 99, 103], f=83, g=27
[00:00:16:23:659] Expansion 14000000: state [255, 223, 207, 199, 195, 194, 66, 70, 102, 118, 114, 122, 120, 124, 92, 76, 72, 73, 75, 107, 99, 97, 101, 69, 85, 81, 209, 217, 216], f=83, g=28
[00:00:16:30:666] Expansion 14100000: state [255, 223, 207, 199, 195, 194, 66, 70, 102, 103, 101, 69, 85, 93, 92, 124, 120, 121, 249, 217, 201, 73, 75, 107], f=83, g=23
[00:00:16:37:550] Expansion 14200000: state [255, 223, 207, 199, 195, 194, 66, 70, 86, 118, 114, 242, 243, 241, 113, 117, 101, 69, 77, 76, 72, 88, 89, 91, 83], f=83, g=24
[00:00:16:44:736] Expansion 14300000: state [255, 223, 207, 199, 195, 194, 66, 70, 86, 94, 90, 91, 83, 81, 85, 93, 77, 73, 105, 121, 120], f=83, g=20
[00:00:16:51:883] Expansion 14400000: state [255, 223, 207, 199, 195, 194, 66, 70, 86, 87, 85, 69, 101, 97, 99, 115, 243, 241, 209, 217, 201, 73, 72, 76, 92, 124, 120], f=83, g=26
[00:00:16:58:741] Expansion 14500000: state [255, 223, 207, 199, 195, 194, 66, 70, 78, 76, 92, 88, 90, 91, 75, 107, 99, 115], f=83, g=17
[00:00:17:05:810] Expansion 14600000: state [255, 223, 207, 199, 195, 194, 66, 70, 78, 94, 90, 88, 89, 121, 105, 97, 225, 241, 243, 115, 83, 87, 85, 69], f=83, g=23
[00:00:17:12:885] Expansion 14700000: state [255, 223, 207, 199, 195, 194, 210, 82, 80, 112, 120, 124, 92, 94, 78, 70, 102, 103, 99], f=83, g=18
[00:00:17:19:668] Expansion 14800000: state [255, 223, 207, 199, 195, 194, 210, 82, 80, 81, 85, 69, 101, 97, 99, 115, 243, 241], f=83, g=17
[00:00:17:26:723] Expansion 14900000: state [255, 223, 207, 199, 195, 194, 210, 82, 114, 112, 96, 97, 101, 69, 77, 76, 72, 88, 216, 217], f=83, g=19
[00:00:17:33:765] Expansion 15000000: state [255, 223, 207, 199, 195, 194, 210, 82, 114, 118, 102, 70, 68, 76, 92, 88, 120, 121, 249, 241, 225, 97, 99, 107, 75, 73, 201], f=83, g=26
[00:00:17:40:818] Expansion 15100000: state [255, 223, 207, 199, 195, 194, 210, 82, 114, 115, 243, 241, 209, 81, 85, 69, 101, 109, 105, 121, 120, 124, 92, 94, 78, 110, 102], f=83, g=26
[00:00:17:47:764] Expansion 15200000: state [255, 223, 207, 199, 195, 194, 210, 82, 90, 88, 216, 217, 249, 241, 113, 117, 85, 93, 77, 73, 75, 107, 99, 98, 102, 118], f=83, g=25
[00:00:17:54:719] Expansion 15300000: state [255, 223, 207, 199, 195, 194, 210, 82, 90, 94, 92, 76, 68, 69, 85, 87], f=83, g=15
[00:00:18:01:540] Expansion 15400000: state [255, 223, 207, 199, 195, 194, 210, 82, 86, 70, 102, 98, 99, 107, 105, 73, 72, 88, 92, 93, 85, 81, 209, 241, 225], f=83, g=24
[00:00:18:08:558] Expansion 15500000: state [255, 223, 207, 199, 195, 194, 210, 82, 86, 118, 102, 110, 78, 74, 75, 91, 89, 81, 209, 241, 243], f=83, g=20
[00:00:18:15:565] Expansion 15600000: state [255, 223, 207, 199, 195, 194, 210, 82, 86, 94, 92, 88, 72, 73, 105, 121, 113, 81, 85, 69, 101, 103, 102, 110], f=83, g=23
[00:00:18:22:647] Expansion 15700000: state [255, 223, 207, 199, 195, 194, 210, 82, 83, 81, 209, 217, 249, 121, 120, 112, 96, 97, 101, 69, 77, 73, 75, 74, 78, 110, 102], f=83, g=26
[00:00:18:30:967] Expansion 15800000: state [255, 223, 207, 199, 195, 194, 210, 82, 83, 115, 243, 241, 249, 121, 89, 93, 77, 109, 101, 103, 102, 70, 68], f=83, g=22
[00:00:18:37:774] Expansion 15900000: state [255, 223, 207, 199, 195, 194, 210, 82, 83, 87, 85, 69, 77, 76, 78, 74, 75, 107, 105, 97, 113, 241, 209, 217, 89, 88, 120, 124], f=83, g=27
[00:00:18:44:637] Expansion 16000000: state [255, 223, 207, 199, 195, 194, 210, 242, 114, 98, 102, 70, 68, 76, 92, 88, 80, 81, 85, 117, 101, 97, 105, 121], f=83, g=23
[00:00:18:51:695] Expansion 16100000: state [255, 223, 207, 199, 195, 194, 210, 242, 114, 98, 102, 110, 78, 76, 92, 88, 90, 91, 83, 87, 85, 69, 101, 109, 105, 73, 201, 217], f=83, g=27
[00:00:18:58:672] Expansion 16200000: state [255, 223, 207, 199, 195, 194, 210, 242, 114, 98, 99, 97, 101, 69, 68, 76, 78, 94, 90, 88, 80, 81, 209, 241, 249], f=83, g=24
[00:00:19:05:356] Expansion 16300000: state [255, 223, 207, 199, 195, 194, 210, 242, 114, 112, 80, 88, 216, 217, 209, 241, 225, 97, 101, 117, 85, 87, 83, 91, 75, 74, 78, 94], f=83, g=27
[00:00:19:12:531] Expansion 16400000: state [255, 223, 207, 199, 195, 194, 210, 242, 114, 112, 120, 88, 216, 217, 201, 73, 77, 93, 85, 81], f=83, g=19
[00:00:19:19:401] Expansion 16500000: state [255, 223, 207, 199, 195, 194, 210, 242, 114, 112, 113, 97, 105, 109, 77, 76, 72, 88, 89, 217, 201], f=83, g=20
[00:00:19:30:430] Expansion 16600000: state [255, 223, 207, 199, 195, 194, 210, 242, 114, 122, 90, 88, 92, 76, 78, 70, 102, 103, 99, 107, 105, 73, 201, 217, 209, 81, 83, 87], f=83, g=27
[00:00:19:37:634] Expansion 16700000: state [255, 223, 207, 199, 195, 194, 210, 242, 114, 122, 120, 88, 89, 217, 209, 241, 113, 97, 99, 103, 102, 110, 78, 94, 86, 87, 85, 69], f=83, g=27
[00:00:19:44:576] Expansion 16800000: state [255, 223, 207, 199, 195, 194, 210, 242, 114, 118, 86, 70, 78, 74, 75, 107, 105, 109, 101, 69, 85, 93, 89, 217, 209], f=83, g=24
[00:00:19:51:470] Expansion 16900000: state [255, 223, 207, 199, 195, 194, 210, 242, 114, 118, 102, 70, 68, 76, 92, 124, 120, 121, 113, 97, 99, 107, 75, 73, 201], f=83, g=24
[00:00:19:58:971] Expansion 17000000: state [255, 223, 207, 199, 195, 194, 210, 242, 114, 118, 102, 110, 78, 94, 92, 88, 89, 217, 249, 241, 113, 97, 105, 109, 77], f=83, g=24
[00:00:20:05:803] Expansion 17100000: state [255, 223, 207, 199, 195, 194, 210, 242, 114, 115, 83, 91, 90, 88, 216, 217, 249, 241, 225, 97, 101], f=83, g=20
[00:00:20:12:484] Expansion 17200000: state [255, 223, 207, 199, 195, 194, 210, 242, 114, 115, 113, 81, 80, 88, 72, 74, 78, 70, 68, 69, 77, 109, 105], f=83, g=22
[00:00:20:19:806] Expansion 17300000: state [255, 223, 207, 199, 195, 194, 210, 242, 243, 115, 83, 81, 85, 93, 77, 109, 105, 121, 120, 122, 90, 94, 78, 110], f=83, g=23
[00:00:20:26:494] Expansion 17400000: state [255, 223, 207, 199, 195, 194, 210, 242, 243, 115, 99, 97, 105, 121, 120, 88, 92, 94, 78, 74, 75], f=83, g=20
[00:00:20:33:141] Expansion 17500000: state [255, 223, 207, 199, 195, 194, 210, 242, 243, 115, 99, 103, 101, 117, 85, 93, 77, 76, 72, 88, 216, 217, 201], f=83, g=22
[00:00:20:40:272] Expansion 17600000: state [255, 223, 207, 199, 195, 194, 210, 242, 243, 115, 113, 117, 101, 69, 68, 70, 78, 74, 72, 73, 201, 217, 216], f=83, g=22
[00:00:20:47:059] Expansion 17700000: state [255, 223, 207, 199, 195, 194, 210, 242, 243, 241, 113, 112, 120, 88, 90, 74, 75, 73, 77, 69, 101, 103, 99], f=83, g=22
[00:00:20:53:916] Expansion 17800000: state [255, 223, 207, 199, 195, 194, 210, 242, 243, 241, 209, 81, 89, 121, 120, 122, 90, 94, 92, 76, 77, 69, 101, 103, 102], f=83, g=24
[00:00:21:00:894] Expansion 17900000: state [255, 223, 207, 199, 195, 194, 210, 242, 243, 241, 209, 217, 89, 88, 92, 94, 78, 110, 102, 103, 101, 97, 105, 107], f=83, g=23
[00:00:21:07:522] Expansion 18000000: state [255, 223, 207, 199, 195, 194, 210, 242, 243, 241, 225, 97, 96, 98, 102, 70, 68, 76, 92, 124, 120, 122, 90, 74, 75, 73, 89, 81, 83], f=83, g=28
[00:00:21:14:285] Expansion 18100000: state [255, 223, 207, 199, 195, 194, 210, 242, 243, 241, 249, 121, 105, 73, 72, 74, 90, 94, 86, 70, 68, 69, 101, 117], f=83, g=23
[00:00:21:21:145] Expansion 18200000: state [255, 223, 207, 199, 195, 194, 210, 242, 243, 241, 249, 217, 89, 81, 83, 87, 86, 70, 102, 98, 96, 97, 101, 109, 77, 76, 92], f=83, g=26
[00:00:21:27:887] Expansion 18300000: state [255, 223, 207, 199, 195, 194, 210, 242, 243, 241, 249, 217, 216, 88, 120, 112, 96, 97, 99, 107, 75, 73, 77, 76, 68, 70, 86, 87, 83], f=83, g=28
[00:00:21:34:798] Expansion 18400000: state [255, 223, 207, 199, 195, 194, 210, 218, 90, 74, 72, 73, 77, 109, 101, 97, 99, 98, 114, 118, 86, 87, 85], f=83, g=22
[00:00:21:41:640] Expansion 18500000: state [255, 223, 207, 199, 195, 194, 210, 218, 90, 74, 78, 76, 77, 109, 101, 103, 102, 118, 114, 112, 113, 121, 89, 217, 201], f=83, g=24
[00:00:21:48:592] Expansion 18600000: state [255, 223, 207, 199, 195, 194, 210, 218, 90, 74, 75, 107, 99, 115, 114, 112, 120, 121, 89, 81, 85, 69, 68, 70, 102, 110], f=83, g=25
[00:00:21:55:491] Expansion 18700000: state [255, 223, 207, 199, 195, 194, 210, 218, 90, 88, 120, 112, 96, 98, 99, 115, 243, 241, 249, 217, 201, 73, 77, 109, 101, 117, 85, 87, 86], f=83, g=28
[00:00:22:02:380] Expansion 18800000: state [255, 223, 207, 199, 195, 194, 210, 218, 90, 88, 89, 81, 85, 87, 86, 118, 102, 110, 78, 76, 77, 109, 105, 107, 99, 115, 243, 241], f=83, g=27
[00:00:22:09:570] Expansion 18900000: state [255, 223, 207, 199, 195, 194, 210, 218, 90, 122, 114, 115, 113, 241, 209, 217, 89, 73, 105, 109, 101, 69, 68, 70, 86], f=83, g=24
[00:00:22:16:354] Expansion 19000000: state [255, 223, 207, 199, 195, 194, 210, 218, 90, 122, 120, 121, 249, 241, 209, 81, 85, 93, 92, 76, 68, 70, 102, 98, 99], f=83, g=24
[00:00:22:23:377] Expansion 19100000: state [255, 223, 207, 199, 195, 194, 210, 218, 90, 94, 86, 70, 68, 76, 77, 93, 89, 217, 249, 241, 243, 115, 114, 98, 96, 97, 101, 103], f=83, g=27
[00:00:22:30:584] Expansion 19200000: state [255, 223, 207, 199, 195, 194, 210, 218, 90, 94, 92, 76, 77, 109, 101, 97, 99, 115, 114, 118, 102, 110], f=83, g=21
[00:00:22:37:377] Expansion 19300000: state [255, 223, 207, 199, 195, 194, 210, 218, 90, 91, 75, 107, 99, 103, 101, 69, 85, 81, 113, 112, 114, 118, 86, 70, 78, 76, 92], f=83, g=26
[00:00:22:44:192] Expansion 19400000: state [255, 223, 207, 199, 195, 194, 210, 218, 90, 91, 89, 81, 209, 241, 225, 97, 101, 109, 77, 76], f=83, g=19
[00:00:22:51:342] Expansion 19500000: state [255, 223, 207, 199, 195, 194, 210, 218, 216, 88, 80, 112, 96, 98, 102, 103, 101, 117, 85, 87, 83, 91, 75, 73, 105, 121, 249, 241], f=83, g=27
[00:00:22:58:255] Expansion 19600000: state [255, 223, 207, 199, 195, 194, 210, 218, 216, 88, 120, 122, 114, 118, 86, 94, 78, 74, 75, 107, 105, 97, 225, 241], f=83, g=23
[00:00:23:05:247] Expansion 19700000: state [255, 223, 207, 199, 195, 194, 210, 218, 216, 88, 92, 94, 86, 70, 68, 69, 77, 73, 75, 107, 99, 98, 96, 112, 113, 81, 209], f=83, g=26
[00:00:23:12:373] Expansion 19800000: state [255, 223, 207, 199, 195, 194, 210, 218, 216, 217, 89, 73, 72, 74, 78, 94, 86, 118, 102, 98, 96, 97, 113, 117, 85, 69, 68], f=83, g=26
[00:00:23:19:153] Expansion 19900000: state [255, 223, 207, 199, 195, 194, 210, 218, 216, 217, 89, 91, 75, 74, 78, 70, 68, 69, 85, 117, 113, 115, 114, 98, 96], f=83, g=24
[00:00:23:26:013] Expansion 20000000: state [255, 223, 207, 199, 195, 194, 210, 218, 216, 217, 201, 73, 77, 93, 92, 94, 78, 110, 102, 103, 101, 117, 113, 112, 80], f=83, g=24
[00:00:23:32:963] Expansion 20100000: state [255, 223, 207, 199, 195, 194, 210, 218, 216, 217, 209, 81, 85, 87, 86, 94, 78, 74, 72, 73, 105, 97, 101, 103, 102, 98, 114, 112, 120], f=83, g=28
[00:00:23:39:687] Expansion 20200000: state [255, 223, 207, 199, 195, 194, 210, 218, 216, 217, 209, 241, 225, 97, 101, 109, 77, 76, 78, 94, 86, 87, 83, 115, 114], f=83, g=24
[00:00:23:46:380] Expansion 20300000: state [255, 223, 207, 199, 195, 194, 210, 218, 216, 217, 249, 121, 120, 112, 80, 81, 85, 93, 77, 76, 78, 70, 102, 98, 99, 97, 225], f=83, g=26
[00:00:23:53:473] Expansion 20400000: state [255, 223, 207, 199, 195, 194, 210, 218, 216, 217, 249, 241, 225, 97, 96, 98, 114, 118, 86, 87, 85, 69, 77, 76, 72], f=83, g=24
[00:00:24:00:166] Expansion 20500000: state [255, 223, 207, 199, 195, 227, 99, 97, 96, 112, 120, 122, 90, 82, 86, 70, 78, 76, 92, 93, 89, 81], f=83, g=21
[00:00:24:07:089] Expansion 20600000: state [255, 223, 207, 199, 195, 227, 99, 97, 113, 112, 114, 82, 90, 74, 78, 76, 77, 69], f=83, g=17
[00:00:24:14:001] Expansion 20700000: state [255, 223, 207, 199, 195, 227, 99, 97, 113, 117, 85, 93, 77, 76, 78, 74, 90], f=83, g=16
[00:00:24:20:628] Expansion 20800000: state [255, 223, 207, 199, 195, 227, 99, 97, 105, 121, 249, 241, 209, 81, 85, 69, 68, 76, 92, 94, 86, 118, 114, 242, 210, 218], f=83, g=25
[00:00:24:27:561] Expansion 20900000: state [255, 223, 207, 199, 195, 227, 99, 97, 101, 69, 77, 73, 201, 217, 249, 121, 120, 112, 80, 82, 86, 70], f=83, g=21
[00:00:24:34:477] Expansion 21000000: state [255, 223, 207, 199, 195, 227, 99, 97, 101, 109, 77, 73, 75, 91, 83, 81, 80, 88, 120, 122, 114, 118, 86, 94], f=83, g=23
[00:00:24:41:230] Expansion 21100000: state [255, 223, 207, 199, 195, 227, 99, 98, 66, 70, 68, 76, 72, 73, 105, 121, 249, 241, 209, 81, 83, 91, 90, 94], f=83, g=23
[00:00:24:47:989] Expansion 21200000: state [255, 223, 207, 199, 195, 227, 99, 98, 96, 112, 120, 121, 249, 217, 201, 73, 77, 76, 68, 70, 86, 82, 83, 91], f=83, g=23
[00:00:24:54:918] Expansion 21300000: state [255, 223, 207, 199, 195, 227, 99, 98, 114, 82, 83, 91, 75, 74, 78, 70, 68, 69, 85, 117, 113, 121, 120], f=83, g=22
[00:00:25:01:683] Expansion 21400000: state [255, 223, 207, 199, 195, 227, 99, 98, 114, 122, 90, 88, 216, 217, 209, 81, 83, 87, 86, 70, 68, 69, 77], f=83, g=22
[00:00:25:08:470] Expansion 21500000: state [255, 223, 207, 199, 195, 227, 99, 98, 102, 70, 68, 69, 101, 109, 105, 121, 249, 217, 209, 81, 83, 82, 90, 94], f=83, g=23
[00:00:25:15:316] Expansion 21600000: state [255, 223, 207, 199, 195, 227, 99, 98, 102, 118, 86, 82, 80, 112, 120, 121, 105, 109, 101, 69, 68], f=83, g=20
[00:00:25:22:327] Expansion 21700000: state [255, 223, 207, 199, 195, 227, 99, 98, 102, 110, 78, 76, 92, 88, 90, 91, 75, 73, 105, 109, 101, 117, 113, 81, 209, 217, 249], f=83, g=26
[00:00:25:29:025] Expansion 21800000: state [255, 223, 207, 199, 195, 227, 99, 115, 113, 81, 209, 217, 216, 218, 210, 82, 86, 70, 78, 74, 72], f=83, g=20
[00:00:25:36:015] Expansion 21900000: state [255, 223, 207, 199, 195, 227, 99, 115, 114, 82, 90, 74, 78, 70, 68, 69, 85, 81, 89, 217], f=83, g=19
[00:00:25:43:001] Expansion 22000000: state [255, 223, 207, 199, 195, 227, 99, 115, 114, 118, 102, 70, 78, 76, 72, 73, 89, 93, 85, 117], f=83, g=19
[00:00:25:49:711] Expansion 22100000: state [255, 223, 207, 199, 195, 227, 99, 107, 75, 73, 77, 76, 92, 94, 86, 82, 114], f=83, g=16
[00:00:25:56:498] Expansion 22200000: state [255, 223, 207, 199, 195, 227, 99, 107, 75, 74, 78, 110, 102, 118, 86, 82, 83, 81, 113, 117, 101, 69, 77, 93, 92], f=83, g=24
[00:00:26:03:464] Expansion 22300000: state [255, 223, 207, 199, 195, 227, 99, 107, 105, 73, 201, 217, 209, 241, 113, 117, 85, 69, 68, 76, 92, 88, 90, 82, 210], f=83, g=24
[00:00:26:10:139] Expansion 22400000: state [255, 223, 207, 199, 195, 227, 99, 107, 105, 121, 113, 117, 85, 69, 68, 70, 78, 94, 90, 218, 216], f=83, g=20
[00:00:26:16:906] Expansion 22500000: state [255, 223, 207, 199, 195, 227, 99, 107, 105, 109, 101, 69, 68, 76, 92, 124, 120, 122, 90, 218, 216, 217, 249, 241, 113, 81, 80], f=83, g=26
[00:00:26:23:979] Expansion 22600000: state [255, 223, 207, 199, 195, 227, 99, 103, 101, 69, 68, 70, 86, 87, 83, 91, 75, 73, 201, 217, 216, 218, 210, 242, 114, 112, 113], f=83, g=26
[00:00:26:30:853] Expansion 22700000: state [255, 223, 207, 199, 195, 227, 99, 103, 101, 69, 77, 76, 78, 74, 75, 91, 89, 121, 113, 112, 114, 242, 210], f=83, g=22
[00:00:26:37:571] Expansion 22800000: state [255, 223, 207, 199, 195, 227, 99, 103, 101, 117, 113, 241, 249, 217, 201, 73, 77, 76, 68, 70, 86, 87, 83, 91, 90, 218, 210, 242], f=83, g=27
[00:00:26:44:720] Expansion 22900000: state [255, 223, 207, 199, 195, 227, 99, 103, 101, 109, 105, 73, 89, 88, 92, 76, 78, 70, 66, 82, 83, 87, 85], f=83, g=22
[00:00:26:51:532] Expansion 23000000: state [255, 223, 207, 199, 195, 227, 99, 103, 102, 70, 68, 69, 77, 73, 105, 121, 113, 241, 209, 217, 216, 88, 80, 82, 114, 242], f=83, g=25
[00:00:26:58:262] Expansion 23100000: state [255, 223, 207, 199, 195, 227, 99, 103, 102, 118, 86, 82, 66, 74, 78, 76, 77, 73, 89, 88, 120, 112, 113, 117, 85], f=83, g=24
[00:00:27:05:487] Expansion 23200000: state [255, 223, 207, 199, 195, 227, 99, 103, 102, 118, 114, 122, 90, 218, 216, 217, 249, 241, 113, 117, 85, 93], f=83, g=21
[00:00:27:12:236] Expansion 23300000: state [255, 223, 207, 199, 195, 227, 225, 97, 96, 112, 120, 88, 92, 94, 86, 70, 68, 69, 77, 73, 75, 91], f=83, g=21
[00:00:27:19:048] Expansion 23400000: state [255, 223, 207, 199, 195, 227, 225, 97, 96, 98, 114, 242, 210, 218, 90, 94, 86, 87, 83, 81, 89, 73, 72, 76, 68], f=83, g=24
[00:00:27:26:149] Expansion 23500000: state [255, 223, 207, 199, 195, 227, 225, 97, 113, 81, 85, 93, 77, 73, 201, 217, 216, 218, 90, 122, 114, 118, 102, 70, 78], f=83, g=24
[00:00:27:32:855] Expansion 23600000: state [255, 223, 207, 199, 195, 227, 225, 97, 113, 121, 249, 217, 201, 73, 77, 93, 85, 87, 86, 94, 78, 110, 102, 98, 114], f=83, g=24
[00:00:27:39:572] Expansion 23700000: state [255, 223, 207, 199, 195, 227, 225, 97, 105, 73, 201, 217, 209, 81, 85, 69, 68, 76, 92, 124, 120, 122, 90, 82, 86, 118, 102, 103], f=83, g=27
[00:00:27:46:616] Expansion 23800000: state [255, 223, 207, 199, 195, 227, 225, 97, 105, 121, 120, 112, 114, 82, 83, 91, 75, 74, 78, 76, 77, 69], f=83, g=21
[00:00:27:53:339] Expansion 23900000: state [255, 223, 207, 199, 195, 227, 225, 97, 105, 107, 75, 74, 66, 82, 80, 88, 92, 76, 77, 69, 85, 87], f=83, g=21
[00:00:28:00:132] Expansion 24000000: state [255, 223, 207, 199, 195, 227, 225, 97, 101, 69, 85, 81, 89, 91, 90, 218, 210, 242, 114, 98, 102, 70, 78, 76, 92], f=83, g=24
[00:00:28:07:266] Expansion 24100000: state [255, 223, 207, 199, 195, 227, 225, 97, 101, 117, 85, 81, 209, 217, 201, 73, 72, 88, 92, 94, 86, 118, 114, 242, 210], f=83, g=24
[00:00:28:13:862] Expansion 24200000: state [255, 223, 207, 199, 195, 227, 225, 97, 101, 109, 77, 73, 201, 217, 216, 218, 90, 91, 83, 81, 80, 112, 114, 98, 102, 70, 86], f=83, g=26
[00:00:28:20:630] Expansion 24300000: state [255, 223, 207, 199, 195, 227, 225, 97, 101, 103, 102, 70, 78, 76, 92, 93, 85, 81, 80, 112, 120, 121, 249, 217, 216, 218, 90, 91], f=83, g=27
[00:00:28:27:681] Expansion 24400000: state [255, 223, 207, 199, 195, 227, 225, 241, 113, 81, 89, 91, 75, 74, 72, 76, 77, 69, 101, 103, 102, 98, 114, 122, 120], f=83, g=24
[00:00:28:34:422] Expansion 24500000: state [255, 223, 207, 199, 195, 227, 225, 241, 113, 112, 96, 98, 102, 118, 86, 87, 85, 93, 77, 73, 75, 74, 78], f=83, g=22
[00:00:28:41:092] Expansion 24600000: state [255, 223, 207, 199, 195, 227, 225, 241, 113, 121, 89, 73, 75, 74, 90, 218, 210, 242, 114, 118, 86, 87, 85, 69, 68, 76], f=83, g=25
[00:00:28:48:019] Expansion 24700000: state [255, 223, 207, 199, 195, 227, 225, 241, 113, 117, 85, 69, 77, 73, 72, 74, 66, 98, 114, 242, 210, 218, 216], f=83, g=22
[00:00:28:54:974] Expansion 24800000: state [255, 223, 207, 199, 195, 227, 225, 241, 113, 117, 101, 103, 102, 118, 114, 122, 90, 91, 89, 73, 105], f=83, g=20
[00:00:29:01:628] Expansion 24900000: state [255, 223, 207, 199, 195, 227, 225, 241, 209, 81, 80, 88, 90, 218, 210, 242, 114, 118, 102, 110, 78, 76, 68, 69, 101, 109], f=83, g=25
[00:00:29:08:237] Expansion 25000000: state [255, 223, 207, 199, 195, 227, 225, 241, 209, 81, 85, 93, 77, 73, 105, 121, 120, 122, 90, 82, 86, 70, 102, 103], f=83, g=23
[00:00:29:15:090] Expansion 25100000: state [255, 223, 207, 199, 195, 227, 225, 241, 209, 217, 89, 73, 72, 74, 90, 82, 86, 118, 102, 98, 96, 112], f=83, g=21
[00:00:29:21:649] Expansion 25200000: state [255, 223, 207, 199, 195, 227, 225, 241, 209, 217, 201, 73, 105, 121, 120, 112, 114, 118, 86, 70, 66, 74, 90, 218, 210], f=83, g=24
[00:00:29:28:492] Expansion 25300000: state [255, 223, 207, 199, 195, 227, 225, 241, 209, 217, 216, 88, 92, 94, 86, 87, 85, 69, 77, 73, 75, 74, 66, 98, 102, 110], f=83, g=25
[00:00:29:35:192] Expansion 25400000: state [255, 223, 207, 199, 195, 227, 225, 241, 249, 121, 89, 81, 85, 87, 86, 94], f=83, g=15
[00:00:29:41:816] Expansion 25500000: state [255, 223, 207, 199, 195, 227, 225, 241, 249, 121, 105, 109, 101, 69, 85, 93, 92, 88, 216, 218, 210, 242, 114, 118, 86, 70, 66, 74, 75], f=83, g=28
[00:00:29:48:684] Expansion 25600000: state [255, 223, 207, 199, 195, 227, 225, 241, 249, 121, 120, 112, 114, 98, 102, 70, 78, 76, 92, 93, 85, 69, 101], f=83, g=22
[00:00:29:55:311] Expansion 25700000: state [255, 223, 207, 199, 195, 227, 225, 241, 249, 217, 89, 93, 77, 69, 68, 70, 66, 82, 114, 118], f=83, g=19
[00:00:30:01:993] Expansion 25800000: state [255, 223, 207, 199, 195, 227, 225, 241, 249, 217, 201, 73, 77, 93, 85, 117, 101, 103, 102, 98, 114, 82, 90, 94], f=83, g=23
[00:00:30:08:697] Expansion 25900000: state [255, 223, 207, 199, 195, 227, 225, 241, 249, 217, 216, 218, 90, 82, 80, 112, 96, 98, 102, 110, 78, 76, 92, 93, 85, 69, 101, 109, 105, 73, 75], f=83, g=30
[00:00:30:15:353] Expansion 26000000: state [255, 223, 207, 199, 195, 227, 243, 115, 83, 81, 209, 217, 249, 121, 120, 112, 96, 98, 66, 74, 90, 94, 92, 76, 77, 69, 101, 103], f=83, g=27
[00:00:30:22:146] Expansion 26100000: state [255, 223, 207, 199, 195, 227, 243, 115, 83, 82, 210, 218, 216, 217, 249, 121, 120, 124, 92, 93, 77, 69, 68], f=83, g=22
[00:00:30:28:946] Expansion 26200000: state [255, 223, 207, 199, 195, 227, 243, 115, 83, 87, 85, 69, 77, 76, 92, 88], f=83, g=15
[00:00:30:35:526] Expansion 26300000: state [255, 223, 207, 199, 195, 227, 243, 115, 113, 81, 85, 69, 101, 103, 102, 70, 66, 82, 210, 218, 216, 88, 72], f=83, g=22
[00:00:30:42:296] Expansion 26400000: state [255, 223, 207, 199, 195, 227, 243, 115, 113, 112, 120, 88, 92, 76, 78, 110, 102, 103, 101, 109, 105, 73, 75], f=83, g=22
[00:00:30:48:816] Expansion 26500000: state [255, 223, 207, 199, 195, 227, 243, 115, 113, 117, 101, 103, 102, 118, 86, 82, 210, 218, 216, 217, 89, 73, 72, 76, 78], f=83, g=24
[00:00:30:54:883] Expansion 26600000: state [255, 223, 207, 199, 195, 227, 243, 115, 114, 98, 96, 97, 101, 69, 85, 87, 86, 94, 90, 91, 89, 73, 72], f=83, g=22
[00:00:31:00:916] Expansion 26700000: state [255, 223, 207, 199, 195, 227, 243, 115, 114, 112, 120, 88, 72, 76, 78, 70, 86, 87, 85, 81, 209], f=83, g=20
[00:00:31:06:907] Expansion 26800000: state [255, 223, 207, 199, 195, 227, 243, 115, 114, 118, 86, 87, 85, 93, 77, 76, 72, 88, 120, 121, 105, 107], f=83, g=21
[00:00:31:12:943] Expansion 26900000: state [255, 223, 207, 199, 195, 227, 243, 241, 113, 81, 83, 82, 90, 74, 75, 107, 105, 109, 77], f=83, g=18
[00:00:31:19:224] Expansion 27000000: state [255, 223, 207, 199, 195, 227, 243, 241, 113, 97, 101, 69, 77, 76, 78, 94, 90, 122, 120, 124], f=83, g=19
[00:00:31:25:500] Expansion 27100000: state [255, 223, 207, 199, 195, 227, 243, 241, 113, 112, 120, 124, 92, 93, 89, 73, 105, 109, 101, 103, 102, 70, 78, 74, 90, 82, 83, 87], f=83, g=27
[00:00:31:31:442] Expansion 27200000: state [255, 223, 207, 199, 195, 227, 243, 241, 113, 121, 105, 107, 75, 91, 90, 122, 114, 118, 86, 87, 85, 69, 101, 103], f=83, g=23
[00:00:31:37:407] Expansion 27300000: state [255, 223, 207, 199, 195, 227, 243, 241, 113, 117, 101, 109, 105, 107, 75, 91, 89, 217, 216, 218, 210, 82, 114, 118, 102, 110, 78, 94, 92, 124, 120], f=83, g=30
[00:00:31:43:348] Expansion 27400000: state [255, 223, 207, 199, 195, 227, 243, 241, 209, 81, 89, 91, 75, 107, 105, 97, 101, 69, 77, 76, 78, 70, 86, 118, 114, 112], f=83, g=25
[00:00:31:49:283] Expansion 27500000: state [255, 223, 207, 199, 195, 227, 243, 241, 209, 81, 85, 93, 92, 124, 120, 112, 96, 98, 66, 82, 90, 218, 216], f=83, g=22
[00:00:31:55:161] Expansion 27600000: state [255, 223, 207, 199, 195, 227, 243, 241, 209, 217, 89, 73, 72, 76, 78, 70, 102, 118, 114, 122], f=83, g=19
[00:00:32:01:050] Expansion 27700000: state [255, 223, 207, 199, 195, 227, 243, 241, 209, 217, 89, 91, 83, 87, 86, 94, 78, 74, 66, 98, 102, 103, 101, 109], f=83, g=23
[00:00:32:07:184] Expansion 27800000: state [255, 223, 207, 199, 195, 227, 243, 241, 209, 217, 216, 88, 72, 76, 77, 109, 105, 107, 75, 91, 83, 87, 86, 118, 114, 98, 66], f=83, g=26
[00:00:32:13:348] Expansion 27900000: state [255, 223, 207, 199, 195, 227, 243, 241, 209, 217, 216, 218, 90, 94, 92, 93, 77, 73, 105, 121, 120, 112, 80], f=83, g=22
[00:00:32:19:399] Expansion 28000000: state [255, 223, 207, 199, 195, 227, 243, 241, 249, 121, 105, 73, 72, 74, 90, 122, 114, 112, 80, 81, 85, 87, 86, 70, 68], f=83, g=24
[00:00:32:25:352] Expansion 28100000: state [255, 223, 207, 199, 195, 227, 243, 241, 249, 121, 105, 107, 75, 91, 83, 82, 114, 98, 102, 110, 78, 94, 92, 93, 85, 117], f=83, g=25
[00:00:32:31:312] Expansion 28200000: state [255, 223, 207, 199, 195, 227, 243, 241, 249, 217, 89, 73, 72, 76, 92, 94, 90, 122, 114, 112, 96, 97, 101, 103, 102, 70], f=83, g=25
[00:00:32:37:146] Expansion 28300000: state [255, 223, 207, 199, 195, 227, 243, 241, 249, 217, 89, 91, 75, 107, 105, 97, 101, 69, 77, 76, 92, 124, 120, 112, 114, 98, 102, 70, 86], f=83, g=28
[00:00:32:43:036] Expansion 28400000: state [255, 223, 207, 199, 195, 227, 243, 241, 249, 217, 201, 73, 77, 109, 101, 103, 102, 98, 96, 112, 120, 88, 90, 82, 210], f=83, g=24
[00:00:32:48:933] Expansion 28500000: state [255, 223, 207, 199, 195, 227, 243, 241, 249, 217, 216, 88, 92, 93, 77, 69, 68, 70, 78, 74, 75, 107], f=83, g=21
[00:00:32:54:782] Expansion 28600000: state [255, 223, 207, 199, 195, 227, 243, 242, 114, 82, 66, 74, 78, 94, 92, 88, 216, 217, 249, 121, 105, 109, 77, 69, 85, 117], f=83, g=25
[00:00:33:00:755] Expansion 28700000: state [255, 223, 207, 199, 195, 227, 243, 242, 114, 82, 83, 91, 75, 107, 105, 121, 120, 88, 92, 94, 78, 70, 102], f=83, g=22
[00:00:33:07:099] Expansion 28800000: state [255, 223, 207, 199, 195, 227, 243, 242, 114, 98, 96, 97, 101, 69, 68, 76, 78, 74, 90, 88, 89, 217, 201], f=83, g=22
[00:00:33:13:314] Expansion 28900000: state [255, 223, 207, 199, 195, 227, 243, 242, 114, 98, 102, 103, 101, 69, 85, 87, 83, 91, 75, 74, 78, 76, 92, 88, 120, 121, 249, 217, 209], f=83, g=28
[00:00:33:19:368] Expansion 29000000: state [255, 223, 207, 199, 195, 227, 243, 242, 114, 112, 120, 88, 90, 74, 75, 107, 105, 97, 101, 69, 85, 81], f=83, g=21
[00:00:33:25:385] Expansion 29100000: state [255, 223, 207, 199, 195, 227, 243, 242, 114, 122, 90, 74, 78, 76, 92, 93, 85, 117, 113, 97], f=83, g=19
[00:00:33:31:388] Expansion 29200000: state [255, 223, 207, 199, 195, 227, 243, 242, 114, 118, 86, 70, 68, 69, 85, 81, 113, 121, 249, 217, 216, 218, 90], f=83, g=22
[00:00:33:37:415] Expansion 29300000: state [255, 223, 207, 199, 195, 227, 243, 242, 114, 118, 102, 70, 78, 94, 92, 93, 89, 81, 113, 117, 101, 109, 105, 107, 75], f=83, g=24
[00:00:33:43:453] Expansion 29400000: state [255, 223, 207, 199, 195, 227, 243, 242, 210, 82, 80, 112, 96, 97, 101, 103, 102, 110, 78, 76, 72, 73], f=83, g=21
[00:00:33:49:379] Expansion 29500000: state [255, 223, 207, 199, 195, 227, 243, 242, 210, 82, 86, 70, 78, 74, 72, 88, 216, 217, 249, 121, 105, 97, 101, 69, 85], f=83, g=24
[00:00:33:55:306] Expansion 29600000: state [255, 223, 207, 199, 195, 227, 243, 242, 210, 82, 83, 91, 75, 74, 72, 76, 77, 69, 101, 97, 96, 112, 120, 121, 249, 217, 216], f=83, g=26
[00:00:34:01:236] Expansion 29700000: state [255, 223, 207, 199, 195, 227, 243, 242, 210, 218, 90, 88, 92, 76, 77, 109, 105, 97, 96], f=83, g=18
[00:00:34:07:232] Expansion 29800000: state [255, 223, 207, 199, 195, 227, 243, 242, 210, 218, 216, 88, 72, 73, 105, 109, 101, 103, 102, 70, 86, 87, 83, 91], f=83, g=23
[00:00:34:13:105] Expansion 29900000: state [255, 223, 207, 199, 195, 227, 243, 242, 210, 218, 216, 217, 201, 73, 105, 121, 113, 81, 85, 93, 92, 76, 78, 110, 102, 118, 86], f=83, g=26
[00:00:34:19:001] Expansion 30000000: state [255, 223, 207, 199, 195, 211, 83, 81, 80, 112, 120, 124, 92, 93, 77, 109, 105, 97, 99, 98, 102, 110, 78, 74, 90, 218, 216, 217], f=83, g=27
[00:00:34:25:143] Expansion 30100000: state [255, 223, 207, 199, 195, 211, 83, 81, 113, 112, 120, 88, 90, 94, 86, 70, 102, 103, 101, 109, 105, 73, 75], f=83, g=22
[00:00:34:36:852] Expansion 30200000: state [255, 223, 207, 199, 195, 211, 83, 81, 89, 88, 92, 94, 86, 70, 68, 69, 77, 109, 105, 97, 99, 98, 114], f=83, g=22
[00:00:34:42:978] Expansion 30300000: state [255, 223, 207, 199, 195, 211, 83, 81, 85, 69, 77, 73, 105, 97, 225, 241, 249, 217, 216, 218, 90, 74, 78, 110, 102, 118, 114, 242], f=83, g=27
[00:00:34:49:124] Expansion 30400000: state [255, 223, 207, 199, 195, 211, 83, 81, 85, 93, 77, 109, 101, 97, 99, 107, 75, 74, 66, 70, 102, 118, 114, 122], f=83, g=23
[00:00:34:55:266] Expansion 30500000: state [255, 223, 207, 199, 195, 211, 83, 82, 80, 112, 120, 124, 92, 94, 78, 70, 102, 103, 99, 97, 105, 73, 201, 217, 216], f=83, g=24
[00:00:35:01:551] Expansion 30600000: state [255, 223, 207, 199, 195, 211, 83, 82, 114, 122, 120, 88, 72, 76, 78, 70, 102, 103, 101, 97, 96], f=83, g=20
[00:00:35:07:710] Expansion 30700000: state [255, 223, 207, 199, 195, 211, 83, 82, 90, 122, 120, 112, 96, 97, 99, 103, 102, 70, 68, 69, 77, 73, 201], f=83, g=22
[00:00:35:13:869] Expansion 30800000: state [255, 223, 207, 199, 195, 211, 83, 82, 86, 94, 78, 76, 72, 88, 89, 121, 105, 97], f=83, g=17
[00:00:35:19:887] Expansion 30900000: state [255, 223, 207, 199, 195, 211, 83, 115, 113, 97, 101, 103, 102, 70, 78, 76, 72, 73, 89, 217, 249], f=83, g=20
[00:00:35:26:055] Expansion 31000000: state [255, 223, 207, 199, 195, 211, 83, 115, 114, 112, 80, 88, 89, 217, 249, 241, 225, 97, 105, 107, 75, 74, 78, 76, 77], f=83, g=24
[00:00:35:32:342] Expansion 31100000: state [255, 223, 207, 199, 195, 211, 83, 91, 75, 73, 201, 217, 249, 121, 113, 117, 85, 93, 92, 94, 86, 118, 114, 98, 99], f=83, g=24
