--------------------------
date: SM_Grids
number_of_graphs: 10
graph_type: grid
size_of_graphs: [7, 7]
heuristic: bcc_heuristic
snake: False
run_uni: True
run_bi: True
run_multi: False
solution_vertices: []
algorithms: ['DFBnB']
bsd: False
cube_first_dims: 4
cube_buffer_dim: None
backward_sym_generation: False
sym_coil: False
prefix_set: None

---------- SM_Grids/7x7_grid_with_random_blocks_8per_0 ----------
[00:00:00:02:777] Path of length 44 found: [0, 7, 8, 1, 2, 9, 16, 15, 22, 21, 28, 35, 42, 43, 36, 29, 30, 37, 44, 45, 38, 31, 32, 25, 18, 17, 10, 3, 4, 11, 12, 5, 6, 13, 20, 19, 26, 27, 34, 33, 40, 39, 46, 47, 48]
[00:00:00:02:777] ! Unidirectional s-t. expansions: 5,017, time: 2,777 [ms], path length: 44 [edges], generated: 8,518
[00:00:00:12:970] Path of length 44 found: [48, 41, 34, 27, 20, 13, 6, 5, 4, 3, 2, 9, 16, 17, 10, 11, 12, 19, 18, 25, 26, 33, 32, 31, 30, 29, 36, 37, 38, 39, 40, 47, 46, 45, 44, 43, 42, 35, 28, 21, 22, 15, 8, 1, 0]
[00:00:00:12:971] ! Unidirectional t-s. expansions: 21,117, time: 12,971 [ms], path length: 44 [edges], generated: 33,831
[00:00:00:07:530] Path of length 44 found: [0, 7, 8, 1, 2, 9, 16, 15, 22, 21, 28, 35, 42, 43, 36, 29, 30, 37, 44, 45, 46, 47, 40, 39, 38, 31, 32, 25, 26, 19, 12, 11, 18, 17, 10, 3, 4, 5, 6, 13, 20, 27, 34, 41, 48]
[00:00:00:07:899] ! Bidirectional. expansions: 9,924, time: 7,530 [ms], path length: 44 [edges], g_F: 22, g_B: 22, generated: {'F': 9,679, 'B': 8,712}, MM: 0, MMPER: -1.0%
[00:00:00:07:899] 
---------- SM_Grids/7x7_grid_with_random_blocks_8per_1 ----------
[00:00:00:19:064] Path of length 42 found: [0, 7, 14, 21, 28, 35, 42, 43, 36, 29, 22, 15, 8, 9, 2, 3, 10, 17, 16, 23, 30, 31, 24, 25, 18, 11, 4, 5, 6, 13, 12, 19, 20, 27, 26, 33, 32, 39, 46, 47, 40, 41, 48]
[00:00:00:19:064] ! Unidirectional s-t. expansions: 26,148, time: 19,064 [ms], path length: 42 [edges], generated: 46,378
[00:00:00:35:821] Path of length 42 found: [48, 41, 34, 27, 20, 13, 6, 5, 4, 3, 2, 9, 8, 15, 22, 23, 16, 17, 10, 11, 12, 19, 18, 25, 26, 33, 40, 47, 46, 39, 32, 31, 30, 29, 36, 43, 42, 35, 28, 21, 14, 7, 0]
[00:00:00:35:822] ! Unidirectional t-s. expansions: 50,419, time: 35,821 [ms], path length: 42 [edges], generated: 86,655
[00:00:00:27:034] Path of length 42 found: [0, 7, 14, 21, 28, 35, 42, 43, 36, 29, 22, 15, 16, 23, 30, 31, 38, 39, 46, 47, 40, 33, 26, 19, 12, 11, 18, 25, 24, 17, 10, 9, 2, 3, 4, 5, 6, 13, 20, 27, 34, 41, 48]
[00:00:00:27:367] ! Bidirectional. expansions: 38,540, time: 27,035 [ms], path length: 42 [edges], g_F: 21, g_B: 21, generated: {'F': 38,171, 'B': 36,758}, MM: 0, MMPER: -1.0%
[00:00:00:27:367] 
---------- SM_Grids/7x7_grid_with_random_blocks_8per_2 ----------
[00:00:00:05:796] Path of length 44 found: [0, 7, 14, 21, 28, 35, 36, 43, 44, 37, 30, 29, 22, 15, 8, 9, 2, 3, 10, 17, 16, 23, 24, 31, 38, 45, 46, 39, 32, 33, 26, 19, 18, 11, 4, 5, 12, 13, 20, 27, 34, 41, 40, 47, 48]
[00:00:00:05:796] ! Unidirectional s-t. expansions: 7,783, time: 5,796 [ms], path length: 44 [edges], generated: 13,538
[00:00:00:11:314] Path of length 44 found: [48, 41, 34, 27, 20, 13, 6, 5, 4, 3, 2, 9, 8, 15, 22, 29, 30, 37, 38, 31, 24, 23, 16, 17, 10, 11, 18, 19, 26, 33, 32, 39, 40, 47, 46, 45, 44, 43, 36, 35, 28, 21, 14, 7, 0]
[00:00:00:11:314] ! Unidirectional t-s. expansions: 15,054, time: 11,314 [ms], path length: 44 [edges], generated: 25,383
[00:00:00:15:103] Path of length 44 found: [0, 7, 14, 21, 28, 35, 36, 43, 44, 37, 30, 29, 22, 23, 24, 31, 38, 45, 46, 47, 40, 39, 32, 33, 26, 19, 18, 11, 10, 17, 16, 15, 8, 9, 2, 3, 4, 5, 6, 13, 20, 27, 34, 41, 48]
[00:00:00:15:435] ! Bidirectional. expansions: 20,129, time: 15,103 [ms], path length: 44 [edges], g_F: 22, g_B: 22, generated: {'F': 19,519, 'B': 18,730}, MM: 0, MMPER: -1.0%
[00:00:00:15:435] 
---------- SM_Grids/7x7_grid_with_random_blocks_8per_3 ----------
[00:00:00:17:866] Path of length 44 found: [0, 7, 14, 21, 28, 35, 42, 43, 44, 37, 30, 29, 22, 23, 16, 9, 8, 1, 2, 3, 10, 17, 24, 31, 38, 45, 46, 39, 32, 25, 18, 11, 4, 5, 6, 13, 12, 19, 20, 27, 26, 33, 40, 47, 48]
[00:00:00:17:866] ! Unidirectional s-t. expansions: 31,469, time: 17,866 [ms], path length: 44 [edges], generated: 48,489
[00:00:00:00:802] Path of length 44 found: [48, 41, 40, 47, 46, 39, 32, 33, 26, 27, 20, 13, 6, 5, 4, 3, 2, 1, 8, 9, 16, 17, 10, 11, 12, 19, 18, 25, 24, 23, 22, 29, 30, 31, 38, 37, 44, 43, 42, 35, 28, 21, 14, 7, 0]
[00:00:00:00:803] ! Unidirectional t-s. expansions: 981, time: 802 [ms], path length: 44 [edges], generated: 1,758
[00:00:00:02:055] Path of length 44 found: [0, 7, 14, 21, 28, 35, 42, 43, 44, 45, 38, 37, 30, 29, 22, 23, 16, 17, 24, 25, 18, 19, 12, 11, 10, 9, 8, 1, 2, 3, 4, 5, 6, 13, 20, 27, 26, 33, 32, 39, 46, 47, 40, 41, 48]
[00:00:00:02:389] ! Bidirectional. expansions: 2,530, time: 2,055 [ms], path length: 44 [edges], g_F: 22, g_B: 22, generated: {'F': 2,307, 'B': 2,407}, MM: 0, MMPER: -1.0%
[00:00:00:02:389] 
---------- SM_Grids/7x7_grid_with_random_blocks_8per_4 ----------
[00:00:00:00:524] Path of length 44 found: [0, 7, 14, 21, 28, 35, 42, 43, 36, 29, 22, 15, 8, 1, 2, 9, 16, 23, 30, 37, 38, 45, 46, 39, 32, 31, 24, 25, 18, 11, 4, 5, 6, 13, 12, 19, 20, 27, 26, 33, 34, 41, 40, 47, 48]
[00:00:00:00:524] ! Unidirectional s-t. expansions: 606, time: 524 [ms], path length: 44 [edges], generated: 1,003
[00:00:00:01:901] Path of length 44 found: [48, 41, 34, 27, 20, 13, 6, 5, 4, 11, 10, 9, 2, 1, 8, 15, 16, 23, 22, 29, 30, 31, 24, 25, 18, 19, 26, 33, 32, 39, 40, 47, 46, 45, 38, 37, 36, 43, 42, 35, 28, 21, 14, 7, 0]
[00:00:00:01:902] ! Unidirectional t-s. expansions: 2,159, time: 1,901 [ms], path length: 44 [edges], generated: 3,653
[00:00:00:02:693] Path of length 44 found: [0, 7, 14, 21, 28, 35, 42, 43, 36, 29, 22, 15, 8, 1, 2, 9, 16, 23, 24, 31, 30, 37, 38, 45, 46, 47, 40, 39, 32, 33, 26, 25, 18, 19, 12, 11, 4, 5, 6, 13, 20, 27, 34, 41, 48]
[00:00:00:03:022] ! Bidirectional. expansions: 3,215, time: 2,694 [ms], path length: 44 [edges], g_F: 22, g_B: 22, generated: {'F': 2,803, 'B': 2,842}, MM: 0, MMPER: -1.0%
[00:00:00:03:022] 
---------- SM_Grids/7x7_grid_with_random_blocks_8per_5 ----------
[00:00:00:01:176] Path of length 44 found: [0, 7, 14, 21, 28, 35, 42, 43, 36, 29, 22, 15, 8, 1, 2, 9, 10, 17, 24, 23, 30, 37, 44, 45, 46, 39, 38, 31, 32, 25, 18, 11, 12, 5, 6, 13, 20, 19, 26, 27, 34, 33, 40, 41, 48]
[00:00:00:01:176] ! Unidirectional s-t. expansions: 1,376, time: 1,176 [ms], path length: 44 [edges], generated: 2,304
[00:00:00:06:376] Path of length 44 found: [48, 41, 34, 27, 20, 13, 6, 5, 12, 11, 10, 3, 2, 9, 8, 15, 22, 29, 36, 37, 38, 31, 30, 23, 24, 17, 18, 19, 26, 25, 32, 33, 40, 39, 46, 45, 44, 43, 42, 35, 28, 21, 14, 7, 0]
[00:00:00:06:376] ! Unidirectional t-s. expansions: 9,932, time: 6,376 [ms], path length: 44 [edges], generated: 15,684
[00:00:00:03:182] Path of length 44 found: [0, 7, 14, 21, 28, 35, 42, 43, 36, 29, 22, 15, 8, 1, 2, 9, 10, 17, 24, 23, 30, 31, 38, 37, 44, 45, 46, 39, 40, 33, 32, 25, 26, 19, 18, 11, 12, 5, 6, 13, 20, 27, 34, 41, 48]
[00:00:00:03:513] ! Bidirectional. expansions: 4,070, time: 3,182 [ms], path length: 44 [edges], g_F: 22, g_B: 22, generated: {'F': 3,658, 'B': 3,762}, MM: 0, MMPER: -1.0%
[00:00:00:03:513] 
---------- SM_Grids/7x7_grid_with_random_blocks_8per_6 ----------
[00:00:00:07:753] Path of length 44 found: [0, 1, 8, 15, 14, 21, 28, 35, 42, 43, 36, 29, 22, 23, 16, 9, 2, 3, 4, 11, 18, 17, 24, 25, 26, 19, 12, 5, 6, 13, 20, 27, 34, 33, 40, 39, 38, 31, 30, 37, 44, 45, 46, 47, 48]
[00:00:00:07:753] ! Unidirectional s-t. expansions: 12,605, time: 7,753 [ms], path length: 44 [edges], generated: 20,070
[00:00:00:03:000] Path of length 44 found: [48, 41, 34, 27, 20, 13, 6, 5, 4, 3, 2, 9, 16, 23, 22, 29, 36, 37, 30, 31, 24, 17, 18, 11, 12, 19, 26, 33, 40, 47, 46, 39, 38, 45, 44, 43, 42, 35, 28, 21, 14, 15, 8, 1, 0]
[00:00:00:03:001] ! Unidirectional t-s. expansions: 3,534, time: 3,001 [ms], path length: 44 [edges], generated: 6,037
[00:00:00:07:335] Path of length 44 found: [0, 1, 8, 15, 14, 21, 28, 35, 42, 43, 36, 29, 22, 23, 30, 37, 44, 45, 38, 39, 46, 47, 40, 33, 26, 19, 12, 11, 18, 25, 24, 17, 16, 9, 2, 3, 4, 5, 6, 13, 20, 27, 34, 41, 48]
[00:00:00:07:667] ! Bidirectional. expansions: 9,924, time: 7,335 [ms], path length: 44 [edges], g_F: 22, g_B: 22, generated: {'F': 9,119, 'B': 9,060}, MM: 0, MMPER: -1.0%
[00:00:00:07:667] 
---------- SM_Grids/7x7_grid_with_random_blocks_8per_7 ----------
[00:00:01:22:184] Path of length 42 found: [0, 7, 14, 21, 28, 35, 42, 43, 36, 29, 22, 15, 8, 1, 2, 9, 16, 23, 30, 37, 44, 45, 38, 31, 24, 17, 10, 3, 4, 5, 12, 11, 18, 19, 26, 25, 32, 33, 40, 39, 46, 47, 48]
[00:00:01:22:184] ! Unidirectional s-t. expansions: 129,818, time: 82,184 [ms], path length: 42 [edges], generated: 217,411
[00:00:00:15:519] Path of length 42 found: [48, 41, 40, 47, 46, 39, 32, 33, 26, 19, 12, 5, 4, 3, 2, 1, 8, 15, 22, 29, 36, 37, 30, 23, 16, 9, 10, 11, 18, 17, 24, 31, 38, 45, 44, 43, 42, 35, 28, 21, 14, 7, 0]
[00:00:00:15:520] ! Unidirectional t-s. expansions: 21,730, time: 15,519 [ms], path length: 42 [edges], generated: 38,633
[00:00:00:23:415] Path of length 42 found: [0, 7, 14, 21, 28, 35, 42, 43, 36, 29, 22, 15, 8, 1, 2, 9, 16, 23, 30, 37, 44, 45, 38, 31, 24, 17, 18, 11, 10, 3, 4, 5, 12, 19, 26, 33, 32, 39, 46, 47, 40, 41, 48]
[00:00:00:23:755] ! Bidirectional. expansions: 32,775, time: 23,415 [ms], path length: 42 [edges], g_F: 21, g_B: 21, generated: {'F': 32,578, 'B': 32,541}, MM: 0, MMPER: -1.0%
[00:00:00:23:755] 
---------- SM_Grids/7x7_grid_with_random_blocks_8per_8 ----------
[00:00:00:51:718] Path of length 42 found: [0, 7, 8, 1, 2, 9, 16, 15, 22, 21, 28, 35, 42, 43, 44, 37, 38, 45, 46, 39, 32, 31, 24, 17, 10, 3, 4, 11, 18, 25, 26, 19, 12, 5, 6, 13, 20, 27, 34, 33, 40, 47, 48]
[00:00:00:51:718] ! Unidirectional s-t. expansions: 69,642, time: 51,718 [ms], path length: 42 [edges], generated: 121,724
[00:00:01:33:188] Path of length 42 found: [48, 41, 34, 27, 20, 13, 6, 5, 4, 3, 2, 9, 16, 23, 24, 17, 10, 11, 12, 19, 18, 25, 26, 33, 32, 31, 38, 39, 40, 47, 46, 45, 44, 43, 42, 35, 28, 21, 22, 15, 8, 1, 0]
[00:00:01:33:189] ! Unidirectional t-s. expansions: 133,539, time: 93,188 [ms], path length: 42 [edges], generated: 226,954
[00:00:01:39:716] Path of length 42 found: [0, 7, 8, 1, 2, 9, 16, 15, 22, 21, 28, 35, 42, 43, 44, 45, 46, 47, 40, 33, 26, 19, 12, 11, 18, 25, 32, 39, 38, 31, 24, 17, 10, 3, 4, 5, 6, 13, 20, 27, 34, 41, 48]
[00:00:01:40:092] ! Bidirectional. expansions: 129,685, time: 99,717 [ms], path length: 42 [edges], g_F: 21, g_B: 21, generated: {'F': 121,021, 'B': 117,769}, MM: 0, MMPER: -1.0%
[00:00:01:40:092] 
---------- SM_Grids/7x7_grid_with_random_blocks_8per_9 ----------
[00:00:00:08:571] Path of length 44 found: [0, 7, 14, 21, 28, 35, 42, 43, 36, 29, 22, 15, 8, 1, 2, 9, 16, 23, 30, 37, 44, 45, 46, 39, 38, 31, 32, 25, 18, 17, 10, 3, 4, 11, 12, 5, 6, 13, 20, 27, 26, 33, 40, 41, 48]
[00:00:00:08:572] ! Unidirectional s-t. expansions: 11,936, time: 8,571 [ms], path length: 44 [edges], generated: 19,390
[00:00:00:01:734] Path of length 44 found: [48, 41, 34, 27, 20, 13, 6, 5, 12, 11, 4, 3, 2, 1, 8, 15, 22, 29, 36, 37, 30, 23, 16, 9, 10, 17, 18, 25, 26, 33, 40, 39, 32, 31, 38, 45, 44, 43, 42, 35, 28, 21, 14, 7, 0]
[00:00:00:01:734] ! Unidirectional t-s. expansions: 2,090, time: 1,734 [ms], path length: 44 [edges], generated: 3,538
[00:00:00:07:317] Path of length 44 found: [0, 7, 14, 21, 28, 35, 42, 43, 36, 29, 22, 15, 8, 1, 2, 9, 16, 23, 30, 37, 44, 45, 38, 31, 32, 39, 40, 33, 26, 25, 18, 17, 10, 3, 4, 11, 12, 5, 6, 13, 20, 27, 34, 41, 48]
[00:00:00:07:652] ! Bidirectional. expansions: 9,342, time: 7,317 [ms], path length: 44 [edges], g_F: 22, g_B: 22, generated: {'F': 8,228, 'B': 8,352}, MM: 0, MMPER: -1.0%
[00:00:00:07:652] average expansions: (29,640, 26,056, 26,013, 0)
[00:00:00:07:652] average time: (19,743, 18,263, 19,538, 0)
[00:00:00:07:652] X-DFBnB: 26,056 , 18,263 (expansions , time[ms])
[00:00:00:07:652] BiX-DFBnB: 26,013 , 19,538 (expansions , time[ms])

