--------------------------
date: SM_Grids
number_of_graphs: 10
graph_type: grid
size_of_graphs: [8, 8]
heuristic: bcc_heuristic
snake: False
run_uni: True
run_bi: True
run_multi: False
solution_vertices: []
algorithms: ['DFBnB']
bsd: False
cube_first_dims: 4
cube_buffer_dim: None
backward_sym_generation: False
sym_coil: False
prefix_set: None

---------- SM_Grids/8x8_grid_with_random_blocks_16per_0 ----------
[00:00:00:00:634] Path of length 44 found: [0, 1, 9, 10, 2, 3, 11, 19, 18, 26, 25, 24, 32, 40, 48, 49, 41, 33, 34, 42, 50, 51, 43, 35, 36, 28, 20, 12, 13, 5, 6, 7, 15, 14, 22, 23, 31, 30, 29, 37, 38, 46, 47, 55, 63]
[00:00:00:00:635] ! Unidirectional s-t. expansions: 857, time: 634 [ms], path length: 44 [edges], generated: 1,443
[00:00:00:00:275] Path of length 44 found: [63, 55, 47, 46, 38, 39, 31, 23, 15, 7, 6, 5, 13, 14, 22, 30, 29, 37, 36, 44, 43, 35, 34, 33, 41, 42, 50, 49, 48, 40, 32, 24, 25, 26, 18, 19, 20, 12, 11, 3, 2, 10, 9, 1, 0]
[00:00:00:00:275] ! Unidirectional t-s. expansions: 242, time: 275 [ms], path length: 44 [edges], generated: 426
[00:00:00:01:235] Path of length 44 found: [0, 1, 9, 10, 2, 3, 11, 19, 18, 26, 25, 24, 32, 40, 48, 49, 41, 33, 34, 42, 50, 51, 43, 35, 36, 37, 29, 28, 20, 12, 13, 5, 6, 7, 15, 14, 22, 23, 31, 39, 38, 46, 47, 55, 63]
[00:00:00:01:711] ! Bidirectional. expansions: 1,721, time: 1,235 [ms], path length: 44 [edges], g_F: 22, g_B: 22, generated: {'F': 1,582, 'B': 1,453}, MM: 0, MMPER: -1.0%
[00:00:00:01:711] 
---------- SM_Grids/8x8_grid_with_random_blocks_16per_1 ----------
[00:00:00:00:071] Path of length 44 found: [0, 8, 16, 24, 32, 33, 25, 26, 18, 10, 2, 3, 4, 12, 11, 19, 27, 35, 34, 42, 43, 44, 36, 28, 20, 21, 29, 30, 22, 14, 15, 23, 31, 39, 38, 46, 47, 55, 54, 53, 52, 60, 61, 62, 63]
[00:00:00:00:071] ! Unidirectional s-t. expansions: 62, time: 71 [ms], path length: 44 [edges], generated: 107
[00:00:00:13:446] Path of length 44 found: [63, 62, 61, 60, 52, 53, 54, 55, 47, 46, 38, 39, 31, 23, 15, 14, 22, 30, 29, 21, 20, 12, 4, 3, 2, 10, 11, 19, 18, 26, 34, 35, 27, 28, 36, 44, 43, 42, 41, 33, 25, 24, 16, 8, 0]
[00:00:00:13:446] ! Unidirectional t-s. expansions: 15,211, time: 13,446 [ms], path length: 44 [edges], generated: 27,628
[00:00:00:07:540] Path of length 44 found: [0, 8, 16, 24, 32, 33, 25, 26, 18, 10, 2, 3, 4, 12, 11, 19, 27, 35, 34, 42, 43, 44, 36, 28, 20, 21, 29, 30, 22, 14, 15, 23, 31, 39, 38, 46, 47, 55, 54, 53, 52, 60, 61, 62, 63]
[00:00:00:07:987] ! Bidirectional. expansions: 8,321, time: 7,540 [ms], path length: 44 [edges], g_F: 22, g_B: 22, generated: {'F': 8,189, 'B': 7,628}, MM: 0, MMPER: -1.0%
[00:00:00:07:987] 
---------- SM_Grids/8x8_grid_with_random_blocks_16per_2 ----------
[00:00:00:03:961] Path of length 44 found: [0, 8, 16, 24, 32, 40, 48, 56, 57, 49, 41, 33, 34, 26, 18, 10, 2, 3, 11, 19, 27, 28, 20, 21, 29, 30, 38, 46, 47, 55, 54, 53, 45, 44, 43, 42, 50, 58, 59, 51, 52, 60, 61, 62, 63]
[00:00:00:03:961] ! Unidirectional s-t. expansions: 4,123, time: 3,961 [ms], path length: 44 [edges], generated: 7,453
[00:00:00:11:649] Path of length 44 found: [63, 55, 47, 46, 38, 30, 29, 21, 20, 19, 11, 3, 2, 10, 18, 26, 27, 28, 36, 44, 45, 53, 54, 62, 61, 60, 52, 51, 43, 42, 34, 33, 41, 49, 50, 58, 57, 56, 48, 40, 32, 24, 16, 8, 0]
[00:00:00:11:650] ! Unidirectional t-s. expansions: 13,598, time: 11,649 [ms], path length: 44 [edges], generated: 22,334
[00:00:00:04:107] Path of length 44 found: [0, 8, 16, 24, 32, 40, 48, 56, 57, 49, 41, 33, 34, 42, 50, 58, 59, 51, 52, 60, 61, 62, 54, 53, 45, 44, 36, 28, 27, 26, 18, 10, 2, 3, 11, 19, 20, 21, 29, 30, 38, 46, 47, 55, 63]
[00:00:00:04:527] ! Bidirectional. expansions: 4,240, time: 4,107 [ms], path length: 44 [edges], g_F: 22, g_B: 22, generated: {'F': 3,934, 'B': 3,984}, MM: 0, MMPER: -1.0%
[00:00:00:04:527] 
---------- SM_Grids/8x8_grid_with_random_blocks_16per_3 ----------
[00:00:00:14:215] Path of length 44 found: [0, 8, 16, 24, 25, 17, 18, 10, 11, 19, 27, 26, 34, 33, 41, 49, 50, 42, 43, 35, 36, 28, 29, 21, 20, 12, 13, 14, 15, 23, 31, 30, 38, 39, 47, 46, 45, 44, 52, 60, 61, 53, 54, 62, 63]
[00:00:00:14:215] ! Unidirectional s-t. expansions: 17,014, time: 14,215 [ms], path length: 44 [edges], generated: 30,233
[00:00:00:41:176] Path of length 44 found: [63, 55, 47, 39, 31, 23, 15, 14, 13, 12, 11, 10, 18, 26, 34, 42, 43, 35, 36, 28, 27, 19, 20, 21, 29, 30, 38, 46, 45, 53, 54, 62, 61, 60, 52, 51, 50, 49, 41, 33, 25, 17, 16, 8, 0]
[00:00:00:41:176] ! Unidirectional t-s. expansions: 54,936, time: 41,176 [ms], path length: 44 [edges], generated: 94,655
[00:00:00:21:733] Path of length 44 found: [0, 8, 16, 24, 25, 17, 18, 10, 11, 19, 27, 26, 34, 33, 41, 49, 50, 42, 43, 35, 36, 44, 52, 60, 61, 62, 54, 53, 45, 46, 38, 30, 29, 21, 20, 12, 13, 14, 15, 23, 31, 39, 47, 55, 63]
[00:00:00:22:150] ! Bidirectional. expansions: 24,960, time: 21,733 [ms], path length: 44 [edges], g_F: 22, g_B: 22, generated: {'F': 25,101, 'B': 24,320}, MM: 0, MMPER: -1.0%
[00:00:00:22:150] 
---------- SM_Grids/8x8_grid_with_random_blocks_16per_4 ----------
[00:00:00:00:738] Path of length 48 found: [0, 1, 9, 8, 16, 17, 25, 33, 32, 40, 48, 56, 57, 49, 41, 42, 50, 51, 52, 60, 61, 53, 45, 44, 36, 28, 27, 35, 34, 26, 18, 10, 11, 3, 4, 12, 13, 14, 22, 30, 29, 37, 38, 39, 47, 46, 54, 62, 63]
[00:00:00:00:738] ! Unidirectional s-t. expansions: 852, time: 738 [ms], path length: 48 [edges], generated: 1,430
[00:00:00:02:153] Path of length 48 found: [63, 55, 47, 39, 38, 30, 22, 14, 13, 12, 4, 3, 11, 10, 18, 26, 34, 35, 27, 28, 29, 37, 36, 44, 45, 46, 54, 62, 61, 53, 52, 51, 50, 42, 41, 49, 57, 56, 48, 40, 32, 33, 25, 17, 16, 8, 9, 1, 0]
[00:00:00:02:153] ! Unidirectional t-s. expansions: 1,903, time: 2,153 [ms], path length: 48 [edges], generated: 3,405
[00:00:00:02:020] Path of length 48 found: [0, 1, 9, 8, 16, 17, 25, 33, 32, 40, 48, 56, 57, 49, 41, 42, 50, 51, 52, 60, 61, 62, 54, 46, 45, 44, 36, 37, 29, 28, 27, 35, 34, 26, 18, 10, 11, 3, 4, 12, 13, 14, 22, 30, 38, 39, 47, 55, 63]
[00:00:00:02:428] ! Bidirectional. expansions: 1,807, time: 2,020 [ms], path length: 48 [edges], g_F: 24, g_B: 24, generated: {'F': 1,507, 'B': 1,665}, MM: 0, MMPER: -1.0%
[00:00:00:02:429] 
---------- SM_Grids/8x8_grid_with_random_blocks_16per_5 ----------
[00:00:00:03:239] Path of length 50 found: [0, 8, 16, 24, 32, 33, 34, 26, 25, 17, 9, 1, 2, 10, 11, 19, 20, 12, 4, 5, 6, 14, 15, 23, 22, 30, 29, 28, 36, 35, 43, 51, 50, 49, 48, 56, 57, 58, 59, 60, 61, 53, 52, 44, 45, 46, 38, 39, 47, 55, 63]
[00:00:00:03:239] ! Unidirectional s-t. expansions: 3,823, time: 3,239 [ms], path length: 50 [edges], generated: 6,324
[00:00:00:04:872] Path of length 50 found: [63, 55, 47, 39, 38, 46, 54, 53, 45, 44, 52, 60, 59, 58, 57, 56, 48, 49, 50, 51, 43, 35, 36, 28, 29, 30, 31, 23, 15, 14, 6, 5, 4, 12, 20, 19, 11, 3, 2, 10, 9, 17, 25, 26, 34, 33, 32, 24, 16, 8, 0]
[00:00:00:04:873] ! Unidirectional t-s. expansions: 6,143, time: 4,873 [ms], path length: 50 [edges], generated: 9,959
[00:00:00:04:581] Path of length 50 found: [0, 8, 16, 24, 32, 33, 34, 26, 25, 17, 9, 1, 2, 10, 11, 19, 20, 12, 4, 5, 6, 14, 15, 23, 22, 30, 29, 28, 36, 35, 43, 51, 50, 49, 48, 56, 57, 58, 59, 60, 52, 44, 45, 53, 54, 46, 38, 39, 47, 55, 63]
[00:00:00:05:000] ! Bidirectional. expansions: 4,717, time: 4,581 [ms], path length: 50 [edges], g_F: 25, g_B: 25, generated: {'F': 3,956, 'B': 3,954}, MM: 0, MMPER: -1.0%
[00:00:00:05:000] 
---------- SM_Grids/8x8_grid_with_random_blocks_16per_6 ----------
[00:00:00:00:228] Path of length 48 found: [0, 1, 9, 8, 16, 24, 32, 40, 48, 49, 50, 42, 41, 33, 25, 17, 18, 10, 11, 19, 27, 26, 34, 35, 36, 44, 52, 53, 45, 37, 29, 21, 13, 5, 6, 7, 15, 14, 22, 23, 31, 30, 38, 46, 47, 55, 54, 62, 63]
[00:00:00:00:228] ! Unidirectional s-t. expansions: 242, time: 228 [ms], path length: 48 [edges], generated: 404
[00:00:00:00:087] Path of length 48 found: [63, 62, 54, 55, 47, 46, 38, 30, 31, 23, 15, 7, 6, 5, 13, 14, 22, 21, 29, 37, 45, 53, 52, 44, 36, 35, 27, 19, 11, 10, 18, 17, 25, 26, 34, 33, 41, 42, 50, 49, 48, 40, 32, 24, 16, 8, 9, 1, 0]
[00:00:00:00:088] ! Unidirectional t-s. expansions: 90, time: 87 [ms], path length: 48 [edges], generated: 155
[00:00:00:00:292] Path of length 48 found: [0, 1, 9, 8, 16, 24, 32, 40, 48, 49, 50, 42, 41, 33, 25, 17, 18, 10, 11, 19, 27, 26, 34, 35, 36, 44, 52, 53, 45, 37, 29, 21, 22, 14, 13, 5, 6, 7, 15, 23, 31, 30, 38, 46, 47, 55, 54, 62, 63]
[00:00:00:00:705] ! Bidirectional. expansions: 300, time: 292 [ms], path length: 48 [edges], g_F: 24, g_B: 24, generated: {'F': 269, 'B': 249}, MM: 0, MMPER: -1.0%
[00:00:00:00:706] 
---------- SM_Grids/8x8_grid_with_random_blocks_16per_7 ----------
[00:00:00:26:539] Path of length 48 found: [0, 8, 16, 24, 32, 40, 48, 56, 57, 49, 41, 33, 34, 26, 18, 17, 9, 10, 2, 3, 11, 19, 27, 28, 20, 12, 13, 14, 6, 7, 15, 23, 31, 30, 38, 37, 45, 44, 43, 42, 50, 58, 59, 60, 61, 53, 54, 55, 63]
[00:00:00:26:539] ! Unidirectional s-t. expansions: 32,792, time: 26,539 [ms], path length: 48 [edges], generated: 54,620
[00:00:00:14:069] Path of length 48 found: [63, 55, 54, 46, 38, 30, 31, 23, 15, 7, 6, 14, 13, 21, 20, 12, 11, 3, 2, 10, 9, 17, 18, 19, 27, 26, 34, 35, 43, 44, 45, 53, 61, 60, 59, 51, 50, 42, 41, 49, 57, 56, 48, 40, 32, 24, 16, 8, 0]
[00:00:00:14:069] ! Unidirectional t-s. expansions: 17,153, time: 14,069 [ms], path length: 48 [edges], generated: 29,880
[00:00:00:25:611] Path of length 48 found: [0, 8, 16, 24, 32, 40, 48, 56, 57, 49, 41, 33, 34, 42, 50, 58, 59, 60, 61, 53, 45, 44, 43, 35, 27, 26, 18, 17, 9, 10, 2, 3, 11, 12, 20, 21, 13, 14, 6, 7, 15, 23, 31, 30, 38, 46, 54, 55, 63]
[00:00:00:26:018] ! Bidirectional. expansions: 34,259, time: 25,611 [ms], path length: 48 [edges], g_F: 24, g_B: 24, generated: {'F': 30,223, 'B': 31,609}, MM: 0, MMPER: -1.0%
[00:00:00:26:019] 
---------- SM_Grids/8x8_grid_with_random_blocks_16per_8 ----------
[00:00:00:04:253] Path of length 50 found: [0, 8, 16, 17, 9, 1, 2, 10, 18, 19, 11, 3, 4, 5, 6, 7, 15, 23, 22, 14, 13, 12, 20, 21, 29, 28, 36, 35, 34, 33, 32, 40, 48, 56, 57, 49, 41, 42, 50, 51, 59, 60, 61, 53, 45, 37, 38, 46, 54, 62, 63]
[00:00:00:04:253] ! Unidirectional s-t. expansions: 4,614, time: 4,253 [ms], path length: 50 [edges], generated: 7,670
[00:00:00:00:285] Path of length 50 found: [63, 62, 54, 46, 38, 37, 45, 53, 61, 60, 59, 51, 43, 42, 50, 49, 57, 56, 48, 40, 32, 33, 34, 35, 36, 28, 29, 21, 13, 14, 22, 23, 15, 7, 6, 5, 4, 3, 2, 1, 9, 10, 11, 12, 20, 19, 18, 17, 16, 8, 0]
[00:00:00:00:286] ! Unidirectional t-s. expansions: 334, time: 286 [ms], path length: 50 [edges], generated: 575
[00:00:00:02:520] Path of length 50 found: [0, 8, 16, 17, 9, 1, 2, 10, 18, 19, 11, 3, 4, 5, 6, 7, 15, 23, 22, 14, 13, 12, 20, 21, 29, 28, 36, 35, 34, 33, 32, 40, 48, 56, 57, 49, 50, 42, 43, 51, 59, 60, 61, 53, 45, 37, 38, 46, 54, 62, 63]
[00:00:00:02:927] ! Bidirectional. expansions: 2,902, time: 2,520 [ms], path length: 50 [edges], g_F: 25, g_B: 25, generated: {'F': 2,652, 'B': 2,397}, MM: 0, MMPER: -1.0%
[00:00:00:02:928] 
---------- SM_Grids/8x8_grid_with_random_blocks_16per_9 ----------
[00:00:00:00:881] Path of length 46 found: [0, 8, 16, 24, 32, 33, 25, 17, 9, 1, 2, 3, 11, 12, 4, 5, 6, 7, 15, 14, 13, 21, 20, 28, 27, 26, 34, 42, 50, 58, 59, 51, 43, 44, 36, 37, 38, 30, 31, 39, 47, 55, 54, 53, 61, 62, 63]
[00:00:00:00:881] ! Unidirectional s-t. expansions: 877, time: 881 [ms], path length: 46 [edges], generated: 1,528
[00:00:00:00:527] Path of length 46 found: [63, 62, 61, 53, 54, 55, 47, 39, 31, 30, 38, 37, 45, 44, 52, 51, 59, 58, 50, 42, 41, 33, 32, 24, 16, 8, 9, 17, 25, 26, 27, 28, 20, 21, 13, 14, 15, 7, 6, 5, 4, 12, 11, 3, 2, 1, 0]
[00:00:00:00:528] ! Unidirectional t-s. expansions: 480, time: 528 [ms], path length: 46 [edges], generated: 947
[00:00:00:01:783] Path of length 46 found: [0, 8, 16, 24, 32, 33, 25, 17, 9, 1, 2, 3, 11, 12, 4, 5, 6, 7, 15, 14, 13, 21, 20, 28, 27, 26, 34, 42, 50, 58, 59, 51, 52, 44, 45, 37, 38, 30, 31, 39, 47, 55, 54, 53, 61, 62, 63]
[00:00:00:02:190] ! Bidirectional. expansions: 1,856, time: 1,783 [ms], path length: 46 [edges], g_F: 23, g_B: 23, generated: {'F': 1,454, 'B': 1,738}, MM: 0, MMPER: -1.0%
[00:00:00:02:190] average expansions: (6,526, 11,009, 8,508, 0)
[00:00:00:02:190] average time: (5,476, 8,854, 7,142, 0)
[00:00:00:02:190] X-DFBnB: 6,526 , 5,476 (expansions , time[ms])
[00:00:00:02:190] BiX-DFBnB: 8,508 , 7,142 (expansions , time[ms])

