--------------------------
date: SM_Grids
number_of_graphs: 10
graph_type: grid
size_of_graphs: [7, 8]
heuristic: bcc_heuristic
snake: False
run_uni: True
run_bi: True
run_multi: False
solution_vertices: []
algorithms: ['DFBnB']
bsd: False
cube_first_dims: 4
cube_buffer_dim: None
backward_sym_generation: False
sym_coil: False
prefix_set: None

---------- SM_Grids/7x8_grid_with_random_blocks_12per_0 ----------
[00:00:00:13:791] Path of length 47 found: [0, 1, 2, 10, 18, 17, 16, 24, 32, 40, 48, 49, 41, 33, 25, 26, 34, 42, 50, 51, 43, 44, 45, 37, 29, 21, 13, 12, 20, 28, 27, 19, 11, 3, 4, 5, 6, 7, 15, 14, 22, 23, 31, 30, 38, 46, 47, 55]
[00:00:00:13:791] ! Unidirectional s-t. expansions: 20,327, time: 13,791 [ms], path length: 47 [edges], generated: 32,937
[00:00:00:04:257] Path of length 47 found: [55, 47, 39, 31, 23, 15, 7, 6, 5, 4, 3, 11, 19, 27, 28, 20, 12, 13, 14, 22, 21, 29, 30, 38, 37, 45, 44, 43, 51, 50, 42, 34, 26, 25, 33, 41, 49, 48, 40, 32, 24, 16, 17, 18, 10, 2, 1, 0]
[00:00:00:04:258] ! Unidirectional t-s. expansions: 5,611, time: 4,257 [ms], path length: 47 [edges], generated: 9,640
[00:00:00:11:998] Path of length 47 found: [0, 1, 2, 10, 18, 17, 16, 24, 32, 40, 48, 49, 41, 33, 25, 26, 34, 42, 50, 51, 43, 44, 45, 37, 38, 30, 29, 21, 22, 14, 13, 12, 20, 28, 27, 19, 11, 3, 4, 5, 6, 7, 15, 23, 31, 39, 47, 55]
[00:00:00:12:417] ! Bidirectional. expansions: 14,562, time: 11,998 [ms], path length: 47 [edges], g_F: 24, g_B: 23, generated: {'F': 12,593, 'B': 13,354}, MM: 1, MMPER: 1.0833333333333335%
[00:00:00:12:418] 
---------- SM_Grids/7x8_grid_with_random_blocks_12per_1 ----------
[00:00:00:04:884] Path of length 47 found: [0, 8, 16, 24, 32, 40, 41, 33, 25, 17, 9, 10, 2, 3, 11, 19, 18, 26, 34, 42, 50, 51, 43, 35, 27, 28, 20, 21, 13, 12, 4, 5, 6, 14, 15, 23, 22, 30, 38, 37, 36, 44, 45, 53, 54, 46, 47, 55]
[00:00:00:04:884] ! Unidirectional s-t. expansions: 5,627, time: 4,884 [ms], path length: 47 [edges], generated: 9,236
[00:00:00:00:057] Path of length 47 found: [55, 47, 39, 38, 46, 54, 53, 45, 37, 36, 44, 43, 51, 50, 42, 34, 35, 27, 28, 20, 12, 13, 21, 22, 23, 15, 14, 6, 5, 4, 3, 2, 10, 11, 19, 18, 26, 25, 33, 41, 40, 32, 24, 16, 17, 9, 8, 0]
[00:00:00:00:057] ! Unidirectional t-s. expansions: 54, time: 57 [ms], path length: 47 [edges], generated: 91
[00:00:00:00:378] Path of length 47 found: [0, 8, 16, 24, 32, 40, 41, 33, 25, 26, 18, 17, 9, 10, 2, 3, 4, 5, 6, 14, 15, 23, 22, 21, 13, 12, 11, 19, 20, 28, 27, 35, 34, 42, 50, 51, 43, 44, 36, 37, 45, 53, 54, 46, 38, 39, 47, 55]
[00:00:00:00:775] ! Bidirectional. expansions: 400, time: 378 [ms], path length: 47 [edges], g_F: 24, g_B: 23, generated: {'F': 373, 'B': 424}, MM: 1, MMPER: 1.0833333333333335%
[00:00:00:00:775] 
---------- SM_Grids/7x8_grid_with_random_blocks_12per_2 ----------
[00:00:00:07:328] Path of length 45 found: [0, 8, 16, 24, 32, 40, 48, 49, 41, 33, 34, 26, 18, 17, 9, 1, 2, 10, 11, 3, 4, 5, 13, 21, 22, 14, 6, 7, 15, 23, 31, 39, 38, 37, 29, 28, 20, 19, 27, 35, 43, 44, 52, 53, 54, 55]
[00:00:00:07:328] ! Unidirectional s-t. expansions: 8,706, time: 7,328 [ms], path length: 45 [edges], generated: 14,609
[00:00:00:01:326] Path of length 45 found: [55, 47, 39, 31, 23, 15, 7, 6, 5, 13, 14, 22, 21, 29, 37, 45, 53, 52, 44, 43, 35, 36, 28, 20, 19, 27, 26, 34, 33, 41, 49, 48, 40, 32, 24, 16, 8, 9, 17, 18, 10, 11, 3, 2, 1, 0]
[00:00:00:01:326] ! Unidirectional t-s. expansions: 1,448, time: 1,326 [ms], path length: 45 [edges], generated: 2,565
[00:00:00:02:756] Path of length 45 found: [0, 8, 16, 24, 32, 40, 48, 49, 41, 33, 34, 26, 27, 35, 43, 44, 52, 53, 45, 37, 29, 28, 20, 19, 11, 10, 18, 17, 9, 1, 2, 3, 4, 5, 13, 21, 22, 14, 6, 7, 15, 23, 31, 39, 47, 55]
[00:00:00:03:152] ! Bidirectional. expansions: 3,118, time: 2,756 [ms], path length: 45 [edges], g_F: 23, g_B: 22, generated: {'F': 2,674, 'B': 2,862}, MM: 1, MMPER: 1.1739130434782608%
[00:00:00:03:152] 
---------- SM_Grids/7x8_grid_with_random_blocks_12per_3 ----------
[00:00:00:40:838] Path of length 45 found: [0, 8, 16, 24, 32, 33, 25, 17, 9, 1, 2, 10, 11, 3, 4, 5, 6, 14, 22, 21, 20, 19, 27, 26, 34, 42, 41, 49, 50, 51, 43, 35, 36, 44, 52, 53, 45, 37, 29, 30, 31, 39, 38, 46, 47, 55]
[00:00:00:40:838] ! Unidirectional s-t. expansions: 51,632, time: 40,838 [ms], path length: 45 [edges], generated: 89,547
[00:00:00:47:376] Path of length 45 found: [55, 47, 39, 31, 30, 22, 14, 6, 5, 4, 3, 2, 1, 9, 10, 11, 12, 20, 19, 27, 26, 34, 42, 43, 35, 36, 28, 29, 37, 38, 46, 45, 44, 52, 51, 50, 49, 41, 33, 32, 24, 25, 17, 16, 8, 0]
[00:00:00:47:376] ! Unidirectional t-s. expansions: 64,654, time: 47,376 [ms], path length: 45 [edges], generated: 106,955
[00:00:00:44:574] Path of length 45 found: [0, 8, 16, 24, 32, 33, 25, 17, 9, 1, 2, 10, 11, 19, 27, 26, 34, 35, 43, 42, 41, 49, 50, 51, 52, 44, 45, 46, 38, 37, 36, 28, 29, 21, 20, 12, 4, 5, 6, 14, 22, 30, 31, 39, 47, 55]
[00:00:00:44:962] ! Bidirectional. expansions: 57,766, time: 44,575 [ms], path length: 45 [edges], g_F: 23, g_B: 22, generated: {'F': 55,958, 'B': 55,835}, MM: 1, MMPER: 1.1739130434782608%
[00:00:00:44:962] 
---------- SM_Grids/7x8_grid_with_random_blocks_12per_4 ----------
[00:00:00:26:333] Path of length 45 found: [0, 1, 2, 10, 9, 17, 16, 24, 25, 33, 32, 40, 48, 49, 41, 42, 34, 35, 43, 51, 52, 53, 45, 37, 36, 28, 27, 19, 11, 12, 20, 21, 13, 5, 6, 7, 15, 23, 22, 30, 31, 39, 38, 46, 54, 55]
[00:00:00:26:333] ! Unidirectional s-t. expansions: 33,896, time: 26,333 [ms], path length: 45 [edges], generated: 58,663
[00:00:00:38:842] Path of length 45 found: [55, 47, 39, 31, 23, 15, 7, 6, 5, 4, 12, 13, 21, 22, 30, 38, 37, 45, 46, 54, 53, 52, 51, 43, 42, 50, 49, 48, 40, 32, 24, 16, 17, 25, 33, 34, 35, 36, 28, 20, 19, 11, 10, 2, 1, 0]
[00:00:00:38:842] ! Unidirectional t-s. expansions: 54,581, time: 38,842 [ms], path length: 45 [edges], generated: 91,105
[00:00:00:52:944] Path of length 45 found: [0, 1, 2, 10, 9, 17, 16, 24, 25, 33, 32, 40, 48, 49, 41, 42, 50, 51, 52, 53, 54, 46, 45, 37, 38, 30, 22, 21, 20, 28, 36, 35, 27, 19, 11, 12, 4, 5, 6, 7, 15, 23, 31, 39, 47, 55]
[00:00:00:53:331] ! Bidirectional. expansions: 66,192, time: 52,944 [ms], path length: 45 [edges], g_F: 23, g_B: 22, generated: {'F': 58,188, 'B': 56,856}, MM: 1, MMPER: 1.1739130434782608%
[00:00:00:53:331] 
---------- SM_Grids/7x8_grid_with_random_blocks_12per_5 ----------
[00:00:00:35:827] Path of length 45 found: [0, 8, 16, 17, 9, 1, 2, 10, 18, 26, 25, 33, 32, 40, 48, 49, 50, 51, 52, 53, 45, 46, 38, 30, 29, 21, 13, 12, 20, 28, 36, 35, 27, 19, 11, 3, 4, 5, 6, 14, 22, 23, 31, 39, 47, 55]
[00:00:00:35:827] ! Unidirectional s-t. expansions: 38,117, time: 35,827 [ms], path length: 45 [edges], generated: 67,595
[00:00:00:10:119] Path of length 45 found: [55, 47, 39, 31, 23, 22, 14, 6, 5, 4, 3, 2, 1, 9, 10, 18, 26, 34, 35, 36, 28, 27, 19, 11, 12, 20, 21, 29, 30, 38, 46, 45, 53, 52, 51, 50, 49, 48, 40, 32, 33, 25, 17, 16, 8, 0]
[00:00:00:10:119] ! Unidirectional t-s. expansions: 12,107, time: 10,119 [ms], path length: 45 [edges], generated: 20,374
[00:00:00:28:909] Path of length 45 found: [0, 8, 16, 17, 9, 1, 2, 10, 18, 26, 25, 33, 32, 40, 48, 49, 50, 51, 52, 53, 45, 46, 38, 30, 29, 21, 13, 12, 20, 28, 36, 35, 27, 19, 11, 3, 4, 5, 6, 14, 22, 23, 31, 39, 47, 55]
[00:00:00:29:293] ! Bidirectional. expansions: 34,202, time: 28,909 [ms], path length: 45 [edges], g_F: 23, g_B: 22, generated: {'F': 31,942, 'B': 32,552}, MM: 1, MMPER: 1.1739130434782608%
[00:00:00:29:294] 
---------- SM_Grids/7x8_grid_with_random_blocks_12per_6 ----------
[00:00:00:00:046] Path of length 47 found: [0, 8, 9, 17, 18, 10, 2, 3, 11, 19, 27, 26, 34, 33, 32, 40, 48, 49, 41, 42, 50, 51, 43, 35, 36, 28, 20, 21, 29, 37, 45, 44, 52, 53, 54, 46, 38, 30, 22, 14, 6, 7, 15, 23, 31, 39, 47, 55]
[00:00:00:00:046] ! Unidirectional s-t. expansions: 47, time: 46 [ms], path length: 47 [edges], generated: 78
[00:00:00:00:563] Path of length 47 found: [55, 47, 39, 31, 23, 15, 7, 6, 14, 22, 21, 20, 28, 36, 35, 43, 44, 45, 37, 29, 30, 38, 46, 54, 53, 52, 51, 50, 42, 41, 49, 48, 40, 32, 33, 34, 26, 27, 19, 11, 3, 2, 10, 18, 17, 9, 8, 0]
[00:00:00:00:563] ! Unidirectional t-s. expansions: 751, time: 563 [ms], path length: 47 [edges], generated: 1,214
[00:00:00:00:047] Path of length 47 found: [0, 8, 9, 17, 18, 10, 2, 3, 11, 19, 27, 26, 34, 33, 32, 40, 48, 49, 41, 42, 50, 51, 52, 53, 54, 46, 38, 30, 29, 37, 45, 44, 43, 35, 36, 28, 20, 21, 22, 14, 6, 7, 15, 23, 31, 39, 47, 55]
[00:00:00:00:430] ! Bidirectional. expansions: 47, time: 47 [ms], path length: 47 [edges], g_F: 24, g_B: 23, generated: {'F': 41, 'B': 45}, MM: 1, MMPER: 1.0833333333333335%
[00:00:00:00:430] 
---------- SM_Grids/7x8_grid_with_random_blocks_12per_7 ----------
[00:00:00:00:208] Path of length 47 found: [0, 8, 9, 1, 2, 10, 18, 17, 25, 33, 41, 49, 50, 42, 34, 26, 27, 35, 43, 51, 52, 44, 36, 28, 20, 19, 11, 3, 4, 12, 13, 5, 6, 14, 15, 23, 31, 30, 29, 37, 45, 53, 54, 46, 38, 39, 47, 55]
[00:00:00:00:208] ! Unidirectional s-t. expansions: 216, time: 208 [ms], path length: 47 [edges], generated: 383
[00:00:00:02:929] Path of length 47 found: [55, 47, 39, 31, 23, 15, 14, 6, 5, 13, 12, 4, 3, 11, 19, 20, 28, 27, 26, 34, 42, 43, 35, 36, 44, 45, 37, 29, 30, 38, 46, 54, 53, 52, 51, 50, 49, 41, 33, 25, 17, 18, 10, 2, 1, 9, 8, 0]
[00:00:00:02:930] ! Unidirectional t-s. expansions: 4,674, time: 2,930 [ms], path length: 47 [edges], generated: 7,509
[00:00:00:00:048] Path of length 47 found: [0, 8, 9, 1, 2, 10, 18, 17, 25, 33, 41, 49, 50, 42, 34, 26, 27, 35, 43, 51, 52, 53, 54, 46, 38, 30, 29, 37, 45, 44, 36, 28, 20, 19, 11, 3, 4, 12, 13, 5, 6, 14, 15, 23, 31, 39, 47, 55]
[00:00:00:00:431] ! Bidirectional. expansions: 47, time: 48 [ms], path length: 47 [edges], g_F: 24, g_B: 23, generated: {'F': 48, 'B': 44}, MM: 1, MMPER: 1.0833333333333335%
[00:00:00:00:431] 
---------- SM_Grids/7x8_grid_with_random_blocks_12per_8 ----------
[00:00:00:08:722] Path of length 47 found: [0, 8, 16, 24, 32, 33, 34, 26, 18, 17, 9, 1, 2, 10, 11, 3, 4, 12, 20, 19, 27, 35, 43, 42, 50, 51, 52, 44, 36, 28, 29, 21, 13, 5, 6, 7, 15, 14, 22, 30, 31, 39, 47, 46, 45, 53, 54, 55]
[00:00:00:08:722] ! Unidirectional s-t. expansions: 10,075, time: 8,722 [ms], path length: 47 [edges], generated: 17,893
[00:00:00:28:569] Path of length 47 found: [55, 47, 39, 31, 30, 22, 14, 15, 7, 6, 5, 4, 3, 2, 1, 9, 17, 18, 10, 11, 19, 27, 35, 43, 44, 36, 28, 20, 12, 13, 21, 29, 37, 45, 46, 54, 53, 52, 51, 50, 42, 34, 33, 32, 24, 16, 8, 0]
[00:00:00:28:569] ! Unidirectional t-s. expansions: 39,996, time: 28,569 [ms], path length: 47 [edges], generated: 65,458
[00:00:00:22:181] Path of length 47 found: [0, 8, 16, 24, 32, 33, 34, 26, 18, 17, 9, 1, 2, 10, 11, 19, 27, 35, 43, 42, 50, 51, 52, 53, 54, 46, 45, 44, 36, 37, 29, 28, 20, 21, 13, 12, 4, 5, 6, 7, 15, 14, 22, 30, 31, 39, 47, 55]
[00:00:00:22:621] ! Bidirectional. expansions: 26,986, time: 22,181 [ms], path length: 47 [edges], g_F: 24, g_B: 23, generated: {'F': 25,513, 'B': 25,116}, MM: 1, MMPER: 1.0833333333333335%
[00:00:00:22:621] 
---------- SM_Grids/7x8_grid_with_random_blocks_12per_9 ----------
[00:00:00:00:688] Path of length 47 found: [0, 8, 16, 24, 32, 40, 48, 49, 41, 33, 25, 17, 18, 10, 2, 3, 11, 19, 27, 26, 34, 42, 50, 51, 43, 35, 36, 28, 29, 21, 20, 12, 13, 5, 6, 7, 15, 14, 22, 23, 31, 30, 38, 39, 47, 46, 54, 55]
[00:00:00:00:688] ! Unidirectional s-t. expansions: 641, time: 688 [ms], path length: 47 [edges], generated: 1,103
[00:00:00:00:524] Path of length 47 found: [55, 54, 46, 47, 39, 38, 30, 31, 23, 15, 7, 6, 5, 13, 14, 22, 21, 29, 28, 20, 12, 11, 3, 2, 10, 18, 19, 27, 26, 25, 33, 41, 42, 34, 35, 36, 44, 43, 51, 50, 49, 48, 40, 32, 24, 16, 8, 0]
[00:00:00:00:524] ! Unidirectional t-s. expansions: 722, time: 524 [ms], path length: 47 [edges], generated: 1,225
[00:00:00:00:949] Path of length 47 found: [0, 8, 16, 24, 32, 40, 48, 49, 41, 33, 25, 17, 18, 10, 2, 3, 11, 12, 20, 19, 27, 26, 34, 42, 50, 51, 43, 44, 36, 28, 29, 21, 22, 14, 13, 5, 6, 7, 15, 23, 31, 30, 38, 39, 47, 46, 54, 55]
[00:00:00:01:334] ! Bidirectional. expansions: 1,163, time: 949 [ms], path length: 47 [edges], g_F: 24, g_B: 23, generated: {'F': 1,019, 'B': 1,060}, MM: 1, MMPER: 1.0833333333333335%
[00:00:00:01:334] average expansions: (16,928, 18,460, 20,448, 0)
[00:00:00:01:334] average time: (13,866, 13,456, 16,478, 0)
[00:00:00:01:334] X-DFBnB: 16,928 , 13,456 (expansions , time[ms])
[00:00:00:01:334] BiX-DFBnB: 20,448 , 16,478 (expansions , time[ms])

